18 -0.18070546105638857 -2.7518299015219343 2.9210077578516795 0.0510689346463769 -2.8333437779767245
-0.18070546105638857 -2.7518299015219343 2.9210077578516795 416.9 523.1 392 278 3.124781179651883 3.630845496493251 -1844.95337934868 3.0615676692008155e-16 21.54312619560222 -4058.6373687068253 1.136569411413214e-19 0.004369227636248786 0.17685528108330334
-0.18070546105639304 -2.7498657117278427 2.8748313267114693 416.99999999999994 523.1 396 272 3.124781179651883 3.630845496493251 -1844.95337934868 3.0615676692008155e-16 21.54312619560222 -4058.6373687068253 1.136569411413214e-19 0.004369227636248786 0.17685528108330334
-0.18070546105639304 -2.7518299015219343 2.8286548955712587 416.9 523.1 396 274 3.124781179651883 3.630845496493251 -1844.95337934868 3.0615676692008155e-16 21.54312619560222 -4058.6373687068253 1.136569411413214e-19 0.004369227636248786 0.17685528108330334
-0.18070546105639304 -2.7537940913160264 2.7824784644310485 416.8 523.1 398 272 3.124781179651883 3.630845496493251 -1844.95337934868 3.0615676692008155e-16 21.54312619560222 -4058.6373687068253 1.136569411413214e-19 0.004369227636248786 0.17685528108330334
-0.17677708146820953 -2.755758281110118 2.736302033290838 416.70000000000005 523.0 400 272 3.124781179651883 3.630845496493251 -1844.95337934868 3.0615676692008155e-16 21.54312619560222 -4058.6373687068253 1.136569411413214e-19 0.004369227636248786 0.17685528108330334
-0.17677708146820953 -2.7577224709042096 2.6901256021506277 416.6000000000001 523.0 402 274 3.124781179651883 3.630845496493251 -1844.95337934868 3.0615676692008155e-16 21.54312619560222 -4058.6373687068253 1.136569411413214e-19 0.004369227636248786 0.17685528108330334
-0.17677708146820953 -2.7606687555953475 2.6439491710104175 416.40000000000003 523.0 401 273 3.124781179651883 3.630845496493251 -1844.95337934868 3.0615676692008155e-16 21.54312619560222 -4058.6373687068253 1.136569411413214e-19 0.004369227636248786 0.17685528108330334
-0.18070546105639304 -2.762632945389437 2.597772739870207 416.20000000000005 523.1 402 277 3.124781179651883 3.630845496493251 -1844.95337934868 3.0615676692008155e-16 21.54312619560222 -4058.6373687068253 1.136569411413214e-19 0.004369227636248786 0.17685528108330334
-0.18070546105639304 -2.7655792300805744 2.551596308729996 416.0 523.1 404 280 3.124781179651883 3.630845496493251 -1844.95337934868 3.0615676692008155e-16 21.54312619560222 -4058.6373687068253 1.136569411413214e-19 0.004369227636248786 0.17685528108330334
-0.18070546105639304 -2.76852551477171 2.5054198775897865 415.79999999999995 523.1 406 284 3.124781179651883 3.630845496493251 -1844.95337934868 3.0615676692008155e-16 21.54312619560222 -4058.6373687068253 1.136569411413214e-19 0.004369227636248786 0.17685528108330334
-0.18463384064457658 -2.7704897045658017 2.459243446449576 415.6 523.2 408 290 3.124781179651883 3.630845496493251 -1844.95337934868 3.0615676692008155e-16 21.54312619560222 -4058.6373687068253 1.136569411413214e-19 0.004369227636248786 0.17685528108330334
-0.1816875559534378 -2.7724538943598933 2.413067015309365 415.5 523.1 410 295 3.124781179651883 3.630845496493251 -1844.95337934868 3.0615676692008155e-16 21.54312619560222 -4058.6373687068253 1.136569411413214e-19 0.004369227636248786 0.17685528108330334
-0.17481289167412445 -2.774418084153984 2.366890584169155 415.40000000000003 522.9 410 304 3.124781179651883 3.630845496493251 -1844.95337934868 3.0615676692008155e-16 21.54312619560222 -4058.6373687068253 1.136569411413214e-19 0.004369227636248786 0.17685528108330334
-0.15418889883616207 -2.7803106535362594 2.320714153028945 415.1 522.3000000000001 412 312 3.124781179651883 3.630845496493251 -1844.95337934868 3.0615676692008155e-16 21.54312619560222 -4058.6373687068253 1.136569411413214e-19 0.004369227636248786 0.17685528108330334
-0.11883348254251927 -2.7901316025067158 2.274537721888734 414.7 521.3 413 321 3.124781179651883 3.630845496493251 -1844.95337934868 3.0615676692008155e-16 21.54312619560222 -4058.6373687068253 1.136569411413214e-19 0.004369227636248786 0.17685528108330334
-0.08740644583706 -2.7989704565801268 2.2283612907485235 414.3 520.4000000000001 414 330 3.124781179651883 3.630845496493251 -1844.95337934868 3.0615676692008155e-16 21.54312619560222 -4058.6373687068253 1.136569411413214e-19 0.004369227636248786 0.17685528108330334
-0.045176365264094916 -2.809773500447628 2.1821848596083133 413.9 519.2 416 342 3.124781179651883 3.630845496493251 -1844.95337934868 3.0615676692008155e-16 21.54312619560222 -4058.6373687068253 1.136569411413214e-19 0.004369227636248786 0.17685528108330334
0.008838854073416282 -2.8225407341092223 2.136008428468103 413.50000000000006 517.7 420 352 3.124781179651883 3.630845496493251 -1844.95337934868 3.0615676692008155e-16 21.54312619560222 -4058.6373687068253 1.136569411413214e-19 0.004369227636248786 0.17685528108330334
0.0510689346463769 -2.8333437779767245 2.0898319973278925 413.1000000000001 516.5000000000001 420 364 3.124781179651883 3.630845496493251 -1844.95337934868 3.0615676692008155e-16 21.54312619560222 -4058.6373687068253 1.136569411413214e-19 0.004369227636248786 0.17685528108330334
0.09329901521934199 -2.845128916741272 2.0436555661876823 412.6000000000001 515.3000000000001 422 376 3.124781179651883 3.630845496493251 -1844.95337934868 3.0615676692008155e-16 21.54312619560222 -4058.6373687068253 1.136569411413214e-19 0.004369227636248786 0.17685528108330334
0.13258281110116385 -2.85691405550582 1.9974791350474719 412.1 514.2 442 352 3.124781179651883 3.630845496493251 -1844.95337934868 3.0615676692008155e-16 21.54312619560222 -4058.6373687068253 1.136569411413214e-19 0.004369227636248786 0.17685528108330334
0.1571351835273053 -2.866735004476277 1.9513027039072615 411.6 513.5 459 331 3.124781179651883 3.630845496493251 -1844.95337934868 3.0615676692008155e-16 21.54312619560222 -4058.6373687068253 1.136569411413214e-19 0.004369227636248786 0.17685528108330334
0.17481289167412892 -2.87262757385855 1.892546881191463 411.3 513.0 475 316 3.124781179651883 3.630845496493251 -1844.95337934868 3.0615676692008155e-16 21.54312619560222 -4058.6373687068253 1.136569411413214e-19 0.004369227636248786 0.17685528108330334
0.18954431512981826 -2.877538048343779 1.892546881191516 411.1 512.6 488 302 3.124781179651883 3.630845496493251 -1844.95337934868 3.0615676692008155e-16 21.54312619560222 -4058.6373687068253 1.136569411413214e-19 0.004369227636248786 0.17685528108330334
0.19249059982095257 -2.87950223813787 2.1587989303427264 411.00000000000006 512.5 502 290 3.124781179651883 3.630845496493251 -1844.95337934868 3.0615676692008155e-16 21.54312619560222 -4058.6373687068253 1.136569411413214e-19 0.004369227636248786 0.17685528108330334
0.20722202327663297 -2.884412712623098 1.8925468811916297 410.80000000000007 512.1 512 282 3.124781179651883 3.630845496493251 -1844.95337934868 3.0615676692008155e-16 21.54312619560222 -4058.6373687068253 1.136569411413214e-19 0.004369227636248786 0.17685528108330334
0.21115040286481648 -2.8883410922112818 2.356194490192345 410.6 512.0 526 274 3.124781179651883 3.630845496493251 -1844.95337934868 3.0615676692008155e-16 21.54312619560222 -4058.6373687068253 1.136569411413214e-19 0.004369227636248786 0.17685528108330334
0.21115040286481648 -2.8912873769024183 3.141592653589793 410.4 512.0 540 268 3.124781179651883 3.630845496493251 -1844.95337934868 3.0615676692008155e-16 21.54312619560222 -4058.6373687068253 1.136569411413214e-19 0.004369227636248786 0.17685528108330334
0.2150787824530045 -2.8952157564906007 2.3561944901916343 410.19999999999993 511.9 547 261 3.1145900090577157 3.6242260685490635 -1838.4659427416816 -1.4912723363346628e-15 21.53649203134194 -4056.5181662416676 -5.536184417285274e-19 0.004367323503519361 0.1773903055289457
0.22293554162936707 -2.899144136078783 2.0344439357958164 409.99999999999994 511.70000000000005 558 256 3.1145900090577157 3.6242260685490635 -1838.4659427416816 -1.4912723363346628e-15 21.53649203134194 -4056.5181662416676 -5.536184417285274e-19 0.004367323503519361 0.1773903055289457
0.23766696508505641 -2.907000895255149 2.0607536530485344 409.6000000000001 511.29999999999995 568 254 3.1145900090577157 3.6242260685490635 -1838.4659427416816 -1.4912723363346628e-15 21.53649203134194 -4056.5181662416676 -5.536184417285274e-19 0.004367323503519361 0.1773903055289457
0.25239838854074126 -2.9168218442256055 2.158798930342464 409.00000000000006 510.9 578 249 3.1145900090577157 3.6242260685490635 -1838.4659427416816 -1.4912723363346628e-15 21.53649203134194 -4056.5181662416676 -5.536184417285274e-19 0.004367323503519361 0.1773903055289457
0.2632014324082426 -2.9305711727842447 2.475623416210716 408.1000000000001 510.59999999999997 586 250 3.1145900090577157 3.6242260685490635 -1838.4659427416816 -1.4912723363346628e-15 21.53649203134194 -4056.5181662416676 -5.536184417285274e-19 0.004367323503519361 0.1773903055289457
0.2592730528200591 -2.942356311548793 3.463343207986492 407.20000000000005 510.70000000000005 594 248 3.1145900090577157 3.6242260685490635 -1838.4659427416816 -1.4912723363346628e-15 21.53649203134194 -4056.5181662416676 -5.536184417285274e-19 0.004367323503519361 0.1773903055289457
0.24552372426142346 -2.9531593554162954 4.046419743005444 406.20000000000005 511.10000000000014 602 248 3.1145900090577157 3.6242260685490635 -1838.4659427416816 -1.4912723363346628e-15 21.53649203134194 -4056.5181662416676 -5.536184417285274e-19 0.004367323503519361 0.1773903055289457
0.21311459265891047 -2.96101611459266 4.4745530529272965 405.20000000000005 512.0 610 248 3.1145900090577157 3.6242260685490635 -1838.4659427416816 -1.4912723363346628e-15 21.53649203134194 -4056.5181662416676 -5.536184417285274e-19 0.004367323503519361 0.1773903055289457
0.17383079677708416 -2.968872873769025 4.51499342053482 404.1000000000001 513.1 618 250 3.1145900090577157 3.6242260685490635 -1838.4659427416816 -1.4912723363346628e-15 21.53649203134194 -4056.5181662416676 -5.536184417285274e-19 0.004367323503519361 0.1773903055289457
0.1237439570277565 -2.97672963294539 4.556794152407666 402.90000000000003 514.5 624 250 3.1145900090577157 3.6242260685490635 -1838.4659427416816 -1.4912723363346628e-15 21.53649203134194 -4056.5181662416676 -5.536184417285274e-19 0.004367323503519361 0.1773903055289457
0.06678245299910654 -2.9845863921217557 4.575322806074494 401.6 516.1 631 253 3.1145900090577157 3.6242260685490635 -1838.4659427416816 -1.4912723363346628e-15 21.53649203134194 -4056.5181662416676 -5.536184417285274e-19 0.004367323503519361 0.1773903055289457
-0.004910474485223824 -2.9894968666069843 4.644002636794184 400.40000000000003 518.1000000000001 638 254 3.1145900090577157 3.6242260685490635 -1838.4659427416816 -1.4912723363346628e-15 21.53649203134194 -4056.5181662416676 -5.536184417285274e-19 0.004367323503519361 0.1773903055289457
-0.0824959713518317 -2.991461056401076 4.687077931241836 399.30000000000007 520.3000000000001 644 256 3.1145900090577157 3.6242260685490635 -1838.4659427416816 -1.4912723363346628e-15 21.53649203134194 -4056.5181662416676 -5.536184417285274e-19 0.004367323503519361 0.1773903055289457
-0.15909937332139035 -2.9924431512981218 4.699569169911785 398.30000000000007 522.5 650 259 3.1145900090577157 3.6242260685490635 -1838.4659427416816 -1.4912723363346628e-15 21.53649203134194 -4056.5181662416676 -5.536184417285274e-19 0.004367323503519361 0.1773903055289457
-0.239631154879137 -2.99047896150403 4.736774389557413 397.5 524.8000000000001 656 256 3.1145900090577157 3.6242260685490635 -1838.4659427416816 -1.4912723363346628e-15 21.53649203134194 -4056.5181662416676 -5.536184417285274e-19 0.004367323503519361 0.1773903055289457
-0.32212712623097317 -2.9865505819158478 4.75997208366167 396.8 527.2 659 245 3.1145900090577157 3.6242260685490635 -1838.4659427416816 -1.4912723363346628e-15 21.53649203134194 -4056.5181662416676 -5.536184417285274e-19 0.004367323503519361 0.1773903055289457
-0.40167681289167506 -2.9826222023276654 4.7617316126376545 396.1 529.5000000000001 664 238 3.1145900090577157 3.6242260685490635 -1838.4659427416816 -1.4912723363346628e-15 21.53649203134194 -4056.5181662416676 -5.536184417285274e-19 0.004367323503519361 0.1773903055289457
-0.47631602506714416 -2.9796759176365275 4.751842181481738 395.40000000000003 531.7 668 228 3.1145900090577157 3.6242260685490635 -1838.4659427416816 -1.4912723363346628e-15 21.53649203134194 -4056.5181662416676 -5.536184417285274e-19 0.004367323503519361 0.1773903055289457
-0.5539015219337521 -2.9747654431512993 4.775595812282149 394.79999999999995 534.0 672 220 3.1145900090577157 3.6242260685490635 -1838.4659427416816 -1.4912723363346628e-15 21.53649203134194 -4056.5181662416676 -5.536184417285274e-19 0.004367323503519361 0.1773903055289457
-0.6314870188003555 -2.969854968666071 4.775595812282153 394.20000000000005 536.3000000000001 675 214 3.1145900090577157 3.6242260685490635 -1838.4659427416816 -1.4912723363346628e-15 21.53649203134194 -4056.5181662416676 -5.536184417285274e-19 0.004367323503519361 0.1773903055289457
-0.7051441360787798 -2.9659265890778888 4.765671831944379 393.6 538.5 679 209 3.1145900090577157 3.6242260685490635 -1838.4659427416816 -1.4912723363346628e-15 21.53649203134194 -4056.5181662416676 -5.536184417285274e-19 0.004367323503519361 0.1773903055289457
-0.7768370635631102 -2.963962399283798 4.739779388859544 392.80000000000007 540.7 683 203 3.1145900090577157 3.6242260685490635 -1838.4659427416816 -1.4912723363346628e-15 21.53649203134194 -4056.5181662416676 -5.536184417285274e-19 0.004367323503519361 0.1773903055289457
-0.8495120859444942 -2.962980304386752 4.72590167139802 392.00000000000006 542.9000000000001 687 199 3.1145900090577157 3.6242260685490635 -1838.4659427416816 -1.4912723363346628e-15 21.53649203134194 -4056.5181662416676 -5.536184417285274e-19 0.004367323503519361 0.1773903055289457
-0.9182587287376859 -2.961998209489706 4.72667372297209 391.2 545.0000000000001 690 194 3.1145900090577157 3.6242260685490635 -1838.4659427416816 -1.4912723363346628e-15 21.53649203134194 -4056.5181662416676 -5.536184417285274e-19 0.004367323503519361 0.1773903055289457
-0.9791486123545193 -2.961998209489706 3.141592653589793 390.4 546.9000000000001 -1 -1 3.1145900090577157 3.6242260685490635 -1838.4659427416816 -1.4912723363346628e-15 21.53649203134194 -4056.5181662416676 -5.536184417285274e-19 0.004367323503519361 0.1773903055289457
-1.0370922112802141 -2.961998209489706 3.141592653589793 389.6 548.7 698 188 3.1145900090577157 3.6242260685490635 -1838.4659427416816 -1.4912723363346628e-15 21.53649203134194 -4056.5181662416676 -5.536184417285274e-19 0.004367323503519361 0.1773903055289457
-1.0940537153088596 -2.961998209489706 3.141592653589793 388.9 550.5000000000001 701 186 3.1145900090577157 3.6242260685490635 -1838.4659427416816 -1.4912723363346628e-15 21.53649203134194 -4056.5181662416676 -5.536184417285274e-19 0.004367323503519361 0.1773903055289457
-1.14905102954342 -2.96101611459266 4.730244225524245 388.29999999999995 552.2 705 183 3.1145900090577157 3.6242260685490635 -1838.4659427416816 -1.4912723363346628e-15 21.53649203134194 -4056.5181662416676 -5.536184417285274e-19 0.004367323503519361 0.1773903055289457
-1.197173679498658 -2.9580698299015236 4.77353714303398 387.9 553.7 709 181 3.1145900090577157 3.6242260685490635 -1838.4659427416816 -1.4912723363346628e-15 21.53649203134194 -4056.5181662416676 -5.536184417285274e-19 0.004367323503519361 0.1773903055289457
-1.2413679498657082 -2.955123545210386 4.778957144160535 387.6 555.1 -1 -1 3.1145900090577157 3.6242260685490635 -1838.4659427416816 -1.4912723363346628e-15 21.53649203134194 -4056.5181662416676 -5.536184417285274e-19 0.004367323503519361 0.1773903055289457
-1.2816338406445793 -2.949230975828112 4.8576989910204 387.5 556.4000000000001 -1 -1 3.1145900090577157 3.6242260685490635 -1838.4659427416816 -1.4912723363346628e-15 21.53649203134194 -4056.5181662416676 -5.536184417285274e-19 0.004367323503519361 0.1773903055289457
-1.318953446732316 -2.941374216651746 4.9198852068199 387.70000000000005 557.6 -1 -1 3.1145900090577157 3.6242260685490635 -1838.4659427416816 -1.4912723363346628e-15 21.53649203134194 -4056.5181662416676 -5.536184417285274e-19 0.004367323503519361 0.1773903055289457
-1.3552909579230037 -2.929589077887199 5.026009632601386 388.2 558.8 -1 -1 3.1145900090577157 3.6242260685490635 -1838.4659427416816 -1.4912723363346628e-15 21.53649203134194 -4056.5181662416676 -5.536184417285274e-19 0.004367323503519361 0.1773903055289457
-1.3916284691136958 -2.9158397493285597 5.074118221904592 388.9000000000001 560.0 -1 -1 3.1145900090577157 3.6242260685490635 -1838.4659427416816 -1.4912723363346628e-15 21.53649203134194 -4056.5181662416676 -5.536184417285274e-19 0.004367323503519361 0.1773903055289457
-1.4279659803043878 -2.898162041181738 5.165167452208187 389.90000000000003 561.2 -1 -1 3.1145900090577157 3.6242260685490635 -1838.4659427416816 -1.4912723363346628e-15 21.53649203134194 -4056.5181662416676 -5.536184417285274e-19 0.004367323503519361 0.1773903055289457
-1.4652855863921201 -2.877538048343779 5.217250352043851 391.2 562.4 -1 -1 3.1145900090577157 3.6242260685490635 -1838.4659427416816 -1.4912723363346628e-15 21.53649203134194 -4056.5181662416676 -5.536184417285274e-19 0.004367323503519361 0.1773903055289457
-1.5055514771709912 -2.851021486123546 5.29474192652869 392.9000000000001 563.7 -1 -1 3.1145900090577157 3.6242260685490635 -1838.4659427416816 -1.4912723363346628e-15 21.53649203134194 -4056.5181662416676 -5.536184417285274e-19 0.004367323503519361 0.1773903055289457
-1.5477815577439562 -2.8205765443151303 5.337024403156287 395.00000000000006 565.1 -1 -1 3.1145900090577157 3.6242260685490635 -1838.4659427416816 -1.4912723363346628e-15 21.53649203134194 -4056.5181662416676 -5.536184417285274e-19 0.004367323503519361 0.1773903055289457
-1.5929579230080557 -2.7862032229185334 5.362810393928209 397.4000000000001 566.6 -1 -1 3.1145900090577157 3.6242260685490635 -1838.4659427416816 -1.4912723363346628e-15 21.53649203134194 -4056.5181662416676 -5.536184417285274e-19 0.004367323503519361 0.1773903055289457
-1.638134288272164 -2.740044762757387 5.5085394175731555 400.8 568.1 -1 -1 3.1145900090577157 3.6242260685490635 -1838.4659427416816 -1.4912723363346628e-15 21.53649203134194 -4056.5181662416676 -5.536184417285274e-19 0.004367323503519361 0.1773903055289457
-1.6833106535362587 -2.686029543419876 5.586661318595304 405.0 569.6 -1 -1 3.1145900090577157 3.6242260685490635 -1838.4659427416816 -1.4912723363346628e-15 21.53649203134194 -4056.5181662416676 -5.536184417285274e-19 0.004367323503519361 0.1773903055289457
-1.7265228290062686 -2.6329964189794106 5.6107068045347175 409.1000000000001 570.9000000000001 -1 -1 3.1145900090577157 3.6242260685490635 -1838.4659427416816 -1.4912723363346628e-15 21.53649203134194 -4056.5181662416676 -5.536184417285274e-19 0.004367323503519361 0.1773903055289457
-1.7667887197851353 -2.579963294538944 5.645636509040956 413.20000000000005 572.1000000000001 735 175 3.1145900090577157 3.6242260685490635 -1838.4659427416816 -1.4912723363346628e-15 21.53649203134194 -4056.5181662416676 -5.536184417285274e-19 0.004367323503519361 0.1773903055289457
-1.8070546105640108 -2.5288943598925706 5.627489680937988 417.20000000000005 573.3000000000001 738 176 3.1145900090577157 3.6242260685490635 -1838.4659427416816 -1.4912723363346628e-15 21.53649203134194 -4056.5181662416676 -5.536184417285274e-19 0.004367323503519361 0.1773903055289457
-1.8443742166517432 -2.477825425246196 5.664757312807094 421.2 574.4 738 176 3.1145900090577157 3.6242260685490635 -1838.4659427416816 -1.4912723363346628e-15 21.53649203134194 -4056.5181662416676 -5.536184417285274e-19 0.004367323503519361 0.1773903055289457
-1.8807117278424308 -2.4257743957027764 5.686524911302338 425.3 575.5 742 180 3.1416493711486204 3.6399754896091796 -1856.1238910653706 0.04390233637226624 21.629644622531032 -4114.555566993606 1.839997333288602e-05 0.004381961966000412 0.16290051625439117
