31 -1.4652855863921157 0.3574825425246204 0.7170118198069465 -1.2610098478066258 0.49399373321396445
-1.4652855863921157 0.3574825425246204 0.7170118198069465 668.6000000000001 562.3000000000001 599 149 3.094795687583025 3.616050847771042 -1829.7546201714213 -0.04366545858690786 21.49989626235065 -4053.0105143099404 -1.8300695132819678e-05 0.004353957835080665 0.1827225667647631
-1.4318943598925669 0.39578424350939867 0.7170118198069236 671.8 561.2000000000002 -1 -1 3.094795687583025 3.616050847771042 -1829.7546201714213 -0.04366545858690786 21.49989626235065 -4053.0105143099404 -1.8300695132819678e-05 0.004353957835080665 0.1827225667647631
-1.3975210384959642 0.43015756490599893 0.7847347351067253 674.6999999999999 560.1 603 149 3.094795687583025 3.616050847771042 -1829.7546201714213 -0.04366545858690786 21.49989626235065 -4053.0105143099404 -1.8300695132819678e-05 0.004353957835080665 0.1827225667647631
-1.3631477170993662 0.46060250671441344 0.852457650406527 677.2 559.0000000000001 606 150 3.094795687583025 3.616050847771042 -1829.7546201714213 -0.04366545858690786 21.49989626235065 -4053.0105143099404 -1.8300695132819678e-05 0.004353957835080665 0.1827225667647631
-1.3297564905998174 0.48908325872873726 0.9201805657063287 679.6 557.9 611 149 3.094795687583025 3.616050847771042 -1829.7546201714213 -0.04366545858690786 21.49989626235065 -4053.0105143099404 -1.8300695132819678e-05 0.004353957835080665 0.1827225667647631
-1.2993115487914029 0.5146177260519246 0.9879034810061303 681.6999999999999 556.9000000000001 612 152 3.094795687583025 3.616050847771042 -1829.7546201714213 -0.04366545858690786 21.49989626235065 -4053.0105143099404 -1.8300695132819678e-05 0.004353957835080665 0.1827225667647631
-1.2747591763652704 0.5362238137869284 1.055626396305932 683.5 556.1 614 152 3.094795687583025 3.616050847771042 -1829.7546201714213 -0.04366545858690786 21.49989626235065 -4053.0105143099404 -1.8300695132819678e-05 0.004353957835080665 0.1827225667647631
-1.2531530886302633 0.5548836168307957 1.1233493116057338 685.0000000000001 555.4000000000001 616 156 3.094795687583025 3.616050847771042 -1829.7546201714213 -0.04366545858690786 21.49989626235065 -4053.0105143099404 -1.8300695132819678e-05 0.004353957835080665 0.1827225667647631
-1.231547000895256 0.5715792300805723 1.1910722269055354 686.4000000000001 554.7 623 161 3.094795687583025 3.616050847771042 -1829.7546201714213 -0.04366545858690786 21.49989626235065 -4053.0105143099404 -1.8300695132819678e-05 0.004353957835080665 0.1827225667647631
-1.2128871978513878 0.5863106535362561 1.258795142205337 687.6000000000001 554.1 624 164 3.094795687583025 3.616050847771042 -1829.7546201714213 -0.04366545858690786 21.49989626235065 -4053.0105143099404 -1.8300695132819678e-05 0.004353957835080665 0.1827225667647631
-1.1902990152193313 0.602024171888989 1.3265180575051387 688.8000000000001 553.4 628 168 3.094795687583025 3.616050847771042 -1829.7546201714213 -0.04366545858690786 21.49989626235065 -4053.0105143099404 -1.8300695132819678e-05 0.004353957835080665 0.1827225667647631
-1.1706571172784181 0.6138093106535352 1.3942409728049405 689.7 552.8000000000001 632 174 3.094795687583025 3.616050847771042 -1829.7546201714213 -0.04366545858690786 21.49989626235065 -4053.0105143099404 -1.8300695132819678e-05 0.004353957835080665 0.1827225667647631
-1.1549435989256887 0.6246123545210366 1.461963888104742 690.4999999999999 552.3000000000001 634 180 3.094795687583025 3.616050847771042 -1829.7546201714213 -0.04366545858690786 21.49989626235065 -4053.0105143099404 -1.8300695132819678e-05 0.004353957835080665 0.1827225667647631
-1.145122649955232 0.6334512085944484 1.5296868034045437 691.1999999999999 552.0000000000001 637 187 3.094795687583025 3.616050847771042 -1829.7546201714213 -0.04366545858690786 21.49989626235065 -4053.0105143099404 -1.8300695132819678e-05 0.004353957835080665 0.1827225667647631
-1.1382479856759098 0.6383616830796756 1.5974097187043457 691.6 551.8000000000001 640 194 3.094795687583025 3.616050847771042 -1829.7546201714213 -0.04366545858690786 21.49989626235065 -4053.0105143099404 -1.8300695132819678e-05 0.004353957835080665 0.1827225667647631
-1.1313733213965873 0.6403258728737673 1.6651326340041472 691.8000000000001 551.6000000000001 642 200 3.094795687583025 3.616050847771042 -1829.7546201714213 -0.04366545858690786 21.49989626235065 -4053.0105143099404 -1.8300695132819678e-05 0.004353957835080665 0.1827225667647631
-1.1284270367054532 0.6403258728737684 1.7328555493039488 691.8000000000001 551.5000000000001 647 209 3.094795687583025 3.616050847771042 -1829.7546201714213 -0.04366545858690786 21.49989626235065 -4053.0105143099404 -1.8300695132819678e-05 0.004353957835080665 0.1827225667647631
-1.1254807520143189 0.6393437779767236 1.8005784646037504 691.7 551.4000000000001 650 220 3.094795687583025 3.616050847771042 -1829.7546201714213 -0.04366545858690786 21.49989626235065 -4053.0105143099404 -1.8300695132819678e-05 0.004353957835080665 0.1827225667647631
-1.1244986571172741 0.6344333034914954 1.8683013799035524 691.3000000000001 551.4000000000001 654 230 3.094795687583025 3.616050847771042 -1829.7546201714213 -0.04366545858690786 21.49989626235065 -4053.0105143099404 -1.8300695132819678e-05 0.004353957835080665 0.1827225667647631
-1.1274449418084127 0.6275586392121741 1.936024295203354 690.7 551.5 658 244 3.094795687583025 3.616050847771042 -1829.7546201714213 -0.04366545858690786 21.49989626235065 -4053.0105143099404 -1.8300695132819678e-05 0.004353957835080665 0.1827225667647631
-1.1343196060877352 0.6167555953446728 2.0037472105031555 689.8000000000001 551.6999999999999 662 254 3.094795687583025 3.616050847771042 -1829.7546201714213 -0.04366545858690786 21.49989626235065 -4053.0105143099404 -1.8300695132819678e-05 0.004353957835080665 0.1827225667647631
-1.1441405550581916 0.6030062667860339 2.071470125802957 688.7 552.0 666 268 3.094795687583025 3.616050847771042 -1829.7546201714213 -0.04366545858690786 21.49989626235065 -4053.0105143099404 -1.8300695132819678e-05 0.004353957835080665 0.1827225667647631
-1.1539615040286482 0.5892569382273949 2.139193041102759 687.6000000000001 552.3 667 286 3.094795687583025 3.616050847771042 -1829.7546201714213 -0.04366545858690786 21.49989626235065 -4053.0105143099404 -1.8300695132819678e-05 0.004353957835080665 0.1827225667647631
-1.166728737690239 0.5755076096687547 2.2069159564025607 686.5000000000002 552.7 674 298 3.094795687583025 3.616050847771042 -1829.7546201714213 -0.04366545858690786 21.49989626235065 -4053.0105143099404 -1.8300695132819678e-05 0.004353957835080665 0.1827225667647631
-1.1824422560429644 0.5637224709042064 2.2746388717023622 685.5000000000001 553.2 678 316 3.094795687583025 3.616050847771042 -1829.7546201714213 -0.04366545858690786 21.49989626235065 -4053.0105143099404 -1.8300695132819678e-05 0.004353957835080665 0.1827225667647631
-1.2020841539838774 0.5519373321396592 2.342361787002164 684.5000000000001 553.8000000000001 678 333 3.094795687583025 3.616050847771042 -1829.7546201714213 -0.04366545858690786 21.49989626235065 -4053.0105143099404 -1.8300695132819678e-05 0.004353957835080665 0.1827225667647631
-1.217797672336607 0.5411342882721556 2.410084702301966 683.6 554.3000000000001 684 351 3.094795687583025 3.616050847771042 -1829.7546201714213 -0.04366545858690786 21.49989626235065 -4053.0105143099404 -1.8300695132819678e-05 0.004353957835080665 0.1827225667647631
-1.2335111906893368 0.5283670546105624 2.4778076176017674 682.6 554.8000000000001 689 371 3.094795687583025 3.616050847771042 -1829.7546201714213 -0.04366545858690786 21.49989626235065 -4053.0105143099404 -1.8300695132819678e-05 0.004353957835080665 0.1827225667647631
-1.2403858549686635 0.518546105640106 2.545530532901569 681.6999999999999 555.0999999999999 693 393 3.094795687583025 3.616050847771042 -1829.7546201714213 -0.04366545858690786 21.49989626235065 -4053.0105143099404 -1.8300695132819678e-05 0.004353957835080665 0.1827225667647631
-1.2462784243509366 0.5087251566696482 2.6132534482013705 680.8000000000001 555.4 696 412 3.094795687583025 3.616050847771042 -1829.7546201714213 -0.04366545858690786 21.49989626235065 -4053.0105143099404 -1.8300695132819678e-05 0.004353957835080665 0.1827225667647631
-1.2551172784243483 0.49988630259623973 2.6809763635011725 680.0000000000001 555.8000000000001 702 440 3.094795687583025 3.616050847771042 -1829.7546201714213 -0.04366545858690786 21.49989626235065 -4053.0105143099404 -1.8300695132819678e-05 0.004353957835080665 0.1827225667647631
-1.2610098478066258 0.49399373321396445 2.748699278800974 679.4000000000001 556.1 706 461 3.094795687583025 3.616050847771042 -1829.7546201714213 -0.04366545858690786 21.49989626235065 -4053.0105143099404 -1.8300695132819678e-05 0.004353957835080665 0.1827225667647631
-1.2639561324977646 0.4871190689346466 2.8164221941007757 678.7 556.3 710 488 3.1247656383048183 3.629438366525336 -1845.1459933399049 -5.043851663753122e-16 21.54342954558203 -4080.2777027298257 -1.8724677156002715e-19 0.004369314705483121 0.17246150009350045
-1.2639561324977602 0.4772981199641889 2.8841451094005772 677.8000000000001 556.4 -1 -1 3.1247656383048183 3.629438366525336 -1845.1459933399049 -5.043851663753122e-16 21.54342954558203 -4080.2777027298257 -1.8724677156002715e-19 0.004369314705483121 0.17246150009350045
-1.2639561324977557 0.4645308863025947 2.9518680247003792 676.6 556.5000000000001 -1 -1 3.1247656383048183 3.629438366525336 -1845.1459933399049 -5.043851663753122e-16 21.54342954558203 -4080.2777027298257 -1.8724677156002715e-19 0.004369314705483121 0.17246150009350045
-1.2600277529095767 0.4497994628469121 3.019590940000181 675.3 556.5 723 554 3.1247656383048183 3.629438366525336 -1845.1459933399049 -5.043851663753122e-16 21.54342954558203 -4080.2777027298257 -1.8724677156002715e-19 0.004369314705483121 0.17246150009350045
-1.2560993733213932 0.4331038495971343 3.0873138552999824 673.8000000000001 556.5 723 543 3.1247656383048183 3.629438366525336 -1845.1459933399049 -5.043851663753122e-16 21.54342954558203 -4080.2777027298257 -1.8724677156002715e-19 0.004369314705483121 0.17246150009350045
-1.2521709937332142 0.4154261414503129 3.155036770599784 672.2 556.5 724 534 3.1247656383048183 3.629438366525336 -1845.1459933399049 -5.043851663753122e-16 21.54342954558203 -4080.2777027298257 -1.8724677156002715e-19 0.004369314705483121 0.17246150009350045
-1.258063563115487 0.3977484333034915 3.222759685899586 670.6999999999999 556.6999999999999 -1 -1 3.1247656383048183 3.629438366525336 -1845.1459933399049 -5.043851663753122e-16 21.54342954558203 -4080.2777027298257 -1.8724677156002715e-19 0.004369314705483121 0.17246150009350045
-1.2610098478066258 0.3781065353625795 3.2904826011993875 669.0 556.8 -1 -1 3.1247656383048183 3.629438366525336 -1845.1459933399049 -5.043851663753122e-16 21.54342954558203 -4080.2777027298257 -1.8724677156002715e-19 0.004369314705483121 0.17246150009350045
-1.2639561324977602 0.35551835273052756 3.2712951907455783 667.1000000000001 556.9 -1 -1 3.1247656383048183 3.629438366525336 -1845.1459933399049 -5.043851663753122e-16 21.54342954558203 -4080.2777027298257 -1.8724677156002715e-19 0.004369314705483121 0.17246150009350045
-1.270830796777078 0.32998388540734136 3.404587385270656 665.0000000000001 557.1 714 544 3.1247656383048183 3.629438366525336 -1845.1459933399049 -5.043851663753122e-16 21.54342954558203 -4080.2777027298257 -1.8724677156002715e-19 0.004369314705483121 0.17246150009350045
-1.2806517457475302 0.3034673231871081 3.49629830560058 662.8000000000001 557.4 710 554 3.1247656383048183 3.629438366525336 -1845.1459933399049 -5.043851663753122e-16 21.54342954558203 -4080.2777027298257 -1.8724677156002715e-19 0.004369314705483121 0.17246150009350045
-1.2865443151298077 0.2789149507609667 3.377137634310794 660.7 557.5999999999999 706 564 3.1247656383048183 3.629438366525336 -1845.1459933399049 -5.043851663753122e-16 21.54342954558203 -4080.2777027298257 -1.8724677156002715e-19 0.004369314705483121 0.17246150009350045
-1.2934189794091255 0.25632676812891697 3.4370334907334463 658.8000000000001 557.8000000000001 704 558 3.1247656383048183 3.629438366525336 -1845.1459933399049 -5.043851663753122e-16 21.54342954558203 -4080.2777027298257 -1.8724677156002715e-19 0.004369314705483121 0.17246150009350045
-1.3002936436884478 0.23472068039391095 3.449645434613661 657.0 558.0 704 548 3.1247656383048183 3.629438366525336 -1845.1459933399049 -5.043851663753122e-16 21.54342954558203 -4080.2777027298257 -1.8724677156002715e-19 0.004369314705483121 0.17246150009350045
