48 -3.099491495076105 -0.5244386750223823 5.589833992645531 -4.051141450313349 3.2526982990152202
-3.099491495076105 -0.5244386750223823 5.589833992645531 586.0 635.3 508 194 3.057473918643319 3.605448136798023 -1790.384593698622 -8.52340155265766e-17 21.18344265669265 -3977.485793410088 -3.163383793297338e-20 0.004337642419832914 0.18554734556672617
-3.1495783348254327 -0.4547099373321404 5.660276252999351 592.7 637.4 508 192 3.057473918643319 3.605448136798023 -1790.384593698622 -8.52340155265766e-17 21.18344265669265 -3977.485793410088 -3.163383793297338e-20 0.004337642419832914 0.18554734556672617
-3.1908263205013485 -0.3859632945389432 5.742765806909029 599.4000000000001 639.1 506 192 3.057473918643319 3.605448136798023 -1790.384593698622 -8.52340155265766e-17 21.18344265669265 -3977.485793410088 -3.163383793297338e-20 0.004337642419832914 0.18554734556672617
-3.2222533572068124 -0.3162345568487012 5.859745901019837 606.2 640.4 508 192 3.057473918643319 3.605448136798023 -1790.384593698622 -8.52340155265766e-17 21.18344265669265 -3977.485793410088 -3.163383793297338e-20 0.004337642419832914 0.18554734556672617
-3.245823634735909 -0.24552372426141564 5.9614347527829255 613.1 641.4 506 193 3.057473918643319 3.605448136798023 -1790.384593698622 -8.52340155265766e-17 21.18344265669265 -3977.485793410088 -3.163383793297338e-20 0.004337642419832914 0.18554734556672617
-3.2703760071620502 -0.17579498657117257 5.944629612267908 620.0000000000001 642.4 -1 -1 3.057473918643319 3.605448136798023 -1790.384593698622 -8.52340155265766e-17 21.18344265669265 -3977.485793410088 -3.163383793297338e-20 0.004337642419832914 0.18554734556672617
-3.2988567591763753 -0.10704834377797763 5.890424641542248 626.8000000000001 643.6 -1 -1 3.057473918643319 3.605448136798023 -1790.384593698622 -8.52340155265766e-17 21.18344265669265 -3977.485793410088 -3.163383793297338e-20 0.004337642419832914 0.18554734556672617
-3.3273375111907004 -0.03633751119068979 5.900286590133634 633.8000000000001 644.8000000000001 -1 -1 3.057473918643319 3.605448136798023 -1790.384593698622 -8.52340155265766e-17 21.18344265669265 -3977.485793410088 -3.163383793297338e-20 0.004337642419832914 0.18554734556672617
-3.3617108325872938 0.03633751119068979 5.8413921416621974 641.1000000000001 646.3000000000001 515 193 3.057473918643319 3.605448136798023 -1790.384593698622 -8.52340155265766e-17 21.18344265669265 -3977.485793410088 -3.163383793297338e-20 0.004337642419832914 0.18554734556672617
-3.4049230080573083 0.10901253357206828 5.746749849574799 648.4000000000001 648.2 523 195 3.057473918643319 3.605448136798023 -1790.384593698622 -8.52340155265766e-17 21.18344265669265 -3977.485793410088 -3.163383793297338e-20 0.004337642419832914 0.18554734556672617
-3.4530456580125417 0.18463384064458438 5.716456089656116 656.0 650.3 -1 -1 3.057473918643319 3.605448136798023 -1790.384593698622 -8.52340155265766e-17 21.18344265669265 -3977.485793410088 -3.163383793297338e-20 0.004337642419832914 0.18554734556672617
-3.506078782453008 0.26123724261414416 5.677640643574598 663.8000000000001 652.6 -1 -1 3.057473918643319 3.605448136798023 -1790.384593698622 -8.52340155265766e-17 21.18344265669265 -3977.485793410088 -3.163383793297338e-20 0.004337642419832914 0.18554734556672617
-3.553219337511197 0.3398048343777979 5.742765806909033 671.8000000000001 654.7000000000002 -1 -1 3.057473918643319 3.605448136798023 -1790.384593698622 -8.52340155265766e-17 21.18344265669265 -3977.485793410088 -3.163383793297338e-20 0.004337642419832914 0.18554734556672617
-3.598395702775292 0.41739033124440467 5.75589826016535 679.8000000000001 656.7 -1 -1 3.057473918643319 3.605448136798023 -1790.384593698622 -8.52340155265766e-17 21.18344265669265 -3977.485793410088 -3.163383793297338e-20 0.004337642419832914 0.18554734556672617
-3.643572068039396 0.49399373321396667 5.750341419560167 687.7 658.7 560 210 3.057473918643319 3.605448136798023 -1790.384593698622 -8.52340155265766e-17 21.18344265669265 -3977.485793410088 -3.163383793297338e-20 0.004337642419832914 0.18554734556672617
-3.6887484333034997 0.5696150402864817 5.7446778504679745 695.5 660.7 570 218 3.057473918643319 3.605448136798023 -1790.384593698622 -8.52340155265766e-17 21.18344265669265 -3977.485793410088 -3.163383793297338e-20 0.004337642419832914 0.18554734556672617
-3.7290143240823665 0.6432721575649061 5.78290487895479 703.1 662.5000000000001 579 225 3.057473918643319 3.605448136798023 -1790.384593698622 -8.52340155265766e-17 21.18344265669265 -3977.485793410088 -3.163383793297338e-20 0.004337642419832914 0.18554734556672617
-3.7692802148612374 0.7169292748433292 5.782904878954737 710.8000000000001 664.3000000000001 588 232 3.057473918643319 3.605448136798023 -1790.384593698622 -8.52340155265766e-17 21.18344265669265 -3977.485793410088 -3.163383793297338e-20 0.004337642419832914 0.18554734556672617
-3.80365353625784 0.7896042972247078 5.846558147365995 718.4000000000001 665.8000000000001 596 238 3.057473918643319 3.605448136798023 -1790.384593698622 -8.52340155265766e-17 21.18344265669265 -3977.485793410088 -3.163383793297338e-20 0.004337642419832914 0.18554734556672617
-3.8291880035810264 0.8642435094001791 5.957543721836312 726.2000000000002 666.9 608 250 3.057473918643319 3.605448136798023 -1790.384593698622 -8.52340155265766e-17 21.18344265669265 -3977.485793410088 -3.163383793297338e-20 0.004337642419832914 0.18554734556672617
-3.849811996418984 0.9388827215756504 6.016933258028673 734.0000000000001 667.8000000000001 619 260 3.057473918643319 3.605448136798023 -1790.384593698622 -8.52340155265766e-17 21.18344265669265 -3977.485793410088 -3.163383793297338e-20 0.004337642419832914 0.18554734556672617
-3.8684717994628524 1.0135219337511208 6.041264738495168 741.7 668.6 628 272 3.057473918643319 3.605448136798023 -1790.384593698622 -8.52340155265766e-17 21.18344265669265 -3977.485793410088 -3.163383793297338e-20 0.004337642419832914 0.18554734556672617
-3.8920420769919493 1.0881611459265887 5.981040083640136 749.5 669.6 640 288 3.055837947382116 3.5662854523182466 -1776.675724964178 -6.939764027297132e-17 21.016760333537412 -3923.7685057155777 -2.5758590095071964e-20 0.004289671703965892 0.19913067167533163
-3.9195407341092294 1.1618182632050142 5.9301949193526555 757.2 670.8000000000001 651 299 3.055837947382116 3.5662854523182466 -1776.675724964178 -6.939764027297132e-17 21.016760333537412 -3923.7685057155777 -2.5758590095071964e-20 0.004289671703965892 0.19913067167533163
-3.949003581020599 1.238421665174575 5.920259536167857 765.2 672.1000000000001 664 315 3.055837947382116 3.5662854523182466 -1776.675724964178 -6.939764027297132e-17 21.016760333537412 -3923.7685057155777 -2.5758590095071964e-20 0.004289671703965892 0.19913067167533163
-3.9755201432408303 1.315025067144137 5.953859140131768 773.3000000000001 673.3000000000001 675 331 3.055837947382116 3.5662854523182466 -1776.675724964178 -6.939764027297132e-17 21.016760333537412 -3923.7685057155777 -2.5758590095071964e-20 0.004289671703965892 0.19913067167533163
-4.000072515666972 1.393592658907792 5.983819073122239 781.6000000000001 674.4 688 349 3.055837947382116 3.5662854523182466 -1776.675724964178 -6.939764027297132e-17 21.016760333537412 -3923.7685057155777 -2.5758590095071964e-20 0.004289671703965892 0.19913067167533163
-4.01971441360788 1.4711781557743977 6.038206644052775 789.7 675.3 721 201 3.055837947382116 3.5662854523182466 -1776.675724964178 -6.939764027297132e-17 21.016760333537412 -3923.7685057155777 -2.5758590095071964e-20 0.004289671703965892 0.19913067167533163
-4.039356311548798 1.5458173679498668 6.025861592208439 797.5 676.1999999999999 715 387 3.055837947382116 3.5662854523182466 -1776.675724964178 -6.939764027297132e-17 21.016760333537412 -3923.7685057155777 -2.5758590095071964e-20 0.004289671703965892 0.19913067167533163
-4.057034019695622 1.6155461056401097 6.0348953978764985 804.9000000000001 677.0 726 402 3.055837947382116 3.5662854523182466 -1776.675724964178 -6.939764027297132e-17 21.016760333537412 -3923.7685057155777 -2.5758590095071964e-20 0.004289671703965892 0.19913067167533163
-4.074711727842441 1.6833106535362587 6.0280029165588 812.1000000000001 677.8000000000001 737 401 3.055837947382116 3.5662854523182466 -1776.675724964178 -6.939764027297132e-17 21.016760333537412 -3923.7685057155777 -2.5758590095071964e-20 0.004289671703965892 0.19913067167533163
-4.08944315129813 1.7500931065353642 6.066073992444619 819.2000000000003 678.5000000000001 746 400 3.055837947382116 3.5662854523182466 -1776.675724964178 -6.939764027297132e-17 21.016760333537412 -3923.7685057155777 -2.5758590095071964e-20 0.004289671703965892 0.19913067167533163
-4.10417457475381 1.814911369740377 6.059708706039015 826.1000000000001 679.2000000000002 758 400 3.055837947382116 3.5662854523182466 -1776.675724964178 -6.939764027297132e-17 21.016760333537412 -3923.7685057155777 -2.5758590095071964e-20 0.004289671703965892 0.19913067167533163
-4.1189059982095 1.8797296329453883 6.059708706038881 833.0000000000002 679.9000000000001 769 403 3.055837947382116 3.5662854523182466 -1776.675724964178 -6.939764027297132e-17 21.016760333537412 -3923.7685057155777 -2.5758590095071964e-20 0.004289671703965892 0.19913067167533163
-4.122834377797683 1.9641897940913162 6.236707175828574 841.8000000000001 680.1 780 406 3.055837947382116 3.5662854523182466 -1776.675724964178 -6.939764027297132e-17 21.016760333537412 -3923.7685057155777 -2.5758590095071964e-20 0.004289671703965892 0.19913067167533163
-4.124798567591777 2.0604350940017904 6.26277997649302 851.8000000000002 680.1999999999999 792 410 3.055837947382116 3.5662854523182466 -1776.675724964178 -6.939764027297132e-17 21.016760333537412 -3923.7685057155777 -2.5758590095071964e-20 0.004289671703965892 0.19913067167533163
-4.126762757385867 2.1635550581915868 6.264139991197587 862.5000000000001 680.3 805 416 3.055837947382116 3.5662854523182466 -1776.675724964178 -6.939764027297132e-17 21.016760333537412 -3923.7685057155777 -2.5758590095071964e-20 0.004289671703965892 0.19913067167533163
-4.124798567591768 2.269621307072517 0.01851640206807647 873.5 680.1999999999999 818 422 3.055837947382116 3.5662854523182466 -1776.675724964178 -6.939764027297132e-17 21.016760333537412 -3923.7685057155777 -2.5758590095071964e-20 0.004289671703965892 0.19913067167533163
-4.11988809310654 2.3776517457475395 0.04542327942157701 884.7 679.9999999999999 832 432 3.055837947382116 3.5662854523182466 -1776.675724964178 -6.939764027297132e-17 21.016760333537412 -3923.7685057155777 -2.5758590095071964e-20 0.004289671703965892 0.19913067167533163
-4.114977618621312 2.487646374216654 0.04461323504630261 896.0 679.7999999999998 844 440 3.055837947382116 3.5662854523182466 -1776.675724964178 -6.939764027297132e-17 21.016760333537412 -3923.7685057155777 -2.5758590095071964e-20 0.004289671703965892 0.19913067167533163
-4.1081029543419945 2.5976410026857657 0.06241880999594218 907.3000000000001 679.4999999999999 858 450 3.055837947382116 3.5662854523182466 -1776.675724964178 -6.939764027297132e-17 21.016760333537412 -3923.7685057155777 -2.5758590095071964e-20 0.004289671703965892 0.19913067167533163
-4.101228290062676 2.706653536257833 0.06297966243292874 918.5000000000001 679.1999999999999 873 462 3.055837947382116 3.5662854523182466 -1776.675724964178 -6.939764027297132e-17 21.016760333537412 -3923.7685057155777 -2.5758590095071964e-20 0.004289671703965892 0.19913067167533163
-4.09238943598926 2.8146839749328554 0.08163634212911931 929.5 678.8 886 475 3.055837947382116 3.5662854523182466 -1776.675724964178 -6.939764027297132e-17 21.016760333537412 -3923.7685057155777 -2.5758590095071964e-20 0.004289671703965892 0.19913067167533163
-4.081586392121754 2.920750223813788 0.10150183100598485 940.3000000000001 678.3 902 487 3.055837947382116 3.5662854523182466 -1776.675724964178 -6.939764027297132e-17 21.016760333537412 -3923.7685057155777 -2.5758590095071964e-20 0.004289671703965892 0.19913067167533163
-4.0796222023276645 3.003246195165622 0.023805026185048688 948.8000000000001 678.1999999999999 916 504 3.055837947382116 3.5662854523182466 -1776.675724964178 -6.939764027297132e-17 21.016760333537412 -3923.7685057155777 -2.5758590095071964e-20 0.004289671703965892 0.19913067167533163
-4.073729632945396 3.072974932855865 0.0843067325261287 955.9000000000001 677.9 928 520 3.055837947382116 3.5662854523182466 -1776.675724964178 -6.939764027297132e-17 21.016760333537412 -3923.7685057155777 -2.5758590095071964e-20 0.004289671703965892 0.19913067167533163
-4.067837063563127 3.134846911369741 0.09495170634267117 962.2 677.6 947 540 3.055837947382116 3.5662854523182466 -1776.675724964178 -6.939764027297132e-17 21.016760333537412 -3923.7685057155777 -2.5758590095071964e-20 0.004289671703965892 0.19913067167533163
-4.061944494180854 3.1927905102954357 0.10134650326565095 968.0 677.3000000000001 964 562 3.055837947382116 3.5662854523182466 -1776.675724964178 -6.939764027297132e-17 21.016760333537412 -3923.7685057155777 -2.5758590095071964e-20 0.004289671703965892 0.19913067167533163
-4.051141450313349 3.2526982990152202 0.1784104993511007 973.9 676.8 980 584 3.055837947382116 3.5662854523182466 -1776.675724964178 -6.939764027297132e-17 21.016760333537412 -3923.7685057155777 -2.5758590095071964e-20 0.004289671703965892 0.19913067167533163
-4.045248880931071 3.3116239928379616 0.09966865249121831 979.8000000000002 676.5 997 606 3.055837947382116 3.5662854523182466 -1776.675724964178 -6.939764027297132e-17 21.016760333537412 -3923.7685057155777 -2.5758590095071964e-20 0.004289671703965892 0.19913067167533163
-4.043284691136977 3.371531781557746 0.03277514440412094 986.0000000000002 676.4000000000001 -1 -1 3.055837947382116 3.5662854523182466 -1776.675724964178 -6.939764027297132e-17 21.016760333537412 -3923.7685057155777 -2.5758590095071964e-20 0.004289671703965892 0.19913067167533163
-4.041320501342888 3.4353679498657117 0.03075952607044235 992.6000000000003 676.3000000000002 -1 -1 3.055837947382116 3.5662854523182466 -1776.675724964178 -6.939764027297132e-17 21.016760333537412 -3923.7685057155777 -2.5758590095071964e-20 0.004289671703965892 0.19913067167533163
-4.037392121754704 3.501168307967771 0.05963071313118251 999.3000000000001 676.1000000000001 1051 647 3.055837947382116 3.5662854523182466 -1776.675724964178 -6.939764027297132e-17 21.016760333537412 -3923.7685057155777 -2.5758590095071964e-20 0.004289671703965892 0.19913067167533163
-4.022660698299023 3.5728612354521037 0.2026586691474176 1006.4000000000002 675.4000000000001 1073 655 3.055837947382116 3.5662854523182466 -1776.675724964178 -6.939764027297132e-17 21.016760333537412 -3923.7685057155777 -2.5758590095071964e-20 0.004289671703965892 0.19913067167533163
-3.999090420769931 3.6445541629364384 0.31763535128947834 1013.2000000000002 674.3000000000001 1095 663 3.055837947382116 3.5662854523182466 -1776.675724964178 -6.939764027297132e-17 21.016760333537412 -3923.7685057155777 -2.5758590095071964e-20 0.004289671703965892 0.19913067167533163
-3.983376902417197 3.7113366159355428 0.23109066719594926 1019.6000000000001 673.6 1116 674 3.055837947382116 3.5662854523182466 -1776.675724964178 -6.939764027297132e-17 21.016760333537412 -3923.7685057155777 -2.5758590095071964e-20 0.004289671703965892 0.19913067167533163
-3.9676633840644633 3.7741906893464634 0.24497866312692268 1025.6000000000001 672.9 1138 684 3.055837947382116 3.5662854523182466 -1776.675724964178 -6.939764027297132e-17 21.016760333537412 -3923.7685057155777 -2.5758590095071964e-20 0.004289671703965892 0.19913067167533163
-3.967663384064459 3.8095461056401065 1.2631870857957655e-13 1029.3 672.9 1105 621 3.055837947382116 3.5662854523182466 -1776.675724964178 -6.939764027297132e-17 21.016760333537412 -3923.7685057155777 -2.5758590095071964e-20 0.004289671703965892 0.19913067167533163
-3.976502238137875 3.8252596239928383 5.770795846868626 1031.2 673.3000000000001 1072 556 3.055837947382116 3.5662854523182466 -1776.675724964178 -6.939764027297132e-17 21.016760333537412 -3923.7685057155777 -2.5758590095071964e-20 0.004289671703965892 0.19913067167533163
-3.9765022381378703 3.835080572963297 4.547473508863607e-13 1032.3000000000002 673.3000000000001 1044 503 3.055837947382116 3.5662854523182466 -1776.675724964178 -6.939764027297132e-17 21.016760333537412 -3923.7685057155777 -2.5758590095071964e-20 0.004289671703965892 0.19913067167533163
-3.970609668755602 3.841955237242615 0.7086262721273493 1032.8 673.0 -1 -1 3.055837947382116 3.5662854523182466 -1776.675724964178 -6.939764027297132e-17 21.016760333537412 -3923.7685057155777 -2.5758590095071964e-20 0.004289671703965892 0.19913067167533163
-3.9598066248881008 3.8458836168307986 1.22202532321089 1032.9 672.5000000000001 -1 -1 3.055837947382116 3.5662854523182466 -1776.675724964178 -6.939764027297132e-17 21.016760333537412 -3923.7685057155777 -2.5758590095071964e-20 0.004289671703965892 0.19913067167533163
-3.947039391226505 3.8517761862130713 1.1383885512244698 1033.2000000000003 671.9000000000001 978 388 3.055837947382116 3.5662854523182466 -1776.675724964178 -6.939764027297132e-17 21.016760333537412 -3923.7685057155777 -2.5758590095071964e-20 0.004289671703965892 0.19913067167533163
-3.677945389435994 3.854722470904208 1.5590321636451396 1033.3 671.7 964 360 3.055837947382116 3.5662854523182466 -1776.675724964178 -6.939764027297132e-17 21.016760333537412 -3923.7685057155777 -2.5758590095071964e-20 0.004289671703965892 0.19913067167533163
-3.41769024171889 3.8576687555953444 1.558601809346647 1033.7000000000003 671.8999999999999 947 335 3.055837947382116 3.5662854523182466 -1776.675724964178 -6.939764027297132e-17 21.016760333537412 -3923.7685057155777 -2.5758590095071964e-20 0.004289671703965892 0.19913067167533163
-3.1525246195165626 3.8645434198746647 1.5429151074307201 1034.3000000000002 671.7 933 311 3.055837947382116 3.5662854523182466 -1776.675724964178 -6.939764027297132e-17 21.016760333537412 -3923.7685057155777 -2.5758590095071964e-20 0.004289671703965892 0.19913067167533163
-2.8873589973142346 3.8724001790510294 1.538934602897538 1035.0 671.5000000000001 921 293 3.055837947382116 3.5662854523182466 -1776.675724964178 -6.939764027297132e-17 21.016760333537412 -3923.7685057155777 -2.5758590095071964e-20 0.004289671703965892 0.19913067167533163
-2.606479856759182 3.90677350044763 1.4404533798642127 1037.9 670.5000000000001 907 275 6.9271792020766645 8.05084021774995 -3999.184713959267 5.132402554624104e-15 34.56591657540182 -1874.2596871981991 1.870512054719316e-18 0.009697178251718827 0.47419215002949927
-2.3216723366159413 3.9558782452999126 1.3883462732792493 1042.2 669.3 898 262 6.9271792020766645 8.05084021774995 -3999.184713959267 5.132402554624104e-15 34.56591657540182 -1874.2596871981991 1.870512054719316e-18 0.009697178251718827 0.47419215002949927
-2.0398111011638433 4.00596508504924 1.382746289252507 1046.7 668.1999999999999 886 248 6.9271792020766645 8.05084021774995 -3999.184713959267 5.132402554624104e-15 34.56591657540182 -1874.2596871981991 1.870512054719316e-18 0.009697178251718827 0.47419215002949927
-1.7599140555058308 4.052123545210384 1.3959096735759253 1050.8 667.0999999999999 878 238 6.9271792020766645 8.05084021774995 -3999.184713959267 5.132402554624104e-15 34.56591657540182 -1874.2596871981991 1.870512054719316e-18 0.009697178251718827 0.47419215002949927
-1.4829632945389526 4.095335720680392 1.4050311266470454 1054.6000000000001 666.0 869 229 6.9271792020766645 8.05084021774995 -3999.184713959267 5.132402554624104e-15 34.56591657540182 -1874.2596871981991 1.870512054719316e-18 0.009697178251718827 0.47419215002949927
-1.2089588182632132 4.131673231871084 1.4294377751004361 1057.6000000000001 664.9 861 222 6.9271792020766645 8.05084021774995 -3999.184713959267 5.132402554624104e-15 34.56591657540182 -1874.2596871981991 1.870512054719316e-18 0.009697178251718827 0.47419215002949927
-1.2001199641898013 4.162118173679499 0.2825549524696224 1060.0 663.7 853 215 6.9271792020766645 8.05084021774995 -3999.184713959267 5.132402554624104e-15 34.56591657540182 -1874.2596871981991 1.870512054719316e-18 0.009697178251718827 0.47419215002949927
-1.1902990152193447 4.187652641002687 0.3671738338182016 1061.8000000000002 662.3000000000001 844 208 6.9271792020766645 8.05084021774995 -3999.184713959267 5.132402554624104e-15 34.56591657540182 -1874.2596871981991 1.870512054719316e-18 0.009697178251718827 0.47419215002949927
-1.1804780662488836 4.2082766338406445 0.44441920990129224 1063.1000000000001 661.0000000000001 838 204 6.9271792020766645 8.05084021774995 -3999.184713959267 5.132402554624104e-15 34.56591657540182 -1874.2596871981991 1.870512054719316e-18 0.009697178251718827 0.47419215002949927
-1.1696750223813823 4.225954341987467 0.5485494024505025 1064.1000000000001 659.6 834 202 6.9271792020766645 8.05084021774995 -3999.184713959267 5.132402554624104e-15 34.56591657540182 -1874.2596871981991 1.870512054719316e-18 0.009697178251718827 0.47419215002949927
-1.1608361683079707 4.239703670546106 0.5713374798336432 1064.7 658.3000000000001 828 198 6.9271792020766645 8.05084021774995 -3999.184713959267 5.132402554624104e-15 34.56591657540182 -1874.2596871981991 1.870512054719316e-18 0.009697178251718827 0.47419215002949927
-1.1510152193375185 4.249524619516563 0.7853981633972209 1064.9 656.9000000000001 823 198 6.9271792020766645 8.05084021774995 -3999.184713959267 5.132402554624104e-15 34.56591657540182 -1874.2596871981991 1.870512054719316e-18 0.009697178251718827 0.47419215002949927
-1.1402121754700125 4.259345568487017 0.8329812666747095 1064.9 655.4 818 196 6.9271792020766645 8.05084021774995 -3999.184713959267 5.132402554624104e-15 34.56591657540182 -1874.2596871981991 1.870512054719316e-18 0.009697178251718827 0.47419215002949927
-1.1294091316025112 4.267202327663385 0.9420000403793162 1064.8 653.9 814 197 6.9271792020766645 8.05084021774995 -3999.184713959267 5.132402554624104e-15 34.56591657540182 -1874.2596871981991 1.870512054719316e-18 0.009697178251718827 0.47419215002949927
-1.1195881826320502 4.272112802148612 1.1071487177942725 1064.4 652.5 808 196 6.9271792020766645 8.05084021774995 -3999.184713959267 5.132402554624104e-15 34.56591657540182 -1874.2596871981991 1.870512054719316e-18 0.009697178251718827 0.47419215002949927
-1.1087851387645489 4.273094897045658 1.480136439594226 1063.7 651.1 806 198 6.9271792020766645 8.05084021774995 -3999.184713959267 5.132402554624104e-15 34.56591657540182 -1874.2596871981991 1.870512054719316e-18 0.009697178251718827 0.47419215002949927
-1.0999462846911414 4.2691665174574736 1.9890206563743602 1062.5000000000002 649.8 802 200 6.9271792020766645 8.05084021774995 -3999.184713959267 5.132402554624104e-15 34.56591657540182 -1874.2596871981991 1.870512054719316e-18 0.009697178251718827 0.47419215002949927
-1.092089525514779 4.25934556848702 2.466851711366296 1060.9 648.6999999999999 798 202 6.9271792020766645 8.05084021774995 -3999.184713959267 5.132402554624104e-15 34.56591657540182 -1874.2596871981991 1.870512054719316e-18 0.009697178251718827 0.47419215002949927
-1.0842327663384164 4.247560429722471 2.5535900500424007 1059.1 647.5999999999999 794 206 6.9271792020766645 8.05084021774995 -3999.184713959267 5.132402554624104e-15 34.56591657540182 -1874.2596871981991 1.870512054719316e-18 0.009697178251718827 0.47419215002949927
-1.0763760071620494 4.2347931960608785 2.5899376710611293 1057.1 646.5 790 208 6.9271792020766645 8.05084021774995 -3999.184713959267 5.132402554624104e-15 34.56591657540182 -1874.2596871981991 1.870512054719316e-18 0.009697178251718827 0.47419215002949927
-1.0665550581915928 4.219079677708148 2.5829933382462054 1054.8 645.3 788 212 6.9271792020766645 8.05084021774995 -3999.184713959267 5.132402554624104e-15 34.56591657540182 -1874.2596871981991 1.870512054719316e-18 0.009697178251718827 0.47419215002949927
-1.0567341092211362 4.198455684870188 2.6971734436887194 1051.9 643.9999999999999 786 216 6.9271792020766645 8.05084021774995 -3999.184713959267 5.132402554624104e-15 34.56591657540182 -1874.2596871981991 1.870512054719316e-18 0.009697178251718827 0.47419215002949927
-1.0469131602506752 4.173903312444047 2.7610862764772715 1048.7 642.6999999999999 785 221 6.9271792020766645 8.05084021774995 -3999.184713959267 5.132402554624104e-15 34.56591657540182 -1874.2596871981991 1.870512054719316e-18 0.009697178251718827 0.47419215002949927
-1.0361101163831739 4.147386750223814 2.7547169358588 1045.2000000000003 641.3 782 223 6.9271792020766645 8.05084021774995 -3999.184713959267 5.132402554624104e-15 34.56591657540182 -1874.2596871981991 1.870512054719316e-18 0.009697178251718827 0.47419215002949927
-1.0253070725156679 4.116941808415399 2.80061370009333 1041.4000000000003 639.9 780 232 6.9271792020766645 8.05084021774995 -3999.184713959267 5.132402554624104e-15 34.56591657540182 -1874.2596871981991 1.870512054719316e-18 0.009697178251718827 0.47419215002949927
-1.014504028648171 4.088461056401075 2.7790484163254607 1037.7 638.4 776 231 6.9271792020766645 8.05084021774995 -3999.184713959267 5.132402554624104e-15 34.56591657540182 -1874.2596871981991 1.870512054719316e-18 0.009697178251718827 0.47419215002949927
-1.002718889883625 4.060962399283796 2.736700867304759 1034.2 636.9 775 221 6.9271792020766645 8.05084021774995 -3999.184713959267 5.132402554624104e-15 34.56591657540182 -1874.2596871981991 1.870512054719316e-18 0.009697178251718827 0.47419215002949927
-0.9879874664279401 4.037392121754704 2.5829933382461627 1030.8 635.0000000000001 772 212 6.9271792020766645 8.05084021774995 -3999.184713959267 5.132402554624104e-15 34.56591657540182 -1874.2596871981991 1.870512054719316e-18 0.009697178251718827 0.47419215002949927
-0.9712918531781612 4.014803939122652 2.5050844378018033 1027.4 632.9000000000001 771 205 6.9271792020766645 8.05084021774995 -3999.184713959267 5.132402554624104e-15 34.56591657540182 -1874.2596871981991 1.870512054719316e-18 0.009697178251718827 0.47419215002949927
-0.953614145031342 3.993197851387647 2.4558631426835915 1024.0 630.6 768 196 6.9271792020766645 8.05084021774995 -3999.184713959267 5.132402554624104e-15 34.56591657540182 -1874.2596871981991 1.870512054719316e-18 0.009697178251718827 0.47419215002949927
-0.9349543419874692 3.97159176365264 2.4292350554953837 1020.6000000000001 628.2 767 189 6.9271792020766645 8.05084021774995 -3999.184713959267 5.132402554624104e-15 34.56591657540182 -1874.2596871981991 1.870512054719316e-18 0.009697178251718827 0.47419215002949927
-0.9162945389436052 3.952931960608774 2.356194490192405 1017.5000000000002 625.8000000000001 764 180 6.9271792020766645 8.05084021774995 -3999.184713959267 5.132402554624104e-15 34.56591657540182 -1874.2596871981991 1.870512054719316e-18 0.009697178251718827 0.47419215002949927
-0.8976347358997413 3.9342721575649056 2.3561944901924647 1014.4000000000002 623.4000000000001 763 176 6.9271792020766645 8.05084021774995 -3999.184713959267 5.132402554624104e-15 34.56591657540182 -1874.2596871981991 1.870512054719316e-18 0.009697178251718827 0.47419215002949927
-0.8779928379588237 3.917576544315129 2.2752903910370152 1011.5000000000002 621.0000000000001 762 172 6.9271792020766645 8.05084021774995 -3999.184713959267 5.132402554624104e-15 34.56591657540182 -1874.2596871981991 1.870512054719316e-18 0.009697178251718827 0.47419215002949927
-0.8583509400179106 3.902845120859446 2.2142974355881084 1008.7 618.6 758 168 6.9271792020766645 8.05084021774995 -3999.184713959267 5.132402554624104e-15 34.56591657540182 -1874.2596871981991 1.870512054719316e-18 0.009697178251718827 0.47419215002949927
-0.8396911369740466 3.884185317815578 2.3561944901924647 1005.7000000000002 616.3000000000001 759 163 6.9271792020766645 8.05084021774995 -3999.184713959267 5.132402554624104e-15 34.56591657540182 -1874.2596871981991 1.870512054719316e-18 0.009697178251718827 0.47419215002949927
-0.8210313339301782 3.8665076096687563 2.3291740410050434 1002.7 614.0000000000001 757 159 6.9271792020766645 8.05084021774995 -3999.184713959267 5.132402554624104e-15 34.56591657540182 -1874.2596871981991 1.870512054719316e-18 0.009697178251718827 0.47419215002949927
-0.8043357206803994 3.8468657117278453 2.4370985893474404 999.7000000000002 612.0 756 156 6.9271792020766645 8.05084021774995 -3999.184713959267 5.132402554624104e-15 34.56591657540182 -1874.2596871981991 1.870512054719316e-18 0.009697178251718827 0.47419215002949927
-0.7886222023276697 3.8252596239928405 2.5127963671743974 996.6000000000001 610.0999999999999 754 154 6.9271792020766645 8.05084021774995 -3999.184713959267 5.132402554624104e-15 34.56591657540182 -1874.2596871981991 1.870512054719316e-18 0.009697178251718827 0.47419215002949927
