60 -4.417462846911367 2.111504028648166 2.4578833419554296 -3.7614234556848705 4.466567591763652
-4.417462846911367 2.111504028648166 2.4578833419554296 854.8 679.8000000000001 622 120 3.1546450975309246 3.7028586183766876 -1878.9727261195708 0.04373841592075307 21.767153654979648 -4143.715051234278 1.8331272389251147e-05 0.004436479433204591 0.1519344429543928
-4.389964189794087 2.0908800358102058 2.214297435588181 852.3000000000001 678.5 628 119 3.1546450975309246 3.7028586183766876 -1878.9727261195708 0.04373841592075307 21.767153654979648 -4143.715051234278 1.8331272389251147e-05 0.004436479433204591 0.1519344429543928
-4.362465532676811 2.074184422560429 2.1164513813219434 850.2 677.2 634 120 3.1546450975309246 3.7028586183766876 -1878.9727261195708 0.04373841592075307 21.767153654979648 -4143.715051234278 1.8331272389251147e-05 0.004436479433204591 0.1519344429543928
-4.3369310653536255 2.0594529991047468 2.0940746489268216 848.3 676.0000000000001 638 116 3.1546450975309246 3.7028586183766876 -1878.9727261195708 0.04373841592075307 21.767153654979648 -4143.715051234278 1.8331272389251147e-05 0.004436479433204591 0.1519344429543928
-4.316307072515667 2.0457036705461067 2.158798930342514 846.6 675.0000000000001 646 120 3.1546450975309246 3.7028586183766876 -1878.9727261195708 0.04373841592075307 21.767153654979648 -4143.715051234278 1.8331272389251147e-05 0.004436479433204591 0.1519344429543928
-4.297647269471799 2.0349006266786027 2.095592098445037 845.2 674.1 651 121 3.1546450975309246 3.7028586183766876 -1878.9727261195708 0.04373841592075307 21.767153654979648 -4143.715051234278 1.8331272389251147e-05 0.004436479433204591 0.1519344429543928
-4.279969561324975 2.028025962399283 1.9416876156075469 844.3000000000002 673.3000000000001 656 122 3.1546450975309246 3.7028586183766876 -1878.9727261195708 0.04373841592075307 21.767153654979648 -4143.715051234278 1.8331272389251147e-05 0.004436479433204591 0.1519344429543928
-4.264256042972246 2.0240975828111014 1.815774989921694 843.7000000000002 672.6 664 125 3.1546450975309246 3.7028586183766876 -1878.9727261195708 0.04373841592075307 21.767153654979648 -4143.715051234278 1.8331272389251147e-05 0.004436479433204591 0.1519344429543928
-4.248542524619512 2.0231154879140547 1.6332151367909247 843.4000000000001 671.9000000000001 670 126 3.1546450975309246 3.7028586183766876 -1878.9727261195708 0.04373841592075307 21.767153654979648 -4143.715051234278 1.8331272389251147e-05 0.004436479433204591 0.1519344429543928
-4.234793196060871 2.0240975828111014 1.499488862009514 843.3000000000002 671.3000000000001 676 130 3.1546450975309246 3.7028586183766876 -1878.9727261195708 0.04373841592075307 21.767153654979648 -4143.715051234278 1.8331272389251147e-05 0.004436479433204591 0.1519344429543928
-4.222025962399281 2.027043867502238 1.343997478740998 843.5000000000001 670.7 682 132 3.1546450975309246 3.7028586183766876 -1878.9727261195708 0.04373841592075307 21.767153654979648 -4143.715051234278 1.8331272389251147e-05 0.004436479433204591 0.1519344429543928
-4.211222918531779 2.036864816472695 0.8329812666743905 844.3000000000002 670.1999999999999 690 138 3.1546450975309246 3.7028586183766876 -1878.9727261195708 0.04373841592075307 21.767153654979648 -4143.715051234278 1.8331272389251147e-05 0.004436479433204591 0.1519344429543928
-4.200419874664274 2.0535604297224714 0.5743048301748404 845.9000000000002 669.7 698 144 3.1546450975309246 3.7028586183766876 -1878.9727261195708 0.04373841592075307 21.767153654979648 -4143.715051234278 1.8331272389251147e-05 0.004436479433204591 0.1519344429543928
-4.188634735899727 2.076148612354521 0.48088728019528176 848.1000000000003 669.2 705 149 3.1546450975309246 3.7028586183766876 -1878.9727261195708 0.04373841592075307 21.767153654979648 -4143.715051234278 1.8331272389251147e-05 0.004436479433204591 0.1519344429543928
-4.174885407341091 2.104629364368846 0.449759613069725 850.8000000000002 668.6 714 156 3.1546450975309246 3.7028586183766876 -1878.9727261195708 0.04373841592075307 21.767153654979648 -4143.715051234278 1.8331272389251147e-05 0.004436479433204591 0.1519344429543928
-4.159171888988357 2.1380205908683947 0.43984258281586497 854.0 667.9 721 163 3.1546450975309246 3.7028586183766876 -1878.9727261195708 0.04373841592075307 21.767153654979648 -4143.715051234278 1.8331272389251147e-05 0.004436479433204591 0.1519344429543928
-4.146404655326771 2.1753401969561317 0.32962440742055665 857.6 667.3 730 172 3.1546450975309246 3.7028586183766876 -1878.9727261195708 0.04373841592075307 21.767153654979648 -4143.715051234278 1.8331272389251147e-05 0.004436479433204591 0.1519344429543928
-4.133637421665176 2.2165881826320497 0.3001711708301485 861.5999999999999 666.6999999999999 736 178 3.1546450975309246 3.7028586183766876 -1878.9727261195708 0.04373841592075307 21.767153654979648 -4143.715051234278 1.8331272389251147e-05 0.004436479433204591 0.1519344429543928
-4.118905998209491 2.262746642793195 0.31521469975071686 866.0 665.9999999999999 747 189 3.1546450975309246 3.7028586183766876 -1878.9727261195708 0.04373841592075307 21.767153654979648 -4143.715051234278 1.8331272389251147e-05 0.004436479433204591 0.1519344429543928
-4.106138764547896 2.313815577439571 0.2495869254370117 870.9 665.3999999999999 754 200 3.1546450975309246 3.7028586183766876 -1878.9727261195708 0.04373841592075307 21.767153654979648 -4143.715051234278 1.8331272389251147e-05 0.004436479433204591 0.1519344429543928
-4.098282005371528 2.367830796777083 0.14707835538843303 876.1 664.9999999999999 763 214 3.1546450975309246 3.7028586183766876 -1878.9727261195708 0.04373841592075307 21.767153654979648 -4143.715051234278 1.8331272389251147e-05 0.004436479433204591 0.1519344429543928
-4.094353625783345 2.420863921217546 0.07532889082836104 881.4000000000001 664.8000000000001 774 223 3.1546450975309246 3.7028586183766876 -1878.9727261195708 0.04373841592075307 21.767153654979648 -4143.715051234278 1.8331272389251147e-05 0.004436479433204591 0.1519344429543928
-4.092389435989255 2.4738970456580125 0.03771795246682865 886.7 664.7000000000002 783 238 3.1496693522427535 3.665780496561391 -1864.433206657342 0.04365155801111387 21.6553686991932 -4107.896031419814 1.8294869241875037e-05 0.004404335082313364 0.16102008435707196
-4.093371530886305 2.525948075201433 6.263956908079809 891.9 664.7000000000002 793 251 3.1496693522427535 3.665780496561391 -1864.433206657342 0.04365155801111387 21.6553686991932 -4107.896031419814 1.8294869241875037e-05 0.004404335082313364 0.16102008435707196
-4.098282005371533 2.5770170098478054 6.185458399820866 897.1 664.9000000000001 802 264 3.1496693522427535 3.665780496561391 -1864.433206657342 0.04365155801111387 21.6553686991932 -4107.896031419814 1.8294869241875037e-05 0.004404335082313364 0.16102008435707196
-4.107120859444936 2.628085944494179 6.108513108171499 902.3 665.3000000000001 813 282 3.1496693522427535 3.665780496561391 -1864.433206657342 0.04365155801111387 21.6553686991932 -4107.896031419814 1.8294869241875037e-05 0.004404335082313364 0.16102008435707196
-4.117923903312446 2.6791548791405546 6.070753286670696 907.6 665.8000000000001 824 300 3.1496693522427535 3.665780496561391 -1864.433206657342 0.04365155801111387 21.6553686991932 -4107.896031419814 1.8294869241875037e-05 0.004404335082313364 0.16102008435707196
-4.131673231871086 2.7312059086839753 6.020190575498653 913.0 666.4 835 319 3.1496693522427535 3.665780496561391 -1864.433206657342 0.04365155801111387 21.6553686991932 -4107.896031419814 1.8294869241875037e-05 0.004404335082313364 0.16102008435707196
-4.147386750223811 2.7832569382273946 5.989998410621796 918.5 667.1 845 337 3.1496693522427535 3.665780496561391 -1864.433206657342 0.04365155801111387 21.6553686991932 -4107.896031419814 1.8294869241875037e-05 0.004404335082313364 0.16102008435707196
-4.161136078782447 2.836290062667861 6.029511211041011 924.1000000000001 667.7 858 359 3.1496693522427535 3.665780496561391 -1864.433206657342 0.04365155801111387 21.6553686991932 -4107.896031419814 1.8294869241875037e-05 0.004404335082313364 0.16102008435707196
-4.168992837958819 2.891287376902419 6.141288252575315 929.9 668.1 870 380 3.1496693522427535 3.665780496561391 -1864.433206657342 0.04365155801111387 21.6553686991932 -4107.896031419814 1.8294869241875037e-05 0.004404335082313364 0.16102008435707196
-4.172921217547002 2.9521772605192482 6.218758467754016 936.1 668.3 880 402 3.1496693522427535 3.665780496561391 -1864.433206657342 0.04365155801111387 21.6553686991932 -4107.896031419814 1.8294869241875037e-05 0.004404335082313364 0.16102008435707196
-4.174885407341091 3.016995523724261 6.252891547260838 942.7 668.4 894 428 3.1496693522427535 3.665780496561391 -1864.433206657342 0.04365155801111387 21.6553686991932 -4107.896031419814 1.8294869241875037e-05 0.004404335082313364 0.16102008435707196
-4.173903312444042 3.085742166517457 0.014284742587448591 949.6000000000001 668.4 906 454 3.1496693522427535 3.665780496561391 -1864.433206657342 0.04365155801111387 21.6553686991932 -4107.896031419814 1.8294869241875037e-05 0.004404335082313364 0.16102008435707196
-4.168992837958814 3.156452999104745 0.06933313368820815 956.7 668.2 919 479 3.1496693522427535 3.665780496561391 -1864.433206657342 0.04365155801111387 21.6553686991932 -4107.896031419814 1.8294869241875037e-05 0.004404335082313364 0.16102008435707196
-4.162118173679496 3.2281459265890797 0.09559811866381332 963.9000000000001 667.9 927 484 3.1496693522427535 3.665780496561391 -1864.433206657342 0.04365155801111387 21.6553686991932 -4107.896031419814 1.8294869241875037e-05 0.004404335082313364 0.16102008435707196
-4.153279319606089 3.2998388540734123 0.12266865550440838 971.0 667.5 -1 -1 3.1496693522427535 3.665780496561391 -1864.433206657342 0.04365155801111387 21.6553686991932 -4107.896031419814 1.8294869241875037e-05 0.004404335082313364 0.16102008435707196
-4.141494180841538 3.3715317815577426 0.16292645885041512 978.1 667.0 940 468 3.1496693522427535 3.665780496561391 -1864.433206657342 0.04365155801111387 21.6553686991932 -4107.896031419814 1.8294869241875037e-05 0.004404335082313364 0.16102008435707196
-4.131673231871077 3.4412605192479835 0.1399246705741823 985.0 666.6 948 458 3.1496693522427535 3.665780496561391 -1864.433206657342 0.04365155801111387 21.6553686991932 -4107.896031419814 1.8294869241875037e-05 0.004404335082313364 0.16102008435707196
-4.121852282900621 3.509025067144135 0.14392544938821444 991.6999999999999 666.2 956 450 3.1496693522427535 3.665780496561391 -1864.433206657342 0.04365155801111387 21.6553686991932 -4107.896031419814 1.8294869241875037e-05 0.004404335082313364 0.16102008435707196
-4.116941808415397 3.5738433303491495 0.07561314323675979 998.1999999999999 666.0000000000001 964 444 3.1496693522427535 3.665780496561391 -1864.433206657342 0.04365155801111387 21.6553686991932 -4107.896031419814 1.8294869241875037e-05 0.004404335082313364 0.16102008435707196
-4.116941808415401 3.6347332139659785 6.2831853071795125 1004.4 666.0 969 439 3.1496693522427535 3.665780496561391 -1864.433206657342 0.04365155801111387 21.6553686991932 -4107.896031419814 1.8294869241875037e-05 0.004404335082313364 0.16102008435707196
-4.1159597135183565 3.692676812891673 0.01694752980638924 1010.3 666.0000000000001 976 432 3.1496693522427535 3.665780496561391 -1864.433206657342 0.04365155801111387 21.6553686991932 -4107.896031419814 1.8294869241875037e-05 0.004404335082313364 0.16102008435707196
-4.115959713518352 3.748656222023276 7.978023699762465e-14 1015.9999999999999 666.0000000000001 986 430 3.1496693522427535 3.665780496561391 -1864.433206657342 0.04365155801111387 21.6553686991932 -4107.896031419814 1.8294869241875037e-05 0.004404335082313364 0.16102008435707196
-4.115959713518352 3.803653536257832 -0.0 1021.4999999999999 666.0000000000001 992 424 3.1496693522427535 3.665780496561391 -1864.433206657342 0.04365155801111387 21.6553686991932 -4107.896031419814 1.8294869241875037e-05 0.004404335082313364 0.16102008435707196
-4.115959713518352 3.8566866606982986 -0.0 1026.8 666.0 1002 424 3.1496693522427535 3.665780496561391 -1864.433206657342 0.04365155801111387 21.6553686991932 -4107.896031419814 1.8294869241875037e-05 0.004404335082313364 0.16102008435707196
-4.1110492390331235 3.908737690241718 0.09406123462798714 1031.9 665.8 1010 422 3.1496693522427535 3.665780496561391 -1864.433206657342 0.04365155801111387 21.6553686991932 -4107.896031419814 1.8294869241875037e-05 0.004404335082313364 0.16102008435707196
-4.106138764547896 3.957842435094001 0.09966865249116202 1036.7 665.5999999999999 1018 424 3.1496693522427535 3.665780496561391 -1864.433206657342 0.04365155801111387 21.6553686991932 -4107.896031419814 1.8294869241875037e-05 0.004404335082313364 0.16102008435707196
-4.097299910474488 4.005965085049237 0.18164882999994506 1041.4 665.2 1027 425 3.1496693522427535 3.665780496561391 -1864.433206657342 0.04365155801111387 21.6553686991932 -4107.896031419814 1.8294869241875037e-05 0.004404335082313364 0.16102008435707196
-4.088461056401076 4.051141450313341 0.19321148384781017 1045.8 664.8000000000001 1034 426 3.1496693522427535 3.665780496561391 -1864.433206657342 0.04365155801111387 21.6553686991932 -4107.896031419814 1.8294869241875037e-05 0.004404335082313364 0.16102008435707196
-4.075693822739481 4.094353625783349 0.28728145339718064 1049.8000000000002 664.2000000000002 1042 429 3.1496693522427535 3.665780496561391 -1864.433206657342 0.04365155801111387 21.6553686991932 -4107.896031419814 1.8294869241875037e-05 0.004404335082313364 0.16102008435707196
-4.057034019695613 4.136583706356311 0.41606450572384435 1053.6 663.4000000000001 1051 433 3.1496693522427535 3.665780496561391 -1864.433206657342 0.04365155801111387 21.6553686991932 -4107.896031419814 1.8294869241875037e-05 0.004404335082313364 0.16102008435707196
-4.037392121754699 4.176849597135185 0.453844001521497 1057.1 662.5 1058 436 3.1496693522427535 3.665780496561391 -1864.433206657342 0.04365155801111387 21.6553686991932 -4107.896031419814 1.8294869241875037e-05 0.004404335082313364 0.16102008435707196
-4.016768128916737 4.215151298119964 0.4939413689196681 1060.4 661.6 1068 442 3.1496693522427535 3.665780496561391 -1864.433206657342 0.04365155801111387 21.6553686991932 -4107.896031419814 1.8294869241875037e-05 0.004404335082313364 0.16102008435707196
-3.996144136078779 4.248542524619517 0.5532943253222613 1063.3000000000002 660.7 1076 450 3.1496693522427535 3.665780496561391 -1864.433206657342 0.04365155801111387 21.6553686991932 -4107.896031419814 1.8294869241875037e-05 0.004404335082313364 0.16102008435707196
-3.9735559534467226 4.278987466427932 0.6383198080091923 1065.8000000000002 659.7 1085 457 3.1496693522427535 3.665780496561391 -1864.433206657342 0.04365155801111387 21.6553686991932 -4107.896031419814 1.8294869241875037e-05 0.004404335082313364 0.16102008435707196
-3.94900358102059 4.309432408236348 0.6786624907481134 1068.2 658.6 1095 467 3.1496693522427535 3.665780496561391 -1864.433206657342 0.04365155801111387 21.6553686991932 -4107.896031419814 1.8294869241875037e-05 0.004404335082313364 0.16102008435707196
-3.9146302596239924 4.343805729632944 0.7853981633974808 1070.7 657.1 1103 477 3.1496693522427535 3.665780496561391 -1864.433206657342 0.04365155801111387 21.6553686991932 -4107.896031419814 1.8294869241875037e-05 0.004404335082313364 0.16102008435707196
-3.8704359892569378 4.381125335720679 0.8695364039286252 1073.2 655.1999999999999 1112 490 3.1496693522427535 3.665780496561391 -1864.433206657342 0.04365155801111387 21.6553686991932 -4107.896031419814 1.8294869241875037e-05 0.004404335082313364 0.16102008435707196
-3.812492390331243 4.425319606087736 0.9192091408720221 1075.9 652.7 1120 501 3.1496693522427535 3.665780496561391 -1864.433206657342 0.04365155801111387 21.6553686991932 -4107.896031419814 1.8294869241875037e-05 0.004404335082313364 0.16102008435707196
-3.7614234556848705 4.466567591763652 0.8913825213870523 1078.6000000000001 650.5 1131 517 3.1496693522427535 3.665780496561391 -1864.433206657342 0.04365155801111387 21.6553686991932 -4107.896031419814 1.8294869241875037e-05 0.004404335082313364 0.16102008435707196
-3.718211280214861 4.505851387645477 0.832981266674442 1081.3000000000002 648.6 1139 533 3.1496693522427535 3.665780496561391 -1864.433206657342 0.04365155801111387 21.6553686991932 -4107.896031419814 1.8294869241875037e-05 0.004404335082313364 0.16102008435707196
-3.6828558639212177 4.5441530886302575 0.7454194762741632 1084.1000000000001 647.1 1149 549 3.1496693522427535 3.665780496561391 -1864.433206657342 0.04365155801111387 21.6553686991932 -4107.896031419814 1.8294869241875037e-05 0.004404335082313364 0.16102008435707196
-3.655357206803942 4.582454789615041 0.6556956262414968 1087.1 645.6 1108 516 3.1496693522427535 3.665780496561391 -1864.433206657342 0.04365155801111387 21.6553686991932 -4107.896031419814 1.8294869241875037e-05 0.004404335082313364 0.16102008435707196
-3.615091316025071 4.623702775290959 0.7971623265472227 1090.0 643.6 1056 468 3.1496693522427535 3.665780496561391 -1864.433206657342 0.04365155801111387 21.6553686991932 -4107.896031419814 1.8294869241875037e-05 0.004404335082313364 0.16102008435707196
-3.5748254252461997 4.665932855863922 0.7853981633974747 1093.0 641.6 1011 427 3.1496693522427535 3.665780496561391 -1864.433206657342 0.04365155801111387 21.6553686991932 -4107.896031419814 1.8294869241875037e-05 0.004404335082313364 0.16102008435707196
-3.5414341987466464 4.710127126230977 0.6747409422235403 1096.3 639.9000000000001 -1 -1 3.1496693522427535 3.665780496561391 -1864.433206657342 0.04365155801111387 21.6553686991932 -4107.896031419814 1.8294869241875037e-05 0.004404335082313364 0.16102008435707196
-3.5178639212175544 4.752357206803942 0.5438324563020881 1099.7 638.6 614 202 3.1266942483428024 3.6630370983179175 -1854.2308447762066 -1.579647033092982e-15 21.71475193300848 -4113.505178389657 -5.863727708149936e-19 0.004418515843328106 0.16298432243666133
-3.5011683079677756 4.794587287376902 0.4160645057238639 1103.2 637.5999999999999 899 335 3.1266942483428024 3.6630370983179175 -1854.2308447762066 -1.579647033092982e-15 21.71475193300848 -4113.505178389657 -5.863727708149936e-19 0.004418515843328106 0.16298432243666133
-3.495275738585507 4.832888988361681 0.2023216283782435 1106.7000000000003 637.1 865 312 3.1266942483428024 3.6630370983179175 -1854.2308447762066 -1.579647033092982e-15 21.71475193300848 -4113.505178389657 -5.863727708149936e-19 0.004418515843328106 0.16298432243666133
-3.479562220232773 4.877083258728734 0.38050637711241714 1110.5 636.2 841 291 3.1266942483428024 3.6630370983179175 -1854.2308447762066 -1.579647033092982e-15 21.71475193300848 -4113.505178389657 -5.863727708149936e-19 0.004418515843328106 0.16298432243666133
-3.449117278424354 4.926188003581019 0.5833730069938604 1114.3 634.7 -1 -1 3.1266942483428024 3.6630370983179175 -1854.2308447762066 -1.579647033092982e-15 21.71475193300848 -4113.505178389657 -5.863727708149936e-19 0.004418515843328106 0.16298432243666133
-3.404923008057304 4.97823903312444 0.7254700082762042 1118.0 632.6 797 258 3.1266942483428024 3.6630370983179175 -1854.2308447762066 -1.579647033092982e-15 21.71475193300848 -4113.505178389657 -5.863727708149936e-19 0.004418515843328106 0.16298432243666133
-3.350907788719788 5.03029006266786 0.803914565465503 1121.4 630.4 770 244 3.1266942483428024 3.6630370983179175 -1854.2308447762066 -1.579647033092982e-15 21.71475193300848 -4113.505178389657 -5.863727708149936e-19 0.004418515843328106 0.16298432243666133
-3.3086777081468273 5.081358997314235 0.6909432280023662 1125.0000000000002 628.6999999999999 754 236 3.1266942483428024 3.6630370983179175 -1854.2308447762066 -1.579647033092982e-15 21.71475193300848 -4113.505178389657 -5.863727708149936e-19 0.004418515843328106 0.16298432243666133
-3.2713581020590907 5.12948164726947 0.6596287426369573 1128.5 627.2 736 226 3.1266942483428024 3.6630370983179175 -1854.2308447762066 -1.579647033092982e-15 21.71475193300848 -4113.505178389657 -5.863727708149936e-19 0.004418515843328106 0.16298432243666133
-3.236002685765448 5.172693822739478 0.6857295109062891 1131.6000000000001 625.8000000000001 720 218 3.1266942483428024 3.6630370983179175 -1854.2308447762066 -1.579647033092982e-15 21.71475193300848 -4113.505178389657 -5.863727708149936e-19 0.004418515843328106 0.16298432243666133
-3.205557743957038 5.209031333930168 0.6973907898696148 1134.2 624.6 706 212 3.1266942483428024 3.6630370983179175 -1854.2308447762066 -1.579647033092982e-15 21.71475193300848 -4113.505178389657 -5.863727708149936e-19 0.004418515843328106 0.16298432243666133
-3.1800232766338516 5.237512085944493 0.7309067071566842 1136.2 623.5999999999999 690 206 3.1266942483428024 3.6630370983179175 -1854.2308447762066 -1.579647033092982e-15 21.71475193300848 -4113.505178389657 -5.863727708149936e-19 0.004418515843328106 0.16298432243666133
-3.152524619516576 5.262064458370633 0.8419416003422625 1137.8000000000002 622.5000000000001 678 202 3.1266942483428024 3.6630370983179175 -1854.2308447762066 -1.579647033092982e-15 21.71475193300848 -4113.505178389657 -5.863727708149936e-19 0.004418515843328106 0.16298432243666133
-3.1230617726052015 5.2826884512085925 0.9600703624057287 1138.8000000000002 621.3000000000001 666 198 3.1266942483428024 3.6630370983179175 -1854.2308447762066 -1.579647033092982e-15 21.71475193300848 -4113.505178389657 -5.863727708149936e-19 0.004418515843328106 0.16298432243666133
-3.097527305282011 5.295455684870188 1.1071487177940904 1139.3000000000002 620.3000000000001 655 195 3.1266942483428024 3.6630370983179175 -1854.2308447762066 -1.579647033092982e-15 21.71475193300848 -4113.505178389657 -5.863727708149936e-19 0.004418515843328106 0.16298432243666133
