17 0.19641897940912714 3.189844225604296 4.514993420534838 0.5941674127126186 3.4275111906893456
0.19641897940912714 3.189844225604296 4.514993420534838 888.0000000000001 510.50000000000006 880 266 3.053186388426864 3.567515127650372 -1812.9164752580893 0.044064053433528746 21.49361847963798 -4222.684418401556 1.1493968098894452e-05 0.004275370302884899 0.159054818045399
0.18463384064457658 3.187880035810206 4.547240302970247 888.0000000000001 510.8 883 265 3.053186388426864 3.567515127650372 -1812.9164752580893 0.044064053433528746 21.49361847963798 -4222.684418401556 1.1493968098894452e-05 0.004275370302884899 0.159054818045399
0.18070546105639304 3.1898442256042983 5.176036589385496 888.2 510.90000000000003 885 264 3.053186388426864 3.567515127650372 -1812.9164752580893 0.044064053433528746 21.49361847963798 -4222.684418401556 1.1493968098894452e-05 0.004275370302884899 0.159054818045399
0.19249059982093916 3.1937726051924793 1.2490457723983113 888.3000000000001 510.6 886 264 3.053186388426864 3.567515127650372 -1812.9164752580893 0.044064053433528746 21.49361847963798 -4222.684418401556 1.1493968098894452e-05 0.004275370302884899 0.159054818045399
0.21213249776185678 3.2006472694717996 1.2341215074082201 888.6 510.1 884 266 3.053186388426864 3.567515127650372 -1812.9164752580893 0.044064053433528746 21.49361847963798 -4222.684418401556 1.1493968098894452e-05 0.004275370302884899 0.159054818045399
0.23864905998209224 3.2094861235452115 1.2490457723982544 889.0 509.4000000000001 888 266 3.053186388426864 3.567515127650372 -1812.9164752580893 0.044064053433528746 21.49361847963798 -4222.684418401556 1.1493968098894452e-05 0.004275370302884899 0.159054818045399
0.2573088630259562 3.217342882721574 1.1722738811285298 889.4 508.9 889 269 3.053186388426864 3.567515127650372 -1812.9164752580893 0.044064053433528746 21.49361847963798 -4222.684418401556 1.1493968098894452e-05 0.004275370302884899 0.159054818045399
0.2798970456580081 3.230110116383169 1.0563450137358428 890.1 508.29999999999995 889 271 3.053186388426864 3.567515127650372 -1812.9164752580893 0.044064053433528746 21.49361847963798 -4222.684418401556 1.1493968098894452e-05 0.004275370302884899 0.159054818045399
0.30641360787823907 3.2458236347359013 1.0358412530087333 891.0 507.6 889 274 3.053186388426864 3.567515127650372 -1812.9164752580893 0.044064053433528746 21.49361847963798 -4222.684418401556 1.1493968098894452e-05 0.004275370302884899 0.159054818045399
0.33293017009847453 3.261537153088631 1.0358412530088694 891.9000000000001 506.90000000000003 890 280 3.053186388426864 3.567515127650372 -1812.9164752580893 0.044064053433528746 21.49361847963798 -4222.684418401556 1.1493968098894452e-05 0.004275370302884899 0.159054818045399
0.35944673231871 3.279214861235452 0.9827937232473873 893.0000000000001 506.20000000000005 892 286 3.053186388426864 3.567515127650372 -1812.9164752580893 0.044064053433528746 21.49361847963798 -4222.684418401556 1.1493968098894452e-05 0.004275370302884899 0.159054818045399
0.39382005371530354 3.3037672336615937 1.0640067271511762 894.5000000000001 505.3 892 294 3.053186388426864 3.567515127650372 -1812.9164752580893 0.044064053433528746 21.49361847963798 -4222.684418401556 1.1493968098894452e-05 0.004275370302884899 0.159054818045399
0.4281933751118971 3.327337511190688 1.1452197310549648 895.9 504.4 891 301 3.053186388426864 3.567515127650372 -1812.9164752580893 0.044064053433528746 21.49361847963798 -4222.684418401556 1.1493968098894452e-05 0.004275370302884899 0.159054818045399
0.45470993733213255 3.350907788719785 1.2264327349587536 897.4 503.7 892 311 3.053186388426864 3.567515127650372 -1812.9164752580893 0.044064053433528746 21.49361847963798 -4222.684418401556 1.1493968098894452e-05 0.004275370302884899 0.159054818045399
0.481226499552368 3.374478066248879 1.3076457388625422 898.9 503.0 893 319 3.053186388426864 3.567515127650372 -1812.9164752580893 0.044064053433528746 21.49361847963798 -4222.684418401556 1.1493968098894452e-05 0.004275370302884899 0.159054818045399
0.5057788719785095 3.3951020590868373 1.388858742766331 900.2 502.40000000000003 893 329 3.053186388426864 3.567515127650372 -1812.9164752580893 0.044064053433528746 21.49361847963798 -4222.684418401556 1.1493968098894452e-05 0.004275370302884899 0.159054818045399
0.5539015219337476 3.4137618621307055 1.4700717466701196 901.1000000000001 501.20000000000005 894 342 3.053186388426864 3.567515127650372 -1812.9164752580893 0.044064053433528746 21.49361847963798 -4222.684418401556 1.1493968098894452e-05 0.004275370302884899 0.159054818045399
0.5941674127126186 3.4275111906893456 1.5512847505739085 901.7 500.20000000000005 895 353 3.053186388426864 3.567515127650372 -1812.9164752580893 0.044064053433528746 21.49361847963798 -4222.684418401556 1.1493968098894452e-05 0.004275370302884899 0.159054818045399
0.6177376902417153 3.437332139659802 1.632497754477697 902.2000000000002 499.6 898 368 3.053186388426864 3.567515127650372 -1812.9164752580893 0.044064053433528746 21.49361847963798 -4222.684418401556 1.1493968098894452e-05 0.004275370302884899 0.159054818045399
0.625594449418078 3.4432247090420796 1.713710758381486 902.5 499.4 -1 -1 3.053186388426864 3.567515127650372 -1812.9164752580893 0.044064053433528746 21.49361847963798 -4222.684418401556 1.1493968098894452e-05 0.004275370302884899 0.159054818045399
0.6295228290062614 3.4432247090420773 1.7949237622852747 902.4000000000001 499.3 845 339 3.053186388426864 3.567515127650372 -1812.9164752580893 0.044064053433528746 21.49361847963798 -4222.684418401556 1.1493968098894452e-05 0.004275370302884899 0.159054818045399
0.629522829006257 3.437332139659802 1.8761367661890636 901.9000000000001 499.30000000000007 819 321 3.053186388426864 3.567515127650372 -1812.9164752580893 0.044064053433528746 21.49361847963798 -4222.684418401556 1.1493968098894452e-05 0.004275370302884899 0.159054818045399
0.6255944494180735 3.4294753804834373 1.957349770092852 901.3000000000001 499.40000000000003 794 306 3.053186388426864 3.567515127650372 -1812.9164752580893 0.044064053433528746 21.49361847963798 -4222.684418401556 1.1493968098894452e-05 0.004275370302884899 0.159054818045399
0.6098809310653528 3.4176902417188915 2.0385627739966408 900.6000000000001 499.80000000000007 771 292 3.053186388426864 3.567515127650372 -1812.9164752580893 0.044064053433528746 21.49361847963798 -4222.684418401556 1.1493968098894452e-05 0.004275370302884899 0.159054818045399
0.5980957923008022 3.4078692927484324 2.1197757779004296 900.0 500.1 753 283 3.053186388426864 3.567515127650372 -1812.9164752580893 0.044064053433528746 21.49361847963798 -4222.684418401556 1.1493968098894452e-05 0.004275370302884899 0.159054818045399
0.5735434198746607 3.398048343777976 2.2009887818042184 899.5 500.69999999999993 735 273 3.053186388426864 3.567515127650372 -1812.9164752580893 0.044064053433528746 21.49361847963798 -4222.684418401556 1.1493968098894452e-05 0.004275370302884899 0.159054818045399
0.5372059086839687 3.390191584601611 2.282201785708007 899.3 501.59999999999997 720 266 3.053186388426864 3.567515127650372 -1812.9164752580893 0.044064053433528746 21.49361847963798 -4222.684418401556 1.1493968098894452e-05 0.004275370302884899 0.159054818045399
0.5126535362578273 3.384299015219336 2.363414789611796 899.0999999999999 502.2 705 257 3.053186388426864 3.567515127650372 -1812.9164752580893 0.044064053433528746 21.49361847963798 -4222.684418401556 1.1493968098894452e-05 0.004275370302884899 0.159054818045399
0.5087251566696438 3.3793885407341073 2.4446277935155845 898.8 502.3 694 252 3.053186388426864 3.567515127650372 -1812.9164752580893 0.044064053433528746 21.49361847963798 -4222.684418401556 1.1493968098894452e-05 0.004275370302884899 0.159054818045399
0.51756401074306 3.3764422560429685 2.5258407974193733 898.4999999999998 502.1 682 248 3.053186388426864 3.567515127650372 -1812.9164752580893 0.044064053433528746 21.49361847963798 -4222.684418401556 1.1493968098894452e-05 0.004275370302884899 0.159054818045399
0.5254207699194227 3.373495971351834 2.607053801323162 898.2 501.9000000000001 670 242 3.053186388426864 3.567515127650372 -1812.9164752580893 0.044064053433528746 21.49361847963798 -4222.684418401556 1.1493968098894452e-05 0.004275370302884899 0.159054818045399
0.5381880035810179 3.371531781557745 2.688266805226951 897.9000000000001 501.6 664 242 3.053186388426864 3.567515127650372 -1812.9164752580893 0.044064053433528746 21.49361847963798 -4222.684418401556 1.1493968098894452e-05 0.004275370302884899 0.159054818045399
0.5548836168307923 3.371531781557745 2.7694798091307398 897.7000000000003 501.19999999999993 654 240 3.053186388426864 3.567515127650372 -1812.9164752580893 0.044064053433528746 21.49361847963798 -4222.684418401556 1.1493968098894452e-05 0.004275370302884899 0.159054818045399
0.5617582811101102 3.371531781557744 2.850692813034528 897.5000000000002 500.79999999999995 646 238 3.053186388426864 3.567515127650372 -1812.9164752580893 0.044064053433528746 21.49361847963798 -4222.684418401556 1.1493968098894452e-05 0.004275370302884899 0.159054818045399
0.5715792300805668 3.370549686660699 2.9319058169383165 897.2000000000002 500.29999999999995 638 236 3.053186388426864 3.567515127650372 -1812.9164752580893 0.044064053433528746 21.49361847963798 -4222.684418401556 1.1493968098894452e-05 0.004275370302884899 0.159054818045399
0.5814001790510278 3.3685854968666074 3.013118820842106 896.8000000000001 499.79999999999995 633 238 3.053186388426864 3.567515127650372 -1812.9164752580893 0.044064053433528746 21.49361847963798 -4222.684418401556 1.1493968098894452e-05 0.004275370302884899 0.159054818045399
0.5863106535362517 3.3626929274843342 3.0943318247458946 896.1 499.40000000000003 627 236 3.053186388426864 3.567515127650372 -1812.9164752580893 0.044064053433528746 21.49361847963798 -4222.684418401556 1.1493968098894452e-05 0.004275370302884899 0.159054818045399
0.5872927484332964 3.3538540734109223 3.175544828649683 895.3 499.1 622 238 3.385904739115251 3.942977242945775 -2001.2016987528216 -0.00226887727068009 22.26937702807988 -3793.317269964024 -4.044344511014479e-06 0.004757909235855669 0.1909456852801803
0.574525514771701 3.342068934646374 3.256757832553472 894.4 499.20000000000005 616 239 3.385904739115251 3.942977242945775 -2001.2016987528216 -0.00226887727068009 22.26937702807988 -3793.317269964024 -4.044344511014479e-06 0.004757909235855669 0.1909456852801803
0.5568478066248819 3.3312658907788726 3.3379708364572607 893.6 499.4000000000001 612 241 3.385904739115251 3.942977242945775 -2001.2016987528216 -0.00226887727068009 22.26937702807988 -3793.317269964024 -4.044344511014479e-06 0.004757909235855669 0.1909456852801803
0.5440805729632865 3.3204628469113713 3.4191838403610495 892.8 499.5000000000001 608 242 3.385904739115251 3.942977242945775 -2001.2016987528216 -0.00226887727068009 22.26937702807988 -3793.317269964024 -4.044344511014479e-06 0.004757909235855669 0.1909456852801803
0.5234565801253286 3.3057314234556863 3.500396844264838 891.8000000000001 499.80000000000007 606 246 3.385904739115251 3.942977242945775 -2001.2016987528216 -0.00226887727068009 22.26937702807988 -3793.317269964024 -4.044344511014479e-06 0.004757909235855669 0.1909456852801803
0.4998863025962364 3.2890358102059096 3.5816098481686267 890.7 500.2000000000001 602 248 3.385904739115251 3.942977242945775 -2001.2016987528216 -0.00226887727068009 22.26937702807988 -3793.317269964024 -4.044344511014479e-06 0.004757909235855669 0.1909456852801803
0.4900653536257798 3.2752864816472695 3.6628228520724155 889.8000000000001 500.50000000000006 600 238 3.385904739115251 3.942977242945775 -2001.2016987528216 -0.00226887727068009 22.26937702807988 -3793.317269964024 -4.044344511014479e-06 0.004757909235855669 0.1909456852801803
0.4772981199641845 3.2625192479856766 3.7440358559762044 889.0000000000001 500.90000000000003 596 231 3.385904739115251 3.942977242945775 -2001.2016987528216 -0.00226887727068009 22.26937702807988 -3793.317269964024 -4.044344511014479e-06 0.004757909235855669 0.1909456852801803
0.46453088630258915 3.250734109221128 3.8252488598799927 888.3000000000002 501.30000000000007 595 223 3.385904739115251 3.942977242945775 -2001.2016987528216 -0.00226887727068009 22.26937702807988 -3793.317269964024 -4.044344511014479e-06 0.004757909235855669 0.1909456852801803
0.4586383169203116 3.2428773500447634 3.9064618637837816 887.8000000000001 501.50000000000006 593 213 3.385904739115251 3.942977242945775 -2001.2016987528216 -0.00226887727068009 22.26937702807988 -3793.317269964024 -4.044344511014479e-06 0.004757909235855669 0.1909456852801803
0.442924798567582 3.231092211280215 3.9876748676875704 887.1000000000001 502.00000000000006 592 208 3.385904739115251 3.942977242945775 -2001.2016987528216 -0.00226887727068009 22.26937702807988 -3793.317269964024 -4.044344511014479e-06 0.004757909235855669 0.1909456852801803
0.42721128021485233 3.219307072515667 3.8904145050610444 886.4000000000001 502.50000000000006 591 201 3.385904739115251 3.942977242945775 -2001.2016987528216 -0.00226887727068009 22.26937702807988 -3793.317269964024 -4.044344511014479e-06 0.004757909235855669 0.1909456852801803
0.4046230975828004 3.204575649059984 3.7931541424345183 885.6000000000001 503.2000000000001 589 195 3.385904739115251 3.942977242945775 -2001.2016987528216 -0.00226887727068009 22.26937702807988 -3793.317269964024 -4.044344511014479e-06 0.004757909235855669 0.1909456852801803
0.382034914950753 3.1888621307072547 3.6958937798079923 884.7 503.9000000000001 589 189 3.385904739115251 3.942977242945775 -2001.2016987528216 -0.00226887727068009 22.26937702807988 -3793.317269964024 -4.044344511014479e-06 0.004757909235855669 0.1909456852801803
0.35944673231870106 3.1741307072515696 3.598633417181466 883.9000000000001 504.6 -1 -1 3.385904739115251 3.942977242945775 -2001.2016987528216 -0.00226887727068009 22.26937702807988 -3793.317269964024 -4.044344511014479e-06 0.004757909235855669 0.1909456852801803
0.34275111906892664 3.1613634735899745 3.5013730545549397 883.1000000000001 505.1000000000001 587 185 3.385904739115251 3.942977242945775 -2001.2016987528216 -0.00226887727068009 22.26937702807988 -3793.317269964024 -4.044344511014479e-06 0.004757909235855669 0.1909456852801803
