106 -2.486664279319609 -1.032181736794988 5.324926536994991 -1.375914950760966 -0.19740107430617862
-2.486664279319609 -1.032181736794988 5.324926536994991 553.7 602.9 -1 -1 3.4495681327283614 4.041915147416528 -2380.754258535945 -0.03934748785573035 24.295172654982945 -6067.729570957631 -4.397961710566701e-06 0.0048410322625125944 -0.2104156750276084
-2.5642497761862124 -0.9820948970456592 5.285643390777685 557.3000000000001 605.3 524 200 3.4495681327283614 4.041915147416528 -2380.754258535945 -0.03934748785573035 24.295172654982945 -6067.729570957631 -4.397961710566701e-06 0.0048410322625125944 -0.2104156750276084
-2.629068039391225 -0.9320080572963304 5.3702775855669085 561.0 607.3000000000002 528 192 3.4495681327283614 4.041915147416528 -2380.754258535945 -0.03934748785573035 24.295172654982945 -6067.729570957631 -4.397961710566701e-06 0.0048410322625125944 -0.2104156750276084
-2.68701163831692 -0.8809391226499569 5.434807481349179 564.9000000000001 609.1000000000001 528 180 3.4495681327283614 4.041915147416528 -2380.754258535945 -0.03934748785573035 24.295172654982945 -6067.729570957631 -4.397961710566701e-06 0.0048410322625125944 -0.2104156750276084
-2.7469194270367083 -0.8259418084153987 5.455078088017117 569.1 611.0000000000001 526 170 3.4495681327283614 4.041915147416528 -2380.754258535945 -0.03934748785573035 24.295172654982945 -6067.729570957631 -4.397961710566701e-06 0.0048410322625125944 -0.2104156750276084
-2.802898836168309 -0.7709444941808439 5.488937817265878 573.4 612.8000000000001 530 162 3.4495681327283614 4.041915147416528 -2380.754258535945 -0.03934748785573035 24.295172654982945 -6067.729570957631 -4.397961710566701e-06 0.0048410322625125944 -0.2104156750276084
-2.849057296329453 -0.713000895255148 5.610514755372551 577.9 614.3000000000001 532 154 3.4495681327283614 4.041915147416528 -2380.754258535945 -0.03934748785573035 24.295172654982945 -6067.729570957631 -4.397961710566701e-06 0.0048410322625125944 -0.2104156750276084
-2.9070008952551434 -0.6570214861235473 5.480547472587623 582.2 616.2 533 145 3.4495681327283614 4.041915147416528 -2380.754258535945 -0.03934748785573035 24.295172654982945 -6067.729570957631 -4.397961710566701e-06 0.0048410322625125944 -0.2104156750276084
-2.96003401969561 -0.602024171888989 5.51596695885512 586.5 617.9 534 138 3.4495681327283614 4.041915147416528 -2380.754258535945 -0.03934748785573035 24.295172654982945 -6067.729570957631 -4.397961710566701e-06 0.0048410322625125944 -0.2104156750276084
-3.024852282900627 -0.5499731423455696 5.388974938964862 590.5999999999999 620.0 535 129 3.4495681327283614 4.041915147416528 -2380.754258535945 -0.03934748785573035 24.295172654982945 -6067.729570957631 -4.397961710566701e-06 0.0048410322625125944 -0.2104156750276084
-3.0857421665174516 -0.49988630259623973 5.400747757800202 594.6000000000001 622.0 537 123 3.4495681327283614 4.041915147416528 -2380.754258535945 -0.03934748785573035 24.295172654982945 -6067.729570957631 -4.397961710566701e-06 0.0048410322625125944 -0.2104156750276084
-3.1269901521933763 -0.4497994628469121 5.630338676078736 598.6 623.7 538 116 3.4495681327283614 4.041915147416528 -2380.754258535945 -0.03934748785573035 24.295172654982945 -6067.729570957631 -4.397961710566701e-06 0.0048410322625125944 -0.2104156750276084
-3.1613634735899745 -0.40167681289167395 5.704661092761915 602.4000000000001 625.2000000000002 540 110 3.4495681327283614 4.041915147416528 -2380.754258535945 -0.03934748785573035 24.295172654982945 -6067.729570957631 -4.397961710566701e-06 0.0048410322625125944 -0.2104156750276084
-3.192790510295429 -0.35551835273052756 5.730344085587108 606.0000000000001 626.6000000000001 540 100 3.4495681327283614 4.041915147416528 -2380.754258535945 -0.03934748785573035 24.295172654982945 -6067.729570957631 -4.397961710566701e-06 0.0048410322625125944 -0.2104156750276084
-3.218324977618611 -0.3113240823634752 5.81068837166263 609.5 627.8000000000001 540 96 3.4495681327283614 4.041915147416528 -2380.754258535945 -0.03934748785573035 24.295172654982945 -6067.729570957631 -4.397961710566701e-06 0.0048410322625125944 -0.2104156750276084
-3.2409131602506718 -0.2690940017905101 5.847832032027126 612.9 628.9000000000001 542 98 3.5386805877864664 4.165655092463313 -2447.6007322081628 -0.03699759335786513 24.53417816212656 -6004.510046327683 -3.751344983655112e-06 0.004981216680833626 -0.22062093461188928
-3.265465532676813 -0.22686392121754836 5.810278703516675 616.3 630.1 540 90 3.5386805877864664 4.165655092463313 -2447.6007322081628 -0.03699759335786513 24.53417816212656 -6004.510046327683 -3.751344983655112e-06 0.004981216680833626 -0.22062093461188928
-3.281179051029547 -0.18561593554163028 5.983014136349437 619.7 631.0 546 86 3.5386805877864664 4.165655092463313 -2447.6007322081628 -0.03699759335786513 24.53417816212656 -6004.510046327683 -3.751344983655112e-06 0.004981216680833626 -0.22062093461188928
-3.2929641897940978 -0.14240376007162153 6.081422962859278 623.3000000000001 631.8 547 81 3.5386805877864664 4.165655092463313 -2447.6007322081628 -0.03699759335786513 24.53417816212656 -6004.510046327683 -3.751344983655112e-06 0.004981216680833626 -0.22062093461188928
-3.2959104744852366 -0.09820948970456693 6.283185307179485 626.9000000000001 632.3 548 76 3.5386805877864664 4.165655092463313 -2447.6007322081628 -0.03699759335786513 24.53417816212656 -6004.510046327683 -3.751344983655112e-06 0.004981216680833626 -0.22062093461188928
-3.298856759176371 -0.053033124440467545 9.885811975792894e-14 630.6 632.8 548 70 3.5386805877864664 4.165655092463313 -2447.6007322081628 -0.03699759335786513 24.53417816212656 -6004.510046327683 -3.751344983655112e-06 0.004981216680833626 -0.22062093461188928
-3.3155523724261498 -0.00785675917636705 0.08102039377680403 634.4000000000001 633.4 551 69 3.5386805877864664 4.165655092463313 -2447.6007322081628 -0.03699759335786513 24.53417816212656 -6004.510046327683 -3.751344983655112e-06 0.004981216680833626 -0.22062093461188928
-3.332247985675924 0.037319606087733444 0.16204078755350923 638.2 634.0000000000001 554 66 3.5386805877864664 4.165655092463313 -2447.6007322081628 -0.03699759335786513 24.53417816212656 -6004.510046327683 -3.751344983655112e-06 0.004981216680833626 -0.22062093461188928
-3.3509077887197924 0.08053178155774329 0.24306118133021443 641.9000000000001 634.6999999999999 554 62 3.5386805877864664 4.165655092463313 -2447.6007322081628 -0.03699759335786513 24.53417816212656 -6004.510046327683 -3.751344983655112e-06 0.004981216680833626 -0.22062093461188928
-3.367603401969567 0.1207976723366155 0.3240815751069196 645.3000000000001 635.3000000000001 554 60 3.5386805877864664 4.165655092463313 -2447.6007322081628 -0.03699759335786513 24.53417816212656 -6004.510046327683 -3.751344983655112e-06 0.004981216680833626 -0.22062093461188928
-3.381352730528207 0.15811727842435117 0.40510196888362476 648.4 635.8000000000001 557 59 3.5386805877864664 4.165655092463313 -2447.6007322081628 -0.03699759335786513 24.53417816212656 -6004.510046327683 -3.751344983655112e-06 0.004981216680833626 -0.22062093461188928
-3.38724529991048 0.19052641002685744 0.48612236266033 651.2 636.0 556 56 3.5386805877864664 4.165655092463313 -2447.6007322081628 -0.03699759335786513 24.53417816212656 -6004.510046327683 -3.751344983655112e-06 0.004981216680833626 -0.22062093461188928
-3.393137869292753 0.22097135183527195 0.5671427564370352 653.8000000000002 636.2 560 56 3.5386805877864664 4.165655092463313 -2447.6007322081628 -0.03699759335786513 24.53417816212656 -6004.510046327683 -3.751344983655112e-06 0.004981216680833626 -0.22062093461188928
-3.393137869292753 0.24552372426141453 0.6481631502137403 655.8000000000002 636.1999999999999 561 55 3.5386805877864664 4.165655092463313 -2447.6007322081628 -0.03699759335786513 24.53417816212656 -6004.510046327683 -3.751344983655112e-06 0.004981216680833626 -0.22062093461188928
-3.379388540734113 0.26712981199641944 0.7291835439904455 657.6000000000001 635.7 562 56 3.5386805877864664 4.165655092463313 -2447.6007322081628 -0.03699759335786513 24.53417816212656 -6004.510046327683 -3.751344983655112e-06 0.004981216680833626 -0.22062093461188928
-3.353854073410927 0.28382542524619386 0.8102039377671506 659.0 634.8000000000001 565 55 3.5386805877864664 4.165655092463313 -2447.6007322081628 -0.03699759335786513 24.53417816212656 -6004.510046327683 -3.751344983655112e-06 0.004981216680833626 -0.22062093461188928
-3.3283196060877405 0.29757475380483284 0.8912243315438558 660.0999999999999 633.9 566 56 3.5386805877864664 4.165655092463313 -2447.6007322081628 -0.03699759335786513 24.53417816212656 -6004.510046327683 -3.751344983655112e-06 0.004981216680833626 -0.22062093461188928
-3.3027851387645546 0.3093598925693812 0.972244725320561 661.0999999999999 632.9999999999999 569 58 3.5386805877864664 4.165655092463313 -2447.6007322081628 -0.03699759335786513 24.53417816212656 -6004.510046327683 -3.751344983655112e-06 0.004981216680833626 -0.22062093461188928
-3.275286481647279 0.3191808415398389 1.0532651190972664 661.9 631.9999999999999 570 62 3.5386805877864664 4.165655092463313 -2447.6007322081628 -0.03699759335786513 24.53417816212656 -6004.510046327683 -3.751344983655112e-06 0.004981216680833626 -0.22062093461188928
-3.2497520143240926 0.32507341092211195 1.1342855128739715 662.4 631.1 570 64 3.5386805877864664 4.165655092463313 -2447.6007322081628 -0.03699759335786513 24.53417816212656 -6004.510046327683 -3.751344983655112e-06 0.004981216680833626 -0.22062093461188928
-3.2242175470009062 0.3290017905102943 1.2153059066506766 662.7 630.2 573 67 3.5386805877864664 4.165655092463313 -2447.6007322081628 -0.03699759335786513 24.53417816212656 -6004.510046327683 -3.751344983655112e-06 0.004981216680833626 -0.22062093461188928
-3.2075219337511274 0.3309659803043861 1.2963263004273817 662.8000000000001 629.6 574 70 3.5386805877864664 4.165655092463313 -2447.6007322081628 -0.03699759335786513 24.53417816212656 -6004.510046327683 -3.751344983655112e-06 0.004981216680833626 -0.22062093461188928
-3.187880035810214 0.3309659803043861 1.377346694204087 662.7 628.9 576 76 3.5386805877864664 4.165655092463313 -2447.6007322081628 -0.03699759335786513 24.53417816212656 -6004.510046327683 -3.751344983655112e-06 0.004981216680833626 -0.22062093461188928
-3.1741307072515696 0.32801969561324845 1.4583670879807922 662.5 628.4 576 78 3.5386805877864664 4.165655092463313 -2447.6007322081628 -0.03699759335786513 24.53417816212656 -6004.510046327683 -3.751344983655112e-06 0.004981216680833626 -0.22062093461188928
-3.174130707251565 0.3221271262309743 1.5393874817574973 661.9999999999999 628.4 578 86 3.5386805877864664 4.165655092463313 -2447.6007322081628 -0.03699759335786513 24.53417816212656 -6004.510046327683 -3.751344983655112e-06 0.004981216680833626 -0.22062093461188928
-3.1800232766338428 0.3142703670546095 1.6204078755342024 661.3 628.5999999999999 580 92 3.5386805877864664 4.165655092463313 -2447.6007322081628 -0.03699759335786513 24.53417816212656 -6004.510046327683 -3.751344983655112e-06 0.004981216680833626 -0.22062093461188928
-3.1859158460161203 0.3044494180841529 1.7014282693109077 660.5 628.8 582 98 3.5386805877864664 4.165655092463313 -2447.6007322081628 -0.03699759335786513 24.53417816212656 -6004.510046327683 -3.751344983655112e-06 0.004981216680833626 -0.22062093461188928
-3.1918084153983934 0.2916821844225598 1.7824486630876129 659.4 629.0 584 106 3.5386805877864664 4.165655092463313 -2447.6007322081628 -0.03699759335786513 24.53417816212656 -6004.510046327683 -3.751344983655112e-06 0.004981216680833626 -0.22062093461188928
-3.197700984780666 0.27596866606983017 1.8634690568643182 658.1 629.2 586 115 3.5386805877864664 4.165655092463313 -2447.6007322081628 -0.03699759335786513 24.53417816212656 -6004.510046327683 -3.751344983655112e-06 0.004981216680833626 -0.22062093461188928
-3.200647269471805 0.25829095792300877 1.9444894506410233 656.6 629.3 588 124 3.5386805877864664 4.165655092463313 -2447.6007322081628 -0.03699759335786513 24.53417816212656 -6004.510046327683 -3.751344983655112e-06 0.004981216680833626 -0.22062093461188928
-3.2035935541629437 0.23864905998209446 2.0255098444177286 655.0 629.4 588 132 3.5386805877864664 4.165655092463313 -2447.6007322081628 -0.03699759335786513 24.53417816212656 -6004.510046327683 -3.751344983655112e-06 0.004981216680833626 -0.22062093461188928
-3.200647269471805 0.21704297224709065 2.106530238194434 653.2 629.3 590 144 3.5386805877864664 4.165655092463313 -2447.6007322081628 -0.03699759335786513 24.53417816212656 -6004.510046327683 -3.751344983655112e-06 0.004981216680833626 -0.22062093461188928
-3.200647269471805 0.19347269471799397 2.1875506319711393 651.3000000000001 629.3 591 155 3.5386805877864664 4.165655092463313 -2447.6007322081628 -0.03699759335786513 24.53417816212656 -6004.510046327683 -3.751344983655112e-06 0.004981216680833626 -0.22062093461188928
-3.200647269471805 0.1708845120859443 2.2685710257478444 649.4000000000001 629.3 592 166 3.5386805877864664 4.165655092463313 -2447.6007322081628 -0.03699759335786513 24.53417816212656 -6004.510046327683 -3.751344983655112e-06 0.004981216680833626 -0.22062093461188928
-3.2006472694718004 0.14829632945389348 2.3495914195245495 647.5000000000001 629.3 594 178 3.5386805877864664 4.165655092463313 -2447.6007322081628 -0.03699759335786513 24.53417816212656 -6004.510046327683 -3.751344983655112e-06 0.004981216680833626 -0.22062093461188928
-3.2006472694718004 0.12669024171888854 2.4306118133012546 645.6999999999999 629.3 597 193 3.5386805877864664 4.165655092463313 -2447.6007322081628 -0.03699759335786513 24.53417816212656 -6004.510046327683 -3.751344983655112e-06 0.004981216680833626 -0.22062093461188928
-3.1947547000895273 0.10410205908683887 2.5116322070779598 643.8000000000001 629.0999999999999 599 205 3.5386805877864664 4.165655092463313 -2447.6007322081628 -0.03699759335786513 24.53417816212656 -6004.510046327683 -3.751344983655112e-06 0.004981216680833626 -0.22062093461188928
-3.188862130707259 0.08249597135183506 2.592652600854665 642.0 628.8999999999999 602 222 3.5386805877864664 4.165655092463313 -2447.6007322081628 -0.03699759335786513 24.53417816212656 -6004.510046327683 -3.751344983655112e-06 0.004981216680833626 -0.22062093461188928
-3.180023276633847 0.06088988361683236 2.6736729946313704 640.1999999999999 628.6 602 238 3.5386805877864664 4.165655092463313 -2447.6007322081628 -0.03699759335786513 24.53417816212656 -6004.510046327683 -3.751344983655112e-06 0.004981216680833626 -0.22062093461188928
-3.174130707251574 0.04026589077887332 2.7546933884080755 638.5000000000001 628.4000000000001 602 250 3.5386805877864664 4.165655092463313 -2447.6007322081628 -0.03699759335786513 24.53417816212656 -6004.510046327683 -3.751344983655112e-06 0.004981216680833626 -0.22062093461188928
-3.1682381378692965 0.021606087735004924 2.8357137821847807 636.9000000000001 628.2 605 271 3.5386805877864664 4.165655092463313 -2447.6007322081628 -0.03699759335786513 24.53417816212656 -6004.510046327683 -3.751344983655112e-06 0.004981216680833626 -0.22062093461188928
-3.118151298119969 0.0009820948970458813 1.9909930404041905 635.2 627.9000000000001 607 287 3.5386805877864664 4.165655092463313 -2447.6007322081628 -0.03699759335786513 24.53417816212656 -6004.510046327683 -3.751344983655112e-06 0.004981216680833626 -0.22062093461188928
-3.068064458370641 -0.01964189794091428 1.9909930404042104 633.5 627.6 609 306 3.5386805877864664 4.165655092463313 -2447.6007322081628 -0.03699759335786513 24.53417816212656 -6004.510046327683 -3.751344983655112e-06 0.004981216680833626 -0.22062093461188928
-3.0160134288272196 -0.041247985675918086 1.9928013566970957 631.7 627.2 608 324 3.5386805877864664 4.165655092463313 -2447.6007322081628 -0.03699759335786513 24.53417816212656 -6004.510046327683 -3.751344983655112e-06 0.004981216680833626 -0.22062093461188928
-2.9639623992837936 -0.06285407341092189 1.992801356697061 629.9 626.8000000000001 612 346 3.5386805877864664 4.165655092463313 -2447.6007322081628 -0.03699759335786513 24.53417816212656 -6004.510046327683 -3.751344983655112e-06 0.004981216680833626 -0.22062093461188928
-2.908965085049242 -0.08740644583706335 2.018941301870734 627.9 626.3000000000001 614 366 3.878062976846492 4.532713806358713 -2675.9877029849727 0.005815116279318789 25.3091115219111 -5793.297609928391 1.0365626166339931e-05 0.0054245593434420645 -0.24554446069055613
-2.8549498657117307 -0.11294091316025068 2.042256276855815 625.8000000000001 625.8 616 388 3.878062976846492 4.532713806358713 -2675.9877029849727 0.005815116279318789 25.3091115219111 -5793.297609928391 1.0365626166339931e-05 0.0054245593434420645 -0.24554446069055613
-2.7960241718889867 -0.1404395702775298 2.0344439357956863 623.6 625.1 617 410 3.878062976846492 4.532713806358713 -2675.9877029849727 0.005815116279318789 25.3091115219111 -5793.297609928391 1.0365626166339931e-05 0.0054245593434420645 -0.24554446069055613
-2.737098478066252 -0.16793822739480777 2.0344439357957027 621.3000000000001 624.4 618 430 3.878062976846492 4.532713806358713 -2675.9877029849727 0.005815116279318789 25.3091115219111 -5793.297609928391 1.0365626166339931e-05 0.0054245593434420645 -0.24554446069055613
-2.673262309758284 -0.1964189794091305 2.014578999544525 619.0 623.5 618 436 3.878062976846492 4.532713806358713 -2675.9877029849727 0.005815116279318789 25.3091115219111 -5793.297609928391 1.0365626166339931e-05 0.0054245593434420645 -0.24554446069055613
-2.606479856759182 -0.22489973142345437 1.9962459641649573 616.7 622.5000000000001 620 422 3.878062976846492 4.532713806358713 -2675.9877029849727 0.005815116279318789 25.3091115219111 -5793.297609928391 1.0365626166339931e-05 0.0054245593434420645 -0.24554446069055613
-2.578981199641902 -0.25239838854073343 2.3561944901923244 614.5000000000001 621.4000000000001 620 412 3.878062976846492 4.532713806358713 -2675.9877029849727 0.005815116279318789 25.3091115219111 -5793.297609928391 1.0365626166339931e-05 0.0054245593434420645 -0.24554446069055613
-2.546572068039393 -0.2779328558639219 2.2381024617732495 612.4 620.0999999999999 624 402 3.878062976846492 4.532713806358713 -2675.9877029849727 0.005815116279318789 25.3091115219111 -5793.297609928391 1.0365626166339931e-05 0.0054245593434420645 -0.24554446069055613
-2.5131808415398442 -0.3034673231871081 2.2236429578957058 610.4 618.8000000000001 625 393 3.878062976846492 4.532713806358713 -2675.9877029849727 0.005815116279318789 25.3091115219111 -5793.297609928391 1.0365626166339931e-05 0.0054245593434420645 -0.24554446069055613
-2.476843330349152 -0.3270376007162048 2.1462209773301653 608.5999999999999 617.4000000000001 627 383 3.878062976846492 4.532713806358713 -2675.9877029849727 0.005815116279318789 25.3091115219111 -5793.297609928391 1.0365626166339931e-05 0.0054245593434420645 -0.24554446069055613
-2.4385416293643707 -0.346679498657118 2.0446476632896475 607.1 615.9 628 374 3.878062976846492 4.532713806358713 -2675.9877029849727 0.005815116279318789 25.3091115219111 -5793.297609928391 1.0365626166339931e-05 0.0054245593434420645 -0.24554446069055613
-2.3992578334825443 -0.36141092211280285 1.9295669970654687 606.0 614.4 630 366 3.878062976846492 4.532713806358713 -2675.9877029849727 0.005815116279318789 25.3091115219111 -5793.297609928391 1.0365626166339931e-05 0.0054245593434420645 -0.24554446069055613
-2.3599740376007095 -0.3731960608773512 1.8622531212727116 605.1 612.9 632 356 3.878062976846492 4.532713806358713 -2675.9877029849727 0.005815116279318789 25.3091115219111 -5793.297609928391 1.0365626166339931e-05 0.0054245593434420645 -0.24554446069055613
-2.323636526410022 -0.3820349149507619 1.809405649303103 604.5 611.5 633 349 3.878062976846492 4.532713806358713 -2675.9877029849727 0.005815116279318789 25.3091115219111 -5793.297609928391 1.0365626166339931e-05 0.0054245593434420645 -0.24554446069055613
-2.2863169203222893 -0.3879274843330349 1.7273982037768998 604.1 610.1 635 343 3.878062976846492 4.532713806358713 -2675.9877029849727 0.005815116279318789 25.3091115219111 -5793.297609928391 1.0365626166339931e-05 0.0054245593434420645 -0.24554446069055613
-2.249979409131606 -0.3928379588182632 1.705117768747888 603.8 608.7 636 336 3.878062976846492 4.532713806358713 -2675.9877029849727 0.005815116279318789 25.3091115219111 -5793.297609928391 1.0365626166339931e-05 0.0054245593434420645 -0.24554446069055613
-2.2126598030438696 -0.3938200537153091 1.5971060440478235 603.8 607.3000000000001 638 330 3.878062976846492 4.532713806358713 -2675.9877029849727 0.005815116279318789 25.3091115219111 -5793.297609928391 1.0365626166339931e-05 0.0054245593434420645 -0.24554446069055613
-2.1802506714413656 -0.3928379588182621 1.5405025668760777 604.0 606.1 642 324 3.878062976846492 4.532713806358713 -2675.9877029849727 0.005815116279318789 25.3091115219111 -5793.297609928391 1.0365626166339931e-05 0.0054245593434420645 -0.24554446069055613
-2.1478415398388613 -0.3879274843330338 1.42042489878775 604.4000000000001 604.9 642 320 3.878062976846492 4.532713806358713 -2675.9877029849727 0.005815116279318789 25.3091115219111 -5793.297609928391 1.0365626166339931e-05 0.0054245593434420645 -0.24554446069055613
-2.1183786929274917 -0.3830170098478055 1.4056476493802699 604.8000000000002 603.8000000000001 644 316 3.878062976846492 4.532713806358713 -2675.9877029849727 0.005815116279318789 25.3091115219111 -5793.297609928391 1.0365626166339931e-05 0.0054245593434420645 -0.24554446069055613
-2.0859695613249833 -0.3771244404655336 1.3909428270024882 605.3 602.6000000000001 647 313 3.878062976846492 4.532713806358713 -2675.9877029849727 0.005815116279318789 25.3091115219111 -5793.297609928391 1.0365626166339931e-05 0.0054245593434420645 -0.24554446069055613
-2.0506141450313313 -0.3722139659803042 1.4327903031373772 605.6999999999999 601.3000000000001 649 311 3.878062976846492 4.532713806358713 -2675.9877029849727 0.005815116279318789 25.3091115219111 -5793.297609928391 1.0365626166339931e-05 0.0054245593434420645 -0.24554446069055613
-2.0172229185317825 -0.36632139659803115 1.3961241277866645 606.1999999999999 600.1 650 308 3.878062976846492 4.532713806358713 -2675.9877029849727 0.005815116279318789 25.3091115219111 -5793.297609928391 1.0365626166339931e-05 0.0054245593434420645 -0.24554446069055613
-1.9818675022381398 -0.3623930170098476 1.4601391056209732 606.6 598.8 651 309 3.878062976846492 4.532713806358713 -2675.9877029849727 0.005815116279318789 25.3091115219111 -5793.297609928391 1.0365626166339931e-05 0.0054245593434420645 -0.24554446069055613
-1.9494583706356359 -0.3584646374216652 1.450172658214791 606.9999999999999 597.6 654 308 3.878062976846492 4.532713806358713 -2675.9877029849727 0.005815116279318789 25.3091115219111 -5793.297609928391 1.0365626166339931e-05 0.0054245593434420645 -0.24554446069055613
-1.9160671441360826 -0.352572068039391 1.396124127786655 607.5 596.4 656 308 3.878062976846492 4.532713806358713 -2675.9877029849727 0.005815116279318789 25.3091115219111 -5793.297609928391 1.0365626166339931e-05 0.0054245593434420645 -0.24554446069055613
-1.8885684870188022 -0.346679498657118 1.3597029935721945 608.0 595.4000000000001 659 309 3.878062976846492 4.532713806358713 -2675.9877029849727 0.005815116279318789 25.3091115219111 -5793.297609928391 1.0365626166339931e-05 0.0054245593434420645 -0.24554446069055613
-1.8581235452103924 -0.3398048343777979 1.3487144248893648 608.6000000000001 594.3000000000001 658 310 3.878062976846492 4.532713806358713 -2675.9877029849727 0.005815116279318789 25.3091115219111 -5793.297609928391 1.0365626166339931e-05 0.0054245593434420645 -0.24554446069055613
-1.830624888093103 -0.3319480752014331 1.2924966677899032 609.3000000000001 593.3 662 314 3.878062976846492 4.532713806358713 -2675.9877029849727 0.005815116279318789 25.3091115219111 -5793.297609928391 1.0365626166339931e-05 0.0054245593434420645 -0.24554446069055613
-1.803126230975823 -0.32310922112802243 1.2597980461893818 610.1 592.3000000000001 666 319 3.878062976846492 4.532713806358713 -2675.9877029849727 0.005815116279318789 25.3091115219111 -5793.297609928391 1.0365626166339931e-05 0.0054245593434420645 -0.24554446069055613
-1.7834843330349097 -0.31230617726052107 1.0679531158670708 611.0000000000001 591.6000000000001 666 322 3.878062976846492 4.532713806358713 -2675.9877029849727 0.005815116279318789 25.3091115219111 -5793.297609928391 1.0365626166339931e-05 0.0054245593434420645 -0.24554446069055613
-1.769735004476274 -0.3005210384959716 0.8621700546670324 612.0 591.1 669 327 3.878062976846492 4.532713806358713 -2675.9877029849727 0.005815116279318789 25.3091115219111 -5793.297609928391 1.0365626166339931e-05 0.0054245593434420645 -0.24554446069055613
-1.7589319606087683 -0.2877538048343785 0.7022569315091874 613.0 590.7 670 334 3.878062976846492 4.532713806358713 -2675.9877029849727 0.005815116279318789 25.3091115219111 -5793.297609928391 1.0365626166339931e-05 0.0054245593434420645 -0.24554446069055613
-1.7471468218442265 -0.2740044762757395 0.7086262721274161 614.1 590.3 672 340 3.878062976846492 4.532713806358713 -2675.9877029849727 0.005815116279318789 25.3091115219111 -5793.297609928391 1.0365626166339931e-05 0.0054245593434420645 -0.24554446069055613
-1.735361683079676 -0.25829095792300877 0.6435011087933867 615.3 589.9 675 349 3.878062976846492 4.532713806358713 -2675.9877029849727 0.005815116279318789 25.3091115219111 -5793.297609928391 1.0365626166339931e-05 0.0054245593434420645 -0.24554446069055613
-1.7294691136974074 -0.24454162936436977 0.40489178628476 616.4 589.6999999999999 680 360 3.878062976846492 4.532713806358713 -2675.9877029849727 0.005815116279318789 25.3091115219111 -5793.297609928391 1.0365626166339931e-05 0.0054245593434420645 -0.24554446069055613
-1.7206302596239957 -0.23079230080572966 0.5713374798336432 617.5 589.4 680 368 3.878062976846492 4.532713806358713 -2675.9877029849727 0.005815116279318789 25.3091115219111 -5793.297609928391 1.0365626166339931e-05 0.0054245593434420645 -0.24554446069055613
-1.7117914055505883 -0.21802506714413541 0.6055446636047563 618.5000000000001 589.1 682 380 3.878062976846492 4.532713806358713 -2675.9877029849727 0.005815116279318789 25.3091115219111 -5793.297609928391 1.0365626166339931e-05 0.0054245593434420645 -0.24554446069055613
-1.7029525514771764 -0.20820411817367884 0.7328151017865568 619.3000000000001 588.8000000000001 684 390 3.878062976846492 4.532713806358713 -2675.9877029849727 0.005815116279318789 25.3091115219111 -5793.297609928391 1.0365626166339931e-05 0.0054245593434420645 -0.24554446069055613
-1.6852748433303573 -0.20034735899731404 1.1525719972156323 619.9000000000001 588.2 689 403 3.878062976846492 4.532713806358713 -2675.9877029849727 0.005815116279318789 25.3091115219111 -5793.297609928391 1.0365626166339931e-05 0.0054245593434420645 -0.24554446069055613
-1.6587582811101218 -0.1974010743061775 1.4601391056210287 620.2 587.3000000000001 689 417 3.878062976846492 4.532713806358713 -2675.9877029849727 0.005815116279318789 25.3091115219111 -5793.297609928391 1.0365626166339931e-05 0.0054245593434420645 -0.24554446069055613
-1.6450089525514773 -0.19543688451208574 1.446441332248135 620.6000000000001 586.1 688 430 3.878062976846492 4.532713806358713 -2675.9877029849727 0.005815116279318789 25.3091115219111 -5793.297609928391 1.0365626166339931e-05 0.0054245593434420645 -0.24554446069055613
-1.624384959713515 -0.19838316920322338 1.7004988639508278 620.7 584.7 693 447 3.878062976846492 4.532713806358713 -2675.9877029849727 0.005815116279318789 25.3091115219111 -5793.297609928391 1.0365626166339931e-05 0.0054245593434420645 -0.24554446069055613
-1.603760966875557 -0.2013294538943599 1.7004988639508045 620.6999999999999 583.3000000000001 694 460 3.878062976846492 4.532713806358713 -2675.9877029849727 0.005815116279318789 25.3091115219111 -5793.297609928391 1.0365626166339931e-05 0.0054245593434420645 -0.24554446069055613
-1.575280214861232 -0.20820411817367995 1.7928782287003655 620.5 581.7 698 481 3.878062976846492 4.532713806358713 -2675.9877029849727 0.005815116279318789 25.3091115219111 -5793.297609928391 1.0365626166339931e-05 0.0054245593434420645 -0.24554446069055613
-1.5438531781557727 -0.2160608773500459 1.8018869939908366 620.2 580.0000000000001 701 500 3.5066611991071954 4.144750393222751 -2427.296895210026 -0.1039344532518542 24.576478752356913 -5993.645064184116 -3.0978197013398245e-05 0.004990799489649246 -0.2131747824523882
