72 -2.721384959713513 -2.5023777976723376 2.4592760987149664 -1.4053777976723447 -4.1326553267681305
-2.721384959713513 -2.5023777976723376 2.4592760987149664 415.1000000000001 635.5 -1 -1 3.6823111673628706 4.273609308881302 -2404.8379034713416 0.00789446837511215 23.98807954368679 -4955.066981351393 1.4072136141019451e-05 0.005126413820842383 -0.06405236619632995
-2.6202291853178132 -2.533804834377799 1.8894509158509991 412.8 634.0 -1 -1 3.679346033766943 4.269358565535152 -2402.472119980032 0.00789397905825723 23.96709883638057 -4950.21972134408 1.4071263918464487e-05 0.0051194634946058444 -0.06250646031697736
-2.520055505819158 -2.5632676812891675 1.8925468811915354 410.7000000000001 632.5000000000001 -1 -1 3.670471601269943 4.241886716042103 -2388.747712105337 0.007891526187476716 23.862904233568575 -4926.141999894536 1.4066891599780053e-05 0.005084921675590522 -0.05481404715601086
-2.491574753804837 -2.589784243509401 2.320495377513092 408.9000000000001 630.9999999999999 -1 -1 3.6816900128251424 4.281124909720424 -2406.4872736687657 0.007893985532186338 23.967327211115173 -4950.273703315729 1.4071275458444531e-05 0.005119544938383158 -0.06252681043988251
-2.540679498657111 -2.6123724261414507 4.221225382098367 407.50000000000006 629.5 788 178 4.404993727598458 5.176705646364492 -2901.814525600807 0.01858449412737132 26.305853749025914 -4636.4217405036525 1.6742787502133253e-05 0.006176245342105581 -0.0941622971255683
-2.576034914950754 -2.6339785138764555 4.058306255970315 406.20000000000005 627.9 782 172 4.383294093449125 5.112213623345261 -2871.1553700086256 0.018569489573386676 26.154401128541807 -4602.288100627412 1.672926988593362e-05 0.006126799277724573 -0.08368174313069944
-2.4758612354521032 -2.6546025067144146 1.7761917159846659 404.90000000000003 626.3 778 168 4.405862974164512 5.148745332668192 -2890.753509766472 0.018586409773208197 26.324986199364584 -4640.706267065628 1.674451330919676e-05 0.006182440853177791 -0.09544969411806703
-2.364884512085951 -2.6762085944494185 1.7663770066047328 403.50000000000006 624.6000000000001 775 167 4.430459362041094 5.224950989855507 -2925.4522838281314 0.018607659307755257 26.547849178545604 -4690.939844701856 1.676365703401511e-05 0.006255212322796973 -0.11087977400514658
-2.269621307072515 -2.6968325872873775 1.7871369881681682 402.2000000000001 623.2000000000002 772 164 3.68062682705921 4.260451565211835 -2400.9343761513283 0.007893032690601707 23.928140980219574 -4941.219791405347 1.406957698859647e-05 0.005106560939407588 -0.059637866465185166
-2.2342658907788677 -2.718438675022381 2.1393208745258816 400.9000000000001 621.7 768 162 3.68051002573561 4.284069820287021 -2405.7148283887936 0.00789510324989078 24.00798866764117 -4959.66524189584 1.407326782511575e-05 0.00513300163640901 -0.06551501824487524
-2.2057851387645515 -2.742008952551478 2.2621332555645157 399.50000000000006 620.0999999999999 764 158 4.404993727598458 5.176705646364492 -2901.814525600807 0.01858449412737132 26.305853749025914 -4636.4217405036525 1.6742787502133253e-05 0.006176245342105581 -0.0941622971255683
-2.2342658907788766 -2.7665613249776193 3.9057174309632243 397.9000000000001 618.6 760 156 4.552313908631357 5.356376974181743 -2998.951102723962 -0.005269623780366501 26.8124731697664 -4560.13534750871 8.450004700178286e-06 0.006393107006610487 -0.09175956775813539
-2.2637287376902417 -2.7920957923008065 3.9269908169871703 396.3 617.1 756 154 4.383220970080039 5.127615446091682 -2874.971317094202 0.018569690025949766 26.154239836270715 -4602.256047800129 1.6729450473829055e-05 0.0061267546831424696 -0.08367633301818797
-2.238194270367056 -2.8225407341092223 2.443689830994757 394.30000000000007 615.7 751 153 3.672407716127309 4.267041957993292 -2396.3771412454407 0.00789377928165206 23.950522429812263 -4946.38508111915 1.4070907810428774e-05 0.005113947841144924 -0.061270622339511666
-2.2048030438675026 -2.8559319606087743 2.3412702252022397 392.0 614.3 746 154 4.383220970080039 5.127615446091682 -2874.971317094202 0.018569690025949766 26.154239836270715 -4602.256047800129 1.6729450473829055e-05 0.0061267546831424696 -0.08367633301818797
-2.173376007162043 -2.893251566696509 2.4416997838705865 389.50000000000006 613.0 740 152 3.696991990331689 4.334738144289852 -2430.6071616416066 0.007897518035374683 24.11778752804703 -4985.046120770306 1.4077572255568882e-05 0.005169440635484531 -0.07364477811307867
-2.2097135183527263 -2.931553267681289 3.8009027219225655 386.80000000000007 611.9 736 154 3.6956204976631133 4.331320932360305 -2428.7444069157245 0.00789730105007165 24.108043263008035 -4982.793760860546 1.407718547249399e-05 0.0051662073117304955 -0.07292359521907348
-2.2028388540734083 -2.968872873769026 2.934096427154663 384.00000000000006 611.0 732 156 4.430459362041094 5.224950989855507 -2925.4522838281314 0.018607659307755257 26.547849178545604 -4690.939844701856 1.676365703401511e-05 0.006255212322796973 -0.11087977400514658
-2.2411405550581853 -3.0081566696508526 3.83139269832336 381.00000000000006 610.0999999999999 726 154 3.6726574749344714 4.254156472831641 -2393.2313020476818 0.007892350650858053 23.89337792372099 -4933.183410678007 1.4068361231477847e-05 0.005095020828462535 -0.05706205347921447
-2.2264091316025008 -3.0484225604297235 2.7908647053415825 377.90000000000003 609.5 722 158 3.676394969358821 4.262039278240816 -2398.472122426486 0.007893499629820923 23.946181664403902 -4945.385205124813 1.4070409322315599e-05 0.005112524905651903 -0.060959617310481336
-2.2156060877350083 -3.0916347358997314 2.9018495447194512 374.6 608.9000000000001 717 161 3.6796340470849582 4.26797015384462 -2402.301618335454 0.00789356418174956 23.950115918021584 -4946.296540888113 1.4070524388143096e-05 0.0051138397201189656 -0.06125644086451276
-2.150787824529991 -3.135829006266787 2.224879051209259 371.2 608.4000000000001 711 163 4.404559264954578 5.172307857627088 -2900.556370849803 0.01858345226269391 26.294393323408066 -4633.840116472337 1.6741848885311363e-05 0.006172505975499228 -0.09337089419966338
-2.084987466427934 -3.1810053715308864 2.2374891530491703 367.6 607.9000000000001 702 168 3.6898167231909476 4.318955534533842 -2420.9534980961193 0.00789712428703879 24.099792931177998 -4980.882113894471 1.4076870386875692e-05 0.005163447804544694 -0.07229966810240393
-2.1340922112802168 -3.2291280214861238 3.8732790876839642 363.90000000000003 607.5 702 174 3.6793557095673486 4.266281130348043 -2400.8330194557047 0.007893988950664267 23.967131044337684 -4950.22516569306 1.407128155198566e-05 0.005119464557387874 -0.06250303574370661
-2.072220232766334 -3.2772506714413616 2.2908670205689754 360.0000000000001 607.2 694 176 4.380996453851048 5.089032011289324 -2860.144523127097 0.01856429389023424 26.094023891496327 -4588.676108006988 1.6724589090301395e-05 0.0061070781729671494 -0.0794974496962505
-2.011330349149505 -3.324391226499553 2.2794225989225763 356.1 606.9000000000001 688 182 4.379050045576025 5.085458217356112 -2862.917596448995 0.018559318022968306 26.044315487427895 -4577.5036753805725 1.6720106326995676e-05 0.006090906466979182 -0.07609847420243038
-2.0044556848701873 -3.3744780662488814 3.00519004918888 352.0 606.6000000000001 680 186 4.406172850200951 5.151890404573183 -2891.652388942258 0.01858707310284901 26.333186399389486 -4642.55354061211 1.6745110903469815e-05 0.006185116713372031 -0.09601607669709024
-2.0555246195165595 -3.4284932855863928 3.8381166421741235 347.7 606.4000000000001 676 194 3.6763831856701485 4.258910988844417 -2396.805239670607 0.007893506118157633 23.946061493752115 -4945.355431015212 1.4070420887983902e-05 0.005112475422801779 -0.06094492497621831
-2.0506141450313313 -3.480544315129812 3.047531418961806 343.4 606.2 672 204 4.379541753586323 5.074349369517461 -2855.9472039197653 0.018560067626659644 26.055720708522443 -4580.05124123722 1.6720781645639296e-05 0.006094588107908354 -0.07685733198182652
-1.9887421665174576 -3.532595344673232 2.3198468691733414 338.9 605.9 662 210 4.380065012519771 5.09570641170049 -2865.8479284568516 0.018562050870277052 26.07104196657939 -4583.521456820318 1.6722568351599162e-05 0.006099621341446025 -0.07794031184279702
-1.9877600716204173 -3.584646374216652 3.122364254490191 334.4 605.9000000000001 654 218 3.672231742369052 4.249902752960533 -2392.816049605463 0.007892010537857461 23.884327382964262 -4931.093976817771 1.4067754969440028e-05 0.005092030599920451 -0.056399808189838266
-2.041775290957915 -3.6376794986571177 3.8784852047467253 329.79999999999995 605.9000000000001 -1 -1 3.6869695618694016 4.2911284241918 -2412.955988007658 0.00789470261577436 23.997938266986296 -4957.349564406781 1.4072553682307104e-05 0.005129703016085596 -0.06479290292436758
-2.0457036705460987 -3.6907126230975833 3.2155316912477505 325.2 606.1 642 240 3.6967780150460703 4.336078973391262 -2430.3585257460777 0.007898291610514 24.148820464113967 -4992.214859737972 1.4078951177386739e-05 0.00517971644826592 -0.0759286411793204
-1.9818675022381353 -3.7427636526410026 2.311179874417837 320.6 606.1 634 252 4.407694408706143 5.187889193527947 -2905.6032346129814 0.018590777068686882 26.375502367648377 -4652.108154868412 1.6748447809625356e-05 0.006198964823836209 -0.09896790594152767
-1.9799033124440504 -3.795796777081468 3.1045725377159807 316.1 606.0 627 263 4.404993727598458 5.176705646364492 -2901.814525600807 0.01858449412737132 26.305853749025914 -4636.4217405036525 1.6742787502133253e-05 0.006176245342105581 -0.0941622971255683
-2.033918531781557 -3.8498119964189796 3.869362389509725 311.6 606.0 620 276 3.6834228483948057 4.291305082642859 -2409.665083890275 0.007895574987035343 24.02866128361122 -4964.443407802107 1.4074108711286356e-05 0.005139859933182811 -0.06704427837221456
-2.0309722470904226 -3.9018630259624003 3.122364254490104 307.2 605.9 610 288 4.405862974164512 5.148745332668192 -2890.753509766472 0.018586409773208197 26.324986199364584 -4640.706267065628 1.674451330919676e-05 0.006182440853177791 -0.09544969411806703
-2.0270438675022437 -3.951949865711729 3.1031500635686404 303.00000000000006 605.7 604 306 4.550853577425965 5.349073232732194 -2992.0648650146964 -0.005229800781917344 26.887499599708025 -4582.824367808527 8.473847075685228e-06 0.006415856341425796 -0.09799006295948857
-2.0250796777081588 -4.003018800358102 3.141592653589879 298.90000000000003 605.5 596 320 4.383294093449125 5.112213623345261 -2871.1553700086256 0.018569489573386676 26.154401128541807 -4602.288100627412 1.672926988593362e-05 0.006126799277724573 -0.08368174313069944
-2.0771307072515803 -4.053105640107432 3.916890150401923 295.0 605.3 588 337 3.673426860925415 4.254678070908871 -2394.449252693925 0.007893016793281294 23.925143598834765 -4940.522806618724 1.4069548651124941e-05 0.005105546499286091 -0.0594040065087446
-2.122307072515675 -4.101228290062668 3.8502189257173964 291.29999999999995 604.8 580 354 3.715919748297144 4.350338480837749 -2442.480668805046 0.010572985662010382 24.25173871651489 -5017.228815862056 1.8846676759376406e-05 0.005206468095028326 -0.08400491803836782
-2.107575649059995 -4.147386750223815 2.8717434976513805 287.90000000000003 604.1 572 373 3.6962865501478213 4.303868985659875 -2420.4515129299334 0.010554529027298597 24.088779730092362 -4979.562407865027 1.8813777232259988e-05 0.005152473834851843 -0.07196442625399628
-2.142931065353633 -4.192563115487914 3.759736879524898 284.70000000000005 603.1999999999999 565 393 3.701540074702302 4.295905601676341 -2418.069379978756 0.011416767208897123 24.112292377852256 -4985.383004499205 2.035074368787533e-05 0.005157846601937607 -0.07382617350927034
-2.138020590868405 -4.233811101163833 3.0443394553383185 281.80000000000007 602.4 554 410 3.6900291888468004 4.298595009439554 -2414.4728574045234 0.0113838392448936 24.063638987145037 -4974.130421829227 2.029204856487112e-05 0.00514182866762135 -0.07024311667597392
-2.1193607878245366 -4.271130707251568 2.7109001422032173 279.3 601.4 546 433 3.6870499482609946 4.291333019447274 -2410.487288378226 0.011352502213385527 24.042686137925333 -4969.272311487288 2.0236189328673728e-05 0.005134957986608778 -0.06868485678124364
-2.0908800358102204 -4.306486123545211 2.484517717878246 277.1 600.2 542 432 3.684312775948048 4.27002643090257 -2402.6111731048877 0.011320320389045216 23.998145790964077 -4958.962211121055 2.017882422289754e-05 0.005120262918537853 -0.06538176238371304
-2.0623992837958864 -4.338895255147719 2.4353935611617166 275.2 599.0000000000001 536 424 3.698392122136299 4.30527547500504 -2421.8181082798274 0.011277938102656631 24.09841672359645 -4982.122557784305 2.0103276475321827e-05 0.005153674544784144 -0.07280520848253312
-2.0299901521933825 -4.37032229185318 2.324954656762112 273.5 597.7000000000002 532 418 4.414297280890647 5.182395907349797 -2907.8724692068354 0.02649962799832196 26.343296114580504 -4649.068170210296 2.3873538737227928e-05 0.006181031852349555 -0.09881121034793212
-1.9465120859445015 -4.398803043867504 1.9114125672132072 272.0 596.1999999999999 524 410 4.39096872896698 5.117923038966709 -2876.6024332928628 0.026438358619661994 26.151539647316188 -4605.82800816437 2.3818341098795362e-05 0.0061184670887238415 -0.08553010224896117
-1.9091924798567648 -4.4253196060877364 2.2058230621851895 270.70000000000005 594.8000000000001 518 403 3.681994027618571 4.259563890284137 -2398.890032688145 0.011212596229404842 23.94265497099626 -4946.093242620094 1.998680254795823e-05 0.005102175259521201 -0.061274989439860365
-1.8286606982990181 -4.446925693822741 1.8646656618273525 269.6 593.5 511 399 3.6914020461366075 4.2848100029607785 -2411.709704833693 0.0112008730824661 24.04172873698992 -4968.983557890931 1.9965905672843534e-05 0.005135069709771227 -0.06859381309377055
-1.7952694717994693 -4.4665675917636545 2.080388591603863 268.70000000000005 592.3 505 394 3.682602163772459 4.262521264738146 -2400.0632568795427 0.011182900625944042 23.95000407827712 -4947.778009872032 1.9933869208458214e-05 0.005104695086720892 -0.06181295633513868
-1.7167018800358167 -4.484245299910476 1.7966080083382552 268.0 591.0 498 388 4.3922755483494145 5.133124090917634 -2880.849762659181 0.026268187573815847 26.190659355081454 -4614.546064987139 2.3665033850285078e-05 0.00613139167428521 -0.08818402159778707
-1.7304512085944477 -4.503887197851389 3.505571610099329 267.5 589.5999999999999 493 387 3.697999681268702 4.305012996376152 -2421.5633197302136 0.01114310203211767 24.0966193052623 -4981.645093940918 1.986292697347275e-05 0.00515345044319327 -0.07264841995708415
-1.7471468218442312 -4.5196007162041205 3.743879999724905 267.09999999999997 588.4 485 383 4.429119494597705 5.215417316441695 -2922.6822621678 0.025432790947297404 26.515096684791743 -4687.193477275801 2.291242427684545e-05 0.0062381067628801195 -0.11039414576848115
-1.6754538943598873 -4.527457475380485 1.686222987161814 266.99999999999994 587.3000000000001 479 381 3.7125494808485717 4.3602943693214975 -2445.8825602330007 0.010789769019720723 24.24017063353725 -5014.66368778646 1.9233099856901512e-05 0.005202072627354454 -0.08321292248068594
-1.642062667860343 -4.536296329453897 1.8018869939908206 267.1 586.1 476 378 4.425529468959229 5.200948758187115 -2917.7287285493235 0.025388418305184696 26.425254784636348 -4666.935970379271 2.2872448923587175e-05 0.006208826358154659 -0.1041805104221081
-1.6116177260519284 -4.542188898836171 1.7619807863919237 267.29999999999995 585.0 466 380 3.676815048476662 4.234726202298498 -2389.5884396960705 0.010778334115673789 23.877877975830195 -4930.925857797494 1.9212716783734206e-05 0.00508189862281865 -0.05641801089760275
-1.6597403760071712 -4.544153088630262 4.66115181298129 267.8 584.0 458 380 3.67875240852985 4.256885599739101 -2396.8209217284484 0.011035009556332038 23.92383382678323 -4941.663749914226 1.9670248763516652e-05 0.005096430914255211 -0.05985782953435843
-1.6607224709042159 -4.544153088630262 1.2490457723983681 268.40000000000003 582.9 452 382 4.384223930741863 5.128226730192069 -2875.6227052104837 0.019422344300845232 26.158278012685855 -4603.61824961887 1.7497607478237207e-05 0.006127269665406382 -0.08417587948388837
-1.7039346463742258 -4.546117278424352 4.6829856921806785 269.1 581.7 445 383 3.696337454140683 4.297507192865509 -2419.0369410493827 0.011024376692078732 24.048537904369248 -4970.482600443014 1.9651295351300338e-05 0.0051378468969339 -0.06908493790356349
-1.7019704565801317 -4.547099373321399 1.735945004209585 269.8 580.5 436 384 3.689775060672576 4.279704640275682 -2409.7984777783595 0.011022756649858103 23.99875130148399 -4958.973439329936 1.9648407575507085e-05 0.005121323988456545 -0.06539751976343026
-1.7451826320501416 -4.548081468218444 4.682985692180695 270.5 579.4000000000001 430 390 3.2986118965083007 3.8718876099335358 -2167.3563946167833 -0.021221526721936126 23.28006207667877 -5341.775791773792 9.891890657849841e-06 0.00464006971909206 -0.07016633429207285
-1.7451826320501327 -4.543170993733216 0.5880026035482234 271.3 578.4 424 394 3.2986118965083007 3.8718876099335358 -2167.3563946167833 -0.021221526721936126 23.28006207667877 -5341.775791773792 9.891890657849841e-06 0.00464006971909206 -0.07016633429207285
-1.748128916741267 -4.538260519247987 0.19739555985058038 272.1 577.5 416 400 3.2986118965083007 3.8718876099335358 -2167.3563946167833 -0.021221526721936126 23.28006207667877 -5341.775791773792 9.891890657849841e-06 0.00464006971909206 -0.07016633429207285
-1.792323187108335 -4.538260519247987 3.141592653589793 272.70000000000005 576.6 408 409 3.2986118965083007 3.8718876099335358 -2167.3563946167833 -0.021221526721936126 23.28006207667877 -5341.775791773792 9.891890657849841e-06 0.00464006971909206 -0.07016633429207285
-1.7972336615935587 -4.537278424350942 5.49778714378498 273.20000000000005 575.8000000000001 401 415 3.2986118965083007 3.8718876099335358 -2167.3563946167833 -0.021221526721936126 23.28006207667877 -5341.775791773792 9.891890657849841e-06 0.00464006971909206 -0.07016633429207285
-1.7883948075201515 -4.539242614145032 1.7234456551901849 273.70000000000005 574.5999999999999 393 424 3.2986118965083007 3.8718876099335358 -2167.3563946167833 -0.021221526721936126 23.28006207667877 -5341.775791773792 9.891890657849841e-06 0.00464006971909206 -0.07016633429207285
-1.7442005371530969 -4.548081468218443 1.7681918866447726 273.8 573.3 386 433 3.2986118965083007 3.8718876099335358 -2167.3563946167833 -0.021221526721936126 23.28006207667877 -5341.775791773792 9.891890657849841e-06 0.00464006971909206 -0.07016633429207285
-1.692149507609675 -4.559866606982991 1.7934572674312521 273.90000000000003 571.8 378 444 3.2986118965083007 3.8718876099335358 -2167.3563946167833 -0.021221526721936126 23.28006207667877 -5341.775791773792 9.891890657849841e-06 0.00464006971909206 -0.07016633429207285
-1.6410805729633027 -4.572633840644585 1.815774989921771 273.90000000000003 570.3000000000001 370 456 3.2986118965083007 3.8718876099335358 -2167.3563946167833 -0.021221526721936126 23.28006207667877 -5341.775791773792 9.891890657849841e-06 0.00464006971909206 -0.07016633429207285
-1.5860832587287468 -4.587365264100271 1.8325098291961153 273.8 568.7 363 469 3.2986118965083007 3.8718876099335358 -2167.3563946167833 -0.021221526721936126 23.28006207667877 -5341.775791773792 9.891890657849841e-06 0.00464006971909206 -0.07016633429207285
