75 -2.8431647269471845 -0.6835380483437794 4.551626239758851 -3.1191333930170138 -2.297119964189795
-2.8431647269471845 -0.6835380483437794 4.551626239758851 573.5000000000001 642.2 678 202 4.33537266616399 5.092000427647833 -2799.5326807008964 -0.04456618407016215 25.701125859600175 -4355.507929314117 -8.835884400158242e-06 0.006106362624179996 -0.03561188908933208
-2.833343777976719 -0.691394807520143 3.7523186179786276 572.5 641.1 -1 -1 3.551565130441165 4.16188860113839 -2294.0619846970294 0.004888085544651434 23.253269949373898 -4828.875214964705 8.71316496373167e-06 0.004980342868229678 -0.03732670034741505
-2.823522829006267 -0.6992515666965079 3.7523186179791845 571.5000000000001 640.0 -1 -1 3.313122649638118 3.8570231478484187 -2134.192771686309 0.09474153555141951 22.637927371802135 -5127.389387591062 3.970726552867553e-05 0.0046122548907207885 -0.052456785623578306
-2.8156660698299043 -0.7080904207699197 3.8273221644963664 570.5000000000001 639.0 -1 -1 3.313122649638118 3.8570231478484187 -2134.192771686309 0.09474153555141951 22.637927371802135 -5127.389387591062 3.970726552867553e-05 0.0046122548907207885 -0.052456785623578306
-2.88637690241719 -0.7159471799462845 4.597512374967789 569.5 638.0000000000001 -1 -1 3.313122649638118 3.8570231478484187 -2134.192771686309 0.09474153555141951 22.637927371802135 -5127.389387591062 3.970726552867553e-05 0.0046122548907207885 -0.052456785623578306
-2.878520143240823 -0.7257681289167434 3.7850937623830623 568.3999999999999 637.0 -1 -1 3.313122649638118 3.8570231478484187 -2134.192771686309 0.09474153555141951 22.637927371802135 -5127.389387591062 3.970726552867553e-05 0.0046122548907207885 -0.052456785623578306
-2.9492309758281086 -0.7365711727842458 4.559739651989414 567.1999999999999 636.1 663 171 3.313122649638118 3.8570231478484187 -2134.192771686309 0.09474153555141951 22.637927371802135 -5127.389387591062 3.970726552867553e-05 0.0046122548907207885 -0.052456785623578306
-2.945302596239925 -0.7454100268576553 4.0101320488756205 566.1 635.3000000000001 660 166 3.313122649638118 3.8570231478484187 -2134.192771686309 0.09474153555141951 22.637927371802135 -5127.389387591062 3.970726552867553e-05 0.0046122548907207885 -0.052456785623578306
-2.9217323187108284 -0.7611235452103862 2.1587989303424533 564.8000000000001 634.4000000000001 658 164 3.313122649638118 3.8570231478484187 -2134.192771686309 0.09474153555141951 22.637927371802135 -5127.389387591062 3.970726552867553e-05 0.0046122548907207885 -0.052456785623578306
-2.88932318710832 -0.7807654431512993 2.115660242246416 563.2 633.2 653 162 3.313122649638118 3.8570231478484187 -2134.192771686309 0.09474153555141951 22.637927371802135 -5127.389387591062 3.970726552867553e-05 0.0046122548907207885 -0.052456785623578306
-2.862806624888089 -0.8023715308863031 2.254505638429286 561.4000000000001 632.1999999999999 652 158 3.313122649638118 3.8570231478484187 -2134.192771686309 0.09474153555141951 22.637927371802135 -5127.389387591062 3.970726552867553e-05 0.0046122548907207885 -0.052456785623578306
-2.830397493285585 -0.829870188003581 2.2744101095743816 559.1 631.0 650 156 3.313122649638118 3.8570231478484187 -2134.192771686309 0.09474153555141951 22.637927371802135 -5127.389387591062 3.970726552867553e-05 0.0046122548907207885 -0.052456785623578306
-2.7960241718889867 -0.8622793196060896 2.3267912019883674 556.4000000000001 629.7 644 152 3.313122649638118 3.8570231478484187 -2134.192771686309 0.09474153555141951 22.637927371802135 -5127.389387591062 3.970726552867553e-05 0.0046122548907207885 -0.052456785623578306
-2.7636150402864827 -0.8995989256938253 2.4265009543110194 553.2 628.5 642 150 3.313122649638118 3.8570231478484187 -2134.192771686309 0.09474153555141951 22.637927371802135 -5127.389387591062 3.970726552867553e-05 0.0046122548907207885 -0.052456785623578306
-2.734152193375113 -0.9398648164726975 2.5099020192508266 549.8000000000001 627.4 640 150 3.313122649638118 3.8570231478484187 -2134.192771686309 0.09474153555141951 22.637927371802135 -5127.389387591062 3.970726552867553e-05 0.0046122548907207885 -0.052456785623578306
-2.7046893464637387 -0.9811128021486155 2.521343167606905 546.3000000000001 626.3000000000001 636 148 3.313122649638118 3.8570231478484187 -2134.192771686309 0.09474153555141951 22.637927371802135 -5127.389387591062 3.970726552867553e-05 0.0046122548907207885 -0.052456785623578306
-2.678172784243508 -1.0243249776186232 2.5912067059130184 542.6 625.3000000000001 634 150 3.313122649638118 3.8570231478484187 -2134.192771686309 0.09474153555141951 22.637927371802135 -5127.389387591062 3.970726552867553e-05 0.0046122548907207885 -0.052456785623578306
-2.654602506714411 -1.0714655326768132 2.6779450445889585 538.6 624.4 630 151 3.313122649638118 3.8570231478484187 -2134.192771686309 0.09474153555141951 22.637927371802135 -5127.389387591062 3.970726552867553e-05 0.0046122548907207885 -0.052456785623578306
-2.6379068934646366 -1.1195881826320513 2.8076475817449382 534.4000000000001 623.8 627 153 3.313122649638118 3.8570231478484187 -2134.192771686309 0.09474153555141951 22.637927371802135 -5127.389387591062 3.970726552867553e-05 0.0046122548907207885 -0.052456785623578306
-2.632996418979404 -1.1657466427931966 3.0356082956000963 530.3 623.6 623 155 3.313122649638118 3.8570231478484187 -2134.192771686309 0.09474153555141951 22.637927371802135 -5127.389387591062 3.970726552867553e-05 0.0046122548907207885 -0.052456785623578306
-2.6280859444941758 -1.210923008057297 3.033322062729338 526.3 623.4000000000001 620 158 3.313122649638118 3.8570231478484187 -2134.192771686309 0.09474153555141951 22.637927371802135 -5127.389387591062 3.970726552867553e-05 0.0046122548907207885 -0.052456785623578306
-2.6369247985675877 -1.2502068039391245 3.3629070959376 522.7 623.7 616 160 3.313122649638118 3.8570231478484187 -2134.192771686309 0.09474153555141951 22.637927371802135 -5127.389387591062 3.970726552867553e-05 0.0046122548907207885 -0.052456785623578306
-2.6506741271262233 -1.2855622202327672 3.512483942402376 519.5 624.2000000000002 610 162 3.313122649638118 3.8570231478484187 -2134.192771686309 0.09474153555141951 22.637927371802135 -5127.389387591062 3.970726552867553e-05 0.0046122548907207885 -0.052456785623578306
-2.662459265890769 -1.3199355416293654 3.4718900084190003 516.4000000000001 624.6 607 167 3.313122649638118 3.8570231478484187 -2134.192771686309 0.09474153555141951 22.637927371802135 -5127.389387591062 3.970726552867553e-05 0.0046122548907207885 -0.052456785623578306
-2.6742444046553153 -1.3513625783348258 3.5003633238603222 513.5000000000001 625.0000000000001 603 174 3.313122649638118 3.8570231478484187 -2134.192771686309 0.09474153555141951 22.637927371802135 -5127.389387591062 3.970726552867553e-05 0.0046122548907207885 -0.052456785623578306
-2.68799373321396 -1.3808254252461956 3.5782198134034835 510.8000000000001 625.5 598 178 3.313122649638118 3.8570231478484187 -2134.192771686309 0.09474153555141951 22.637927371802135 -5127.389387591062 3.970726552867553e-05 0.0046122548907207885 -0.052456785623578306
-2.7017430617725955 -1.4102882721575651 3.578219813403235 508.1 626.0 594 184 3.313122649638118 3.8570231478484187 -2134.192771686309 0.09474153555141951 22.637927371802135 -5127.389387591062 3.970726552867553e-05 0.0046122548907207885 -0.052456785623578306
-2.71549239033124 -1.4368048343777995 3.619945084968586 505.6 626.4999999999999 590 192 3.313122649638118 3.8570231478484187 -2134.192771686309 0.09474153555141951 22.637927371802135 -5127.389387591062 3.970726552867553e-05 0.0046122548907207885 -0.052456785623578306
-2.730223813786925 -1.4623393017009858 3.6648709757217834 503.20000000000005 626.9999999999999 584 198 3.313122649638118 3.8570231478484187 -2134.192771686309 0.09474153555141951 22.637927371802135 -5127.389387591062 3.970726552867553e-05 0.0046122548907207885 -0.052456785623578306
-2.7439731423455695 -1.488855863921219 3.619945084968603 500.80000000000007 627.5 582 208 3.313122649638118 3.8570231478484187 -2134.192771686309 0.09474153555141951 22.637927371802135 -5127.389387591062 3.970726552867553e-05 0.0046122548907207885 -0.052456785623578306
-2.7577224709042096 -1.5153724261414512 3.6199450849684873 498.40000000000003 628.0 574 216 3.313122649638118 3.8570231478484187 -2134.192771686309 0.09474153555141951 22.637927371802135 -5127.389387591062 3.970726552867553e-05 0.0046122548907207885 -0.052456785623578306
-2.768525514771711 -1.5418889883616844 3.5284683713207863 496.00000000000006 628.4000000000001 573 227 3.313122649638118 3.8570231478484187 -2134.192771686309 0.09474153555141951 22.637927371802135 -5127.389387591062 3.970726552867553e-05 0.0046122548907207885 -0.052456785623578306
-2.7793285586392167 -1.5684055505819163 3.5284683713209453 493.5 628.8000000000001 566 236 3.313122649638118 3.8570231478484187 -2134.192771686309 0.09474153555141951 22.637927371802135 -5127.389387591062 3.970726552867553e-05 0.0046122548907207885 -0.052456785623578306
-2.790131602506718 -1.592957923008058 3.5560995281745487 491.20000000000005 629.2000000000002 563 251 3.313122649638118 3.8570231478484187 -2134.192771686309 0.09474153555141951 22.637927371802135 -5127.389387591062 3.970726552867553e-05 0.0046122548907207885 -0.052456785623578306
-2.8038809310653536 -1.6165282005371535 3.6696671020160436 489.00000000000006 629.7000000000002 557 264 3.313122649638118 3.8570231478484187 -2134.192771686309 0.09474153555141951 22.637927371802135 -5127.389387591062 3.970726552867553e-05 0.0046122548907207885 -0.052456785623578306
-2.820576544315128 -1.640098478066249 3.757889590985818 486.70000000000005 630.3000000000001 552 278 3.313122649638118 3.8570231478484187 -2134.192771686309 0.09474153555141951 22.637927371802135 -5127.389387591062 3.970726552867553e-05 0.0046122548907207885 -0.052456785623578306
-2.8392363473589923 -1.6626866606982986 3.8320391106444007 484.50000000000006 631.0 547 294 3.313122649638118 3.8570231478484187 -2134.192771686309 0.09474153555141951 22.637927371802135 -5127.389387591062 3.970726552867553e-05 0.0046122548907207885 -0.052456785623578306
-2.8578961504028606 -1.6852748433303495 3.832039110644494 482.30000000000007 631.7 542 308 3.313122649638118 3.8570231478484187 -2134.192771686309 0.09474153555141951 22.637927371802135 -5127.389387591062 3.970726552867553e-05 0.0046122548907207885 -0.052456785623578306
-2.8765559534467244 -1.7058988361683096 3.877032421265171 480.3 632.4 536 325 3.313122649638118 3.8570231478484187 -2134.192771686309 0.09474153555141951 22.637927371802135 -5127.389387591062 3.970726552867553e-05 0.0046122548907207885 -0.052456785623578306
-2.8961978513876465 -1.724558639212177 3.9526262255091518 478.4 633.1000000000001 530 343 3.313122649638118 3.8570231478484187 -2134.192771686309 0.09474153555141951 22.637927371802135 -5127.389387591062 3.970726552867553e-05 0.0046122548907207885 -0.052456785623578306
-2.912893464637421 -1.7422363473589983 3.8984271591484405 476.6 633.7000000000002 524 360 3.313122649638118 3.8570231478484187 -2134.192771686309 0.09474153555141951 22.637927371802135 -5127.389387591062 3.970726552867553e-05 0.0046122548907207885 -0.052456785623578306
-2.9315532676812848 -1.7599140555058197 3.954011266174423 474.8 634.4 520 380 3.313122649638118 3.8570231478484187 -2134.192771686309 0.09474153555141951 22.637927371802135 -5127.389387591062 3.970726552867553e-05 0.0046122548907207885 -0.052456785623578306
-2.953159355416288 -1.7766096687555974 4.0545003752023945 473.1000000000001 635.1999999999999 512 402 3.313122649638118 3.8570231478484187 -2134.192771686309 0.09474153555141951 22.637927371802135 -5127.389387591062 3.970726552867553e-05 0.0046122548907207885 -0.052456785623578306
-2.977711727842429 -1.793305282005373 4.115212322292031 471.4000000000001 636.1 508 423 3.313122649638118 3.8570231478484187 -2134.192771686309 0.09474153555141951 22.637927371802135 -5127.389387591062 3.970726552867553e-05 0.0046122548907207885 -0.052456785623578306
-3.00128200537153 -1.8109829901521943 4.068887871591526 469.6000000000001 637.0 502 444 3.313122649638118 3.8570231478484187 -2134.192771686309 0.09474153555141951 22.637927371802135 -5127.389387591062 3.970726552867553e-05 0.0046122548907207885 -0.052456785623578306
-3.024852282900627 -1.828660698299016 4.068887871591436 467.8 637.9000000000001 498 456 3.313122649638118 3.8570231478484187 -2134.192771686309 0.09474153555141951 22.637927371802135 -5127.389387591062 3.970726552867553e-05 0.0046122548907207885 -0.052456785623578306
-3.0494046553267684 -1.8463384064458372 4.088365927407945 466.0 638.8000000000001 492 446 3.313122649638118 3.8570231478484187 -2134.192771686309 0.09474153555141951 22.637927371802135 -5127.389387591062 3.970726552867553e-05 0.0046122548907207885 -0.052456785623578306
-3.0729749328558604 -1.8640161145926586 4.068887871591345 464.2 639.7 487 437 3.313122649638118 3.8570231478484187 -2134.192771686309 0.09474153555141951 22.637927371802135 -5127.389387591062 3.970726552867553e-05 0.0046122548907207885 -0.052456785623578306
-3.0965452103849573 -1.882675917636527 4.042750034708048 462.3 640.6 482 430 3.313122649638118 3.8570231478484187 -2134.192771686309 0.09474153555141951 22.637927371802135 -5127.389387591062 3.970726552867553e-05 0.0046122548907207885 -0.052456785623578306
-3.120115487914054 -1.9003536257833484 4.068887871591436 460.5 641.5 478 422 3.313122649638118 3.8570231478484187 -2134.192771686309 0.09474153555141951 22.637927371802135 -5127.389387591062 3.970726552867553e-05 0.0046122548907207885 -0.052456785623578306
-3.14564995523724 -1.917049239033125 4.133314711016931 458.70000000000005 642.5000000000001 473 417 3.313122649638118 3.8570231478484187 -2134.192771686309 0.09474153555141951 22.637927371802135 -5127.389387591062 3.970726552867553e-05 0.0046122548907207885 -0.052456785623578306
-3.1692202327663326 -1.9337448522829017 4.096092042988534 457.0 643.4000000000001 466 408 3.313122649638118 3.8570231478484187 -2134.192771686309 0.09474153555141951 22.637927371802135 -5127.389387591062 3.970726552867553e-05 0.0046122548907207885 -0.052456785623578306
-3.192790510295429 -1.9524046553267689 4.042750034708076 455.1 644.3000000000001 460 406 3.313122649638118 3.8570231478484187 -2134.192771686309 0.09474153555141951 22.637927371802135 -5127.389387591062 3.970726552867553e-05 0.0046122548907207885 -0.052456785623578306
-3.216360787824526 -1.972046553267682 4.017650704188005 453.1 645.1999999999999 458 401 3.313122649638118 3.8570231478484187 -2134.192771686309 0.09474153555141951 22.637927371802135 -5127.389387591062 3.970726552867553e-05 0.0046122548907207885 -0.052456785623578306
-3.2399310653536224 -1.9907063563115495 4.042750034708076 451.09999999999997 646.0999999999999 454 395 3.313122649638118 3.8570231478484187 -2134.192771686309 0.09474153555141951 22.637927371802135 -5127.389387591062 3.970726552867553e-05 0.0046122548907207885 -0.052456785623578306
-3.2605550581915805 -2.0103482542524627 3.951376226159938 449.09999999999997 646.9 447 395 3.313122649638118 3.8570231478484187 -2134.192771686309 0.09474153555141951 22.637927371802135 -5127.389387591062 3.970726552867553e-05 0.0046122548907207885 -0.052456785623578306
-3.294928379588187 -2.031954341987466 4.124386376837226 447.1 647.6 440 392 3.313122649638118 3.8570231478484187 -2134.192771686309 0.09474153555141951 22.637927371802135 -5127.389387591062 3.970726552867553e-05 0.0046122548907207885 -0.052456785623578306
-3.3302837958818348 -2.054542524619518 4.117629722901313 445.0 648.3000000000001 438 392 3.313122649638118 3.8570231478484187 -2134.192771686309 0.09474153555141951 22.637927371802135 -5127.389387591062 3.970726552867553e-05 0.0046122548907207885 -0.052456785623578306
-3.365639212175473 -2.077130707251568 4.117629722901296 442.90000000000003 649.0000000000001 430 390 3.313122649638118 3.8570231478484187 -2134.192771686309 0.09474153555141951 22.637927371802135 -5127.389387591062 3.970726552867553e-05 0.0046122548907207885 -0.052456785623578306
-3.398048343777986 -2.1007009847806635 4.053582944267275 440.7 649.6000000000001 426 392 3.313122649638118 3.8570231478484187 -2134.192771686309 0.09474153555141951 22.637927371802135 -5127.389387591062 3.970726552867553e-05 0.0046122548907207885 -0.052456785623578306
-3.425547000895257 -2.1262354521038507 3.926990816987132 438.4 650.0000000000001 421 393 3.173160456128974 3.7352987574448453 -2051.430411833576 -0.03655387765774635 22.39248113949552 -5144.1662358468175 -4.899366101802418e-06 0.004475209808501922 -0.028981372048768914
-3.4500993733214074 -2.15373410922113 3.8292639096286463 435.9 650.3000000000001 415 396 3.173160456128974 3.7352987574448453 -2051.430411833576 -0.03655387765774635 22.39248113949552 -5144.1662358468175 -4.899366101802418e-06 0.004475209808501922 -0.028981372048768914
-3.4746517457475448 -2.180250671441362 3.847160831274958 433.50000000000006 650.6 412 400 3.173160456128974 3.7352987574448453 -2051.430411833576 -0.03655387765774635 22.39248113949552 -5144.1662358468175 -4.899366101802418e-06 0.004475209808501922 -0.028981372048768914
-3.4992041181736906 -2.2057851387645484 3.865842654337997 431.20000000000005 650.9000000000001 404 402 3.173160456128974 3.7352987574448453 -2051.430411833576 -0.03655387765774635 22.39248113949552 -5144.1662358468175 -4.899366101802418e-06 0.004475209808501922 -0.028981372048768914
-3.5217923008057337 -2.2332837958818264 3.7850937623829606 428.80000000000007 651.1000000000001 396 406 3.173160456128974 3.7352987574448453 -2051.430411833576 -0.03655387765774635 22.39248113949552 -5144.1662358468175 -4.899366101802418e-06 0.004475209808501922 -0.028981372048768914
-3.5414341987466513 -2.2607824529991065 3.7129301334234364 426.4000000000001 651.2000000000002 392 414 3.173160456128974 3.7352987574448453 -2051.430411833576 -0.03655387765774635 22.39248113949552 -5144.1662358468175 -4.899366101802418e-06 0.004475209808501922 -0.028981372048768914
-3.544380483437781 -2.286316920322293 3.25646925900642 424.0000000000001 651.3000000000001 386 422 3.173160456128974 3.7352987574448453 -2051.430411833576 -0.03655387765774635 22.39248113949552 -5144.1662358468175 -4.899366101802418e-06 0.004475209808501922 -0.028981372048768914
-3.544380483437781 -2.31185138764548 3.141592653589793 421.6 651.3000000000001 378 430 3.173160456128974 3.7352987574448453 -2051.430411833576 -0.03655387765774635 22.39248113949552 -5144.1662358468175 -4.899366101802418e-06 0.004475209808501922 -0.028981372048768914
-3.541434198746642 -2.3373858549686672 3.026716048172826 419.20000000000005 651.2 374 441 3.173160456128974 3.7352987574448453 -2051.430411833576 -0.03655387765774635 22.39248113949552 -5144.1662358468175 -4.899366101802418e-06 0.004475209808501922 -0.028981372048768914
-3.535541629364378 -2.364884512085945 2.930499320367385 416.70000000000005 651.0000000000001 369 453 3.173160456128974 3.7352987574448453 -2051.430411833576 -0.03655387765774635 22.39248113949552 -5144.1662358468175 -4.899366101802418e-06 0.004475209808501922 -0.028981372048768914
-3.530631154879154 -2.394347358997315 2.976443976175314 414.1 650.8000000000001 361 465 3.173160456128974 3.7352987574448453 -2051.430411833576 -0.03655387765774635 22.39248113949552 -5144.1662358468175 -4.899366101802418e-06 0.004475209808501922 -0.028981372048768914
-3.5227743957027826 -2.4257743957027755 2.8966139904627366 411.3 650.5000000000001 356 478 3.173160456128974 3.7352987574448453 -2051.430411833576 -0.03655387765774635 22.39248113949552 -5144.1662358468175 -4.899366101802418e-06 0.004475209808501922 -0.028981372048768914
-3.510007162041192 -2.459165622202329 2.7763912038016993 408.4 650.0000000000001 349 491 3.173160456128974 3.7352987574448453 -2051.430411833576 -0.03655387765774635 22.39248113949552 -5144.1662358468175 -4.899366101802418e-06 0.004475209808501922 -0.028981372048768914
-3.4913473589973236 -2.496485228290063 2.677945044588963 405.20000000000005 649.3000000000002 343 507 3.173160456128974 3.7352987574448453 -2051.430411833576 -0.03655387765774635 22.39248113949552 -5144.1662358468175 -4.899366101802418e-06 0.004475209808501922 -0.028981372048768914
-3.472687555953455 -2.534786929274845 2.688253957735221 401.9 648.6 338 522 3.173160456128974 3.7352987574448453 -2051.430411833576 -0.03655387765774635 22.39248113949552 -5144.1662358468175 -4.899366101802418e-06 0.004475209808501922 -0.028981372048768914
