113 -3.76044136078783 2.6310322291853177 3.2919640815969196 -0.9113840644583681 -4.706198746642793
-3.76044136078783 2.6310322291853177 3.2919640815969196 864.3 646.1000000000001 -1 -1 3.5336792427150017 4.108719825798546 -2408.5566614429126 -0.037006619025886 24.36637036504697 -5846.463352368445 -3.778175846173367e-06 0.0049330935900579595 -0.18513843127907176
-3.7496383169203287 2.592730528200536 2.8666828121091483 860.8 645.7000000000002 696 188 3.5336792427150017 4.108719825798546 -2408.5566614429126 -0.037006619025886 24.36637036504697 -5846.463352368445 -3.778175846173367e-06 0.0049330935900579595 -0.18513843127907176
-3.730978513876456 2.5514825425246204 2.716760490670327 857.0 645.0 695 183 3.5336792427150017 4.108719825798546 -2408.5566614429126 -0.037006619025886 24.36637036504697 -5846.463352368445 -3.778175846173367e-06 0.0049330935900579595 -0.18513843127907176
-3.709372426141458 2.5082703670546107 2.6779450445891113 853.0 644.1999999999999 696 180 3.5336792427150017 4.108719825798546 -2408.5566614429126 -0.037006619025886 24.36637036504697 -5846.463352368445 -3.778175846173367e-06 0.0049330935900579595 -0.18513843127907176
-3.684820053715312 2.463094001790509 2.6437703209727283 848.8000000000001 643.3000000000001 696 172 3.5336792427150017 4.108719825798546 -2408.5566614429126 -0.037006619025886 24.36637036504697 -5846.463352368445 -3.778175846173367e-06 0.0049330935900579595 -0.18513843127907176
-3.6573213965980362 2.4179176365264095 2.5948038127005804 844.6 642.3000000000001 697 171 3.5336792427150017 4.108719825798546 -2408.5566614429126 -0.037006619025886 24.36637036504697 -5846.463352368445 -3.778175846173367e-06 0.0049330935900579595 -0.18513843127907176
-3.5797358997314284 2.3364037600716205 2.380880832247936 836.8 639.5 698 166 3.5336792427150017 4.108719825798546 -2408.5566614429126 -0.037006619025886 24.36637036504697 -5846.463352368445 -3.778175846173367e-06 0.0049330935900579595 -0.18513843127907176
-3.479562220232773 2.228373321396598 2.393912442659218 826.6999999999999 635.9 698 162 3.5336792427150017 4.108719825798546 -2408.5566614429126 -0.037006619025886 24.36637036504697 -5846.463352368445 -3.778175846173367e-06 0.0049330935900579595 -0.18513843127907176
-3.3705496866607056 2.1056114592658908 2.4154470838557813 815.3 632.0 698 158 3.5336792427150017 4.108719825798546 -2408.5566614429126 -0.037006619025886 24.36637036504697 -5846.463352368445 -3.778175846173367e-06 0.0049330935900579595 -0.18513843127907176
-3.2585908683975 1.9759749328558633 2.429235055495462 803.4 628.0000000000001 696 154 3.5336792427150017 4.108719825798546 -2408.5566614429126 -0.037006619025886 24.36637036504697 -5846.463352368445 -3.778175846173367e-06 0.0049330935900579595 -0.18513843127907176
-3.1466320501342984 1.8443742166517443 2.4366655014578247 791.3 624.0000000000001 698 152 3.5336792427150017 4.108719825798546 -2408.5566614429126 -0.037006619025886 24.36637036504697 -5846.463352368445 -3.778175846173367e-06 0.0049330935900579595 -0.18513843127907176
-3.0552972247090504 1.7176839749328559 2.516957230818165 779.9999999999999 620.8 698 149 3.5336792427150017 4.108719825798546 -2408.5566614429126 -0.037006619025886 24.36637036504697 -5846.463352368445 -3.778175846173367e-06 0.0049330935900579595 -0.18513843127907176
-2.9786938227394826 1.5831369740376002 2.624020102167207 768.2 618.1 696 144 3.5336792427150017 4.108719825798546 -2408.5566614429126 -0.037006619025886 24.36637036504697 -5846.463352368445 -3.778175846173367e-06 0.0049330935900579595 -0.18513843127907176
-2.910929274843336 1.4426974037600715 2.692028620411867 756.0 615.6999999999999 845 206 3.5336792427150017 4.108719825798546 -2408.5566614429126 -0.037006619025886 24.36637036504697 -5846.463352368445 -3.778175846173367e-06 0.0049330935900579595 -0.18513843127907176
-2.840218442256055 1.3012757385854958 2.677945044589025 743.7 613.2 696 138 3.5336792427150017 4.108719825798546 -2408.5566614429126 -0.037006619025886 24.36637036504697 -5846.463352368445 -3.778175846173367e-06 0.0049330935900579595 -0.18513843127907176
-2.7783464637421766 1.1539615040286482 2.743964662067651 731.0000000000001 611.0 697 137 3.5500464486450176 4.154911055955841 -2434.057042620755 -0.03906977471287022 24.56038028190268 -5914.7802634169675 -4.453965308994256e-06 0.0049887901515781145 -0.20283417488698371
-2.7695076096687647 1.0469131602506707 3.059210722998095 722.2000000000002 610.7 697 135 3.5500464486450176 4.154911055955841 -2434.057042620755 -0.03906977471287022 24.56038028190268 -5914.7802634169675 -4.453965308994256e-06 0.0049887901515781145 -0.20283417488698371
-2.781292748433311 0.9693276633840638 3.2923390347101926 716.0000000000001 611.1 696 134 3.5500464486450176 4.154911055955841 -2434.057042620755 -0.03906977471287022 24.56038028190268 -5914.7802634169675 -4.453965308994256e-06 0.0049887901515781145 -0.20283417488698371
-2.8019167412712687 0.912366159355415 3.488978616508095 711.5 611.8 696 132 3.5500464486450176 4.154911055955841 -2434.057042620755 -0.03906977471287022 24.56038028190268 -5914.7802634169675 -4.453965308994256e-06 0.0049887901515781145 -0.20283417488698371
-2.819594449418088 0.8495120859444931 3.4157601047094133 706.5 612.4 694 132 3.5500464486450176 4.154911055955841 -2434.057042620755 -0.03906977471287022 24.56038028190268 -5914.7802634169675 -4.453965308994256e-06 0.0049887901515781145 -0.20283417488698371
-2.8284333034915 0.7758549686660687 3.261021579608143 700.6 612.6999999999999 694 130 3.5500464486450176 4.154911055955841 -2434.057042620755 -0.03906977471287022 24.56038028190268 -5914.7802634169675 -4.453965308994256e-06 0.0049887901515781145 -0.20283417488698371
-2.9011083258728747 0.7748728737690229 4.698876289371357 700.9000000000001 615.1999999999999 692 129 3.5500464486450176 4.154911055955841 -2434.057042620755 -0.03906977471287022 24.56038028190268 -5914.7802634169675 -4.453965308994256e-06 0.0049887901515781145 -0.20283417488698371
-2.9187860340196985 0.7483563115487919 3.7295952571374382 698.8000000000001 615.8000000000001 691 129 3.5500464486450176 4.154911055955841 -2434.057042620755 -0.03906977471287022 24.56038028190268 -5914.7802634169675 -4.453965308994256e-06 0.0049887901515781145 -0.20283417488698371
-2.9128934646374254 0.7012157564906008 3.017237659043049 694.9000000000001 615.6000000000001 690 129 3.5500464486450176 4.154911055955841 -2434.057042620755 -0.03906977471287022 24.56038028190268 -5914.7802634169675 -4.453965308994256e-06 0.0049887901515781145 -0.20283417488698371
-2.8981620411817453 0.6373795881826319 2.9147938055359774 689.6999999999999 615.1 687 129 3.5500464486450176 4.154911055955841 -2434.057042620755 -0.03906977471287022 24.56038028190268 -5914.7802634169675 -4.453965308994256e-06 0.0049887901515781145 -0.20283417488698371
-2.8775380483437827 0.5656866606982971 2.8614846782917 683.8000000000001 614.4000000000001 686 130 3.5500464486450176 4.154911055955841 -2434.057042620755 -0.03906977471287022 24.56038028190268 -5914.7802634169675 -4.453965308994256e-06 0.0049887901515781145 -0.20283417488698371
-2.8539677708146813 0.483190689346462 2.8632929945846213 677.0 613.6000000000001 685 131 3.5500464486450176 4.154911055955841 -2434.057042620755 -0.03906977471287022 24.56038028190268 -5914.7802634169675 -4.453965308994256e-06 0.0049887901515781145 -0.20283417488698371
-2.827451208594455 0.39185586392121735 2.8590377011202643 669.5 612.7 684 134 3.5500464486450176 4.154911055955841 -2434.057042620755 -0.03906977471287022 24.56038028190268 -5914.7802634169675 -4.453965308994256e-06 0.0049887901515781145 -0.20283417488698371
-2.79798836168309 0.2916821844225598 2.8555412118725174 661.3000000000002 611.7 682 136 3.5500464486450176 4.154911055955841 -2434.057042620755 -0.03906977471287022 24.56038028190268 -5914.7802634169675 -4.453965308994256e-06 0.0049887901515781145 -0.20283417488698371
-2.780310653536266 0.20329364368845168 2.9441970937398905 654.1000000000001 611.1000000000001 678 136 3.5500464486450176 4.154911055955841 -2434.057042620755 -0.03906977471287022 24.56038028190268 -5914.7802634169675 -4.453965308994256e-06 0.0049887901515781145 -0.20283417488698371
-2.7557582811101202 0.14535004476275584 2.7407992050145054 649.4000000000001 610.3000000000001 678 142 3.5500464486450176 4.154911055955841 -2434.057042620755 -0.03906977471287022 24.56038028190268 -5914.7802634169675 -4.453965308994256e-06 0.0049887901515781145 -0.20283417488698371
-2.6752264995523825 0.009820948970455464 2.6054466315775913 638.0 607.5 674 144 3.5500464486450176 4.154911055955841 -2434.057042620755 -0.03906977471287022 24.56038028190268 -5914.7802634169675 -4.453965308994256e-06 0.0049887901515781145 -0.20283417488698371
-2.6369247985676054 -0.10017367949865869 2.8065095558990354 629.0 606.1999999999999 672 148 3.5500464486450176 4.154911055955841 -2434.057042620755 -0.03906977471287022 24.56038028190268 -5914.7802634169675 -4.453965308994256e-06 0.0049887901515781145 -0.20283417488698371
-2.6163008057296473 -0.1895443151298138 2.9147938055359175 621.8000000000001 605.5 668 150 3.5500464486450176 4.154911055955841 -2434.057042620755 -0.03906977471287022 24.56038028190268 -5914.7802634169675 -4.453965308994256e-06 0.0049887901515781145 -0.20283417488698371
-2.607461951656236 -0.26221933751119225 3.020565433780576 615.9000000000001 605.1999999999999 664 156 3.5500464486450176 4.154911055955841 -2434.057042620755 -0.03906977471287022 24.56038028190268 -5914.7802634169675 -4.453965308994256e-06 0.0049887901515781145 -0.20283417488698371
-2.595676812891685 -0.33096598030438834 2.9718143796214167 610.4 604.8 662 160 3.5500464486450176 4.154911055955841 -2434.057042620755 -0.03906977471287022 24.56038028190268 -5914.7802634169675 -4.453965308994256e-06 0.0049887901515781145 -0.20283417488698371
-2.5838916741271345 -0.39480214861235613 2.959032800458846 605.3000000000001 604.3999999999999 661 169 3.5500464486450176 4.154911055955841 -2434.057042620755 -0.03906977471287022 24.56038028190268 -5914.7802634169675 -4.453965308994256e-06 0.0049887901515781145 -0.20283417488698371
-2.5721065353625883 -0.45863831692032275 2.9590328004589104 600.2 604.0 656 172 3.5500464486450176 4.154911055955841 -2434.057042620755 -0.03906977471287022 24.56038028190268 -5914.7802634169675 -4.453965308994256e-06 0.0049887901515781145 -0.20283417488698371
-2.554428827215765 -0.5303312444046565 2.899839785725529 594.5 603.4000000000001 652 180 3.5500464486450176 4.154911055955841 -2434.057042620755 -0.03906977471287022 24.56038028190268 -5914.7802634169675 -4.453965308994256e-06 0.0049887901515781145 -0.20283417488698371
-2.523983885407341 -0.6108630259624009 2.780151762696155 588.1 602.4000000000001 648 186 3.5500464486450176 4.154911055955841 -2434.057042620755 -0.03906977471287022 24.56038028190268 -5914.7802634169675 -4.453965308994256e-06 0.0049887901515781145 -0.20283417488698371
-2.503359892569388 -0.7159471799462845 2.947794200527502 579.8 601.7 646 196 3.5500464486450176 4.154911055955841 -2434.057042620755 -0.03906977471287022 24.56038028190268 -5914.7802634169675 -4.453965308994256e-06 0.0049887901515781145 -0.20283417488698371
-2.4729149507609733 -0.8220134288272152 2.86207050130616 571.4000000000001 600.6999999999999 644 206 3.5500464486450176 4.154911055955841 -2434.057042620755 -0.03906977471287022 24.56038028190268 -5914.7802634169675 -4.453965308994256e-06 0.0049887901515781145 -0.20283417488698371
-2.448362578334832 -0.9251333930170104 2.907849472720894 563.3000000000001 599.9 638 216 3.5500464486450176 4.154911055955841 -2434.057042620755 -0.03906977471287022 24.56038028190268 -5914.7802634169675 -4.453965308994256e-06 0.0049887901515781145 -0.20283417488698371
-2.4208639212175562 -1.026289167412715 2.8761622969409024 555.3000000000001 599.0 635 227 3.5500464486450176 4.154911055955841 -2434.057042620755 -0.03906977471287022 24.56038028190268 -5914.7802634169675 -4.453965308994256e-06 0.0049887901515781145 -0.20283417488698371
-2.400239928379598 -1.129409131602509 2.9441970937399207 547.2 598.3000000000002 630 234 3.5500464486450176 4.154911055955841 -2434.057042620755 -0.03906977471287022 24.56038028190268 -5914.7802634169675 -4.453965308994256e-06 0.0049887901515781145 -0.20283417488698371
-2.385508504923904 -1.2325290957923032 2.9996955989855443 539.0 597.8000000000001 -1 -1 3.5500464486450176 4.154911055955841 -2434.057042620755 -0.03906977471287022 24.56038028190268 -5914.7802634169675 -4.453965308994256e-06 0.0049887901515781145 -0.20283417488698371
-2.3737233661593584 -1.3415416293643703 3.033902782756988 530.4 597.4 620 258 3.5500464486450176 4.154911055955841 -2434.057042620755 -0.03906977471287022 24.56038028190268 -5914.7802634169675 -4.453965308994256e-06 0.0049887901515781145 -0.20283417488698371
-2.3678307967770853 -1.4515362578334834 3.088072385130486 521.6 597.2 620 274 3.5500464486450176 4.154911055955841 -2434.057042620755 -0.03906977471287022 24.56038028190268 -5914.7802634169675 -4.453965308994256e-06 0.0049887901515781145 -0.20283417488698371
-2.3747054610564073 -1.557602506714414 3.2063169350054106 513.1000000000001 597.4 611 286 3.5500464486450176 4.154911055955841 -2434.057042620755 -0.03906977471287022 24.56038028190268 -5914.7802634169675 -4.453965308994256e-06 0.0049887901515781145 -0.20283417488698371
-2.3914010743061818 -1.6626866606982997 3.2991542231754347 504.6000000000001 597.9000000000001 605 299 3.5500464486450176 4.154911055955841 -2434.057042620755 -0.03906977471287022 24.56038028190268 -5914.7802634169675 -4.453965308994256e-06 0.0049887901515781145 -0.20283417488698371
-2.408096687555965 -1.7707170993733221 3.29492504198818 495.9000000000001 598.4000000000001 600 312 3.5500464486450176 4.154911055955841 -2434.057042620755 -0.03906977471287022 24.56038028190268 -5914.7802634169675 -4.453965308994256e-06 0.0049887901515781145 -0.20283417488698371
-2.4277385854968783 -1.8748191584601621 3.3280795552570095 487.5 599.0 596 330 3.5500464486450176 4.154911055955841 -2434.057042620755 -0.03906977471287022 24.56038028190268 -5914.7802634169675 -4.453965308994256e-06 0.0049887901515781145 -0.20283417488698371
-2.4572014324082483 -1.9749928379588186 3.4276440953071132 479.20000000000005 599.9 592 346 3.5500464486450176 4.154911055955841 -2434.057042620755 -0.03906977471287022 24.56038028190268 -5914.7802634169675 -4.453965308994256e-06 0.0049887901515781145 -0.20283417488698371
-2.4925568487018865 -2.076148612354522 3.477834947051886 470.8 601.0 586 362 3.5500464486450176 4.154911055955841 -2434.057042620755 -0.03906977471287022 24.56038028190268 -5914.7802634169675 -4.453965308994256e-06 0.0049887901515781145 -0.20283417488698371
-2.5269301700984843 -2.1763222918531784 3.4721406349802173 462.40000000000003 602.0999999999999 580 380 3.5500464486450176 4.154911055955841 -2434.057042620755 -0.03906977471287022 24.56038028190268 -5914.7802634169675 -4.453965308994256e-06 0.0049887901515781145 -0.20283417488698371
-2.5613034914950825 -2.27551387645479 3.4751769750895853 454.1 603.1999999999999 571 399 3.5500464486450176 4.154911055955841 -2434.057042620755 -0.03906977471287022 24.56038028190268 -5914.7802634169675 -4.453965308994256e-06 0.0049887901515781145 -0.20283417488698371
-2.560321396598033 -2.3707770814682205 3.152008943520753 446.1000000000001 604.2 568 416 3.5500464486450176 4.154911055955841 -2434.057042620755 -0.03906977471287022 24.56038028190268 -5914.7802634169675 -4.453965308994256e-06 0.0049887901515781145 -0.20283417488698371
-2.5514825425246173 -2.4680044762757394 3.070285188804475 438.1000000000001 604.9000000000001 640 270 3.5500464486450176 4.154911055955841 -2434.057042620755 -0.03906977471287022 24.56038028190268 -5914.7802634169675 -4.453965308994256e-06 0.0049887901515781145 -0.20283417488698371
-2.54362578334825 -2.5632676812891675 3.0791738435938454 430.2000000000001 605.7 555 457 3.5500464486450176 4.154911055955841 -2434.057042620755 -0.03906977471287022 24.56038028190268 -5914.7802634169675 -4.453965308994256e-06 0.0049887901515781145 -0.20283417488698371
-2.5377332139659816 -2.6536204118173665 3.097664886512943 422.6000000000001 606.6 552 460 3.5500464486450176 4.154911055955841 -2434.057042620755 -0.03906977471287022 24.56038028190268 -5914.7802634169675 -4.453965308994256e-06 0.0049887901515781145 -0.20283417488698371
-2.538715308863026 -2.7400447627573863 3.1760617545893215 415.20000000000005 607.7 547 449 3.8662448149711723 4.492557359582336 -2642.1343356353777 0.008742241148791227 25.20691251233054 -5693.265939138909 1.558331755577706e-05 0.0053825784577564454 -0.22149225268999437
-2.5357690241718918 -2.8254870188003576 3.12996527063342 407.90000000000003 608.7000000000002 546 442 3.8662448149711723 4.492557359582336 -2642.1343356353777 0.008742241148791227 25.20691251233054 -5693.265939138909 1.558331755577706e-05 0.0053825784577564454 -0.22149225268999437
-2.523001790510292 -2.9109292748433315 3.014376436521864 400.80000000000007 609.4000000000002 540 434 3.8662448149711723 4.492557359582336 -2642.1343356353777 0.008742241148791227 25.20691251233054 -5693.265939138909 1.558331755577706e-05 0.0053825784577564454 -0.22149225268999437
-2.507288272157558 -2.995389435989257 2.9783523708048936 393.8 610.0000000000001 537 425 3.8662448149711723 4.492557359582336 -2642.1343356353777 0.008742241148791227 25.20691251233054 -5693.265939138909 1.558331755577706e-05 0.0053825784577564454 -0.22149225268999437
-2.4866642793196045 -3.0798495971351816 2.9216783783472073 386.80000000000007 610.4000000000001 532 418 3.8662448149711723 4.492557359582336 -2642.1343356353777 0.008742241148791227 25.20691251233054 -5693.265939138909 1.558331755577706e-05 0.0053825784577564454 -0.22149225268999437
-2.4630940017905076 -3.162345568487019 2.8824906358104054 380.00000000000006 610.7 528 412 3.8662448149711723 4.492557359582336 -2642.1343356353777 0.008742241148791227 25.20691251233054 -5693.265939138909 1.558331755577706e-05 0.0053825784577564454 -0.22149225268999437
-2.473897045658014 -3.2438594449418083 3.273354920067763 373.20000000000005 611.0999999999999 524 405 3.8662448149711723 4.492557359582336 -2642.1343356353777 0.008742241148791227 25.20691251233054 -5693.265939138909 1.558331755577706e-05 0.0053825784577564454 -0.22149225268999437
-2.4955031333930164 -3.3224270367054602 3.4099588644956804 366.50000000000006 611.9 520 400 3.8662448149711723 4.492557359582336 -2642.1343356353777 0.008742241148791227 25.20691251233054 -5693.265939138909 1.558331755577706e-05 0.0053825784577564454 -0.22149225268999437
-2.5141629364368847 -3.398048343777976 3.3835132222742095 360.00000000000006 612.6 516 396 3.8662448149711723 4.492557359582336 -2642.1343356353777 0.008742241148791227 25.20691251233054 -5693.265939138909 1.558331755577706e-05 0.0053825784577564454 -0.22149225268999437
-2.5288943598925653 -3.475633840644584 3.3292324253941015 353.50000000000006 613.1 512 392 3.8662448149711723 4.492557359582336 -2642.1343356353777 0.008742241148791227 25.20691251233054 -5693.265939138909 1.558331755577706e-05 0.0053825784577564454 -0.22149225268999437
-2.5288943598925697 -3.550273052820054 3.1415926535898526 347.50000000000006 613.1 509 388 3.8662448149711723 4.492557359582336 -2642.1343356353777 0.008742241148791227 25.20691251233054 -5693.265939138909 1.558331755577706e-05 0.0053825784577564454 -0.22149225268999437
-2.529876454789614 -3.626876454789615 3.154412464062682 341.3 613.1000000000001 506 386 3.8662448149711723 4.492557359582336 -2642.1343356353777 0.008742241148791227 25.20691251233054 -5693.265939138909 1.558331755577706e-05 0.0053825784577564454 -0.22149225268999437
-2.530858549686659 -3.7064261414503132 3.1539377054340063 334.8 613.1000000000001 501 385 3.8662448149711723 4.492557359582336 -2642.1343356353777 0.008742241148791227 25.20691251233054 -5693.265939138909 1.558331755577706e-05 0.0053825784577564454 -0.22149225268999437
-2.529876454789614 -3.7869579230080572 3.1293981361415524 328.3 613.0000000000001 498 382 3.8662448149711723 4.492557359582336 -2642.1343356353777 0.008742241148791227 25.20691251233054 -5693.265939138909 1.558331755577706e-05 0.0053825784577564454 -0.22149225268999437
-2.5279122649955204 -3.8674897045658017 3.117207244417042 321.90000000000003 612.9 493 383 3.8662448149711723 4.492557359582336 -2642.1343356353777 0.008742241148791227 25.20691251233054 -5693.265939138909 1.558331755577706e-05 0.0053825784577564454 -0.22149225268999437
-2.5200555058191534 -3.949003581020591 3.0455039380724043 315.5 612.6 489 383 3.8662448149711723 4.492557359582336 -2642.1343356353777 0.008742241148791227 25.20691251233054 -5693.265939138909 1.558331755577706e-05 0.0053825784577564454 -0.22149225268999437
-2.5112166517457415 -4.028553267681289 3.030935432415886 309.30000000000007 612.2 484 384 3.8662448149711723 4.492557359582336 -2642.1343356353777 0.008742241148791227 25.20691251233054 -5693.265939138909 1.558331755577706e-05 0.0053825784577564454 -0.22149225268999437
-2.4964852282900565 -4.106138764547896 2.953952881785428 303.3 611.6 480 386 3.8662448149711723 4.492557359582336 -2642.1343356353777 0.008742241148791227 25.20691251233054 -5693.265939138909 1.558331755577706e-05 0.0053825784577564454 -0.22149225268999437
-2.4797896150402776 -4.18667054610564 2.9371714482126143 297.20000000000005 610.9 476 386 3.8662448149711723 4.492557359582336 -2642.1343356353777 0.008742241148791227 25.20691251233054 -5693.265939138909 1.558331755577706e-05 0.0053825784577564454 -0.22149225268999437
-2.464076096687548 -4.263273948075201 2.939271025211501 291.3 610.3 473 393 3.8662448149711723 4.492557359582336 -2642.1343356353777 0.008742241148791227 25.20691251233054 -5693.265939138909 1.558331755577706e-05 0.0053825784577564454 -0.22149225268999437
-2.460147717099369 -4.340859444941809 3.091002944820455 285.1 610.0999999999999 468 396 3.8662448149711723 4.492557359582336 -2642.1343356353777 0.008742241148791227 25.20691251233054 -5693.265939138909 1.558331755577706e-05 0.0053825784577564454 -0.22149225268999437
-2.4473804834377737 -4.415498657117279 2.9721796097001523 279.4 609.6 467 401 3.8662448149711723 4.492557359582336 -2642.1343356353777 0.008742241148791227 25.20691251233054 -5693.265939138909 1.558331755577706e-05 0.0053825784577564454 -0.22149225268999437
-2.4297027752909544 -4.484245299910475 2.889902681831643 274.29999999999995 608.9000000000001 460 404 3.8662448149711723 4.492557359582336 -2642.1343356353777 0.008742241148791227 25.20691251233054 -5693.265939138909 1.558331755577706e-05 0.0053825784577564454 -0.22149225268999437
-2.411042972247086 -4.547099373321397 2.853005291695704 269.7 608.1999999999999 456 410 3.8662448149711723 4.492557359582336 -2642.1343356353777 0.008742241148791227 25.20691251233054 -5693.265939138909 1.558331755577706e-05 0.0053825784577564454 -0.22149225268999437
-2.387472694717994 -4.606025067144137 2.7610862764774806 265.5 607.3000000000001 453 417 3.8662448149711723 4.492557359582336 -2642.1343356353777 0.008742241148791227 25.20691251233054 -5693.265939138909 1.558331755577706e-05 0.0053825784577564454 -0.22149225268999437
-2.366848701880036 -4.657094001790511 2.7577750303012385 261.90000000000003 606.5000000000001 448 424 3.8662448149711723 4.492557359582336 -2642.1343356353777 0.008742241148791227 25.20691251233054 -5693.265939138909 1.558331755577706e-05 0.0053825784577564454 -0.22149225268999437
-2.3344395702775276 -4.708162936436885 2.5761087654349426 258.6 605.3000000000001 444 432 3.8662448149711723 4.492557359582336 -2642.1343356353777 0.008742241148791227 25.20691251233054 -5693.265939138909 1.558331755577706e-05 0.0053825784577564454 -0.22149225268999437
-2.299084153983885 -4.757267681289168 2.517569600613043 255.6 604.0 440 442 3.8662448149711723 4.492557359582336 -2642.1343356353777 0.008742241148791227 25.20691251233054 -5693.265939138909 1.558331755577706e-05 0.0053825784577564454 -0.22149225268999437
-2.255871978513879 -4.803426141450314 2.3891495878066893 253.0 602.4 437 451 3.8662448149711723 4.492557359582336 -2642.1343356353777 0.008742241148791227 25.20691251233054 -5693.265939138909 1.558331755577706e-05 0.0053825784577564454 -0.22149225268999437
-2.2048030438675026 -4.848602506714414 2.295046327543014 250.70000000000005 600.5000000000001 433 463 3.8662448149711723 4.492557359582336 -2642.1343356353777 0.008742241148791227 25.20691251233054 -5693.265939138909 1.558331755577706e-05 0.0053825784577564454 -0.22149225268999437
-2.155698299015215 -4.8878863025962405 2.245537269018405 248.8 598.7 429 473 3.8662448149711723 4.492557359582336 -2642.1343356353777 0.008742241148791227 25.20691251233054 -5693.265939138909 1.558331755577706e-05 0.0053825784577564454 -0.22149225268999437
-2.109539838854071 -4.92422381378693 2.2377045310342245 247.1 597.0000000000001 426 486 3.8662448149711723 4.492557359582336 -2642.1343356353777 0.008742241148791227 25.20691251233054 -5693.265939138909 1.558331755577706e-05 0.0053825784577564454 -0.22149225268999437
-2.0653455684870163 -4.956632945389436 2.2035451617970816 245.7 595.4000000000001 422 497 3.8662448149711723 4.492557359582336 -2642.1343356353777 0.008742241148791227 25.20691251233054 -5693.265939138909 1.558331755577706e-05 0.0053825784577564454 -0.22149225268999437
-2.0162408236347336 -4.988059982094898 2.140109517895557 244.5 593.6 419 511 3.8662448149711723 4.492557359582336 -2642.1343356353777 0.008742241148791227 25.20691251233054 -5693.265939138909 1.558331755577706e-05 0.0053825784577564454 -0.22149225268999437
-1.9691002685765444 -5.016540734109221 2.114273921507962 243.5 591.9000000000001 415 525 3.8662448149711723 4.492557359582336 -2642.1343356353777 0.008742241148791227 25.20691251233054 -5693.265939138909 1.558331755577706e-05 0.0053825784577564454 -0.22149225268999437
-1.9190134288272123 -5.043057296329454 2.057695558606143 242.7 590.1 412 529 3.8662448149711723 4.492557359582336 -2642.1343356353777 0.008742241148791227 25.20691251233054 -5693.265939138909 1.558331755577706e-05 0.0053825784577564454 -0.22149225268999437
-1.8767833482542517 -5.061717099373322 1.9868608325187385 242.29999999999998 588.6 406 522 3.8662448149711723 4.492557359582336 -2642.1343356353777 0.008742241148791227 25.20691251233054 -5693.265939138909 1.558331755577706e-05 0.0053825784577564454 -0.22149225268999437
-1.8286606982990137 -5.0784127126230985 1.9047413986397932 242.20000000000002 586.9 402 514 3.8662448149711723 4.492557359582336 -2642.1343356353777 0.008742241148791227 25.20691251233054 -5693.265939138909 1.558331755577706e-05 0.0053825784577564454 -0.22149225268999437
-1.7854485228290038 -5.089215756490599 1.8157749899217364 242.39999999999998 585.4 396 508 3.8662448149711723 4.492557359582336 -2642.1343356353777 0.008742241148791227 25.20691251233054 -5693.265939138909 1.558331755577706e-05 0.0053825784577564454 -0.22149225268999437
-1.7392900626678596 -5.100018800358102 1.8007007549268146 242.70000000000002 583.8 394 504 3.8662448149711723 4.492557359582336 -2642.1343356353777 0.008742241148791227 25.20691251233054 -5693.265939138909 1.558331755577706e-05 0.0053825784577564454 -0.22149225268999437
-1.6901853178155766 -5.109839749328558 1.7681918866447774 243.2 582.1 387 497 3.8662448149711723 4.492557359582336 -2642.1343356353777 0.008742241148791227 25.20691251233054 -5693.265939138909 1.558331755577706e-05 0.0053825784577564454 -0.22149225268999437
-1.6361700984780654 -5.122606982990153 1.7506498265873718 243.89999999999998 580.2 384 496 3.8662448149711723 4.492557359582336 -2642.1343356353777 0.008742241148791227 25.20691251233054 -5693.265939138909 1.558331755577706e-05 0.0053825784577564454 -0.22149225268999437
-1.5792085944494156 -5.1343921217547 1.7288862979165653 244.70000000000002 578.2 378 492 3.8662448149711723 4.492557359582336 -2642.1343356353777 0.008742241148791227 25.20691251233054 -5693.265939138909 1.558331755577706e-05 0.0053825784577564454 -0.22149225268999437
-1.5242112802148684 -5.143230975828112 1.6896366713626747 245.70000000000002 576.3000000000001 374 491 3.8662448149711723 4.492557359582336 -2642.1343356353777 0.008742241148791227 25.20691251233054 -5693.265939138909 1.558331755577706e-05 0.0053825784577564454 -0.22149225268999437
-1.4682318710832634 -5.151087735004476 1.6733761792131951 246.8 574.4000000000001 368 488 3.8662448149711723 4.492557359582336 -2642.1343356353777 0.008742241148791227 25.20691251233054 -5693.265939138909 1.558331755577706e-05 0.0053825784577564454 -0.22149225268999437
-1.4122524619516625 -5.161890778871979 1.7168085845061778 247.7 572.5 362 486 3.8733650883914477 4.4993405815016825 -2660.9839968371125 0.008742791848111052 25.22613272447776 -5773.733976398543 1.5584299194492314e-05 0.00538895173456886 -0.23919706389811873
-1.359219337511196 -5.172693822739481 1.7234456551901618 248.5 570.7 360 490 3.8733650883914477 4.4993405815016825 -2660.9839968371125 0.008742791848111052 25.22613272447776 -5773.733976398543 1.5584299194492314e-05 0.00538895173456886 -0.23919706389811873
-1.3120787824529982 -5.181532676812891 1.7055676112726172 249.3 569.1 352 488 3.8733650883914477 4.4993405815016825 -2660.9839968371125 0.008742791848111052 25.22613272447776 -5773.733976398543 1.5584299194492314e-05 0.00538895173456886 -0.23919706389811873
-1.258063563115487 -5.19331781557744 1.7359450042095206 250.10000000000005 567.3 350 492 3.8733650883914477 4.4993405815016825 -2660.9839968371125 0.008742791848111052 25.22613272447776 -5773.733976398543 1.5584299194492314e-05 0.00538895173456886 -0.23919706389811873
-1.2069946284691102 -5.202156669650849 1.697104443858135 251.00000000000003 565.6 345 493 3.8733650883914477 4.4993405815016825 -2660.9839968371125 0.008742791848111052 25.22613272447776 -5773.733976398543 1.5584299194492314e-05 0.00538895173456886 -0.23919706389811873
-1.154943598925693 -5.210995523724261 1.695151321341658 251.90000000000003 563.9000000000001 340 496 3.8733650883914477 4.4993405815016825 -2660.9839968371125 0.008742791848111052 25.22613272447776 -5773.733976398543 1.5584299194492314e-05 0.00538895173456886 -0.23919706389811873
-1.100928379588182 -5.216888093106535 1.6794575426354885 252.7 562.2 338 502 3.8733650883914477 4.4993405815016825 -2660.9839968371125 0.008742791848111052 25.22613272447776 -5773.733976398543 1.5584299194492314e-05 0.00538895173456886 -0.23919706389811873
-1.0370922112802141 -5.226709042076991 1.7234456551901618 253.5 560.2 331 505 3.8733650883914477 4.4993405815016825 -2660.9839968371125 0.008742791848111052 25.22613272447776 -5773.733976398543 1.5584299194492314e-05 0.00538895173456886 -0.23919706389811873
