39 -4.568705461056404 -3.5149176365264108 2.0619599250811755 -1.5870653536257782 -2.8657529095792302
-4.568705461056404 -3.5149176365264108 2.0619599250811755 300.70000000000005 671.0999999999999 -1 -1 3.2431050706017106 3.8305216240780737 -2092.159698844906 -0.07670931490623958 23.00960986597129 -5058.830644581972 -1.4142159109935445e-05 0.004597371507549855 -0.01122044048250085
-4.5235290957923 -3.5375058191584614 2.034443935795683 299.5 669.2 709 175 3.2431050706017106 3.8305216240780737 -2092.159698844906 -0.07670931490623958 23.00960986597129 -5058.830644581972 -1.4142159109935445e-05 0.004597371507549855 -0.01122044048250085
-4.4822811101163795 -3.556165622202329 1.9956284897142103 298.6 667.5000000000001 699 181 3.2431050706017106 3.8305216240780737 -2092.159698844906 -0.07670931490623958 23.00960986597129 -5058.830644581972 -1.4142159109935445e-05 0.004597371507549855 -0.01122044048250085
-4.4429973142345585 -3.572861235452104 1.9726669742353795 297.90000000000003 665.9000000000001 707 217 3.2431050706017106 3.8305216240780737 -2092.159698844906 -0.07670931490623958 23.00960986597129 -5058.830644581972 -1.4142159109935445e-05 0.004597371507549855 -0.01122044048250085
-4.406659803043871 -3.5875926589077896 1.9559538331584012 297.3 664.3999999999999 678 194 3.2431050706017106 3.8305216240780737 -2092.159698844906 -0.07670931490623958 23.00960986597129 -5058.830644581972 -1.4142159109935445e-05 0.004597371507549855 -0.01122044048250085
-4.370322291853179 -3.596431512981201 1.8094056493030894 297.2 662.9000000000001 668 203 3.2431050706017106 3.8305216240780737 -2092.159698844906 -0.07670931490623958 23.00960986597129 -5058.830644581972 -1.4142159109935445e-05 0.004597371507549855 -0.01122044048250085
-4.330056401074307 -3.6003598925693834 1.668049525046459 297.7 661.3000000000001 656 208 3.2431050706017106 3.8305216240780737 -2092.159698844906 -0.07670931490623958 23.00960986597129 -5058.830644581972 -1.4142159109935445e-05 0.004597371507549855 -0.01122044048250085
-4.2907726051924815 -3.595449418084155 1.446441332248135 299.00000000000006 659.7 649 218 3.2431050706017106 3.8305216240780737 -2092.159698844906 -0.07670931490623958 23.00960986597129 -5058.830644581972 -1.4142159109935445e-05 0.004597371507549855 -0.01122044048250085
-4.250506714413605 -3.5836642793196067 1.2860658882721983 300.90000000000003 658.1 638 228 3.2431050706017106 3.8305216240780737 -2092.159698844906 -0.07670931490623958 23.00960986597129 -5058.830644581972 -1.4142159109935445e-05 0.004597371507549855 -0.01122044048250085
-4.2004198746642825 -3.5718791405550587 1.3397056595989778 303.1 656.1 628 240 3.2431050706017106 3.8305216240780737 -2092.159698844906 -0.07670931490623958 23.00960986597129 -5058.830644581972 -1.4142159109935445e-05 0.004597371507549855 -0.01122044048250085
-4.144440465532677 -3.561076096687557 1.3801574208808158 305.3 653.9000000000001 618 250 3.2431050706017106 3.8305216240780737 -2092.159698844906 -0.07670931490623958 23.00960986597129 -5058.830644581972 -1.4142159109935445e-05 0.004597371507549855 -0.01122044048250085
-4.0874789615040275 -3.5502730528200552 1.386471917895206 307.59999999999997 651.6 607 263 3.2431050706017106 3.8305216240780737 -2092.159698844906 -0.07670931490623958 23.00960986597129 -5058.830644581972 -1.4142159109935445e-05 0.004597371507549855 -0.01122044048250085
-4.025606982990153 -3.5384879140555068 1.3854483767991848 310.0 649.1 598 276 3.2431050706017106 3.8305216240780737 -2092.159698844906 -0.07670931490623958 23.00960986597129 -5058.830644581972 -1.4142159109935445e-05 0.004597371507549855 -0.01122044048250085
-3.959806624888087 -3.525720680393914 1.3818991459172976 312.59999999999997 646.5 590 290 3.2431050706017106 3.8305216240780737 -2092.159698844906 -0.07670931490623958 23.00960986597129 -5058.830644581972 -1.4142159109935445e-05 0.004597371507549855 -0.01122044048250085
-3.8910599820948866 -3.5119713518352746 1.3761107874109595 315.29999999999995 643.8000000000001 576 308 3.2431050706017106 3.8305216240780737 -2092.159698844906 -0.07670931490623958 23.00960986597129 -5058.830644581972 -1.4142159109935445e-05 0.004597371507549855 -0.01122044048250085
-3.8164207699194175 -3.4992041181736804 1.4035423893326326 318.1 640.9 567 325 3.209432299340931 3.796170228364889 -2067.73241020685 -0.12706147903388834 22.9175104279308 -5015.204665350849 -3.130483618154363e-05 0.004567812173565082 0.0026822370901940906
-3.7309785138764515 -3.488401074306178 1.4464413322481224 320.8 637.6 557 341 3.209432299340931 3.796170228364889 -2067.73241020685 -0.12706147903388834 22.9175104279308 -5015.204665350849 -3.130483618154363e-05 0.004567812173565082 0.0026822370901940906
-3.6406257833482574 -3.4795622202327676 1.4743225516123153 323.40000000000003 634.2000000000002 546 360 3.209432299340931 3.796170228364889 -2067.73241020685 -0.12706147903388834 22.9175104279308 -5015.204665350849 -3.130483618154363e-05 0.004567812173565082 0.0026822370901940906
-3.541434198746642 -3.4717054610564015 1.4925251862736086 326.1 630.5 536 380 3.209432299340931 3.796170228364889 -2067.73241020685 -0.12706147903388834 22.9175104279308 -5015.204665350849 -3.130483618154363e-05 0.004567812173565082 0.0026822370901940906
-3.452063563115484 -3.457956132497763 1.41978098387355 329.1 627.2 530 382 3.209432299340931 3.796170228364889 -2067.73241020685 -0.12706147903388834 22.9175104279308 -5015.204665350849 -3.130483618154363e-05 0.004567812173565082 0.0026822370901940906
-3.3558182632050073 -3.4402784243509417 1.3909428270024244 332.5 623.7 522 378 3.209432299340931 3.796170228364889 -2067.73241020685 -0.12706147903388834 22.9175104279308 -5015.204665350849 -3.130483618154363e-05 0.004567812173565082 0.0026822370901940906
-3.2566266786034013 -3.4196544315129818 1.3657963507913042 336.09999999999997 620.2 514 376 3.209432299340931 3.796170228364889 -2067.73241020685 -0.12706147903388834 22.9175104279308 -5015.204665350849 -3.130483618154363e-05 0.004567812173565082 0.0026822370901940906
-3.1505604297224683 -3.40001253357207 1.3876855095324256 339.70000000000005 616.5 507 373 3.209432299340931 3.796170228364889 -2067.73241020685 -0.12706147903388834 22.9175104279308 -5015.204665350849 -3.130483618154363e-05 0.004567812173565082 0.0026822370901940906
-3.04744046553267 -3.378406445837064 1.3642602536892199 343.30000000000007 612.9 500 374 3.209432299340931 3.796170228364889 -2067.73241020685 -0.12706147903388834 22.9175104279308 -5015.204665350849 -3.130483618154363e-05 0.004567812173565082 0.0026822370901940906
-2.9433384064458266 -3.3568003581020593 1.3661545169651215 347.0 609.3000000000001 491 372 3.209432299340931 3.796170228364889 -2067.73241020685 -0.12706147903388834 22.9175104279308 -5015.204665350849 -3.130483618154363e-05 0.004567812173565082 0.0026822370901940906
-2.8353079677708086 -3.335194270367055 1.373400766945009 350.59999999999997 605.6 481 373 3.209432299340931 3.796170228364889 -2067.73241020685 -0.12706147903388834 22.9175104279308 -5015.204665350849 -3.130483618154363e-05 0.004567812173565082 0.0026822370901940906
-2.7400447627573863 -3.3106418979409136 1.3185538689050624 354.3 602.3999999999999 474 374 3.209432299340931 3.796170228364889 -2067.73241020685 -0.12706147903388834 22.9175104279308 -5015.204665350849 -3.130483618154363e-05 0.004567812173565082 0.0026822370901940906
-2.6526383169203216 -3.2851074306177264 1.286570811228518 357.90000000000003 599.5 468 378 3.209432299340931 3.796170228364889 -2067.73241020685 -0.12706147903388834 22.9175104279308 -5015.204665350849 -3.130483618154363e-05 0.004567812173565082 0.0026822370901940906
-2.5711244404655345 -3.260555058191585 1.2782345603910399 361.30000000000007 596.8000000000001 457 378 3.209432299340931 3.796170228364889 -2067.73241020685 -0.12706147903388834 22.9175104279308 -5015.204665350849 -3.130483618154363e-05 0.004567812173565082 0.0026822370901940906
-2.4856821844225596 -3.238948970456581 1.323114967546038 364.40000000000003 594.0 448 382 3.209432299340931 3.796170228364889 -2067.73241020685 -0.12706147903388834 22.9175104279308 -5015.204665350849 -3.130483618154363e-05 0.004567812173565082 0.0026822370901940906
-2.406132497761858 -3.219307072515668 1.3287246322237882 367.3 591.4000000000001 439 386 3.209432299340931 3.796170228364889 -2067.73241020685 -0.12706147903388834 22.9175104279308 -5015.204665350849 -3.130483618154363e-05 0.004567812173565082 0.0026822370901940906
-2.3256007162041157 -3.2026114592658925 1.3663751214177535 369.90000000000003 588.8000000000001 431 393 3.209432299340931 3.796170228364889 -2067.73241020685 -0.12706147903388834 22.9175104279308 -5015.204665350849 -3.130483618154363e-05 0.004567812173565082 0.0026822370901940906
-2.2529256938227404 -3.1878800358102075 1.370803370188706 372.2 586.5 421 399 3.209432299340931 3.796170228364889 -2067.73241020685 -0.12706147903388834 22.9175104279308 -5015.204665350849 -3.130483618154363e-05 0.004567812173565082 0.0026822370901940906
-2.179268576544312 -3.177076991942705 1.4251679462240798 374.19999999999993 584.2 413 408 3.209432299340931 3.796170228364889 -2067.73241020685 -0.12706147903388834 22.9175104279308 -5015.204665350849 -3.130483618154363e-05 0.004567812173565082 0.0026822370901940906
-2.105611459265887 -3.16922023276634 1.4645314639038238 375.90000000000003 581.9000000000001 -1 -1 3.209432299340931 3.796170228364889 -2067.73241020685 -0.12706147903388834 22.9175104279308 -5015.204665350849 -3.130483618154363e-05 0.004567812173565082 0.0026822370901940906
-2.0378469113697406 -3.1652918531781573 1.5128901215467814 377.20000000000005 579.8000000000001 394 426 3.209432299340931 3.796170228364889 -2067.73241020685 -0.12706147903388834 22.9175104279308 -5015.204665350849 -3.130483618154363e-05 0.004567812173565082 0.0026822370901940906
-1.9720465532676787 -3.1652918531781573 3.141592653589793 378.1 577.8000000000001 384 438 3.209432299340931 3.796170228364889 -2067.73241020685 -0.12706147903388834 22.9175104279308 -5015.204665350849 -3.130483618154363e-05 0.004567812173565082 0.0026822370901940906
-1.8836580125335696 -3.173148612354522 1.6594522086623291 378.7 575.1 375 451 3.209432299340931 3.796170228364889 -2067.73241020685 -0.12706147903388834 22.9175104279308 -5015.204665350849 -3.130483618154363e-05 0.004567812173565082 0.0026822370901940906
-1.804108325872872 -3.181005371530887 1.6692424860075252 379.09999999999997 572.7 366 465 3.209432299340931 3.796170228364889 -2067.73241020685 -0.12706147903388834 22.9175104279308 -5015.204665350849 -3.130483618154363e-05 0.004567812173565082 0.0026822370901940906
