64 -2.6762085944494274 -4.42924798567592 2.0205559398647943 -0.608898836168308 -4.343805729632947
-2.6762085944494274 -4.42924798567592 2.0205559398647943 261.9 608.4 720 190 3.4016048831387504 3.9889848189575243 -2239.6258480622887 -0.011176221210059229 23.471057402177916 -5258.491756128681 8.22970904052788e-06 0.004774833306091039 -0.07391457223448672
-2.6447815577439635 -4.44496150402865 2.03444393579566 261.3 607.3000000000001 716 184 3.4016048831387504 3.9889848189575243 -2239.6258480622887 -0.011176221210059229 23.471057402177916 -5258.491756128681 8.22970904052788e-06 0.004774833306091039 -0.07391457223448672
-2.6133545210384996 -4.459692927484335 2.0091328866528215 260.70000000000005 606.2 710 178 3.4016048831387504 3.9889848189575243 -2239.6258480622887 -0.011176221210059229 23.471057402177916 -5258.491756128681 8.22970904052788e-06 0.004774833306091039 -0.07391457223448672
-2.5819274843330406 -4.47638854073411 2.059130277851309 260.00000000000006 605.1 706 174 3.4016048831387504 3.9889848189575243 -2239.6258480622887 -0.011176221210059229 23.471057402177916 -5258.491756128681 8.22970904052788e-06 0.004774833306091039 -0.07391457223448672
-2.5505004476275768 -4.492102059086841 2.0344439357956743 259.40000000000003 604.0 700 170 3.4016048831387504 3.9889848189575243 -2239.6258480622887 -0.011176221210059229 23.471057402177916 -5258.491756128681 8.22970904052788e-06 0.004774833306091039 -0.07391457223448672
-2.516127126230983 -4.507815577439572 1.9995743542409674 258.80000000000007 602.8 696 168 3.4016048831387504 3.9889848189575243 -2239.6258480622887 -0.011176221210059229 23.471057402177916 -5258.491756128681 8.22970904052788e-06 0.004774833306091039 -0.07391457223448672
-2.484700089525515 -4.525493285586393 2.0831857871055264 258.1 601.6999999999999 690 164 3.4016048831387504 3.9889848189575243 -2239.6258480622887 -0.011176221210059229 23.471057402177916 -5258.491756128681 8.22970904052788e-06 0.004774833306091039 -0.07391457223448672
-2.4591656222023244 -4.540224709042078 2.0940746489268114 257.5 600.8000000000001 687 163 3.4016048831387504 3.9889848189575243 -2239.6258480622887 -0.011176221210059229 23.471057402177916 -5258.491756128681 8.22970904052788e-06 0.004774833306091039 -0.07391457223448672
-2.4414879140555095 -4.552009847806626 2.1587989303426465 256.9 600.1999999999999 680 159 3.4016048831387504 3.9889848189575243 -2239.6258480622887 -0.011176221210059229 23.471057402177916 -5258.491756128681 8.22970904052788e-06 0.004774833306091039 -0.07391457223448672
-2.420863921217552 -4.565759176365265 2.1587989303424955 256.2 599.5000000000001 674 158 3.4016048831387504 3.9889848189575243 -2239.6258480622887 -0.011176221210059229 23.471057402177916 -5258.491756128681 8.22970904052788e-06 0.004774833306091039 -0.07391457223448672
-2.400239928379589 -4.579508504923904 2.158798930342377 255.50000000000006 598.8000000000001 668 158 3.4016048831387504 3.9889848189575243 -2239.6258480622887 -0.011176221210059229 23.471057402177916 -5258.491756128681 8.22970904052788e-06 0.004774833306091039 -0.07391457223448672
-2.380598030438676 -4.595222023276635 2.1587989303424533 254.70000000000005 598.0 663 157 3.4016048831387504 3.9889848189575243 -2239.6258480622887 -0.011176221210059229 23.471057402177916 -5258.491756128681 8.22970904052788e-06 0.004774833306091039 -0.07391457223448672
-2.3609561324977673 -4.612899731423457 2.2142974355882568 253.80000000000004 597.2 766 192 3.4016048831387504 3.9889848189575243 -2239.6258480622887 -0.011176221210059229 23.471057402177916 -5258.491756128681 8.22970904052788e-06 0.004774833306091039 -0.07391457223448672
-2.3442605192479884 -4.629595344673233 2.251317551462023 252.90000000000006 596.5 652 158 3.4016048831387504 3.9889848189575243 -2239.6258480622887 -0.011176221210059229 23.471057402177916 -5258.491756128681 8.22970904052788e-06 0.004774833306091039 -0.07391457223448672
-2.3216723366159413 -4.6482551477171 2.184003675669418 252.00000000000003 595.6 644 158 3.4016048831387504 3.9889848189575243 -2239.6258480622887 -0.011176221210059229 23.471057402177916 -5258.491756128681 8.22970904052788e-06 0.004774833306091039 -0.07391457223448672
-2.296137869292755 -4.667897045658013 2.1587989303424773 251.10000000000002 594.6 639 163 3.3845382570743903 3.9456904224661584 -2215.455305667547 -0.015836161376831484 23.291386454058664 -5193.414182716307 6.834423894136784e-06 0.004723301810462057 -0.057143052249848454
-2.2637287376902506 -4.687538943598927 2.0663480002807577 250.3 593.4000000000001 632 165 3.3845382570743903 3.9456904224661584 -2215.455305667547 -0.015836161376831484 23.291386454058664 -5193.414182716307 6.834423894136784e-06 0.004723301810462057 -0.057143052249848454
-2.2254270367054736 -4.708162936436886 2.0250984134882315 249.5 592.0 626 168 3.3845382570743903 3.9456904224661584 -2215.455305667547 -0.015836161376831484 23.291386454058664 -5193.414182716307 6.834423894136784e-06 0.004723301810462057 -0.057143052249848454
-2.18123276633841 -4.728786929274845 1.9756881130799437 248.89999999999998 590.4 619 173 3.3845382570743903 3.9456904224661584 -2215.455305667547 -0.015836161376831484 23.291386454058664 -5193.414182716307 6.834423894136784e-06 0.004723301810462057 -0.057143052249848454
-2.1360564010743106 -4.746464637421667 1.9163519073766109 248.50000000000003 588.8000000000001 612 178 3.3845382570743903 3.9456904224661584 -2215.455305667547 -0.015836161376831484 23.291386454058664 -5193.414182716307 6.834423894136784e-06 0.004723301810462057 -0.057143052249848454
-2.0908800358102115 -4.762178155774397 1.880499271337357 248.30000000000004 587.2 607 183 3.3845382570743903 3.9456904224661584 -2215.455305667547 -0.015836161376831484 23.291386454058664 -5193.414182716307 6.834423894136784e-06 0.004723301810462057 -0.057143052249848454
-2.0417752909579283 -4.774945389435991 1.825164385348154 248.40000000000003 585.6000000000001 600 190 3.3845382570743903 3.9456904224661584 -2215.455305667547 -0.015836161376831484 23.291386454058664 -5193.414182716307 6.834423894136784e-06 0.004723301810462057 -0.057143052249848454
-1.9887421665174665 -4.7857484333034925 1.7717505904830007 248.70000000000005 583.9000000000001 591 195 3.3845382570743903 3.9456904224661584 -2215.455305667547 -0.015836161376831484 23.291386454058664 -5193.414182716307 6.834423894136784e-06 0.004723301810462057 -0.057143052249848454
-1.9258880931065436 -4.796551477170995 1.741008252080372 249.2 581.9 582 202 3.3845382570743903 3.9456904224661584 -2215.455305667547 -0.015836161376831484 23.291386454058664 -5193.414182716307 6.834423894136784e-06 0.004723301810462057 -0.057143052249848454
-1.868926589077898 -4.8034261414503145 1.6909050623618131 249.90000000000003 580.1000000000001 576 209 3.3845382570743903 3.9456904224661584 -2215.455305667547 -0.015836161376831484 23.291386454058664 -5193.414182716307 6.834423894136784e-06 0.004723301810462057 -0.057143052249848454
-1.8080367054610647 -4.807354521038497 1.6352231662204437 250.90000000000003 578.2 569 221 3.3845382570743903 3.9456904224661584 -2215.455305667547 -0.015836161376831484 23.291386454058664 -5193.414182716307 6.834423894136784e-06 0.004723301810462057 -0.057143052249848454
-1.7500931065353653 -4.8063724261414515 1.553848796988499 252.2 576.4 562 230 3.3845382570743903 3.9456904224661584 -2215.455305667547 -0.015836161376831484 23.291386454058664 -5193.414182716307 6.834423894136784e-06 0.004723301810462057 -0.057143052249848454
-1.6950957923008094 -4.801461951656224 1.4817467441604075 253.8 574.7 553 240 3.3845382570743903 3.9456904224661584 -2215.455305667547 -0.015836161376831484 23.291386454058664 -5193.414182716307 6.834423894136784e-06 0.004723301810462057 -0.057143052249848454
-1.6400984780662535 -4.794587287376904 1.446441332248135 255.5 573.0 544 252 3.3845382570743903 3.9456904224661584 -2215.455305667547 -0.015836161376831484 23.291386454058664 -5193.414182716307 6.834423894136784e-06 0.004723301810462057 -0.057143052249848454
-1.59197582811102 -4.785748433303493 1.3891474967948647 257.3 571.5000000000001 538 266 3.3845382570743903 3.9456904224661584 -2215.455305667547 -0.015836161376831484 23.291386454058664 -5193.414182716307 6.834423894136784e-06 0.004723301810462057 -0.057143052249848454
-1.5428710832587325 -4.773963294538945 1.335251346074056 259.3 570.0000000000001 532 282 3.3845382570743903 3.9456904224661584 -2215.455305667547 -0.015836161376831484 23.291386454058664 -5193.414182716307 6.834423894136784e-06 0.004723301810462057 -0.057143052249848454
-1.4967126230975882 -4.758249776186215 1.242676431779586 261.5 568.6 522 295 3.3845382570743903 3.9456904224661584 -2215.455305667547 -0.015836161376831484 23.291386454058664 -5193.414182716307 6.834423894136784e-06 0.004723301810462057 -0.057143052249848454
-1.4535004476275784 -4.740572068039393 1.1824776086224356 263.8 567.3000000000001 514 308 3.3845382570743903 3.9456904224661584 -2215.455305667547 -0.015836161376831484 23.291386454058664 -5193.414182716307 6.834423894136784e-06 0.004723301810462057 -0.057143052249848454
-1.417162936436891 -4.718965980304389 1.0343608691901347 266.3 566.2 506 324 3.3845382570743903 3.9456904224661584 -2215.455305667547 -0.015836161376831484 23.291386454058664 -5193.414182716307 6.834423894136784e-06 0.004723301810462057 -0.057143052249848454
-1.3798433303491542 -4.695395702775293 1.0074800653029543 268.90000000000003 565.1 497 340 3.3845382570743903 3.9456904224661584 -2215.455305667547 -0.015836161376831484 23.291386454058664 -5193.414182716307 6.834423894136784e-06 0.004723301810462057 -0.057143052249848454
-1.349398388540735 -4.669861235452105 0.8728935041998931 271.5 564.2 488 358 3.3845382570743903 3.9456904224661584 -2215.455305667547 -0.015836161376831484 23.291386454058664 -5193.414182716307 6.834423894136784e-06 0.004723301810462057 -0.057143052249848454
-1.3228818263205087 -4.644326768128918 0.8042638494189969 274.0 563.4000000000001 480 376 3.3845382570743903 3.9456904224661584 -2215.455305667547 -0.015836161376831484 23.291386454058664 -5193.414182716307 6.834423894136784e-06 0.004723301810462057 -0.057143052249848454
-1.299311548791412 -4.619774395702777 0.7649928327109291 276.40000000000003 562.7 474 384 3.3845382570743903 3.9456904224661584 -2215.455305667547 -0.015836161376831484 23.291386454058664 -5193.414182716307 6.834423894136784e-06 0.004723301810462057 -0.057143052249848454
-1.2747591763652704 -4.595222023276635 0.7853981633974597 278.8 562.0 466 376 3.3845382570743903 3.9456904224661584 -2215.455305667547 -0.015836161376831484 23.291386454058664 -5193.414182716307 6.834423894136784e-06 0.004723301810462057 -0.057143052249848454
-1.2472605192479902 -4.57165174574754 0.8621700546672632 281.1 561.2 458 370 3.3845382570743903 3.9456904224661584 -2215.455305667547 -0.015836161376831484 23.291386454058664 -5193.414182716307 6.834423894136784e-06 0.004723301810462057 -0.057143052249848454
-1.2197618621307145 -4.551027752909581 0.9272952180015602 283.2 560.4 450 366 3.3845382570743903 3.9456904224661584 -2215.455305667547 -0.015836161376831484 23.291386454058664 -5193.414182716307 6.834423894136784e-06 0.004723301810462057 -0.057143052249848454
-1.1952094897045775 -4.532367949865713 0.9209258773828528 285.09999999999997 559.7 444 360 3.3845382570743903 3.9456904224661584 -2215.455305667547 -0.015836161376831484 23.291386454058664 -5193.414182716307 6.834423894136784e-06 0.004723301810462057 -0.057143052249848454
-1.1785138764547987 -4.513708146821846 0.7298996581518024 286.90000000000003 559.2 434 356 3.3845382570743903 3.9456904224661584 -2215.455305667547 -0.015836161376831484 23.291386454058664 -5193.414182716307 6.834423894136784e-06 0.004723301810462057 -0.057143052249848454
-1.160836168307975 -4.497994628469114 0.8441539861132141 288.40000000000003 558.7 428 352 3.3845382570743903 3.9456904224661584 -2215.455305667547 -0.015836161376831484 23.291386454058664 -5193.414182716307 6.834423894136784e-06 0.004723301810462057 -0.057143052249848454
-1.1441405550581962 -4.486209489704567 0.9561333748728112 289.6 558.1999999999999 418 350 3.3845382570743903 3.9456904224661584 -2215.455305667547 -0.015836161376831484 23.291386454058664 -5193.414182716307 6.834423894136784e-06 0.004723301810462057 -0.057143052249848454
-1.1235165622202383 -4.479334825425248 1.2490457723982706 290.50000000000006 557.6 412 348 3.3845382570743903 3.9456904224661584 -2215.455305667547 -0.015836161376831484 23.291386454058664 -5193.414182716307 6.834423894136784e-06 0.004723301810462057 -0.057143052249848454
-1.1028925693822849 -4.478352730528202 1.5232132235178901 291.00000000000006 557.0 402 344 3.3845382570743903 3.9456904224661584 -2215.455305667547 -0.015836161376831484 23.291386454058664 -5193.414182716307 6.834423894136784e-06 0.004723301810462057 -0.057143052249848454
-1.0753939122650045 -4.48326320501343 1.747505182864922 291.1 556.2 394 344 3.3845382570743903 3.9456904224661584 -2215.455305667547 -0.015836161376831484 23.291386454058664 -5193.414182716307 6.834423894136784e-06 0.004723301810462057 -0.057143052249848454
-1.0478952551477199 -4.492102059086841 1.881794607400364 290.90000000000003 555.4 386 344 3.3845382570743903 3.9456904224661584 -2215.455305667547 -0.015836161376831484 23.291386454058664 -5193.414182716307 6.834423894136784e-06 0.004723301810462057 -0.057143052249848454
-1.0302175470008963 -4.500940913160251 2.034443935795652 290.6 554.9000000000001 378 346 3.3845382570743903 3.9456904224661584 -2215.455305667547 -0.015836161376831484 23.291386454058664 -5193.414182716307 6.834423894136784e-06 0.004723301810462057 -0.057143052249848454
-1.0164682184422607 -4.510761862130709 2.191045812777841 290.1 554.5 368 346 3.3845382570743903 3.9456904224661584 -2215.455305667547 -0.015836161376831484 23.291386454058664 -5193.414182716307 6.834423894136784e-06 0.004723301810462057 -0.057143052249848454
-0.9997726051924817 -4.525493285586393 2.293775680196308 289.3 554.0 359 349 3.3845382570743903 3.9456904224661584 -2215.455305667547 -0.015836161376831484 23.291386454058664 -5193.414182716307 6.834423894136784e-06 0.004723301810462057 -0.057143052249848454
-0.9791486123545238 -4.542188898836169 2.251317551462129 288.4 553.4000000000001 350 352 3.3845382570743903 3.9456904224661584 -2215.455305667547 -0.015836161376831484 23.291386454058664 -5193.414182716307 6.834423894136784e-06 0.004723301810462057 -0.057143052249848454
-0.9624529991047449 -4.559866606982991 2.384758148031028 287.4 552.9000000000001 342 353 3.3845382570743903 3.9456904224661584 -2215.455305667547 -0.015836161376831484 23.291386454058664 -5193.414182716307 6.834423894136784e-06 0.004723301810462057 -0.057143052249848454
-0.9487036705461093 -4.576562220232768 2.4526682653750727 286.40000000000003 552.5 331 361 3.3845382570743903 3.9456904224661584 -2215.455305667547 -0.015836161376831484 23.291386454058664 -5193.414182716307 6.834423894136784e-06 0.004723301810462057 -0.057143052249848454
-0.9339722470904289 -4.594239928379589 2.4468543773932265 285.30000000000007 552.0999999999999 322 366 3.3845382570743903 3.9456904224661584 -2215.455305667547 -0.015836161376831484 23.291386454058664 -5193.414182716307 6.834423894136784e-06 0.004723301810462057 -0.057143052249848454
-0.9104019695613277 -4.615846016114594 2.3329428673818255 284.1000000000001 551.6 313 372 3.3845382570743903 3.9456904224661584 -2215.455305667547 -0.015836161376831484 23.291386454058664 -5193.414182716307 6.834423894136784e-06 0.004723301810462057 -0.057143052249848454
-0.8937063563115444 -4.6364700089525535 2.498091544796377 282.90000000000003 551.3 301 382 3.3845382570743903 3.9456904224661584 -2215.455305667547 -0.015836161376831484 23.291386454058664 -5193.414182716307 6.834423894136784e-06 0.004723301810462057 -0.057143052249848454
-0.8779928379588148 -4.6570940017905125 2.530866689200707 281.70000000000005 550.9999999999999 292 388 3.3845382570743903 3.9456904224661584 -2215.455305667547 -0.015836161376831484 23.291386454058664 -5193.414182716307 6.834423894136784e-06 0.004723301810462057 -0.057143052249848454
-0.8485299910474495 -4.685574753804836 2.3561944901923857 280.1 550.3 282 399 3.3845382570743903 3.9456904224661584 -2215.455305667547 -0.015836161376831484 23.291386454058664 -5193.414182716307 6.834423894136784e-06 0.004723301810462057 -0.057143052249848454
-0.8151387645478918 -4.714055505819161 2.2896263264164807 278.6 549.5 272 410 3.4326873028867677 3.955989815453445 -2236.9144789840007 0.10600858172883917 23.29204024320925 -5240.156471206433 4.4429413968499106e-05 0.004732260195704205 -0.07367578438605525
-0.7807654431512981 -4.740572068039393 2.238102461773295 277.2 548.7 262 422 3.4326873028867677 3.955989815453445 -2236.9144789840007 0.10600858172883917 23.29204024320925 -5240.156471206433 4.4429413968499106e-05 0.004732260195704205 -0.07367578438605525
-0.7395174574753733 -4.7729811996419 2.245537269018392 275.5 547.7000000000002 251 435 3.4326873028867677 3.955989815453445 -2236.9144789840007 0.10600858172883917 23.29204024320925 -5240.156471206433 4.4429413968499106e-05 0.004732260195704205 -0.07367578438605525
-0.702197851387641 -4.806372426141452 2.3127435948008284 273.7 546.8000000000001 240 448 3.4326873028867677 3.955989815453445 -2236.9144789840007 0.10600858172883917 23.29204024320925 -5240.156471206433 4.4429413968499106e-05 0.004732260195704205 -0.07367578438605525
