47 -4.30943240823635 3.540452103849596 1.9336368177996337 -1.0812864816472687 4.32711011638317
-4.30943240823635 3.540452103849596 1.9336368177996337 974.9 670.5 584 194 3.36041146766893 3.947271094422119 -2173.4131395094373 -0.011702169972163685 23.23815461143569 -5046.053875307553 7.822070588370644e-06 0.004725161125723774 -0.030039697936407102
-4.271130707251577 3.5836642793196063 1.7974514638388328 978.3000000000002 668.9 -1 -1 3.36041146766893 3.947271094422119 -2173.4131395094373 -0.011702169972163685 23.23815461143569 -5046.053875307553 7.822070588370644e-06 0.004725161125723774 -0.030039697936407102
-4.238721575649068 3.618037600716204 1.661266109878032 980.9000000000001 667.5000000000001 600 183 3.36041146766893 3.947271094422119 -2173.4131395094373 -0.011702169972163685 23.23815461143569 -5046.053875307553 7.822070588370644e-06 0.004725161125723774 -0.030039697936407102
-4.203366159355421 3.650446732318713 1.525080755917231 983.2 666.0 604 188 3.36041146766893 3.947271094422119 -2173.4131395094373 -0.011702169972163685 23.23815461143569 -5046.053875307553 7.822070588370644e-06 0.004725161125723774 -0.030039697936407102
-4.165064458370635 3.681873769024172 1.3888954019564301 985.3000000000002 664.4 -1 -1 3.36041146766893 3.947271094422119 -2173.4131395094373 -0.011702169972163685 23.23815461143569 -5046.053875307553 7.822070588370644e-06 0.004725161125723774 -0.030039697936407102
-4.126762757385858 3.7221396598030454 1.2527100479956292 988.3000000000002 662.8000000000001 610 198 3.36041146766893 3.947271094422119 -2173.4131395094373 -0.011702169972163685 23.23815461143569 -5046.053875307553 7.822070588370644e-06 0.004725161125723774 -0.030039697936407102
-4.087478961504036 3.7624055505819163 1.1165246940348283 991.3000000000002 661.2 615 207 3.36041146766893 3.947271094422119 -2173.4131395094373 -0.011702169972163685 23.23815461143569 -5046.053875307553 7.822070588370644e-06 0.004725161125723774 -0.030039697936407102
-4.043284691136986 3.8046356311548815 0.9803393400740266 994.3000000000002 659.4 -1 -1 3.36041146766893 3.947271094422119 -2173.4131395094373 -0.011702169972163685 23.23815461143569 -5046.053875307553 7.822070588370644e-06 0.004725161125723774 -0.030039697936407102
-3.9902515666965153 3.8517761862130726 0.8441539861132259 997.5 657.2 -1 -1 3.36041146766893 3.947271094422119 -2173.4131395094373 -0.011702169972163685 23.23815461143569 -5046.053875307553 7.822070588370644e-06 0.004725161125723774 -0.030039697936407102
-3.9303437779767307 3.8989167412712638 0.9041035005406227 1000.4999999999999 654.8000000000001 631 232 3.36041146766893 3.947271094422119 -2173.4131395094373 -0.011702169972163685 23.23815461143569 -5046.053875307553 7.822070588370644e-06 0.004725161125723774 -0.030039697936407102
-3.8684717994628572 3.9490035810205915 0.8902751021276697 1003.7 652.3000000000001 638 242 3.36041146766893 3.947271094422119 -2173.4131395094373 -0.011702169972163685 23.23815461143569 -5046.053875307553 7.822070588370644e-06 0.004725161125723774 -0.030039697936407102
-3.807581915846019 4.000072515666963 0.8472660092618914 1007.0999999999999 649.9 642 252 3.36041146766893 3.947271094422119 -2173.4131395094373 -0.011702169972163685 23.23815461143569 -5046.053875307553 7.822070588370644e-06 0.004725161125723774 -0.030039697936407102
-3.745709937332141 4.052123545210383 0.8461927192722215 1010.6000000000001 647.5 650 266 3.36041146766893 3.947271094422119 -2173.4131395094373 -0.011702169972163685 23.23815461143569 -5046.053875307553 7.822070588370644e-06 0.004725161125723774 -0.030039697936407102
-3.6838379588182626 4.103192479856759 0.8554587460358793 1013.9000000000001 645.1 658 277 3.36041146766893 3.947271094422119 -2173.4131395094373 -0.011702169972163685 23.23815461143569 -5046.053875307553 7.822070588370644e-06 0.004725161125723774 -0.030039697936407102
-3.6239301700984785 4.153279319606086 0.8483778258304179 1017.2 642.8 666 290 3.36041146766893 3.947271094422119 -2173.4131395094373 -0.011702169972163685 23.23815461143569 -5046.053875307553 7.822070588370644e-06 0.004725161125723774 -0.030039697936407102
-3.565986571172784 4.203366159355417 0.8312375892785231 1020.5 640.5999999999999 674 306 3.3276769093662475 3.897929778506653 -2139.743764054707 -0.0509767740978838 23.00552980193218 -4941.814236623193 -9.557178086752842e-06 0.004670884633103278 -0.003661484567961381
-3.5060787824529993 4.253452999104747 0.8483778258303961 1023.7000000000002 638.3 684 321 3.3276769093662475 3.897929778506653 -2139.743764054707 -0.0509767740978838 23.00552980193218 -4941.814236623193 -9.557178086752842e-06 0.004670884633103278 -0.003661484567961381
-3.4530456580125284 4.300593554162937 0.8150924030043979 1026.8 636.3 692 338 3.3276769093662475 3.897929778506653 -2139.743764054707 -0.0509767740978838 23.00552980193218 -4941.814236623193 -9.557178086752842e-06 0.004670884633103278 -0.003661484567961381
-3.40394091316025 4.345769919427035 0.7959240904291647 1029.8 634.5 702 354 3.3276769093662475 3.897929778506653 -2139.743764054707 -0.0509767740978838 23.00552980193218 -4941.814236623193 -9.557178086752842e-06 0.004670884633103278 -0.003661484567961381
-3.3577824529991016 4.38996418979409 0.7744095947147751 1032.8 632.8000000000001 712 374 3.3276769093662475 3.897929778506653 -2139.743764054707 -0.0509767740978838 23.00552980193218 -4941.814236623193 -9.557178086752842e-06 0.004670884633103278 -0.003661484567961381
-3.308677708146823 4.432194270367053 0.8288490587888934 1035.5 631.0 715 369 3.3276769093662475 3.897929778506653 -2139.743764054707 -0.0509767740978838 23.00552980193218 -4941.814236623193 -9.557178086752842e-06 0.004670884633103278 -0.003661484567961381
-3.255644583706352 4.473442256042971 0.9097531579442535 1037.9 629.0 722 364 3.3276769093662475 3.897929778506653 -2139.743764054707 -0.0509767740978838 23.00552980193218 -4941.814236623193 -9.557178086752842e-06 0.004670884633103278 -0.003661484567961381
-3.196718889883617 4.514690241718887 0.9600703624056728 1040.1000000000001 626.8 730 362 3.3276769093662475 3.897929778506653 -2139.743764054707 -0.0509767740978838 23.00552980193218 -4941.814236623193 -9.557178086752842e-06 0.004670884633103278 -0.003661484567961381
-3.1289543419874657 4.555938227394807 1.0240074859056263 1042.2000000000003 624.3 737 359 3.3276769093662475 3.897929778506653 -2139.743764054707 -0.0509767740978838 23.00552980193218 -4941.814236623193 -9.557178086752842e-06 0.004670884633103278 -0.003661484567961381
-3.0552972247090415 4.598168307967771 1.0502154933032417 1044.1999999999998 621.6000000000001 744 358 3.3276769093662475 3.897929778506653 -2139.743764054707 -0.0509767740978838 23.00552980193218 -4941.814236623193 -9.557178086752842e-06 0.004670884633103278 -0.003661484567961381
-2.9767296329453887 4.634505819158458 1.1375961583632805 1045.5 618.7 751 355 3.3276769093662475 3.897929778506653 -2139.743764054707 -0.0509767740978838 23.00552980193218 -4941.814236623193 -9.557178086752842e-06 0.004670884633103278 -0.003661484567961381
-2.8912873769024183 4.664950760966873 1.2285007183648569 1046.2 615.6 758 354 3.3276769093662475 3.897929778506653 -2139.743764054707 -0.0509767740978838 23.00552980193218 -4941.814236623193 -9.557178086752842e-06 0.004670884633103278 -0.003661484567961381
-2.7970062667860316 4.698341987466426 1.2304143881529932 1046.8999999999999 612.2 768 354 3.3276769093662475 3.897929778506653 -2139.743764054707 -0.0509767740978838 23.00552980193218 -4941.814236623193 -9.557178086752842e-06 0.004670884633103278 -0.003661484567961381
-2.7017430617726044 4.723876454789612 1.3089110621143816 1046.9 608.8 776 354 3.3276769093662475 3.897929778506653 -2139.743764054707 -0.0509767740978838 23.00552980193218 -4941.814236623193 -9.557178086752842e-06 0.004670884633103278 -0.003661484567961381
-2.6084440465532626 4.745482542524617 1.3432288393843184 1046.5000000000002 605.5 784 356 3.3276769093662475 3.897929778506653 -2139.743764054707 -0.0509767740978838 23.00552980193218 -4941.814236623193 -9.557178086752842e-06 0.004670884633103278 -0.003661484567961381
-2.5230017905102877 4.7592318710832595 1.4112446058616062 1045.7000000000003 602.5 792 358 3.3276769093662475 3.897929778506653 -2139.743764054707 -0.0509767740978838 23.00552980193218 -4941.814236623193 -9.557178086752842e-06 0.004670884633103278 -0.003661484567961381
-2.436577439570268 4.7739632945389445 1.4019644247837793 1044.9 599.5 800 358 3.3276769093662475 3.897929778506653 -2139.743764054707 -0.0509767740978838 23.00552980193218 -4941.814236623193 -9.557178086752842e-06 0.004670884633103278 -0.003661484567961381
-2.3521172784243465 4.788694717994629 1.3981148351768804 1044.2 596.6000000000001 812 364 3.3276769093662475 3.897929778506653 -2139.743764054707 -0.0509767740978838 23.00552980193218 -4941.814236623193 -9.557178086752842e-06 0.004670884633103278 -0.003661484567961381
-2.275513876454788 4.804408236347359 1.3684746984165972 1043.7000000000003 594.0 821 367 3.3276769093662475 3.897929778506653 -2139.743764054707 -0.0509767740978838 23.00552980193218 -4941.814236623193 -9.557178086752842e-06 0.004670884633103278 -0.003661484567961381
-2.198910474485225 4.818157564905999 1.3932001595114014 1043.1000000000001 591.4000000000001 830 372 3.3276769093662475 3.897929778506653 -2139.743764054707 -0.0509767740978838 23.00552980193218 -4941.814236623193 -9.557178086752842e-06 0.004670884633103278 -0.003661484567961381
-2.123289167412711 4.834853178155775 1.353502895871865 1042.8000000000002 588.9000000000001 840 378 3.3276769093662475 3.897929778506653 -2139.743764054707 -0.0509767740978838 23.00552980193218 -4941.814236623193 -9.557178086752842e-06 0.004670884633103278 -0.003661484567961381
-2.0506141450313313 4.852530886302595 1.3321870042867332 1042.6 586.5 850 386 3.3276769093662475 3.897929778506653 -2139.743764054707 -0.0509767740978838 23.00552980193218 -4941.814236623193 -9.557178086752842e-06 0.004670884633103278 -0.003661484567961381
-1.9828495971351845 4.859405550581917 1.4696929550585536 1041.6000000000001 584.3000000000001 860 394 3.3276769093662475 3.897929778506653 -2139.743764054707 -0.0509767740978838 23.00552980193218 -4941.814236623193 -9.557178086752842e-06 0.004670884633103278 -0.003661484567961381
-1.9150850492390377 4.86529811996419 1.48405798811892 1040.6 582.1 872 402 3.3276769093662475 3.897929778506653 -2139.743764054707 -0.0509767740978838 23.00552980193218 -4941.814236623193 -9.557178086752842e-06 0.004670884633103278 -0.003661484567961381
-1.8463384064458372 4.868244404655329 1.5279653941261462 1039.4 579.9 882 412 3.3276769093662475 3.897929778506653 -2139.743764054707 -0.0509767740978838 23.00552980193218 -4941.814236623193 -9.557178086752842e-06 0.004670884633103278 -0.003661484567961381
-1.7716991942703637 4.872172784243507 1.5182132651840052 1038.1000000000001 577.5000000000001 894 422 3.3276769093662475 3.897929778506653 -2139.743764054707 -0.0509767740978838 23.00552980193218 -4941.814236623193 -9.557178086752842e-06 0.004670884633103278 -0.003661484567961381
-1.6921495076096662 4.868244404655327 1.6201389590478503 1036.1 575.0 904 433 3.3276769093662475 3.897929778506653 -2139.743764054707 -0.0509767740978838 23.00552980193218 -4941.814236623193 -9.557178086752842e-06 0.004670884633103278 -0.003661484567961381
-1.6096535362578301 4.862351835273054 1.6421037915801755 1033.9 572.4 916 446 3.3276769093662475 3.897929778506653 -2139.743764054707 -0.0509767740978838 23.00552980193218 -4941.814236623193 -9.557178086752842e-06 0.004670884633103278 -0.003661484567961381
-1.519300805729627 4.853512981199642 1.6683121300824495 1031.3000000000002 569.6 928 461 3.3276769093662475 3.897929778506653 -2139.743764054707 -0.0509767740978838 23.00552980193218 -4941.814236623193 -9.557178086752842e-06 0.004670884633103278 -0.003661484567961381
-1.427965980304379 4.841727842435093 1.6991195544806938 1028.4 566.8 940 476 3.3276769093662475 3.897929778506653 -2139.743764054707 -0.0509767740978838 23.00552980193218 -4941.814236623193 -9.557178086752842e-06 0.004670884633103278 -0.003661484567961381
-1.3366311548791308 4.827978513876455 1.7202120367113471 1025.4 564.0 952 491 3.3276769093662475 3.897929778506653 -2139.743764054707 -0.0509767740978838 23.00552980193218 -4941.814236623193 -9.557178086752842e-06 0.004670884633103278 -0.003661484567961381
-1.2472605192479769 4.8152112802148626 1.712693381399057 1022.5 561.3000000000001 964 507 3.3276769093662475 3.897929778506653 -2139.743764054707 -0.0509767740978838 23.00552980193218 -4941.814236623193 -9.557178086752842e-06 0.004670884633103278 -0.003661484567961381
