62 -2.358009847806624 -4.363447627573859 1.7126933813990832 -1.067537153088633 -5.108857654431514
-2.358009847806624 -4.363447627573859 1.7126933813990832 271.7 612.1 722 204 3.3708932311279383 3.936318400958828 -2251.2218998318626 -0.03582620926413323 23.27700216578878 -5503.037381819752 -4.252783900656208e-06 0.004729510011996665 -0.11931168267994173
-2.3275649059982095 -4.371304386750224 1.8233506025729496 271.7 611.1 720 201 3.3708932311279383 3.936318400958828 -2251.2218998318626 -0.03582620926413323 23.27700216578878 -5503.037381819752 -4.252783900656208e-06 0.004729510011996665 -0.11931168267994173
-2.2941736794986562 -4.381125335720681 1.8568477685122229 271.6 610.0 712 194 3.3708932311279383 3.936318400958828 -2251.2218998318626 -0.03582620926413323 23.27700216578878 -5503.037381819752 -4.252783900656208e-06 0.004729510011996665 -0.11931168267994173
-2.257836168307964 -4.392910474485229 1.8844169790115706 271.4 608.8000000000001 708 190 3.3708932311279383 3.936318400958828 -2251.2218998318626 -0.03582620926413323 23.27700216578878 -5503.037381819752 -4.252783900656208e-06 0.004729510011996665 -0.11931168267994173
-2.2273912264995497 -4.404695613249777 1.940129984468529 271.09999999999997 607.8 704 186 3.3708932311279383 3.936318400958828 -2251.2218998318626 -0.03582620926413323 23.27700216578878 -5503.037381819752 -4.252783900656208e-06 0.004729510011996665 -0.11931168267994173
-2.1969462846911307 -4.4164807520143246 1.9401299844684796 270.8 606.8000000000001 700 184 3.3708932311279383 3.936318400958828 -2251.2218998318626 -0.03582620926413323 23.27700216578878 -5503.037381819752 -4.252783900656208e-06 0.004729510011996665 -0.11931168267994173
-2.1665013428827162 -4.427283795881827 1.9117752802912618 270.5 605.8000000000002 694 178 3.3708932311279383 3.936318400958828 -2251.2218998318626 -0.03582620926413323 23.27700216578878 -5503.037381819752 -4.252783900656208e-06 0.004729510011996665 -0.11931168267994173
-2.1360564010743017 -4.43808683974933 1.9117752802912618 270.20000000000005 604.8000000000001 690 178 3.3708932311279383 3.936318400958828 -2251.2218998318626 -0.03582620926413323 23.27700216578878 -5503.037381819752 -4.252783900656208e-06 0.004729510011996665 -0.11931168267994173
-2.1085577439570216 -4.4488898836168325 1.9451299428024655 269.90000000000003 603.9000000000001 684 175 3.3708932311279383 3.936318400958828 -2251.2218998318626 -0.03582620926413323 23.27700216578878 -5503.037381819752 -4.252783900656208e-06 0.004729510011996665 -0.11931168267994173
-2.0879337511190683 -4.458710832587289 2.0152155366960964 269.6 603.2000000000002 679 173 3.3708932311279383 3.936318400958828 -2251.2218998318626 -0.03582620926413323 23.27700216578878 -5503.037381819752 -4.252783900656208e-06 0.004729510011996665 -0.11931168267994173
-2.0702560429722445 -4.468531781557745 2.0778948311871908 269.20000000000005 602.6000000000001 673 174 3.3708932311279383 3.936318400958828 -2251.2218998318626 -0.03582620926413323 23.27700216578878 -5503.037381819752 -4.252783900656208e-06 0.004729510011996665 -0.11931168267994173
-2.055524619516555 -4.4754064458370655 2.0074234866083467 268.80000000000007 602.1000000000001 666 170 3.3708932311279383 3.936318400958828 -2251.2218998318626 -0.03582620926413323 23.27700216578878 -5503.037381819752 -4.252783900656208e-06 0.004729510011996665 -0.11931168267994173
-2.0437394807520137 -4.482281110116385 2.09887077522148 268.3 601.6999999999999 663 171 3.3708932311279383 3.936318400958828 -2251.2218998318626 -0.03582620926413323 23.27700216578878 -5503.037381819752 -4.252783900656208e-06 0.004729510011996665 -0.11931168267994173
-2.030972247090418 -4.49013786929275 2.1224513093233557 267.70000000000005 601.3 654 170 3.3708932311279383 3.936318400958828 -2251.2218998318626 -0.03582620926413323 23.27700216578878 -5503.037381819752 -4.252783900656208e-06 0.004729510011996665 -0.11931168267994173
-2.018205013428823 -4.500940913160251 2.273053258303819 266.90000000000003 600.9 650 174 3.3708932311279383 3.936318400958828 -2251.2218998318626 -0.03582620926413323 23.27700216578878 -5503.037381819752 -4.252783900656208e-06 0.004729510011996665 -0.11931168267994173
-2.008384064458366 -4.512726051924799 2.4468543773930853 265.90000000000003 600.6 642 172 3.3854870191142443 3.999695404644732 -2280.6085468790284 -0.02883195606296109 23.544784448154214 -5603.419019465599 -1.3570477632934345e-06 0.0048048262715369985 -0.1452738106429372
-1.9985631154879142 -4.529421665174576 2.609868586331198 264.6 600.3 638 178 3.3854870191142443 3.999695404644732 -2280.6085468790284 -0.02883195606296109 23.544784448154214 -5603.419019465599 -1.3570477632934345e-06 0.0048048262715369985 -0.1452738106429372
-1.9857958818263233 -4.5510277529095795 2.60788446195061 263.0 599.9 632 180 3.3854870191142443 3.999695404644732 -2280.6085468790284 -0.02883195606296109 23.544784448154214 -5603.419019465599 -1.3570477632934345e-06 0.0048048262715369985 -0.1452738106429372
-1.9671360787824506 -4.577544315129813 2.5283853047151568 261.0 599.3 622 182 3.3854870191142443 3.999695404644732 -2280.6085468790284 -0.02883195606296109 23.544784448154214 -5603.419019465599 -1.3570477632934345e-06 0.0048048262715369985 -0.1452738106429372
-1.9514225604297208 -4.6070071620411825 2.6516353273360886 258.70000000000005 598.8000000000001 618 188 3.3854870191142443 3.999695404644732 -2280.6085468790284 -0.02883195606296109 23.544784448154214 -5603.419019465599 -1.3570477632934345e-06 0.0048048262715369985 -0.1452738106429372
-1.9357090420769911 -4.63941629364369 2.6901395620372557 256.2 598.3000000000001 611 193 3.3854870191142443 3.999695404644732 -2280.6085468790284 -0.02883195606296109 23.544784448154214 -5603.419019465599 -1.3570477632934345e-06 0.0048048262715369985 -0.1452738106429372
-1.9258880931065345 -4.674771709937333 2.8706458032513744 253.50000000000003 598.0 602 198 3.3854870191142443 3.999695404644732 -2280.6085468790284 -0.02883195606296109 23.544784448154214 -5603.419019465599 -1.3570477632934345e-06 0.0048048262715369985 -0.1452738106429372
-1.9199955237242616 -4.711109221128022 2.980829912963982 250.70000000000005 597.8 596 204 3.3854870191142443 3.999695404644732 -2280.6085468790284 -0.02883195606296109 23.544784448154214 -5603.419019465599 -1.3570477632934345e-06 0.0048048262715369985 -0.1452738106429372
-1.9209776186213063 -4.746464637421667 3.1693632901831883 247.80000000000004 597.8 590 212 3.3854870191142443 3.999695404644732 -2280.6085468790284 -0.02883195606296109 23.544784448154214 -5603.419019465599 -1.3570477632934345e-06 0.0048048262715369985 -0.1452738106429372
-1.9249059982094898 -4.781820053715311 3.252249874763713 244.8 597.9000000000001 582 218 3.3854870191142443 3.999695404644732 -2280.6085468790284 -0.02883195606296109 23.544784448154214 -5603.419019465599 -1.3570477632934345e-06 0.0048048262715369985 -0.1452738106429372
-1.9288343777976689 -4.819139659803045 3.2464695923199334 241.7 598.0 574 230 3.3854870191142443 3.999695404644732 -2280.6085468790284 -0.02883195606296109 23.544784448154214 -5603.419019465599 -1.3570477632934345e-06 0.0048048262715369985 -0.1452738106429372
-1.9357090420769867 -4.856459265890781 3.3237609640625094 238.50000000000003 598.2 566 236 3.3854870191142443 3.999695404644732 -2280.6085468790284 -0.02883195606296109 23.544784448154214 -5603.419019465599 -1.3570477632934345e-06 0.0048048262715369985 -0.1452738106429372
-1.942583706356309 -4.894760966875561 3.3191888208733498 235.20000000000002 598.4 560 250 3.3854870191142443 3.999695404644732 -2280.6085468790284 -0.02883195606296109 23.544784448154214 -5603.419019465599 -1.3570477632934345e-06 0.0048048262715369985 -0.1452738106429372
-1.9524046553267655 -4.933062667860343 3.392595340232822 231.90000000000003 598.7 552 262 3.3854870191142443 3.999695404644732 -2280.6085468790284 -0.02883195606296109 23.544784448154214 -5603.419019465599 -1.3570477632934345e-06 0.0048048262715369985 -0.1452738106429372
-1.956333034914949 -4.975292748433305 3.2343489737779585 228.4 598.8 544 274 3.3854870191142443 3.999695404644732 -2280.6085468790284 -0.02883195606296109 23.544784448154214 -5603.419019465599 -1.3570477632934345e-06 0.0048048262715369985 -0.1452738106429372
-1.9602614145031327 -5.017522829006268 3.2343489737779585 224.9 598.8999999999999 536 285 3.3854870191142443 3.999695404644732 -2280.6085468790284 -0.02883195606296109 23.544784448154214 -5603.419019465599 -1.3570477632934345e-06 0.0048048262715369985 -0.1452738106429372
-1.9582972247090342 -5.064663384064459 3.0999500744910535 221.10000000000002 598.8000000000001 528 301 3.3854870191142443 3.999695404644732 -2280.6085468790284 -0.02883195606296109 23.544784448154214 -5603.419019465599 -1.3570477632934345e-06 0.0048048262715369985 -0.1452738106429372
-1.9553509400178954 -5.11180393912265 3.0791738435937974 217.30000000000004 598.7000000000002 520 315 3.3854870191142443 3.999695404644732 -2280.6085468790284 -0.02883195606296109 23.544784448154214 -5603.419019465599 -1.3570477632934345e-06 0.0048048262715369985 -0.1452738106429372
-1.9494583706356268 -5.161890778871979 3.0244839090230338 213.4 598.5000000000001 510 333 3.3854870191142443 3.999695404644732 -2280.6085468790284 -0.02883195606296109 23.544784448154214 -5603.419019465599 -1.3570477632934345e-06 0.0048048262715369985 -0.1452738106429372
-1.9406195165622107 -5.210995523724264 2.963499715358494 209.60000000000005 598.2 503 349 3.3854870191142443 3.999695404644732 -2280.6085468790284 -0.02883195606296109 23.544784448154214 -5603.419019465599 -1.3570477632934345e-06 0.0048048262715369985 -0.1452738106429372
-1.9317806624888032 -5.260100268576546 2.963499715358666 205.8 597.9000000000001 493 367 3.3854870191142443 3.999695404644732 -2280.6085468790284 -0.02883195606296109 23.544784448154214 -5603.419019465599 -1.3570477632934345e-06 0.0048048262715369985 -0.1452738106429372
-1.9199955237242525 -5.3072408236347375 2.896613990462876 202.20000000000005 597.5 484 386 3.3854870191142443 3.999695404644732 -2280.6085468790284 -0.02883195606296109 23.544784448154214 -5603.419019465599 -1.3570477632934345e-06 0.0048048262715369985 -0.1452738106429372
-1.9072282900626663 -5.352417188898838 2.8661665498939026 198.8 597.1 476 406 3.3854870191142443 3.999695404644732 -2280.6085468790284 -0.02883195606296109 23.544784448154214 -5603.419019465599 -1.3570477632934345e-06 0.0048048262715369985 -0.1452738106429372
-1.8944610564010709 -5.396611459265892 2.8603604516714607 195.50000000000003 596.7 467 427 3.3854870191142443 3.999695404644732 -2280.6085468790284 -0.02883195606296109 23.544784448154214 -5603.419019465599 -1.3570477632934345e-06 0.0048048262715369985 -0.1452738106429372
-1.8846401074306143 -5.4358952551477175 2.896613990462926 192.5 596.4 460 424 3.3854870191142443 3.999695404644732 -2280.6085468790284 -0.02883195606296109 23.544784448154214 -5603.419019465599 -1.3570477632934345e-06 0.0048048262715369985 -0.1452738106429372
-1.8718728737690233 -5.472232766338407 2.8037144653495796 189.8 596.0 452 416 3.3854870191142443 3.999695404644732 -2280.6085468790284 -0.02883195606296109 23.544784448154214 -5603.419019465599 -1.3570477632934345e-06 0.0048048262715369985 -0.1452738106429372
-1.8620519247985667 -5.501695613249777 2.819842099193151 187.6 595.7 444 412 3.3854870191142443 3.999695404644732 -2280.6085468790284 -0.02883195606296109 23.544784448154214 -5603.419019465599 -1.3570477632934345e-06 0.0048048262715369985 -0.1452738106429372
-1.8463384064458284 -5.52821217547001 2.60663757980348 185.79999999999998 595.2 436 406 3.3854870191142443 3.999695404644732 -2280.6085468790284 -0.02883195606296109 23.544784448154214 -5603.419019465599 -1.3570477632934345e-06 0.0048048262715369985 -0.1452738106429372
-1.8276786034019643 -5.549818263205015 2.4292350554955693 184.49999999999997 594.6 430 402 3.3854870191142443 3.999695404644732 -2280.6085468790284 -0.02883195606296109 23.544784448154214 -5603.419019465599 -1.3570477632934345e-06 0.0048048262715369985 -0.1452738106429372
-1.8021441360787782 -5.568478066248883 2.201875714266237 183.6 593.8 420 398 3.3854870191142443 3.999695404644732 -2280.6085468790284 -0.02883195606296109 23.544784448154214 -5603.419019465599 -1.3570477632934345e-06 0.0048048262715369985 -0.1452738106429372
-1.776609668755592 -5.581245299910476 2.0344439357957027 183.2 593.0 410 394 3.3854870191142443 3.999695404644732 -2280.6085468790284 -0.02883195606296109 23.544784448154214 -5603.419019465599 -1.3570477632934345e-06 0.0048048262715369985 -0.1452738106429372
-1.7510752014324058 -5.591066248880933 1.9379701606131465 183.1 592.1999999999999 404 388 3.3854870191142443 3.999695404644732 -2280.6085468790284 -0.02883195606296109 23.544784448154214 -5603.419019465599 -1.3570477632934345e-06 0.0048048262715369985 -0.1452738106429372
-1.729469113697403 -5.596958818263206 1.8370483759458285 183.2 591.4999999999999 396 390 3.3854870191142443 3.999695404644732 -2280.6085468790284 -0.02883195606296109 23.544784448154214 -5603.419019465599 -1.3570477632934345e-06 0.0048048262715369985 -0.1452738106429372
-1.700988361683078 -5.60088719785139 1.7078625011050916 183.6 590.6 384 388 3.3854870191142443 3.999695404644732 -2280.6085468790284 -0.02883195606296109 23.544784448154214 -5603.419019465599 -1.3570477632934345e-06 0.0048048262715369985 -0.1452738106429372
-1.6695613249776187 -5.601869292748435 1.602036160225156 184.29999999999998 589.6 376 388 3.3854870191142443 3.999695404644732 -2280.6085468790284 -0.02883195606296109 23.544784448154214 -5603.419019465599 -1.3570477632934345e-06 0.0048048262715369985 -0.1452738106429372
-1.638134288272155 -5.601869292748435 1.5707963267949143 185.10000000000002 588.6 367 387 3.3854870191142443 3.999695404644732 -2280.6085468790284 -0.02883195606296109 23.544784448154214 -5603.419019465599 -1.3570477632934345e-06 0.0048048262715369985 -0.1452738106429372
-1.6027788719785123 -5.600887197851389 1.5430256902014527 186.10000000000002 587.5 355 391 3.3854870191142443 3.999695404644732 -2280.6085468790284 -0.02883195606296109 23.544784448154214 -5603.419019465599 -1.3570477632934345e-06 0.0048048262715369985 -0.1452738106429372
-1.5733160250671425 -5.598923008057298 1.5042281630190955 187.00000000000003 586.5999999999999 348 392 3.3854870191142443 3.999695404644732 -2280.6085468790284 -0.02883195606296109 23.544784448154214 -5603.419019465599 -1.3570477632934345e-06 0.0048048262715369985 -0.1452738106429372
-1.5438531781557683 -5.594994628469115 1.4382447944982313 188.0 585.7000000000002 338 395 3.3854870191142443 3.999695404644732 -2280.6085468790284 -0.02883195606296109 23.544784448154214 -5603.419019465599 -1.3570477632934345e-06 0.0048048262715369985 -0.1452738106429372
-1.5183187108325864 -5.594012533572069 1.532353736773692 188.8 584.9000000000001 327 399 3.3854870191142443 3.999695404644732 -2280.6085468790284 -0.02883195606296109 23.544784448154214 -5603.419019465599 -1.3570477632934345e-06 0.0048048262715369985 -0.1452738106429372
-1.4888558639212124 -5.595976723366162 1.6373644905707254 189.39999999999998 584.0 318 404 3.3854870191142443 3.999695404644732 -2280.6085468790284 -0.02883195606296109 23.544784448154214 -5603.419019465599 -1.3570477632934345e-06 0.0048048262715369985 -0.1452738106429372
-1.4554646374216635 -5.60088719785139 1.7168085845061873 189.79999999999998 583.0 306 410 3.3854870191142443 3.999695404644732 -2280.6085468790284 -0.02883195606296109 23.544784448154214 -5603.419019465599 -1.3570477632934345e-06 0.0048048262715369985 -0.1452738106429372
-1.4122524619516492 -5.6097260519248 1.7725586711151544 190.1 581.7 295 418 3.3854870191142443 3.999695404644732 -2280.6085468790284 -0.02883195606296109 23.544784448154214 -5603.419019465599 -1.3570477632934345e-06 0.0048048262715369985 -0.1452738106429372
-1.3651119068934647 -5.620529095792303 1.7960731060089894 190.4 580.3000000000002 284 424 3.3854870191142443 3.999695404644732 -2280.6085468790284 -0.02883195606296109 23.544784448154214 -5603.419019465599 -1.3570477632934345e-06 0.0048048262715369985 -0.1452738106429372
-1.3110966875559535 -5.636242614145033 1.8538921120943863 190.50000000000003 578.7 272 432 3.3854870191142443 3.999695404644732 -2280.6085468790284 -0.02883195606296109 23.544784448154214 -5603.419019465599 -1.3570477632934345e-06 0.0048048262715369985 -0.1452738106429372
-1.2600277529095811 -5.651956132497763 1.8692952583810847 190.50000000000003 577.1999999999999 262 444 3.3669478123311274 3.955869384103568 -2254.9621865755535 -0.03598835643177889 23.35831570179888 -5531.79825788482 -4.297872374640091e-06 0.004753016219973248 -0.12680813911400587
-1.2128871978513922 -5.668651745747539 1.9111782654368246 190.30000000000004 575.8 251 457 3.3669478123311274 3.955869384103568 -2254.9621865755535 -0.03598835643177889 23.35831570179888 -5531.79825788482 -4.297872374640091e-06 0.004753016219973248 -0.12680813911400587
