71 -3.4667949865711774 4.1905989256938225 2.697173443688501 -1.7815201432408292 3.568932855863922
-3.4667949865711774 4.1905989256938225 2.697173443688501 1013.7 639.4999999999999 542 190 3.3981901071118847 4.0207476048205875 -2246.4632543519756 -0.008826105360328365 23.55392344974662 -5288.638291704115 9.048082645347699e-06 0.004798364178958792 -0.08167890657589995
-3.4589382273948104 4.168992837958817 2.79282165000582 1011.5999999999999 639.1999999999999 545 184 3.3981901071118847 4.0207476048205875 -2246.4632543519756 -0.008826105360328365 23.55392344974662 -5288.638291704115 9.048082645347699e-06 0.004798364178958792 -0.08167890657589995
-3.4510814682184434 4.144440465532676 2.831889709047271 1009.2 638.9 551 178 3.3981901071118847 4.0207476048205875 -2246.4632543519756 -0.008826105360328365 23.55392344974662 -5288.638291704115 9.048082645347699e-06 0.004798364178958792 -0.08167890657589995
-3.4432247090420764 4.118905998209487 2.8430937220035646 1006.7 638.6000000000001 554 172 3.3981901071118847 4.0207476048205875 -2246.4632543519756 -0.008826105360328365 23.55392344974662 -5288.638291704115 9.048082645347699e-06 0.004798364178958792 -0.08167890657589995
-3.4353679498657095 4.094353625783346 2.831889709047271 1004.3000000000002 638.3000000000001 558 166 3.3981901071118847 4.0207476048205875 -2246.4632543519756 -0.008826105360328365 23.55392344974662 -5288.638291704115 9.048082645347699e-06 0.004798364178958792 -0.08167890657589995
-3.4255470008952615 4.070783348254252 2.7468015338903347 1002.0000000000001 637.9000000000001 564 164 3.3981901071118847 4.0207476048205875 -2246.4632543519756 -0.008826105360328365 23.55392344974662 -5288.638291704115 9.048082645347699e-06 0.004798364178958792 -0.08167890657589995
-3.414743957027756 4.045248880931066 2.741351996555688 999.5000000000002 637.5 568 158 3.3981901071118847 4.0207476048205875 -2246.4632543519756 -0.008826105360328365 23.55392344974662 -5288.638291704115 9.048082645347699e-06 0.004798364178958792 -0.08167890657589995
-3.40394091316025 4.021678603401969 2.711830374492994 997.2000000000003 637.1 574 156 3.3981901071118847 4.0207476048205875 -2246.4632543519756 -0.008826105360328365 23.55392344974662 -5288.638291704115 9.048082645347699e-06 0.004798364178958792 -0.08167890657589995
-3.388227394807525 3.9981083258728742 2.5535900500423567 994.8000000000001 636.5 580 154 3.3981901071118847 4.0207476048205875 -2246.4632543519756 -0.008826105360328365 23.55392344974662 -5288.638291704115 9.048082645347699e-06 0.004798364178958792 -0.08167890657589995
-3.372513876454795 3.973555953446733 2.572279462489157 992.3000000000002 635.9000000000001 584 151 3.3981901071118847 4.0207476048205875 -2246.4632543519756 -0.008826105360328365 23.55392344974662 -5288.638291704115 9.048082645347699e-06 0.004798364178958792 -0.08167890657589995
-3.354836168307976 3.9499856759176386 2.498091544796554 989.8000000000001 635.2 590 150 3.3981901071118847 4.0207476048205875 -2246.4632543519756 -0.008826105360328365 23.55392344974662 -5288.638291704115 9.048082645347699e-06 0.004798364178958792 -0.08167890657589995
-3.332247985675924 3.9264153983885417 2.3774678762163854 987.2 634.4 -1 -1 3.3981901071118847 4.0207476048205875 -2246.4632543519756 -0.008826105360328365 23.55392344974662 -5288.638291704115 9.048082645347699e-06 0.004798364178958792 -0.08167890657589995
-3.306713518352738 3.904809310653537 2.273053258303931 984.8000000000001 633.5 606 146 3.3981901071118847 4.0207476048205875 -2246.4632543519756 -0.008826105360328365 23.55392344974662 -5288.638291704115 9.048082645347699e-06 0.004798364178958792 -0.08167890657589995
-3.2811790510295515 3.8851674127126237 2.2264919530364495 982.5000000000001 632.6 611 146 3.3981901071118847 4.0207476048205875 -2246.4632543519756 -0.008826105360328365 23.55392344974662 -5288.638291704115 9.048082645347699e-06 0.004798364178958792 -0.08167890657589995
-3.253680393912276 3.8655255147717082 2.191045812777818 980.2 631.6 617 146 3.3981901071118847 4.0207476048205875 -2246.4632543519756 -0.008826105360328365 23.55392344974662 -5288.638291704115 9.048082645347699e-06 0.004798364178958792 -0.08167890657589995
-3.2251996418979467 3.846865711727842 2.1507991010024585 978.0 630.6 623 148 3.4115419926499415 4.003948519535324 -2243.685635170914 0.00831571608350999 23.449700783543282 -5232.274312018106 1.4823023321763285e-05 0.004780426800908501 -0.07184309261978568
-3.196718889883626 3.83115219337511 2.074962288274139 976.0 629.6 626 148 3.4115419926499415 4.003948519535324 -2243.685635170914 0.00831571608350999 23.449700783543282 -5232.274312018106 1.4823023321763285e-05 0.004780426800908501 -0.07184309261978568
-3.1662739480752116 3.8154386750223805 2.0472637462685923 974.0 628.5 632 150 3.4115419926499415 4.003948519535324 -2243.685635170914 0.00831571608350999 23.449700783543282 -5232.274312018106 1.4823023321763285e-05 0.004780426800908501 -0.07184309261978568
-3.1377931960608865 3.8016893464637427 2.020555939864685 972.2000000000002 627.5 640 156 3.4115419926499415 4.003948519535324 -2243.685635170914 0.00831571608350999 23.449700783543282 -5232.274312018106 1.4823023321763285e-05 0.004780426800908501 -0.07184309261978568
-3.1093124440465614 3.7889221128021475 1.9922155336827414 970.5 626.5 646 160 3.4115419926499415 4.003948519535324 -2243.685635170914 0.00831571608350999 23.449700783543282 -5232.274312018106 1.4823023321763285e-05 0.004780426800908501 -0.07184309261978568
-3.079849597135192 3.776154879140554 1.9797041557458093 968.9000000000001 625.5000000000001 652 164 3.4115419926499415 4.003948519535324 -2243.685635170914 0.00831571608350999 23.449700783543282 -5232.274312018106 1.4823023321763285e-05 0.004780426800908501 -0.07184309261978568
-3.0552972247090504 3.7653518352730506 1.9853032013797283 967.5 624.6 657 169 3.4115419926499415 4.003948519535324 -2243.685635170914 0.00831571608350999 23.449700783543282 -5232.274312018106 1.4823023321763285e-05 0.004780426800908501 -0.07184309261978568
-3.0307448522829046 3.756512981199641 1.9163519073765025 966.2000000000002 623.7 662 174 3.4115419926499415 4.003948519535324 -2243.685635170914 0.00831571608350999 23.449700783543282 -5232.274312018106 1.4823023321763285e-05 0.004780426800908501 -0.07184309261978568
-3.0071745747538166 3.748656222023276 1.8925468811916242 965.1000000000001 622.8000000000001 670 182 3.4115419926499415 4.003948519535324 -2243.685635170914 0.00831571608350999 23.449700783543282 -5232.274312018106 1.4823023321763285e-05 0.004780426800908501 -0.07184309261978568
-2.985568487018805 3.742763652641001 1.8370483759457958 964.2000000000002 622.0 676 188 3.4115419926499415 4.003948519535324 -2243.685635170914 0.00831571608350999 23.449700783543282 -5232.274312018106 1.4823023321763285e-05 0.004780426800908501 -0.07184309261978568
-2.963962399283798 3.7368710832587277 1.837048375945752 963.2 621.2 683 197 3.4115419926499415 4.003948519535324 -2243.685635170914 0.00831571608350999 23.449700783543282 -5232.274312018106 1.4823023321763285e-05 0.004780426800908501 -0.07184309261978568
-2.9423563115488 3.729996418979408 1.8788491078187755 962.2 620.4 689 205 3.4115419926499415 4.003948519535324 -2243.685635170914 0.00831571608350999 23.449700783543282 -5232.274312018106 1.4823023321763285e-05 0.004780426800908501 -0.07184309261978568
-2.916821844225609 3.724103849597135 1.7975951748487187 961.2 619.5 695 215 3.4115419926499415 4.003948519535324 -2243.685635170914 0.00831571608350999 23.449700783543282 -5232.274312018106 1.4823023321763285e-05 0.004780426800908501 -0.07184309261978568
-2.892269471799472 3.7182112802148595 1.8063413075158528 960.2000000000002 618.6 704 226 3.4115419926499415 4.003948519535324 -2243.685635170914 0.00831571608350999 23.449700783543282 -5232.274312018106 1.4823023321763285e-05 0.004780426800908501 -0.07184309261978568
-2.8706633840644695 3.714282900626676 1.7506498265874295 959.4000000000001 617.8 708 236 3.4115419926499415 4.003948519535324 -2243.685635170914 0.00831571608350999 23.449700783543282 -5232.274312018106 1.4823023321763285e-05 0.004780426800908501 -0.07184309261978568
-2.8490572963294665 3.7113366159355397 1.7063240407803881 958.7000000000002 616.9999999999999 717 248 3.4115419926499415 4.003948519535324 -2243.685635170914 0.00831571608350999 23.449700783543282 -5232.274312018106 1.4823023321763285e-05 0.004780426800908501 -0.07184309261978568
-2.8245049239033206 3.7093724261414476 1.6506263125071376 958.0000000000001 616.1 724 262 3.4115419926499415 4.003948519535324 -2243.685635170914 0.00831571608350999 23.449700783543282 -5232.274312018106 1.4823023321763285e-05 0.004780426800908501 -0.07184309261978568
-2.799952551477175 3.708390331244403 1.6107750139181432 957.5000000000001 615.2 732 276 3.4115419926499415 4.003948519535324 -2243.685635170914 0.00831571608350999 23.449700783543282 -5232.274312018106 1.4823023321763285e-05 0.004780426800908501 -0.07184309261978568
-2.7744180841539885 3.70937242614145 1.5323537367736548 957.1000000000001 614.3000000000001 736 290 3.4115419926499415 4.003948519535324 -2243.685635170914 0.00831571608350999 23.449700783543282 -5232.274312018106 1.4823023321763285e-05 0.004780426800908501 -0.07184309261978568
-2.745937332139668 3.7123187108325864 1.467714718272199 956.8000000000002 613.3000000000001 744 304 3.4115419926499415 4.003948519535324 -2243.685635170914 0.00831571608350999 23.449700783543282 -5232.274312018106 1.4823023321763285e-05 0.004780426800908501 -0.07184309261978568
-2.717456580125343 3.7182112802148595 1.3667783472023842 956.8000000000001 612.3 752 319 3.4115419926499415 4.003948519535324 -2243.685635170914 0.00831571608350999 23.449700783543282 -5232.274312018106 1.4823023321763285e-05 0.004780426800908501 -0.07184309261978568
-2.688975828111018 3.7250859444941797 1.3339475658479687 956.9000000000001 611.3000000000001 758 338 3.4115419926499415 4.003948519535324 -2243.685635170914 0.00831571608350999 23.449700783543282 -5232.274312018106 1.4823023321763285e-05 0.004780426800908501 -0.07184309261978568
-2.663441360787832 3.733924798567591 1.2375520256831818 957.2 610.4000000000001 766 356 3.4115419926499415 4.003948519535324 -2243.685635170914 0.00831571608350999 23.449700783543282 -5232.274312018106 1.4823023321763285e-05 0.004780426800908501 -0.07184309261978568
-2.6369247985675965 3.744727842435095 1.1839206090638605 957.7 609.5 773 375 3.4115419926499415 4.003948519535324 -2243.685635170914 0.00831571608350999 23.449700783543282 -5232.274312018106 1.4823023321763285e-05 0.004780426800908501 -0.07184309261978568
-2.6104082363473653 3.7584771709937352 1.092443895416185 958.4000000000001 608.6 780 394 3.4115419926499415 4.003948519535324 -2243.685635170914 0.00831571608350999 23.449700783543282 -5232.274312018106 1.4823023321763285e-05 0.004780426800908501 -0.07184309261978568
-2.5838916741271345 3.772226499552373 1.0924438954162514 959.0999999999999 607.6999999999999 785 397 3.4115419926499415 4.003948519535324 -2243.685635170914 0.00831571608350999 23.449700783543282 -5232.274312018106 1.4823023321763285e-05 0.004780426800908501 -0.07184309261978568
-2.5583572068039437 3.7879400179051026 1.0191413442664377 959.9999999999999 606.8 792 388 3.4115419926499415 4.003948519535324 -2243.685635170914 0.00831571608350999 23.449700783543282 -5232.274312018106 1.4823023321763285e-05 0.004780426800908501 -0.07184309261978568
-2.532822739480762 3.8046356311548792 0.9917220574270574 960.9 605.9000000000001 798 382 3.4115419926499415 4.003948519535324 -2243.685635170914 0.00831571608350999 23.449700783543282 -5232.274312018106 1.4823023321763285e-05 0.004780426800908501 -0.07184309261978568
-2.5072882721575716 3.8213312444046537 0.9917220574272789 961.8 605.0 806 376 3.4115419926499415 4.003948519535324 -2243.685635170914 0.00831571608350999 23.449700783543282 -5232.274312018106 1.4823023321763285e-05 0.004780426800908501 -0.07184309261978568
-2.4817538048343897 3.836062667860341 1.0475180046627646 962.6 604.1 814 370 3.4115419926499415 4.003948519535324 -2243.685635170914 0.00831571608350999 23.449700783543282 -5232.274312018106 1.4823023321763285e-05 0.004780426800908501 -0.07184309261978568
-2.4591656222023377 3.8507940913160232 0.9928943898327566 963.4000000000001 603.3000000000001 821 365 3.4115419926499415 4.003948519535324 -2243.685635170914 0.00831571608350999 23.449700783543282 -5232.274312018106 1.4823023321763285e-05 0.004780426800908501 -0.07184309261978568
-2.4395237242614156 3.8655255147717082 0.9272952180018305 964.2000000000002 602.6 829 361 3.4115419926499415 4.003948519535324 -2243.685635170914 0.00831571608350999 23.449700783543282 -5232.274312018106 1.4823023321763285e-05 0.004780426800908501 -0.07184309261978568
-2.422828111011641 3.8802569382273955 0.8478169733932773 965.1000000000001 602.0 836 358 3.4115419926499415 4.003948519535324 -2243.685635170914 0.00831571608350999 23.449700783543282 -5232.274312018106 1.4823023321763285e-05 0.004780426800908501 -0.07184309261978568
-2.4031862130707324 3.895970456580125 0.8960553845712608 966.0000000000001 601.3 844 354 3.4115419926499415 4.003948519535324 -2243.685635170914 0.00831571608350999 23.449700783543282 -5232.274312018106 1.4823023321763285e-05 0.004780426800908501 -0.07184309261978568
-2.3825622202327703 3.91070188003581 0.9505468408121571 966.9000000000002 600.5999999999999 850 352 3.4115419926499415 4.003948519535324 -2243.685635170914 0.00831571608350999 23.449700783543282 -5232.274312018106 1.4823023321763285e-05 0.004780426800908501 -0.07184309261978568
-2.361938227394812 3.9264153983885395 0.9197196053504233 967.8000000000001 599.9000000000001 856 350 3.4115419926499415 4.003948519535324 -2243.685635170914 0.00831571608350999 23.449700783543282 -5232.274312018106 1.4823023321763285e-05 0.004780426800908501 -0.07184309261978568
-2.3432784243509484 3.9401647269471796 0.9357695914044604 968.6000000000001 599.3000000000001 866 350 3.4115419926499415 4.003948519535324 -2243.685635170914 0.00831571608350999 23.449700783543282 -5232.274312018106 1.4823023321763285e-05 0.004780426800908501 -0.07184309261978568
-2.3305111906893528 3.950967770814683 0.8685393952858974 969.3000000000002 598.9 874 350 3.4115419926499415 4.003948519535324 -2243.685635170914 0.00831571608350999 23.449700783543282 -5232.274312018106 1.4823023321763285e-05 0.004780426800908501 -0.07184309261978568
-2.3177439570277576 3.9598066248880928 0.9652516631900631 969.8000000000002 598.5 883 351 3.4115419926499415 4.003948519535324 -2243.685635170914 0.00831571608350999 23.449700783543282 -5232.274312018106 1.4823023321763285e-05 0.004780426800908501 -0.07184309261978568
-2.304976723366167 3.9686454789615047 0.9652516631897811 970.3000000000002 598.1 890 354 3.4115419926499415 4.003948519535324 -2243.685635170914 0.00831571608350999 23.449700783543282 -5232.274312018106 1.4823023321763285e-05 0.004780426800908501 -0.07184309261978568
-2.289263205013437 3.9755201432408245 1.1583858851974647 970.6000000000001 597.6 899 355 3.4115419926499415 4.003948519535324 -2243.685635170914 0.00831571608350999 23.449700783543282 -5232.274312018106 1.4823023321763285e-05 0.004780426800908501 -0.07184309261978568
-2.2745317815577524 3.979448522829008 1.2924966677897423 970.9000000000001 597.0 908 360 3.4115419926499415 4.003948519535324 -2243.685635170914 0.00831571608350999 23.449700783543282 -5232.274312018106 1.4823023321763285e-05 0.004780426800908501 -0.07184309261978568
-2.2568540734109286 3.9814127126231 1.4536875822280246 970.9 596.3 918 366 3.4115419926499415 4.003948519535324 -2243.685635170914 0.00831571608350999 23.449700783543282 -5232.274312018106 1.4823023321763285e-05 0.004780426800908501 -0.07184309261978568
-2.245068934646387 3.9823948075201425 1.480136439594394 971.0 595.8 926 368 3.4115419926499415 4.003948519535324 -2243.685635170914 0.00831571608350999 23.449700783543282 -5232.274312018106 1.4823023321763285e-05 0.004780426800908501 -0.07184309261978568
-2.234265890778881 3.9814127126230954 1.6704649792861936 970.9000000000001 595.3000000000001 932 374 3.4115419926499415 4.003948519535324 -2243.685635170914 0.00831571608350999 23.449700783543282 -5232.274312018106 1.4823023321763285e-05 0.004780426800908501 -0.07184309261978568
-2.2175702775290977 3.980430617726051 1.6332151367907655 970.7 594.5999999999999 942 382 3.361487427812391 3.979936520887232 -2218.1132730631025 -0.050593333514280366 23.466586016106216 -5244.206022484199 -8.317701781702239e-06 0.0047707053453184415 -0.06691139138660943
-2.1979283795881845 3.9774843330349143 1.7273982037769182 970.3000000000002 593.8000000000001 951 390 3.361487427812391 3.979936520887232 -2218.1132730631025 -0.050593333514280366 23.466586016106216 -5244.206022484199 -8.317701781702239e-06 0.0047707053453184415 -0.06691139138660943
-2.1723939122649982 3.9755201432408245 1.6506263125070617 969.8000000000002 592.8 960 398 3.361487427812391 3.979936520887232 -2218.1132730631025 -0.050593333514280366 23.466586016106216 -5244.206022484199 -8.317701781702239e-06 0.0047707053453184415 -0.06691139138660943
-2.149805729632951 3.9755201432408245 3.141592653589793 969.6 591.9 969 409 3.361487427812391 3.979936520887232 -2218.1132730631025 -0.050593333514280366 23.466586016106216 -5244.206022484199 -8.317701781702239e-06 0.0047707053453184415 -0.06691139138660943
-2.127217547000899 3.9774843330349166 1.480136439594142 969.5000000000001 591.0000000000001 979 421 3.361487427812391 3.979936520887232 -2218.1132730631025 -0.050593333514280366 23.466586016106216 -5244.206022484199 -8.317701781702239e-06 0.0047707053453184415 -0.06691139138660943
-2.1036472694718023 3.9814127126230976 1.3986055122720285 969.6000000000001 590.1000000000001 989 432 3.361487427812391 3.979936520887232 -2218.1132730631025 -0.050593333514280366 23.466586016106216 -5244.206022484199 -8.317701781702239e-06 0.0047707053453184415 -0.06691139138660943
-2.08302327663384 3.983376902417187 1.4758446204522424 969.3000000000001 589.4000000000001 998 446 3.361487427812391 3.979936520887232 -2218.1132730631025 -0.050593333514280366 23.466586016106216 -5244.206022484199 -8.317701781702239e-06 0.0047707053453184415 -0.06691139138660943
-2.065345568487025 3.9814127126230976 1.681453547968737 968.8000000000001 588.8000000000001 1007 461 3.361487427812391 3.979936520887232 -2218.1132730631025 -0.050593333514280366 23.466586016106216 -5244.206022484199 -8.317701781702239e-06 0.0047707053453184415 -0.06691139138660943
-2.040793196060884 3.976502238137867 1.768191886644865 967.9000000000001 588.0 1017 475 3.361487427812391 3.979936520887232 -2218.1132730631025 -0.050593333514280366 23.466586016106216 -5244.206022484199 -8.317701781702239e-06 0.0047707053453184415 -0.06691139138660943
-2.0103482542524693 3.9725738585496857 1.6991195544806519 967.0000000000001 587.0 1027 492 3.361487427812391 3.979936520887232 -2218.1132730631025 -0.050593333514280366 23.466586016106216 -5244.206022484199 -8.317701781702239e-06 0.0047707053453184415 -0.06691139138660943
-1.988742166517462 3.965699194270368 1.878849107818562 966.0000000000001 586.3 1036 510 3.361487427812391 3.979936520887232 -2218.1132730631025 -0.050593333514280366 23.466586016106216 -5244.206022484199 -8.317701781702239e-06 0.0047707053453184415 -0.06691139138660943
