20 -3.9607887197851452 -0.20918621307072585 0.5378355266934369 -2.950213070725158 0.7463921217547002
-3.9607887197851452 -0.20918621307072585 0.5378355266934369 615.3350738938898 650.0043475329876 662.1152486270294 271.12315714359283 3.167295449209712 3.6734132956650294 -1869.6420530516 0.04463157247105517 21.814131709675785 -4123.388673849428 1.870560455618393e-05 0.004419719024808477 0.16097408748687098
-3.925433303491498 -0.15418889883616765 0.5713374798336617 620.8244920894504 648.518070705235 667.5762430094182 276.6779709458351 3.167295449209712 3.6734132956650294 -1869.6420530516 0.04463157247105517 21.814131709675785 -4123.388673849428 1.870560455618393e-05 0.004419719024808477 0.16097408748687098
-3.8861495076096717 -0.09919158460161169 0.6202494859828291 626.263156272471 646.7763910070062 673.2663966603577 287.62889927625656 3.167295449209712 3.6734132956650294 -1869.6420530516 0.04463157247105517 21.814131709675785 -4123.388673849428 1.870560455618393e-05 0.004419719024808477 0.16097408748687098
-3.841955237242617 -0.044194270367055734 0.6769148518424849 631.6367694977671 644.8418868482113 679.1606358550489 302.933797121048 3.167295449209712 3.6734132956650294 -1869.6420530516 0.04463157247105517 21.814131709675785 -4123.388673849428 1.870560455618393e-05 0.004419719024808477 0.16097408748687098
-3.7899042076992 0.009820948970455464 0.7668817613294135 636.9325173199177 642.7699731364846 685.2345843873918 321.60120022296906 3.167295449209712 3.6734132956650294 -1869.6420530516 0.04463157247105517 21.814131709675785 -4123.388673849428 1.870560455618393e-05 0.004419719024808477 0.16097408748687098
-3.7398173679498723 0.06383616830796666 0.7476802109305752 642.1390678137541 640.6089012697339 691.464563537389 342.69032287597656 3.167295449209712 3.6734132956650294 -1869.6420530516 0.04463157247105517 21.814131709675785 -4123.388673849428 1.870560455618393e-05 0.004419719024808477 0.16097408748687098
-3.6867842435094103 0.11785138764547785 0.7762241088523046 647.2465715724975 638.3997589722276 697.8275921232998 365.3110603094101 3.167295449209712 3.6734132956650294 -1869.6420530516 0.04463157247105517 21.814131709675785 -4123.388673849428 1.870560455618393e-05 0.004419719024808477 0.16097408748687098
-3.6337511190689438 0.17186660698298906 0.7762241088523467 652.2466617207974 636.1764703914523 704.3013864671811 388.6239865422249 3.167295449209712 3.6734132956650294 -1869.6420530516 0.04463157247105517 21.814131709675785 -4123.388673849428 1.870560455618393e-05 0.004419719024808477 0.16097408748687098
-3.5797358997314284 0.22195344673231784 0.8231161158643515 657.1324538793415 633.9657962024212 710.864360395819 411.84035605192184 3.167295449209712 3.6734132956650294 -1869.6420530516 0.04463157247105517 21.814131709675785 -4123.388673849428 1.870560455618393e-05 0.004419719024808477 0.16097408748687098
-3.5257206803939214 0.27204028648164663 0.823116115864269 661.89854622446 631.7873333916068 717.4956252584234 434.22210359573364 3.167295449209712 3.6734132956650294 -1869.6420530516 0.04463157247105517 21.814131709675785 -4123.388673849428 1.870560455618393e-05 0.004419719024808477 0.16097408748687098
-3.471705461056406 0.32114503133393063 0.8329812666744616 666.5410194192082 629.6535155326128 724.1749899145216 455.0818421244621 3.167295449209712 3.6734132956650294 -1869.6420530516 0.04463157247105517 21.814131709675785 -4123.388673849428 1.870560455618393e-05 0.004419719024808477 0.16097408748687098
-3.4206365264100334 0.36926768128916765 0.8150924030043427 671.0574366580695 627.5696123093367 730.882960729301 473.78286665678024 3.167295449209712 3.6734132956650294 -1869.6420530516 0.04463157247105517 21.814131709675785 -4123.388673849428 1.870560455618393e-05 0.004419719024808477 0.16097408748687098
-3.3705496866607056 0.4164082363473599 0.8156919233162074 675.446843650192 625.5337302088737 737.60074158106 489.73914897441864 3.167295449209712 3.6734132956650294 -1869.6420530516 0.04463157247105517 21.814131709675785 -4123.388673849428 1.870560455618393e-05 0.004419719024808477 0.16097408748687098
-3.3224270367054674 0.4615846016114604 0.8169666198852332 679.7097686324269 623.5368119478226 744.3102338640019 502.4153440594673 3.167295449209712 3.6734132956650294 -1869.6420530516 0.04463157247105517 21.814131709675785 -4123.388673849428 1.870560455618393e-05 0.004419719024808477 0.16097408748687098
-3.275286481647279 0.5077430617726045 0.7959240904291647 683.8482223507017 621.5626366212964 750.9940364900976 511.3267839550972 3.167295449209712 3.6734132956650294 -1869.6420530516 0.04463157247105517 21.814131709675785 -4123.388673849428 1.870560455618393e-05 0.004419719024808477 0.16097408748687098
-3.2222533572068124 0.552919427036705 0.8652281491096915 687.8656980954111 619.5878198668361 757.6354458723217 516.0394821763039 3.167295449209712 3.6734132956650294 -1869.6420530516 0.04463157247105517 21.814131709675785 -4123.388673849428 1.870560455618393e-05 0.004419719024808477 0.16097408748687098
-3.168238137869301 0.5971136974037585 0.8850668158886227 691.7671716436744 617.5818137526512 764.2184559386224 516.1701311469078 3.167295449209712 3.6734132956650294 -1869.6420530516 0.04463157247105517 21.814131709675785 -4123.388673849428 1.870560455618393e-05 0.004419719024808477 0.16097408748687098
-3.1142229185317856 0.6393437779767236 0.9072406004173851 695.5591013003141 615.5069066211581 770.7277581449598 511.3861035704613 3.167295449209712 3.6734132956650294 -1869.6420530516 0.04463157247105517 21.814131709675785 -4123.388673849428 1.870560455618393e-05 0.004419719024808477 0.16097408748687098
-3.062171888988368 0.677645478961503 0.9364135063187998 699.2494279034436 613.3182234242558 777.1487414231524 501.4054518342018 3.167295449209712 3.6734132956650294 -1869.6420530516 0.04463157247105517 21.814131709675785 -4123.388673849428 1.870560455618393e-05 0.004419719024808477 0.16097408748687098
-3.0081566696508526 0.7130008952551458 0.991232341501623 702.8475748002529 610.9637254327536 783.4674922591075 485.9969075322151 3.167295449209712 3.6734132956650294 -1869.6420530516 0.04463157247105517 21.814131709675785 -4123.388673849428 1.870560455618393e-05 0.004419719024808477 0.16097408748687098
-2.950213070725158 0.7463921217547002 1.048007241414475 704.9985127039254 609.3200033027679 826.1075893640518 551.8988816738129 3.167295449209712 3.6734132956650294 -1869.6420530516 0.04463157247105517 21.814131709675785 -4123.388673849428 1.870560455618393e-05 0.004419719024808477 0.16097408748687098
-2.889323187108329 0.7758549686660698 1.1201350007142514 707.6501299254596 606.7167451474816 804.8165200352669 520.2911850810051 3.167295449209712 3.6734132956650294 -1869.6420530516 0.04463157247105517 21.814131709675785 -4123.388673849428 1.870560455618393e-05 0.004419719024808477 0.16097408748687098
-2.823522829006276 0.8053178155774385 1.1498057525426295 710.0887350197881 604.1264905016869 788.3247711062431 488.82691663503647 3.167295449209712 3.6734132956650294 -1869.6420530516 0.04463157247105517 21.814131709675785 -4123.388673849428 1.870560455618393e-05 0.004419719024808477 0.16097408748687098
-2.7547761862130797 0.8347806624888104 1.1659045405097856 712.3000431153923 601.5656901765615 775.8936697840691 457.79251140356064 3.167295449209712 3.6734132956650294 -1869.6420530516 0.04463157247105517 21.814131709675785 -4123.388673849428 1.870560455618393e-05 0.004419719024808477 0.16097408748687098
-2.6821011638317005 0.8612972247090426 1.2209407249378106 714.2706381939352 599.0492129400373 766.8312637209892 427.44812536239624 3.167295449209712 3.6734132956650294 -1869.6420530516 0.04463157247105517 21.814131709675785 -4123.388673849428 1.870560455618393e-05 0.004419719024808477 0.16097408748687098
-2.614336615935549 0.8838854073410911 1.249045772398279 715.9879731144756 596.5903454571962 760.4923192858696 398.0276362299919 3.167295449209712 3.6734132956650294 -1869.6420530516 0.04463157247105517 21.814131709675785 -4123.388673849428 1.870560455618393e-05 0.004419719024808477 0.16097408748687098
-2.548536257833492 0.9045094001790491 1.2670618409523144 717.4403696041554 594.2007923405617 756.2783239483833 369.73864340782166 3.167295449209712 3.6734132956650294 -1869.6420530516 0.04463157247105517 21.814131709675785 -4123.388673849428 1.870560455618393e-05 0.004419719024808477 0.16097408748687098
-2.4905926589077927 0.9192408236347339 1.3218336210022017 718.6170182712376 591.8906760774553 753.6374845504761 342.76246774196625 3.167295449209712 3.6734132956650294 -1869.6420530516 0.04463157247105517 21.814131709675785 -4123.388673849428 1.870560455618393e-05 0.004419719024808477 0.16097408748687098
-2.4297027752909637 0.9320080572963293 1.3641131083106133 719.5079785939306 589.6685371026397 752.064726293087 317.25415140390396 3.167295449209712 3.6734132956650294 -1869.6420530516 0.04463157247105517 21.814131709675785 -4123.388673849428 1.870560455618393e-05 0.004419719024808477 0.16097408748687098
-2.370777081468224 0.9418290062667837 1.4056476493803067 720.1041789148003 587.5413337498903 751.1016960740089 293.3424582481384 3.167295449209712 3.6734132956650294 -1869.6420530516 0.04463157247105517 21.814131709675785 -4123.388673849428 1.870560455618393e-05 0.004419719024808477 0.16097408748687098
-2.312833482542534 0.9467394807520131 1.4862525712818742 720.3974164649844 585.5144422668964 750.3367589712143 271.129873752594 3.167295449209712 3.6734132956650294 -1869.6420530516 0.04463157247105517 21.814131709675785 -4123.388673849428 1.870560455618393e-05 0.004419719024808477 0.16097408748687098
-2.2509615040286555 0.9496857654431495 1.5232132235179219 720.3803573288023 583.5916568487883 749.4050006270409 250.6926053762436 3.167295449209712 3.6734132956650294 -1869.6420530516 0.04463157247105517 21.814131709675785 -4123.388673849428 1.870560455618393e-05 0.004419719024808477 0.16097408748687098
-2.1969462846911445 0.9467394807520142 1.625287783035599 720.0465364716947 581.7751895803958 747.9882262349129 232.08058112859726 3.167295449209712 3.6734132956650294 -1869.6420530516 0.04463157247105517 21.814131709675785 -4123.388673849428 1.870560455618393e-05 0.004419719024808477 0.16097408748687098
-2.145877350044772 0.9398648164726953 1.7046073042694792 719.3903577458113 580.0656704679132 745.8149605989456 215.3174511194229 3.167295449209712 3.6734132956650294 -1869.6420530516 0.04463157247105517 21.814131709675785 -4123.388673849428 1.870560455618393e-05 0.004419719024808477 0.16097408748687098
-2.1056114592658917 0.9280796777081469 1.855526765317565 718.4070938453078 578.4621474202722 742.6604483127594 200.40058743953705 3.167295449209712 3.6734132956650294 -1869.6420530516 0.04463157247105517 21.814131709675785 -4123.388673849428 1.870560455618393e-05 0.004419719024808477 0.16097408748687098
-2.0682918531781596 0.9143303491495068 1.9237867146218515 717.0928863603622 576.9620863087475 738.3466535806656 187.30108284950256 3.167295449209712 3.6734132956650294 -1869.6420530516 0.04463157247105517 21.814131709675785 -4123.388673849428 1.870560455618393e-05 0.004419719024808477 0.16097408748687098
-2.033918531781566 0.8966526410026865 2.0458070830600104 715.4447457529604 575.5613708645105 732.7422608733177 175.96375185251236 3.167295449209712 3.6734132956650294 -1869.6420530516 0.04463157247105517 21.814131709675785 -4123.388673849428 1.870560455618393e-05 0.004419719024808477 0.16097408748687098
-1.9965989256938292 0.8779928379588181 2.0344439357957027 713.460551340133 574.254302771762 725.7626734972 166.30713140964508 3.167295449209712 3.6734132956650294 -1869.6420530516 0.04463157247105517 21.814131709675785 -4123.388673849428 1.870560455618393e-05 0.004419719024808477 0.16097408748687098
-1.959279319606097 0.8554046553267685 2.1150768117408996 711.1390513349324 573.0336016248912 717.3700153231621 158.2234786748886 3.1196572218417944 3.6513338596334015 -1841.720551353385 -0.04446553505469027 21.712879440519114 -4048.931946067991 -1.863601636826928e-05 0.0044000683290157175 0.1830656399526631
-1.92195971351836 0.8259418084153987 2.239085745625457 708.4798627905548 571.8904049359262 707.5731291174889 151.5787735581398 3.1196572218417944 3.6513338596334015 -1841.720551353385 -0.04446553505469027 21.712879440519114 -4048.931946067991 -1.863601636826928e-05 0.0044000683290157175 0.1830656399526631
-1.8866042972247172 0.7925505819158454 2.327630832353611 705.4834716767073 570.8142681196332 696.4275778532028 146.2127165198326 3.1196572218417944 3.6513338596334015 -1841.720551353385 -0.04446553505469027 21.712879440519114 -4048.931946067991 -1.863601636826928e-05 0.0044000683290157175 0.1830656399526631
-1.863034019695625 0.754248880931065 2.5899376710613113 702.1512327957898 569.7931645419449 684.0356444716454 141.93872994184494 3.1196572218417944 3.6513338596334015 -1841.720551353385 -0.04446553505469027 21.712879440519114 -4048.931946067991 -1.863601636826928e-05 0.0044000683290157175 0.1830656399526631
-1.8335711727842507 0.7110367054610562 2.5431737601111832 698.4853698443621 568.8134854305536 670.5463314056396 138.54395824670792 3.1196572218417944 3.6513338596334015 -1841.720551353385 -0.04446553505469027 21.712879440519114 -4048.931946067991 -1.863601636826928e-05 0.0044000683290157175 0.1830656399526631
-1.804108325872881 0.6629140555058181 2.5922181688182504 694.488975385204 567.86003998667 656.1553602814674 135.78926664590836 3.1196572218417944 3.6513338596334015 -1841.720551353385 -0.04446553505469027 21.712879440519114 -4048.931946067991 -1.863601636826928e-05 0.0044000683290157175 0.1830656399526631
-1.774645478961507 0.6118451208594445 2.6183143314577464 690.1660108417273 566.916055271402 641.1051737070084 133.40924221277237 3.1196572218417944 3.6513338596334015 -1841.720551353385 -0.04446553505469027 21.712879440519114 -4048.931946067991 -1.863601636826928e-05 0.0044000683290157175 0.1830656399526631
-1.7451826320501416 0.5568478066248874 2.6497834776011593 685.5213065370917 565.9631763380021 625.6849324703217 131.1121935248375 3.1196572218417944 3.6513338596334015 -1841.720551353385 -0.04446553505469027 21.712879440519114 -4048.931946067991 -1.863601636826928e-05 0.0044000683290157175 0.1830656399526631
-1.7157197851387718 0.4979221128021491 2.6779450445889794 680.5605616439134 564.9814660940319 610.2305181622505 128.58015102148056 3.1196572218417944 3.6513338596334015 -1841.720551353385 -0.04446553505469027 21.712879440519114 -4048.931946067991 -1.863601636826928e-05 0.0044000683290157175 0.1830656399526631
-1.682328558639223 0.436050134288272 2.646705211158768 675.2903442196548 563.9494053516537 595.1245317459106 125.46886616945267 3.1196572218417944 3.6513338596334015 -1841.720551353385 -0.04446553505469027 21.712879440519114 -4048.931946067991 -1.863601636826928e-05 0.0044000683290157175 0.1830656399526631
-1.651883616830804 0.36926768128916765 2.7138577412035043 669.7180911805481 562.8438929151744 580.7962943911552 121.40781223773956 3.1196572218417944 3.6513338596334015 -1841.720551353385 -0.04446553505469027 21.712879440519114 -4048.931946067991 -1.863601636826928e-05 0.0044000683290157175 0.1830656399526631
-1.6155461056401166 0.30346732318710923 2.6370322148135643 663.8521083258092 561.6402454413474 567.7218456864357 116.00018405914307 3.1196572218417944 3.6513338596334015 -1841.720551353385 -0.04446553505469027 21.712879440519114 -4048.931946067991 -1.863601636826928e-05 0.0044000683290157175 0.1830656399526631
-1.5782264995523796 0.2376669650850497 2.625667140124491 657.7015703301877 560.3121975380927 556.4239466190338 108.82289797067642 3.1196572218417944 3.6513338596334015 -1841.720551353385 -0.04446553505469027 21.712879440519114 -4048.931946067991 -1.863601636826928e-05 0.0044000683290157175 0.1830656399526631
-1.5320680393912312 0.17186660698298906 2.529865688533903 651.2765207346529 558.8319016732275 547.4720765948296 99.42659175395966 3.1196572218417944 3.6513338596334015 -1841.720551353385 -0.04446553505469027 21.712879440519114 -4048.931946067991 -1.863601636826928e-05 0.0044000683290157175 0.1830656399526631
-1.4918021486123645 0.1070483437779765 2.585721844435689 644.5878719501197 557.1699283402413 541.4824356436729 87.33562481403351 3.1196572218417944 3.6513338596334015 -1841.720551353385 -0.04446553505469027 21.712879440519114 -4048.931946067991 -1.863601636826928e-05 0.0044000683290157175 0.1830656399526631
