23 -1.5576025067144217 5.092162041181736 1.07963272850864 0.003928379588179059 5.80418084153984
-1.5576025067144217 5.092162041181736 1.07963272850864 1067.2014307118952 563.6588481809013 697.3105618953705 300.7486788034439 3.1575725765244393 3.6768886360066833 -1900.6779729531618 -0.04526112947285873 21.896554125343 -4253.14052607321 -1.8969459125255244e-05 0.0044374746642684435 0.14174674850988256
-1.4800170098478138 5.1393025962399275 1.0248110212891677 1069.552288159728 560.8967243706575 662.8140273094177 281.52517235279083 3.1575725765244393 3.6768886360066833 -1900.6779729531618 -0.04526112947285873 21.896554125343 -4253.14052607321 -1.8969459125255244e-05 0.0044374746642684435 0.14174674850988256
-1.3857358997314315 5.1952820053715305 1.0349850888344252 1072.0078298300505 558.2052540255827 643.4136190414429 267.4122396707535 3.1575725765244393 3.6768886360066833 -1900.6779729531618 -0.04526112947285873 21.896554125343 -4253.14052607321 -1.8969459125255244e-05 0.0044374746642684435 0.14174674850988256
-1.307168307967779 5.247333034914949 0.9856838886104732 1074.5242960117757 555.583963105164 636.3386125564575 257.6112574338913 3.1575725765244393 3.6768886360066833 -1900.6779729531618 -0.04526112947285873 21.896554125343 -4253.14052607321 -1.8969459125255244e-05 0.0044374746642684435 0.14174674850988256
-1.223690241718898 5.303312444046555 0.980083702781376 1077.059916600585 553.0324118228746 639.0152013301849 251.37787079811096 3.1575725765244393 3.6768886360066833 -1900.6779729531618 -0.04526112947285873 21.896554125343 -4253.14052607321 -1.8969459125255244e-05 0.0044374746642684435 0.14174674850988256
-1.1362837958818335 5.361256042972247 0.9853911200036449 1079.5749112181365 550.5501946456498 649.0664842128754 248.02199280261993 3.1575725765244393 3.6768886360066833 -1900.6779729531618 -0.04526112947285873 21.896554125343 -4253.14052607321 -1.8969459125255244e-05 0.0044374746642684435 0.14174674850988256
-1.048877350044769 5.418217547000895 0.9932372077828907 1082.031489122659 548.1369402942364 664.3124778270721 246.90780758857727 3.1575725765244393 3.6768886360066833 -1900.6779729531618 -0.04526112947285873 21.896554125343 -4253.14052607321 -1.8969459125255244e-05 0.0044374746642684435 0.14174674850988256
-0.9673634735899777 5.473214861235453 0.9772536137235539 1084.3938491865993 545.7923117442406 682.7700974941254 247.4537650346756 3.1575725765244393 3.6768886360066833 -1900.6779729531618 -0.04526112947285873 21.896554125343 -4253.14052607321 -1.8969459125255244e-05 0.0044374746642684435 0.14174674850988256
-0.8917421665174639 5.5262479856759175 0.9591992824866354 1086.6281799636781 543.5160062237992 702.6531820297241 249.13258504867554 3.1575725765244393 3.6768886360066833 -1900.6779729531618 -0.04526112947285873 21.896554125343 -4253.14052607321 -1.8969459125255244e-05 0.0044374746642684435 0.14174674850988256
-0.8249597135183573 5.574370635631156 0.9463859771682597 1088.702659741044 541.3077552159666 722.3724677562714 251.4712553024292 3.1575725765244393 3.6768886360066833 -1900.6779729531618 -0.04526112947285873 21.896554125343 -4253.14052607321 -1.8969459125255244e-05 0.0044374746642684435 0.14174674850988256
-0.7552309758281164 5.622493285586391 0.9667179377989455 1090.58745636791 539.167324457143 740.5356106758118 254.0510332584381 3.1575725765244393 3.6768886360066833 -1900.6779729531618 -0.04526112947285873 21.896554125343 -4253.14052607321 -1.8969459125255244e-05 0.0044374746642684435 0.14174674850988256
-0.6776454789615131 5.669633840644583 1.0156177506742632 1092.2547273896635 537.0945139374817 755.9471724033356 256.50744366645813 3.1575725765244393 3.6768886360066833 -1900.6779729531618 -0.04526112947285873 21.896554125343 -4253.14052607321 -1.8969459125255244e-05 0.0044374746642684435 0.14174674850988256
-0.6197018800358183 5.703025067144136 1.0353767848582776 1093.6786199957132 535.0891579013551 767.6086280345917 258.5302804708481 3.1575725765244393 3.6768886360066833 -1900.6779729531618 -0.04526112947285873 21.896554125343 -4253.14052607321 -1.8969459125255244e-05 0.0044374746642684435 0.14174674850988256
-0.5480089525514835 5.736416293643688 1.1237217859067177 1094.8352710716426 533.1511248464813 774.7183606624603 259.8636062145233 3.1575725765244393 3.6768886360066833 -1900.6779729531618 -0.04526112947285873 21.896554125343 -4253.14052607321 -1.8969459125255244e-05 0.0044374746642684435 0.14174674850988256
-0.48613697403760076 5.7609686660698305 1.1793911986697034 1095.7028071284294 531.2803175249137 776.6716628074646 260.30575227737427 3.1575725765244393 3.6768886360066833 -1900.6779729531618 -0.04526112947285873 21.896554125343 -4253.14052607321 -1.8969459125255244e-05 0.0044374746642684435 0.14174674850988256
-0.4331038495971343 5.777664279319608 1.2490457723982291 1096.2613443545997 529.4766729430412 773.0607404708862 259.70931792259216 3.1557271395680666 3.705841649093374 -1906.5254843970474 -0.0453432107596378 21.93235186681697 -4264.688771527763 -1.9003860335137354e-05 0.004447762055251041 0.1388213827683831
-0.37712444046553806 5.793377797672336 1.280949836883312 1096.4929885938764 527.7401623595506 763.6747081279755 257.98117089271545 3.1557271395680666 3.705841649093374 -1906.5254843970474 -0.0453432107596378 21.93235186681697 -4264.688771527763 -1.9003860335137354e-05 0.004447762055251041 0.1388213827683831
-0.3201629364368881 5.806145031333927 1.3339475658480058 1096.3818353116512 526.0707912885118 748.4995911121368 255.082448720932 3.1557271395680666 3.705841649093374 -1906.5254843970474 -0.0453432107596378 21.93235186681697 -4264.688771527763 -1.9003860335137354e-05 0.004447762055251041 0.1388213827683831
-0.26712981199642166 5.814001790510294 1.405647649380256 1095.9139697216451 524.4685994972242 727.7183220386505 251.02855575084686 3.1557271395680666 3.705841649093374 -1906.5254843970474 -0.0453432107596378 21.93235186681697 -4264.688771527763 -1.9003860335137354e-05 0.004447762055251041 0.1388213827683831
-0.2101683079677762 5.820876454789616 1.433730152484672 1095.0774666182697 522.9336610063328 701.7107508182526 245.8891670703888 3.1557271395680666 3.705841649093374 -1906.5254843970474 -0.0453432107596378 21.93235186681697 -4264.688771527763 -1.9003860335137354e-05 0.004447762055251041 0.1388213827683831
-0.15615308863026947 5.823822739480751 1.4981968730644206 1093.862390473485 521.4660840912256 671.0536289215088 239.78822422027588 3.1557271395680666 3.705841649093374 -1906.5254843970474 -0.0453432107596378 21.93235186681697 -4264.688771527763 -1.9003860335137354e-05 0.004447762055251041 0.1388213827683831
-0.1021378692927538 5.8218585496866595 1.6071439478139224 1092.2607954144478 520.0660112813348 636.5206246376038 232.90393829345703 3.1557271395680666 3.705841649093374 -1906.5254843970474 -0.0453432107596378 21.93235186681697 -4264.688771527763 -1.9003860335137354e-05 0.004447762055251041 0.1388213827683831
-0.04714055505819784 5.815965980304386 1.6775319994440179 1090.2667252756655 518.7336193589144 599.0823142528534 225.46878921985626 3.1557271395680666 3.705841649093374 -1906.5254843970474 -0.0453432107596378 21.93235186681697 -4264.688771527763 -1.9003860335137354e-05 0.004447762055251041 0.1388213827683831
0.003928379588179059 5.80418084153984 1.7975951748487378 1091.8021739474498 517.718860662113 441.2547996863723 173.3870856165886 3.1557271395680666 3.705841649093374 -1906.5254843970474 -0.0453432107596378 21.93235186681697 -4264.688771527763 -1.9003860335137354e-05 0.004447762055251041 0.1388213827683831
0.0510689346463635 5.786503133393016 1.9295669970655518 1087.1165747279301 516.4257538189049 458.9075307175517 187.75868380069733 3.1557271395680666 3.705841649093374 -1906.5254843970474 -0.0453432107596378 21.93235186681697 -4264.688771527763 -1.9003860335137354e-05 0.004447762055251041 0.1388213827683831
0.09428111011637336 5.76293285586392 2.070143048475034 1082.334532010369 515.2159482269053 473.55993355065584 199.5158059746027 3.1557271395680666 3.705841649093374 -1906.5254843970474 -0.0453432107596378 21.93235186681697 -4264.688771527763 -1.9003860335137354e-05 0.004447762055251041 0.1388213827683831
0.1306186213070654 5.729541629364369 2.3139660880792863 1077.4625763110816 514.0879225407989 485.3920464143157 208.87066274881363 3.1557271395680666 3.705841649093374 -1906.5254843970474 -0.0453432107596378 21.93235186681697 -4264.688771527763 -1.9003860335137354e-05 0.004447762055251041 0.1388213827683831
0.16695613249775293 5.687311548791408 2.4310543379031047 1072.5070651541464 513.0401404826844 494.5809336826205 216.0282729268074 3.1557271395680666 3.705841649093374 -1906.5254843970474 -0.0453432107596378 21.93235186681697 -4264.688771527763 -1.9003860335137354e-05 0.004447762055251041 0.1388213827683831
0.2042757385854942 5.639188898836168 2.481963910952823 1067.474183079321 512.0710508417324 501.30068565160036 221.18646344542503 3.1557271395680666 3.705841649093374 -1906.5254843970474 -0.0453432107596378 21.93235186681697 -4264.688771527763 -1.9003860335137354e-05 0.004447762055251041 0.1388213827683831
0.2307923008057252 5.580263205013429 2.718738727456878 1062.3699416322634 511.17908747505135 505.72241868823767 224.53586991131306 3.1557271395680666 3.705841649093374 -1906.5254843970474 -0.0453432107596378 21.93235186681697 -4264.688771527763 -1.9003860335137354e-05 0.004447762055251041 0.1388213827683831
0.2573088630259606 5.514462846911371 2.758515588052741 1057.2001793710515 510.36266930658167 508.0142752304673 226.25993628799915 3.1557271395680666 3.705841649093374 -1906.5254843970474 -0.0453432107596378 21.93235186681697 -4264.688771527763 -1.9003860335137354e-05 0.004447762055251041 0.1388213827683831
0.27989704565801254 5.4447341092211285 2.828316472596104 1051.9705618666485 509.6202003278231 508.34142369031906 226.53491467237473 3.1557271395680666 3.705841649093374 -1906.5254843970474 -0.0453432107596378 21.93235186681697 -4264.688771527763 -1.9003860335137354e-05 0.004447762055251041 0.1388213827683831
0.30248522829005553 5.373041181736796 2.836369519795961 1046.6865816982463 508.9500695978568 506.86605855077505 225.5298656821251 3.1557271395680666 3.705841649093374 -1906.5254843970474 -0.0453432107596378 21.93235186681697 -4264.688771527763 -1.9003860335137354e-05 0.004447762055251041 0.1388213827683831
0.32212712623096873 5.2984019695613265 2.8842689386187015 1041.3535584532656 508.35065124282846 503.74740029126406 223.4066583365202 3.1557271395680666 3.705841649093374 -1906.5254843970474 -0.0453432107596378 21.93235186681697 -4264.688771527763 -1.9003860335137354e-05 0.004447762055251041 0.1388213827683831
0.3417690241718819 5.2217985675917635 2.8905899669467643 1035.9766387329437 507.82030445640703 499.1416954547167 220.31996995210648 3.1557271395680666 3.705841649093374 -1906.5254843970474 -0.0453432107596378 21.93235186681697 -4264.688771527763 -1.9003860335137354e-05 0.004447762055251041 0.1388213827683831
0.3692676812891576 5.146177260519247 2.7928216500059193 1030.560796153266 507.35737349969713 493.2022166401148 216.41728615760803 3.1557271395680666 3.705841649093374 -1906.5254843970474 -0.0453432107596378 21.93235186681697 -4264.688771527763 -1.9003860335137354e-05 0.004447762055251041 0.1388213827683831
0.3967663384064423 5.070555953446731 2.792821650005815 1025.1108313319273 506.9601877011228 486.0792623758316 211.83890104293823 3.1557271395680666 3.705841649093374 -1906.5254843970474 -0.0453432107596378 21.93235186681697 -4264.688771527763 -1.9003860335137354e-05 0.004447762055251041 0.1388213827683831
0.420336615935539 4.995916741271262 2.8357137821849268 1019.6313719041646 506.6270614563182 477.92015735059977 206.71791696548462 3.1557271395680666 3.705841649093374 -1906.5254843970474 -0.0453432107596378 21.93235186681697 -4264.688771527763 -1.9003860335137354e-05 0.004447762055251041 0.1388213827683831
0.4360501342882686 4.921277529095793 2.9340964271545995 1014.1268725120462 506.35629422868806 468.8692522123456 201.1802448630333 3.1557271395680666 3.705841649093374 -1906.5254843970474 -0.0453432107596378 21.93235186681697 -4264.688771527763 -1.9003860335137354e-05 0.004447762055251041 0.1388213827683831
0.44783527305281473 4.848602506714413 2.9808299129639844 1008.601614812389 506.1461705486945 459.06792363524437 195.3446037620306 3.1557271395680666 3.705841649093374 -1906.5254843970474 -0.0453432107596378 21.93235186681697 -4264.688771527763 -1.9003860335137354e-05 0.004447762055251041 0.1388213827683831
0.45176365264099827 4.777891674127125 3.0860941483440643 1003.0597074646503 505.994960014119 448.65457437187433 189.32252119481564 3.1557271395680666 3.705841649093374 -1906.5254843970474 -0.0453432107596378 21.93235186681697 -4264.688771527763 -1.9003860335137354e-05 0.004447762055251041 0.1388213827683831
0.45176365264099827 4.709145031333931 3.141592653589793 997.5050861509517 505.9009172903534 437.7646331563592 183.21833308041096 3.1557271395680666 3.705841649093374 -1906.5254843970474 -0.0453432107596378 21.93235186681697 -4264.688771527763 -1.9003860335137354e-05 0.004447762055251041 0.1388213827683831
0.45176365264099827 4.643344673231872 3.141592653589793 991.9415135513991 505.8622821101744 426.530554831028 177.12918359041214 3.1557271395680666 3.705841649093374 -1906.5254843970474 -0.0453432107596378 21.93235186681697 -4264.688771527763 -1.9003860335137354e-05 0.004447762055251041 0.1388213827683831
0.4517636526409938 4.577544315129815 3.141592653589861 986.372579368297 505.8772792735108 415.08182015269995 171.1450253725052 3.1557271395680666 3.705841649093374 -1906.5254843970474 -0.0453432107596378 21.93235186681697 -4264.688771527763 -1.9003860335137354e-05 0.004447762055251041 0.1388213827683831
0.44783527305281473 4.510761862130709 3.200348476305461 980.8017003042623 505.94411864777794 403.5449360534549 165.3486193716526 3.1557271395680666 3.705841649093374 -1906.5254843970474 -0.0453432107596378 21.93235186681697 -4264.688771527763 -1.9003860335137354e-05 0.004447762055251041 0.1388213827683831
0.43212175470008507 4.439068934646376 3.3573588499968245 975.2321200803854 506.06099516783434 392.0434353351593 159.81553503870964 3.1557271395680666 3.705841649093374 -1906.5254843970474 -0.0453432107596378 21.93235186681697 -4264.688771527763 -1.9003860335137354e-05 0.004447762055251041 0.1388213827683831
0.41640823634735546 4.367376007162041 3.3573588499968183 969.6669094241224 506.2260888358651 380.6978770121932 154.61414995789528 3.1557271395680666 3.705841649093374 -1906.5254843970474 -0.0453432107596378 21.93235186681697 -4264.688771527763 -1.9003860335137354e-05 0.004447762055251041 0.1388213827683831
0.4006947179946258 4.295683079677708 3.3573588499968245 964.1089660767466 506.43756472146197 369.62584595382214 149.80565021932125 3.1557271395680666 3.705841649093374 -1906.5254843970474 -0.0453432107596378 21.93235186681697 -4264.688771527763 -1.9003860335137354e-05 0.004447762055251041 0.1388213827683831
0.3928379588182632 4.22497224709042 3.2522498747636504 958.5610147863626 506.6935729613833 358.94195321947336 145.44403026998043 3.1557271395680666 3.705841649093374 -1906.5254843970474 -0.0453432107596378 21.93235186681697 -4264.688771527763 -1.9003860335137354e-05 0.004447762055251041 0.1388213827683831
0.3849811996418962 4.155243509400179 3.2537954685870742 953.0256073139608 506.99224876022345 348.75783575326204 141.57609295845032 3.1557271395680666 3.705841649093374 -1906.5254843970474 -0.0453432107596378 21.93235186681697 -4264.688771527763 -1.9003860335137354e-05 0.004447762055251041 0.1388213827683831
0.3781065353625784 4.083550581915847 3.237190772253609 947.5051224329509 507.3317123894303 339.18215668946505 138.24144937098026 3.1557271395680666 3.705841649093374 -1906.5254843970474 -0.0453432107596378 21.93235186681697 -4264.688771527763 -1.9003860335137354e-05 0.004447762055251041 0.1388213827683831
0.3673034914950681 4.007929274843331 3.28348970819406 942.0017659212463 507.7100691880769 330.3206050693989 135.47251899540424 3.1557271395680666 3.705841649093374 -1906.5254843970474 -0.0453432107596378 21.93235186681697 -4264.688771527763 -1.9003860335137354e-05 0.004447762055251041 0.1388213827683831
0.34471530886301616 3.9293616830796783 3.421542476113605 936.5175705775619 508.12540956278826 322.2758959904313 133.29452984035015 3.1557271395680666 3.705841649093374 -1906.5254843970474 -0.0453432107596378 21.93235186681697 -4264.688771527763 -1.9003860335137354e-05 0.004447762055251041 0.1388213827683831
0.3260555058191522 3.8517761862130704 3.377616332215644 931.0543961999938 508.57580898723245 315.1477706357837 131.72551809251308 3.1557271395680666 3.705841649093374 -1906.5254843970474 -0.0453432107596378 21.93235186681697 -4264.688771527763 -1.9003860335137354e-05 0.004447762055251041 0.1388213827683831
0.3073957027752883 3.7741906893464625 3.377616332215644 925.6139296046458 509.0593280026151 309.0329961925745 130.77632838487625 3.1557271395680666 3.705841649093374 -1906.5254843970474 -0.0453432107596378 21.93235186681697 -4264.688771527763 -1.9003860335137354e-05 0.004447762055251041 0.1388213827683831
0.29659265890778697 3.6995514771709934 3.2853313267381092 920.1976846177131 509.57401221760665 304.0253658145666 130.4506137818098 3.1557271395680666 3.705841649093374 -1906.5254843970474 -0.0453432107596378 21.93235186681697 -4264.688771527763 -1.9003860335137354e-05 0.004447762055251041 0.1388213827683831
0.27891495076096334 3.62589435989257 3.3741495953947274 914.8070020708255 510.1178923080006 300.2156988158822 130.7448354512453 3.1557271395680666 3.705841649093374 -1906.5254843970474 -0.0453432107596378 21.93235186681697 -4264.688771527763 -1.9003860335137354e-05 0.004447762055251041 0.1388213827683831
0.2573088630259562 3.555183527305281 3.4343057288138175 909.4430498150177 510.68898401722254 297.6918404325843 131.64826327562332 3.1557271395680666 3.705841649093374 -1906.5254843970474 -0.0453432107596378 21.93235186681697 -4264.688771527763 -1.9003860335137354e-05 0.004447762055251041 0.1388213827683831
0.22784601611458644 3.481526410026858 3.5175536074611027 904.1068227030337 511.28528815593745 296.5386620014906 133.14297525584698 3.1557271395680666 3.705841649093374 -1906.5254843970474 -0.0453432107596378 21.93235186681697 -4264.688771527763 -1.9003860335137354e-05 0.004447762055251041 0.1388213827683831
0.20623992837958374 3.4078692927484324 3.4233645208631183 898.7991426023655 511.9047906022388 296.83806082606316 135.20385782420635 3.1557271395680666 3.705841649093374 -1906.5254843970474 -0.0453432107596378 21.93235186681697 -4264.688771527763 -1.9003860335137354e-05 0.004447762055251041 0.1388213827683831
0.18365174574753182 3.335194270367055 3.4391543783276295 893.5206583924592 512.5454623015175 298.66896034777164 137.79860593378544 3.1641085858447173 3.695658613116291 -1909.9395558041263 -0.04530971036827348 21.89465502799429 -4252.465557075303 -1.8989819936409757e-05 0.004436925681652186 0.14192937370620293
0.16499194270366788 3.265465532676813 3.3995998954536994 888.2718459628522 513.2052592667314 302.10730988532305 140.88772255182266 3.1641085858447173 3.695658613116291 -1909.9395558041263 -0.04530971036827348 21.89465502799429 -4252.465557075303 -1.8989819936409757e-05 0.004436925681652186 0.14192937370620293
0.14731423455684425 3.196718889883615 3.3898825628928804 883.0530082103796 513.8821225780339 307.2260849624872 144.42451937496662 3.1641085858447173 3.695658613116291 -1909.9395558041263 -0.04530971036827348 21.89465502799429 -4252.465557075303 -1.8989819936409757e-05 0.004436925681652186 0.14192937370620293
0.12177976723365357 3.12797224709042 3.4926235403322625 877.8642750480212 514.5739783829267 314.0952869951725 148.3551162481308 3.1641085858447173 3.695658613116291 -1909.9395558041263 -0.04530971036827348 21.89465502799429 -4252.465557075303 -1.8989819936409757e-05 0.004436925681652186 0.14192937370620293
0.09624529991046735 3.0592256042972226 3.492623540332196 872.7056033932604 515.2787378964786 322.7819435149431 152.61844140291214 3.1641085858447173 3.695658613116291 -1909.9395558041263 -0.04530971036827348 21.89465502799429 -4252.465557075303 -1.8989819936409757e-05 0.004436925681652186 0.14192937370620293
0.06678245299910207 2.989496866606983 3.5363837732895096 867.5767771801911 515.9942974009391 333.35010804980993 157.14623153209686 3.1641085858447173 3.695658613116291 -1909.9395558041263 -0.04530971036827348 21.89465502799429 -4252.465557075303 -1.8989819936409757e-05 0.004436925681652186 0.14192937370620293
0.03731960608773233 2.9187860340196976 3.5363837732895633 862.4774073492736 516.718538246052 345.86086018383503 161.86303165555 3.1641085858447173 3.695658613116291 -1909.9395558041263 -0.04530971036827348 21.89465502799429 -4252.465557075303 -1.8989819936409757e-05 0.004436925681652186 0.14192937370620293
0.011785138764541644 2.8470931065353624 3.4837485386730096 857.4069318519905 517.4493268489168 360.37230551987886 166.68619507551193 3.1641085858447173 3.695658613116291 -1909.9395558041263 -0.04530971036827348 21.89465502799429 -4252.465557075303 -1.8989819936409757e-05 0.004436925681652186 0.14192937370620293
-0.009820948970465513 2.7783464637421664 3.446103536791941 852.3646156559698 518.1845146940177 376.9395756646991 171.52588352560997 3.1641085858447173 3.695658613116291 -1909.9395558041263 -0.04530971036827348 21.89465502799429 -4252.465557075303 -1.8989819936409757e-05 0.004436925681652186 0.14192937370620293
-0.039283795881835254 2.7086177260519255 3.5413737518325945 847.3495507300831 518.9219383331147 395.6148283034563 176.28506708145142 3.1641085858447173 3.695658613116291 -1909.9395558041263 -0.04530971036827348 21.89465502799429 -4252.465557075303 -1.8989819936409757e-05 0.004436925681652186 0.14192937370620293
-0.06776454789616024 2.6398710832587295 3.5343533192271255 842.3606560612097 519.6594193855417 416.4472471475601 180.85952435433865 3.1641085858447173 3.695658613116291 -1909.9395558041263 -0.04530971036827348 21.89465502799429 -4252.465557075303 -1.8989819936409757e-05 0.004436925681652186 0.14192937370620293
-0.10017367949866426 2.5701423455684864 3.5766766047518 837.3966776430607 520.3947645378139 439.48304188996553 185.1378419548273 3.1641085858447173 3.695658613116291 -1909.9395558041263 -0.04530971036827348 21.89465502799429 -4252.465557075303 -1.8989819936409757e-05 0.004436925681652186 0.14192937370620293
-0.1257081468218505 2.5004136078782433 3.492623540332196 832.456188486889 521.1257655439185 464.7654483169317 189.0014151930809 3.1641085858447173 3.695658613116291 -1909.9395558041263 -0.04530971036827348 21.89465502799429 -4252.465557075303 -1.8989819936409757e-05 0.004436925681652186 0.14192937370620293
-0.15026051924799194 2.430684870188003 3.4801483485014812 827.5375886019319 521.8501992252714 492.33472826331854 192.32444763183594 3.1641085858447173 3.695658613116291 -1909.9395558041263 -0.04530971036827348 21.89465502799429 -4252.465557075303 -1.8989819936409757e-05 0.004436925681652186 0.14192937370620293
-0.17481289167413339 2.3629203222918513 3.4891995133456906 822.6391050200909 522.5658274704765 522.2281694710255 194.9739511013031 3.1641085858447173 3.695658613116291 -1909.9395558041263 -0.04530971036827348 21.89465502799429 -4252.465557075303 -1.8989819936409757e-05 0.004436925681652186 0.14192937370620293
-0.1993652641002704 2.300066248880933 3.5139911002665047 817.758791777771 523.270397235654 554.4800858944654 196.80974589288235 3.1641085858447173 3.695658613116291 -1909.9395558041263 -0.04530971036827348 21.89465502799429 -4252.465557075303 -1.8989819936409757e-05 0.004436925681652186 0.14192937370620293
-0.22097135183527752 2.2381942703670545 3.4775602595159536 812.894529924728 523.9616405444249 589.1218173727393 197.68446078896523 3.1641085858447173 3.695658613116291 -1909.9395558041263 -0.04530971036827348 21.89465502799429 -4252.465557075303 -1.8989819936409757e-05 0.004436925681652186 0.14192937370620293
-0.245523724261419 2.1773043867502233 3.524876801335476 808.0440275175497 524.6372744875262 626.1817298084497 197.44353272020817 3.1641085858447173 3.695658613116291 -1909.9395558041263 -0.04530971036827348 21.89465502799429 -4252.465557075303 -1.8989819936409757e-05 0.004436925681652186 0.14192937370620293
-0.27007609668756044 2.1173965980304392 3.5305495337688053 803.2048196289688 525.2950012231304 665.685215242207 195.9252069890499 3.1641085858447173 3.695658613116291 -1909.9395558041263 -0.04530971036827348 21.89465502799429 -4252.465557075303 -1.8989819936409757e-05 0.004436925681652186 0.14192937370620293
-0.29070008952552284 2.0594529991047446 3.483542480567553 798.3742683390155 525.9325079769769 707.6546915918589 192.96053743362427 3.1641085858447173 3.695658613116291 -1909.9395558041263 -0.04530971036827348 21.89465502799429 -4252.465557075303 -1.8989819936409757e-05 0.004436925681652186 0.14192937370620293
-0.3152524619516643 1.99954521038496 3.5305495337688053 793.549562739674 526.5474670420299 752.1096028760076 188.37338609993458 3.1641085858447173 3.695658613116291 -1909.9395558041263 -0.04530971036827348 21.89465502799429 -4252.465557075303 -1.8989819936409757e-05 0.004436925681652186 0.14192937370620293
-0.3358764547896222 1.9416016114592654 3.4835424805674844 788.7277189278975 527.1375357784491 799.0664192438126 181.9804235547781 3.1641085858447173 3.695658613116291 -1909.9395558041263 -0.04530971036827348 21.89465502799429 -4252.465557075303 -1.8989819936409757e-05 0.004436925681652186 0.14192937370620293
-0.3604288272157637 1.8856222023276623 3.554923058129118 783.905580021441 527.7003566143321 848.5386366546154 173.59112842381 3.1641085858447173 3.695658613116291 -1909.9395558041263 -0.04530971036827348 21.89465502799429 -4252.465557075303 -1.8989819936409757e-05 0.004436925681652186 0.14192937370620293
