39 -2.6752264995523647 0.2769507609668738 1.3137570754498893 -2.6929042076991925 0.29462846911369744
-2.6752264995523647 0.2769507609668738 1.3137570754498893 664.1232990979915 601.7613977485016 699.4624765412882 195.473708961159 3.2084600443019076 3.7531239595588723 -1929.5409325685996 0.08980972059840628 22.080277536415625 -4244.520152289262 3.7640285246607895e-05 0.0044991563783139225 0.127804402863344
-2.677190689346454 0.2779328558639197 1.3204027303309491 664.3391499547288 601.8241922849265 697.2472024164163 190.04425355419517 3.2084600443019076 3.7531239595588723 -1929.5409325685996 0.08980972059840628 22.080277536415625 -4244.520152289262 3.7640285246607895e-05 0.0044991563783139225 0.127804402863344
-2.6791548791405524 0.27891495076096556 1.3270483852120087 664.4995516382623 601.8760697252437 694.7296950311866 187.62871488928795 3.2084600443019076 3.7531239595588723 -1929.5409325685996 0.08980972059840628 22.080277536415625 -4244.520152289262 3.7640285246607895e-05 0.0044991563783139225 0.127804402863344
-2.6811190689346422 0.27989704565801143 1.3336940400930686 664.6120803612284 601.9181945596647 691.9281814619899 187.91042631864548 3.2084600443019076 3.7531239595588723 -1929.5409325685996 0.08980972059840628 22.080277536415625 -4244.520152289262 3.7640285246607895e-05 0.0044991563783139225 0.127804402863344
-2.6811190689346422 0.2808791405550573 1.3403396949741284 664.6838690662989 601.9516724312562 688.860249210149 190.58619140833616 3.2084600443019076 3.7531239595588723 -1929.5409325685996 0.08980972059840628 22.080277536415625 -4244.520152289262 3.7640285246607895e-05 0.0044991563783139225 0.127804402863344
-2.6811190689346422 0.2818612354521032 1.346985349855188 664.7216074207099 601.977550135809 685.5428462070413 195.3662839345634 3.2084600443019076 3.7531239595588723 -1929.5409325685996 0.08980972059840628 22.080277536415625 -4244.520152289262 3.7640285246607895e-05 0.0044991563783139225 0.127804402863344
-2.6811190689346422 0.282843330349148 1.3536310047362479 664.7315418182407 601.9968156218674 681.9922808092088 201.97444782033563 3.2084600443019076 3.7531239595588723 -1929.5409325685996 0.08980972059840628 22.080277536415625 -4244.520152289262 3.7640285246607895e-05 0.0044991563783139225 0.127804402863344
-2.6811190689346422 0.28382542524619386 1.3602766596173077 664.719475380145 602.0103979905543 678.2242218037136 210.1478971466422 3.2084600443019076 3.7531239595588723 -1929.5409325685996 0.08980972059840628 22.080277536415625 -4244.520152289262 3.7640285246607895e-05 0.0044991563783139225 0.127804402863344
-2.6811190689346422 0.28382542524619386 1.3669223144983673 664.6907679531723 602.0191674962989 674.2536984048784 219.63731626048684 3.2084600443019076 3.7531239595588723 -1929.5409325685996 0.08980972059840628 22.080277536415625 -4244.520152289262 3.7640285246607895e-05 0.0044991563783139225 0.127804402863344
-2.6811190689346422 0.282843330349148 1.3735679693794272 664.6503361117793 602.0239355456724 670.0951002540532 230.20685959234834 3.2084600443019076 3.7531239595588723 -1929.5409325685996 0.08980972059840628 22.080277536415625 -4244.520152289262 3.7640285246607895e-05 0.0044991563783139225 0.127804402863344
-2.6811190689346422 0.28186123545210207 1.380213624260487 664.6026531562675 602.0254546983924 665.7621774196159 241.63415187597275 3.2084600443019076 3.7531239595588723 -1929.5409325685996 0.08980972059840628 22.080277536415625 -4244.520152289262 3.7640285246607895e-05 0.0044991563783139225 0.127804402863344
-2.6811190689346422 0.2808791405550562 1.3868592791415466 664.5517491125502 602.0244186668424 661.2680403995328 253.71028792113066 3.2084600443019076 3.7531239595588723 -1929.5409325685996 0.08980972059840628 22.080277536415625 -4244.520152289262 3.7640285246607895e-05 0.0044991563783139225 0.127804402863344
-2.6811190689346422 0.2798970456580103 1.3935049340226064 664.5012107349467 602.0214623160718 656.6251601192635 266.23983278498054 3.2084600443019076 3.7531239595588723 -1929.5409325685996 0.08980972059840628 22.080277536415625 -4244.520152289262 3.7640285246607895e-05 0.0044991563783139225 0.127804402863344
-2.6811190689346422 0.27891495076096445 1.4001505889036663 664.454181504203 602.017161664131 651.8453679317608 279.0408216640353 3.2084600443019076 3.7531239595588723 -1929.5409325685996 0.08980972059840628 22.080277536415625 -4244.520152289262 3.7640285246607895e-05 0.0044991563783139225 0.127804402863344
-2.6811190689346422 0.2779328558639186 1.4067962437847261 664.4133616258623 602.0120338815177 646.9398556172382 291.94476000219584 3.2084600443019076 3.7531239595588723 -1929.5409325685996 0.08980972059840628 22.080277536415625 -4244.520152289262 3.7640285246607895e-05 0.0044991563783139225 0.127804402863344
-2.6811190689346422 0.27695076096687266 1.4134418986657857 664.3810080330586 602.0065372918325 641.919175383402 304.7966233678162 3.2084600443019076 3.7531239595588723 -1929.5409325685996 0.08980972059840628 22.080277536415625 -4244.520152289262 3.7640285246607895e-05 0.0044991563783139225 0.127804402863344
-2.6811190689346422 0.2759686660698279 1.4200875535468456 664.3589343852364 602.0010713712254 636.793239868246 317.4548575691879 3.2084600443019076 3.7531239595588723 -1929.5409325685996 0.08980972059840628 22.080277536415625 -4244.520152289262 3.7640285246607895e-05 0.0044991563783139225 0.127804402863344
-2.6811190689346422 0.2759686660698279 1.4267332084279052 664.3485110703623 601.9959767485707 631.571322134696 329.7913785241544 3.2084600443019076 3.7531239595588723 -1929.5409325685996 0.08980972059840628 22.080277536415625 -4244.520152289262 3.7640285246607895e-05 0.0044991563783139225 0.127804402863344
-2.6811190689346422 0.2769507609668738 1.433378863308965 664.3506651993375 601.9915352056996 626.2620556741022 341.69157241657376 3.2084600443019076 3.7531239595588723 -1929.5409325685996 0.08980972059840628 22.080277536415625 -4244.520152289262 3.7640285246607895e-05 0.0044991563783139225 0.127804402863344
-2.6811190689346422 0.2779328558639197 1.4400245181900249 664.3658806118183 601.9879696770658 620.873434406938 353.054295565933 3.2084600443019076 3.7531239595588723 -1929.5409325685996 0.08980972059840628 22.080277536415625 -4244.520152289262 3.7640285246607895e-05 0.0044991563783139225 0.127804402863344
-2.6811190689346422 0.27891495076096556 1.4466701730710847 664.3941978744697 601.9854442499927 615.4128126818687 363.7918744944036 3.2084600443019076 3.7531239595588723 -1929.5409325685996 0.08980972059840628 22.080277536415625 -4244.520152289262 3.7640285246607895e-05 0.0044991563783139225 0.127804402863344
-2.6811190689346422 0.27989704565801143 1.4533158279521443 664.4352142795688 601.9840641645278 609.8869052720256 373.8301058895886 3.2084600443019076 3.7531239595588723 -1929.5409325685996 0.08980972059840628 22.080277536415625 -4244.520152289262 3.7640285246607895e-05 0.0044991563783139225 0.127804402863344
-2.6811190689346422 0.2808791405550573 1.4599614828332041 664.4880838457029 601.9838758132828 604.3017873824574 383.1082566194236 3.2084600443019076 3.7531239595588723 -1929.5409325685996 0.08980972059840628 22.080277536415625 -4244.520152289262 3.7640285246607895e-05 0.0044991563783139225 0.127804402863344
-2.6811190689346422 0.2818612354521032 1.466607137714264 664.551517318585 601.9848667420592 598.6628946419805 391.5790638104081 3.2084600443019076 3.7531239595588723 -1929.5409325685996 0.08980972059840628 22.080277536415625 -4244.520152289262 3.7640285246607895e-05 0.0044991563783139225 0.127804402863344
-2.6811190689346422 0.282843330349148 1.4732527925953236 664.623782170238 601.9869656489464 592.9750231124926 399.2087346725166 3.2084600443019076 3.7531239595588723 -1929.5409325685996 0.08980972059840628 22.080277536415625 -4244.520152289262 3.7640285246607895e-05 0.0044991563783139225 0.127804402863344
-2.6811190689346422 0.28382542524619386 1.4798984474763834 664.7027025995776 601.9900423852232 587.2423292780295 405.9769466519356 3.2084600443019076 3.7531239595588723 -1929.5409325685996 0.08980972059840628 22.080277536415625 -4244.520152289262 3.7640285246607895e-05 0.0044991563783139225 0.127804402863344
-2.6811190689346422 0.28480752014323973 1.4865441023574433 664.7856595314806 601.9939079546748 581.4683300543111 411.87684739008546 3.2084600443019076 3.7531239595588723 -1929.5409325685996 0.08980972059840628 22.080277536415625 -4244.520152289262 3.7640285246607895e-05 0.0044991563783139225 0.127804402863344
-2.6811190689346422 0.28480752014323973 1.493189757238503 664.8695906177163 601.9983145138394 575.6559027833864 416.91505467891693 3.2084600443019076 3.7531239595588723 -1929.5409325685996 0.08980972059840628 22.080277536415625 -4244.520152289262 3.7640285246607895e-05 0.0044991563783139225 0.127804402863344
-2.6811190689346422 0.28480752014323973 1.4998354121195627 664.9509902367136 602.0029553722998 569.8072852343321 421.1116565205157 3.2084600443019076 3.7531239595588723 -1929.5409325685996 0.08980972059840628 22.080277536415625 -4244.520152289262 3.7640285246607895e-05 0.0044991563783139225 0.127804402863344
-2.6811190689346422 0.28480752014323973 1.5064810670006226 665.0259094939101 602.0074649919698 563.9240756055806 424.5002111084759 3.2084600443019076 3.7531239595588723 -1929.5409325685996 0.08980972059840628 22.080277536415625 -4244.520152289262 3.7640285246607895e-05 0.0044991563783139225 0.127804402863344
-2.6811190689346422 0.28480752014323973 1.5131267218816822 665.0899562194245 602.011418987895 558.007232522592 427.1277467571199 3.2084600443019076 3.7531239595588723 -1929.5409325685996 0.08980972059840628 22.080277536415625 -4244.520152289262 3.7640285246607895e-05 0.0044991563783139225 0.127804402863344
-2.6811190689346422 0.28480752014323973 1.519772376762742 665.1382949720137 602.0143341278454 552.057075039018 429.0547620393336 3.2084600443019076 3.7531239595588723 -1929.5409325685996 0.08980972059840628 22.080277536415625 -4244.520152289262 3.7640285246607895e-05 0.0044991563783139225 0.127804402863344
-2.6811190689346422 0.28480752014323973 1.5264180316438019 665.1656470367452 602.0156683320965 546.0732826367021 430.35522570461035 3.2084600443019076 3.7531239595588723 -1929.5409325685996 0.08980972059840628 22.080277536415625 -4244.520152289262 3.7640285246607895e-05 0.0044991563783139225 0.127804402863344
-2.6811190689346422 0.28480752014323973 1.5330636865248617 665.1662904238328 602.0148206739395 540.0548952240497 431.11657667532563 3.2084600443019076 3.7531239595588723 -1929.5409325685996 0.08980972059840628 22.080277536415625 -4244.520152289262 3.7640285246607895e-05 0.0044991563783139225 0.127804402863344
-2.682101163831691 0.2867717099373315 1.5397093414059213 665.1340598711977 602.011131379375 534.0003131388221 431.43972401320934 3.2084600443019076 3.7531239595588723 -1929.5409325685996 0.08980972059840628 22.080277536415625 -4244.520152289262 3.7640285246607895e-05 0.0044991563783139225 0.127804402863344
-2.6830832587287405 0.2887358997314233 1.5463549962869811 665.0623468423728 602.0038818270841 527.9072971441783 431.43904704228044 3.2084600443019076 3.7531239595588723 -1929.5409325685996 0.08980972059840628 22.080277536415625 -4244.520152289262 3.7640285246607895e-05 0.0044991563783139225 0.127804402863344
-2.68406535362579 0.290700089525515 1.5530006511680408 664.9440995294135 601.9922945485887 521.7729684340302 431.2423951998353 3.2084600443019076 3.7531239595588723 -1929.5409325685996 0.08980972059840628 22.080277536415625 -4244.520152289262 3.7640285246607895e-05 0.0044991563783139225 0.127804402863344
-2.6850474485228344 0.29266427931960676 1.5596463060491006 664.7718228484737 601.9755332282075 515.5938086269889 430.9910881705582 3.2084600443019076 3.7531239595588723 -1929.5409325685996 0.08980972059840628 22.080277536415625 -4244.520152289262 3.7640285246607895e-05 0.0044991563783139225 0.127804402863344
-2.6889758281110137 0.2936463742166527 1.5662919609301604 664.5375784432981 601.9527027029544 509.36565977311693 430.8399157784879 3.2004138360519256 3.6942178424506733 -1907.4376557414191 0.08937213838116119 21.807102926464818 -4157.215886367324 3.7456889514317525e-05 0.0044206719359953925 0.1499561476076206
-2.6929042076991925 0.29462846911369744 1.5729376158112203 665.0000000000007 602.1372078873974 483.54110834375024 489.12086879089475 3.2004138360519256 3.6942178424506733 -1907.4376557414191 0.08937213838116119 21.807102926464818 -4157.215886367324 3.7456889514317525e-05 0.0044206719359953925 0.1499561476076206
-2.6968325872873717 0.2956105640107433 1.5795832706922799 665.0000000000006 602.2972207966377 495.5555886887014 466.50626062229276 3.2004138360519256 3.6942178424506733 -1907.4376557414191 0.08937213838116119 21.807102926464818 -4157.215886367324 3.7456889514317525e-05 0.0044206719359953925 0.1499561476076206
-2.700760966875551 0.2965926589077881 1.5862289255733397 665.0000000000006 602.4354629904265 507.9134562499821 444.28198892623186 3.2004138360519256 3.6942178424506733 -1907.4376557414191 0.08937213838116119 21.807102926464818 -4157.215886367324 3.7456889514317525e-05 0.0044206719359953925 0.1499561476076206
-2.7046893464637343 0.29757475380483395 1.5928745804543996 665.0000000000005 602.5538856183994 520.4947981052101 422.5877298004925 3.2004138360519256 3.6942178424506733 -1907.4376557414191 0.08937213838116119 21.807102926464818 -4157.215886367324 3.7456889514317525e-05 0.0044206719359953925 0.1499561476076206
-2.708617726051918 0.2985568487018798 1.5995202353354592 665.0000000000005 602.6543527064205 533.1880604065955 401.55157170817256 3.2004138360519256 3.6942178424506733 -1907.4376557414191 0.08937213838116119 21.807102926464818 -4157.215886367324 3.7456889514317525e-05 0.0044206719359953925 0.1499561476076206
-2.7115640107430523 0.29757475380483506 1.606165890216519 665.0000000000005 602.7386411586776 545.8900483213365 381.290015399456 3.2004138360519256 3.6942178424506733 -1907.4376557414191 0.08937213838116119 21.807102926464818 -4157.215886367324 3.7456889514317525e-05 0.0044206719359953925 0.1499561476076206
-2.714510295434191 0.2965926589077892 1.6128115450975788 665.0000000000005 602.8084407559072 558.5059261396527 361.9079739116132 3.2004138360519256 3.6942178424506733 -1907.4376557414191 0.08937213838116119 21.807102926464818 -4157.215886367324 3.7456889514317525e-05 0.0044206719359953925 0.1499561476076206
-2.71745658012533 0.2956105640107433 1.6194571999786385 665.0000000000005 602.8653541571693 570.9492171108723 343.4987726844847 3.2004138360519256 3.6942178424506733 -1907.4376557414191 0.08937213838116119 21.807102926464818 -4157.215886367324 3.7456889514317525e-05 0.0044206719359953925 0.1499561476076206
-2.7204028648164638 0.29462846911369744 1.6261028548596983 665.0000000000005 602.9108968978107 583.1418036147952 326.1441494040191 3.2004138360519256 3.6942178424506733 -1907.4376557414191 0.08937213838116119 21.807102926464818 -4157.215886367324 3.7456889514317525e-05 0.0044206719359953925 0.1499561476076206
-2.7204028648164638 0.29462846911369744 1.6327485097407581 665.0000000000005 602.9464973916183 595.0139270201325 309.9142540767789 3.2004138360519256 3.6942178424506733 -1907.4376557414191 0.08937213838116119 21.807102926464818 -4157.215886367324 3.7456889514317525e-05 0.0044206719359953925 0.1499561476076206
-2.7204028648164638 0.29462846911369744 1.6393941646218178 665.0000000000005 602.9734969290439 606.5041878409684 294.8676490858197 3.2004138360519256 3.6942178424506733 -1907.4376557414191 0.08937213838116119 21.807102926464818 -4157.215886367324 3.7456889514317525e-05 0.0044206719359953925 0.1499561476076206
-2.7204028648164638 0.29462846911369744 1.6460398195028776 665.0000000000005 602.993149678281 617.5595455691218 281.05130909755826 3.2004138360519256 3.6942178424506733 -1907.4376557414191 0.08937213838116119 21.807102926464818 -4157.215886367324 3.7456889514317525e-05 0.0044206719359953925 0.1499561476076206
-2.7204028648164638 0.29462846911369744 1.6526854743839374 665.0000000000005 603.0066226845665 628.1353187635541 268.5006210580468 3.2004138360519256 3.6942178424506733 -1907.4376557414191 0.08937213838116119 21.807102926464818 -4157.215886367324 3.7456889514317525e-05 0.0044206719359953925 0.1499561476076206
-2.7204028648164638 0.29462846911369744 1.6593311292649973 665.0000000000005 603.0149958712573 638.1951850540936 257.23938431218266 3.2004138360519256 3.6942178424506733 -1907.4376557414191 0.08937213838116119 21.807102926464818 -4157.215886367324 3.7456889514317525e-05 0.0044206719359953925 0.1499561476076206
-2.7204028648164638 0.29462846911369744 1.6659767841460569 665.0000000000005 603.0192620383459 647.7111811228096 247.27981045097113 3.2004138360519256 3.6942178424506733 -1907.4376557414191 0.08937213838116119 21.807102926464818 -4157.215886367324 3.7456889514317525e-05 0.0044206719359953925 0.1499561476076206
-2.7204028648164638 0.29462846911369744 1.6726224390271167 665.0000000000005 603.0203268632176 656.6637026965618 238.62252343818545 3.2004138360519256 3.6942178424506733 -1907.4376557414191 0.08937213838116119 21.807102926464818 -4157.215886367324 3.7456889514317525e-05 0.0044206719359953925 0.1499561476076206
-2.7204028648164638 0.29462846911369744 1.6792680939081763 665.0000000000005 603.019008901174 665.0415045283735 231.2565595060587 3.2004138360519256 3.6942178424506733 -1907.4376557414191 0.08937213838116119 21.807102926464818 -4157.215886367324 3.7456889514317525e-05 0.0044206719359953925 0.1499561476076206
-2.7204028648164638 0.29462846911369744 1.6859137487892362 665.0000000000005 603.016039584938 672.84170050174 225.15936724841595 3.2004138360519256 3.6942178424506733 -1907.4376557414191 0.08937213838116119 21.807102926464818 -4157.215886367324 3.7456889514317525e-05 0.0044206719359953925 0.1499561476076206
-2.7204028648164638 0.29462846911369744 1.692559403670296 665.0000000000005 603.0120632238977 680.0697634927928 220.29680755734444 3.2004138360519256 3.6942178424506733 -1907.4376557414191 0.08937213838116119 21.807102926464818 -4157.215886367324 3.7456889514317525e-05 0.0044206719359953925 0.1499561476076206
-2.7204028648164638 0.29462846911369744 1.6992050585513558 665.0000000000005 603.007637005212 686.7395254485309 216.62315363436937 3.2004138360519256 3.6942178424506733 -1907.4376557414191 0.08937213838116119 21.807102926464818 -4157.215886367324 3.7456889514317525e-05 0.0044206719359953925 0.1499561476076206
-2.7204028648164638 0.29462846911369744 1.7058507134324155 665.0000000000005 603.0032309938106 692.8731773681939 214.081091016531 3.2004138360519256 3.6942178424506733 -1907.4376557414191 0.08937213838116119 21.807102926464818 -4157.215886367324 3.7456889514317525e-05 0.0044206719359953925 0.1499561476076206
-2.7204028648164638 0.29462846911369744 1.7124963683134753 665.0000000000005 602.9992281315208 698.5012692920864 212.60171757638454 3.2004138360519256 3.6942178424506733 -1907.4376557414191 0.08937213838116119 21.807102926464818 -4157.215886367324 3.7456889514317525e-05 0.0044206719359953925 0.1499561476076206
-2.7204028648164638 0.29462846911369744 1.7191420231945351 665.0000000000005 602.995924237679 703.6627103537321 212.10454345867038 3.2004138360519256 3.6942178424506733 -1907.4376557414191 0.08937213838116119 21.807102926464818 -4157.215886367324 3.7456889514317525e-05 0.0044206719359953925 0.1499561476076206
-2.7204028648164638 0.29462846911369744 1.7257876780755947 665.0000000000005 602.993528009014 708.404768705368 212.49749115109444 3.2004138360519256 3.6942178424506733 -1907.4376557414191 0.08937213838116119 21.807102926464818 -4157.215886367324 3.7456889514317525e-05 0.0044206719359953925 0.1499561476076206
-2.7204028648164638 0.29462846911369744 1.7324333329566546 665.0000000000005 602.9921610197634 712.7830715440214 213.67689545825124 3.2004138360519256 3.6942178424506733 -1907.4376557414191 0.08937213838116119 21.807102926464818 -4157.215886367324 3.7456889514317525e-05 0.0044206719359953925 0.1499561476076206
-2.7204028648164638 0.29462846911369744 1.7390789878377144 665.0000000000003 602.9918577213539 716.8616051711142 215.52750350907445 3.2004138360519256 3.6942178424506733 -1907.4376557414191 0.08937213838116119 21.807102926464818 -4157.215886367324 3.7456889514317525e-05 0.0044206719359953925 0.1499561476076206
-2.7204028648164638 0.29462846911369744 1.7457246427187743 665.0000000000003 602.9925654429244 720.7127148918808 217.92247474566102 3.2004138360519256 3.6942178424506733 -1907.4376557414191 0.08937213838116119 21.807102926464818 -4157.215886367324 3.7456889514317525e-05 0.0044206719359953925 0.1499561476076206
-2.7204028648164638 0.29462846911369744 1.7523702975998339 665.0000000000003 602.9941443905118 724.417105101049 220.72338094189763 3.2004138360519256 3.6942178424506733 -1907.4376557414191 0.08937213838116119 21.807102926464818 -4157.215886367324 3.7456889514317525e-05 0.0044206719359953925 0.1499561476076206
-2.7204028648164638 0.29462846911369744 1.7590159524808937 665.0000000000005 602.9963676478365 728.0638391859829 223.78020617738366 3.2004138360519256 3.6942178424506733 -1907.4376557414191 0.08937213838116119 21.807102926464818 -4157.215886367324 3.7456889514317525e-05 0.0044206719359953925 0.1499561476076206
-2.7204028648164638 0.29462846911369744 1.7656616073619533 665.0000000000005 602.9989211762731 731.7503397092223 226.93134680390358 3.2004138360519256 3.6942178424506733 -1907.4376557414191 0.08937213838116119 21.807102926464818 -4157.215886367324 3.7456889514317525e-05 0.0044206719359953925 0.1499561476076206
-2.7204028648164638 0.29462846911369744 1.7723072622430132 665.0000000000005 603.001403814269 735.5823881328106 230.00361159443855 3.2004138360519256 3.6942178424506733 -1907.4376557414191 0.08937213838116119 21.807102926464818 -4157.215886367324 3.7456889514317525e-05 0.0044206719359953925 0.1499561476076206
-2.7204028648164638 0.29462846911369744 1.778952917124073 665.0000000000005 603.0033272773144 739.6741250790656 232.81222153827548 3.2004138360519256 3.6942178424506733 -1907.4376557414191 0.08937213838116119 21.807102926464818 -4157.215886367324 3.7456889514317525e-05 0.0044206719359953925 0.1499561476076206
-2.7204028648164638 0.29462846911369744 1.7855985720051328 665.0000000000005 603.0041161588742 744.1480502262712 235.1608100347221 3.2004138360519256 3.6942178424506733 -1907.4376557414191 0.08937213838116119 21.807102926464818 -4157.215886367324 3.7456889514317525e-05 0.0044206719359953925 0.1499561476076206
-2.7204028648164638 0.29462846911369744 1.7922442268861924 665.0000000000005 603.0031079297478 749.135022263974 236.84142273664474 3.2004138360519256 3.6942178424506733 -1907.4376557414191 0.08937213838116119 21.807102926464818 -4157.215886367324 3.7456889514317525e-05 0.0044206719359953925 0.1499561476076206
-2.7204028648164638 0.29462846911369744 1.7988898817672523 665.0000000000005 602.999552937923 754.7742589004338 237.6345176026225 3.2004138360519256 3.6942178424506733 -1907.4376557414191 0.08937213838116119 21.807102926464818 -4157.215886367324 3.7456889514317525e-05 0.0044206719359953925 0.1499561476076206
-2.7204028648164638 0.29462846911369744 1.805535536648312 665.0000000000006 602.9926144084602 761.2133370041847 237.30896498262882 3.2004138360519256 3.6942178424506733 -1907.4376557414191 0.08937213838116119 21.807102926464818 -4157.215886367324 3.7456889514317525e-05 0.0044206719359953925 0.1499561476076206
