26 -2.5141629364368847 0.5411342882721578 0.9272952180016031 -0.8013894359892562 2.370777081468216
-2.5141629364368847 0.5411342882721578 0.9272952180016031 689.9453875422478 599.8433657465503 694.2196286525577 270.6462717950344 3.1549524661967547 3.645690167076918 -1871.300880016861 0.04366906508792845 21.550003186506487 -4074.383791109616 1.8302206658813362e-05 0.004374072260159341 0.16946492821383244
-2.4405058191584605 0.6010420769919432 0.8879780158157412 693.9461685605347 596.7440937175415 702.3836133256555 293.79375189356506 3.1549524661967547 3.645690167076918 -1871.300880016861 0.04366906508792845 21.550003186506487 -4074.383791109616 1.8302206658813362e-05 0.004374072260159341 0.16946492821383244
-2.3668487018800315 0.6609498657117274 0.88797801581578 698.9962389171124 593.9434517314658 710.0882610017434 312.91607533581555 3.1549524661967547 3.645690167076918 -1871.300880016861 0.04366906508792845 21.550003186506487 -4074.383791109616 1.8302206658813362e-05 0.004374072260159341 0.16946492821383244
-2.2931915846016073 0.7267502238137858 0.8416766996862153 704.8606602102518 591.3909002337605 717.4318626290187 328.4620363917202 3.1549524661967547 3.645690167076918 -1871.300880016861 0.04366906508792845 21.550003186506487 -4074.383791109616 1.8302206658813362e-05 0.004374072260159341 0.16946492821383244
-2.224444941808416 0.7974610564010748 0.7713145875745446 711.3258574418724 589.0397444604896 724.5048117013648 340.8634936977178 3.1549524661967547 3.645690167076918 -1871.300880016861 0.04366906508792845 21.550003186506487 -4074.383791109616 1.8302206658813362e-05 0.004374072260159341 0.16946492821383244
-2.160608773500448 0.8750465532676815 0.6884805356030866 718.1996190063655 586.8471344369464 731.3896042685956 350.53537034615874 3.1549524661967547 3.645690167076918 -1871.300880016861 0.04366906508792845 21.550003186506487 -4074.383791109616 1.8302206658813362e-05 0.004374072260159341 0.16946492821383244
-2.101683079677713 0.9555783348254271 0.6316906343389239 725.3110966049135 584.7740649790503 738.1608389317989 357.8756538182497 3.1549524661967547 3.645690167076918 -1871.300880016861 0.04366906508792845 21.550003186506487 -4074.383791109616 1.8302206658813362e-05 0.004374072260159341 0.16946492821383244
-2.047667860340197 1.040038495971353 0.5689831581093865 732.5108053572476 582.7853756998666 744.8852168377489 363.265396008268 3.1549524661967547 3.645690167076918 -1871.300880016861 0.04366906508792845 21.550003186506487 -4074.383791109616 1.8302206658813362e-05 0.004374072260159341 0.16946492821383244
-1.993652641002686 1.1244986571172797 0.568983158109343 739.670623768121 580.849750992842 751.6215416789055 367.0687132421881 3.1549524661967547 3.645690167076918 -1871.300880016861 0.04366906508792845 21.550003186506487 -4074.383791109616 1.8302206658813362e-05 0.004374072260159341 0.16946492821383244
-1.9416016114592687 1.2089588182632054 0.5523034908682253 746.6837937012315 578.9397200555541 758.4207197120413 369.632786212489 3.1549524661967547 3.645690167076918 -1871.300880016861 0.04366906508792845 21.550003186506487 -4074.383791109616 1.8302206658813362e-05 0.004374072260159341 0.16946492821383244
-1.8895505819158427 1.2904726947179956 0.5682868486625939 753.4649203754961 577.0316568594426 765.3257597321644 371.2878600768745 3.1549524661967547 3.645690167076918 -1871.300880016861 0.04366906508792845 21.550003186506487 -4074.383791109616 1.8302206658813362e-05 0.004374072260159341 0.16946492821383244
-1.8306248880931075 1.369040286481647 0.6435011087932548 759.9499724321067 575.1057801819406 772.3717730864882 372.347244374454 3.1549524661967547 3.645690167076918 -1871.300880016861 0.04366906508792845 21.550003186506487 -4074.383791109616 1.8302206658813362e-05 0.004374072260159341 0.16946492821383244
-1.768752909579225 1.4446615935541633 0.6857295109063329 766.0962818525732 573.146153585054 779.585973681882 373.1073130555451 3.1549524661967547 3.645690167076918 -1871.300880016861 0.04366906508792845 21.550003186506487 -4074.383791109616 1.8302206658813362e-05 0.004374072260159341 0.16946492821383244
-1.7088451208594362 1.5153724261414512 0.702879208964493 771.8825439587235 571.1406854232773 786.987677956 373.84750449843705 3.1549524661967547 3.645690167076918 -1871.300880016861 0.04366906508792845 21.550003186506487 -4074.383791109616 1.8302206658813362e-05 0.004374072260159341 0.16946492821383244
-1.6459910474485175 1.5811727842435095 0.762501402176041 777.30881755054 569.0811288361438 794.588304920122 374.83032148331404 3.1549524661967547 3.645690167076918 -1871.300880016861 0.04366906508792845 21.550003186506487 -4074.383791109616 1.8302206658813362e-05 0.004374072260159341 0.16946492821383244
-1.5821548791405498 1.641080572963295 0.8171335369259044 782.396524682641 566.9630817645229 802.3913761069998 376.30133119784296 3.1624672019874156 3.6725337938457128 -1882.2853234099125 0.043817570653049275 21.73577104686434 -4133.8210880938495 1.8364447046541945e-05 0.0044274329030964624 0.15442628514536855
-1.5183187108325864 1.7000062667860332 0.825376850520713 787.1884508617222 564.7859869329259 810.3925156332552 378.48916524648666 3.1624672019874156 3.6725337938457128 -1882.2853234099125 0.043817570653049275 21.73577104686434 -4133.8210880938495 1.8364447046541945e-05 0.0044274329030964624 0.15442628514536855
-1.4544825425246142 1.7540214861235444 0.868539395285924 791.7487449496984 562.5531318564899 818.5794501341879 381.60551964864135 3.1624672019874156 3.6725337938457128 -1882.2853234099125 0.043817570653049275 21.73577104686434 -4133.8210880938495 1.8364447046541945e-05 0.0044274329030964624 0.15442628514536855
-1.3837717099373288 1.8070546105640108 0.927295218001592 796.1629191786051 560.2716488451697 826.9320088233799 385.8451548460871 3.1624672019874156 3.6725337938457128 -1882.2853234099125 0.043817570653049275 21.73577104686434 -4133.8210880938495 1.8364447046541945e-05 0.0044274329030964624 0.15442628514536855
-1.309132497761855 1.8640161145926586 0.9189272124893466 800.5378491319716 557.9525149986148 835.4221234386787 391.385895665735 3.1624672019874156 3.6725337938457128 -1882.2853234099125 0.043817570653049275 21.73577104686434 -4133.8210880938495 1.8364447046541945e-05 0.0044274329030964624 0.15442628514536855
-1.2305649059982025 1.9258880931065356 0.9037239459029761 805.0017738118768 555.6105522029102 844.0138282859698 398.38863135688007 3.1624672019874156 3.6725337938457128 -1882.2853234099125 0.043817570653049275 21.73577104686434 -4133.8210880938495 1.8364447046541945e-05 0.0044274329030964624 0.15442628514536855
-1.1559256938227334 1.99267054610564 0.8408966686431625 809.7042955756187 553.2644271426834 852.6632602149621 406.99731560237706 3.1624672019874156 3.6725337938457128 -1882.2853234099125 0.043817570653049275 21.73577104686434 -4133.8210880938495 1.8364447046541945e-05 0.0044274329030964624 0.15442628514536855
-1.0871790510295372 2.0623992837958807 0.778306083723135 814.8163801319897 550.9366512871347 861.3186586191878 417.33896644786 3.1624672019874156 3.6725337938457128 -1882.2853234099125 0.043817570653049275 21.73577104686434 -4133.8210880938495 1.8364447046541945e-05 0.0044274329030964624 0.15442628514536855
-1.017450313339292 2.139002685765442 0.7384528151360691 820.5303566083312 548.6535809007473 869.9203654583544 429.52366641163826 3.1624672019874156 3.6725337938457128 -1882.2853234099125 0.043817570653049275 21.73577104686434 -4133.8210880938495 1.8364447046541945e-05 0.0044274329030964624 0.15442628514536855
-0.9467394807520109 2.217570277529094 0.7328151017864626 827.0599174723029 546.4454170307145 878.4008252294734 443.64456237852573 3.1624672019874156 3.6725337938457128 -1882.2853234099125 0.043817570653049275 21.73577104686434 -4133.8210880938495 1.8364447046541945e-05 0.0044274329030964624 0.15442628514536855
-0.8760286481647208 2.295155774395702 0.7390737126968546 834.6401185579598 544.3462055283599 886.6845849789679 459.77786567248404 3.1624672019874156 3.6725337938457128 -1882.2853234099125 0.043817570653049275 21.73577104686434 -4133.8210880938495 1.8364447046541945e-05 0.0044274329030964624 0.15442628514536855
-0.8013894359892562 2.370777081468216 0.7788623087514931 838.6423616087995 542.1975317536853 790.0169745385647 437.62717793881893 3.1624672019874156 3.6725337938457128 -1882.2853234099125 0.043817570653049275 21.73577104686434 -4133.8210880938495 1.8364447046541945e-05 0.0044274329030964624 0.15442628514536855
-0.7326427931960556 2.449344673231869 0.7188299996216567 844.2369417529553 540.0631415480748 711.5661480724812 382.54053795337677 3.1624672019874156 3.6725337938457128 -1882.2853234099125 0.043817570653049275 21.73577104686434 -4133.8210880938495 1.8364447046541945e-05 0.0044274329030964624 0.15442628514536855
-0.659967770814676 2.5288943598925684 0.740267538342697 849.7934693042189 537.8023381759413 652.0203086137772 338.71019254624844 3.1624672019874156 3.6725337938457128 -1882.2853234099125 0.043817570653049275 21.73577104686434 -4133.8210880938495 1.8364447046541945e-05 0.0044274329030964624 0.15442628514536855
-0.5872927484332919 2.609426141450313 0.7341609959940634 855.2731019430794 535.4446727926843 608.5600003004074 304.5834567695856 3.1624672019874156 3.6725337938457128 -1882.2853234099125 0.043817570653049275 21.73577104686434 -4133.8210880938495 1.8364447046541945e-05 0.0044274329030964624 0.15442628514536855
-0.5136356311548675 2.68897582811101 0.746955573376266 860.6390670193359 533.0174070377834 578.5599731504917 278.71047669649124 3.1624672019874156 3.6725337938457128 -1882.2853234099125 0.043817570653049275 21.73577104686434 -4133.8210880938495 1.8364447046541945e-05 0.0044274329030964624 0.15442628514536855
-0.4350680393912149 2.7655792300805735 0.7980557152314887 865.8566615479067 530.5455130441114 559.5891830325127 259.7442281395197 3.1624672019874156 3.6725337938457128 -1882.2853234099125 0.043817570653049275 21.73577104686434 -4133.8210880938495 1.8364447046541945e-05 0.0044274329030964624 0.15442628514536855
-0.3456974037600654 2.8392363473589977 0.8814868789147858 870.8932522097602 528.0516734272242 549.4107922017574 246.4405182301998 3.1624672019874156 3.6725337938457128 -1882.2853234099125 0.043817570653049275 21.73577104686434 -4133.8210880938495 1.8364447046541945e-05 0.0044274329030964624 0.15442628514536855
-0.2523983885407323 2.906018800358102 0.9495518162648164 875.7182753523812 525.5562812974676 545.9821690917015 237.65798425674438 3.1624672019874156 3.6725337938457128 -1882.2853234099125 0.043817570653049275 21.73577104686434 -4133.8210880938495 1.8364447046541945e-05 0.0044274329030964624 0.15442628514536855
-0.16204565801252913 2.968872873769025 0.9629943306809434 880.3032369902357 523.0774402501993 547.4548879563808 232.35809388756752 3.1624672019874156 3.6725337938457128 -1882.2853234099125 0.043817570653049275 21.73577104686434 -4133.8210880938495 1.8364447046541945e-05 0.0044274329030964624 0.15442628514536855
-0.07562130707251388 3.0336911369740376 0.927295218001604 884.6217128024437 520.6309643685818 552.174729436636 229.60514572262764 3.1624672019874156 3.6725337938457128 -1882.2853234099125 0.043817570653049275 21.73577104686434 -4133.8210880938495 1.8364447046541945e-05 0.0044274329030964624 0.15442628514536855
0.008838854073416282 3.099491495076097 0.9089486528885092 888.6493481374346 518.2303782268427 558.6816802322865 228.56626850366592 3.1624672019874156 3.6725337938457128 -1882.2853234099125 0.043817570653049275 21.73577104686434 -4133.8210880938495 1.8364447046541945e-05 0.0044274329030964624 0.15442628514536855
0.10017367949865981 3.1633276633840626 0.9607923839408735 892.3638580096886 515.8869168888777 565.7099331021309 228.51142163574696 3.1624672019874156 3.6725337938457128 -1882.2853234099125 0.043817570653049275 21.73577104686434 -4133.8210880938495 1.8364447046541945e-05 0.0044274329030964624 0.15442628514536855
0.18561593554163028 3.2222533572068044 0.9670469933974327 895.7450270955451 513.6095259017311 572.18788677454 228.8133952319622 3.1624672019874156 3.6725337938457128 -1882.2853234099125 0.043817570653049275 21.73577104686434 -4133.8210880938495 1.8364447046541945e-05 0.0044274329030964624 0.15442628514536855
0.26516562220233214 3.2752864816472687 0.9827937232473615 898.7747097443789 511.40486130909994 577.2381463944912 228.9478096216917 3.1624672019874156 3.6725337938457128 -1882.2853234099125 0.043817570653049275 21.73577104686434 -4133.8210880938495 1.8364447046541945e-05 0.0044274329030964624 0.15442628514536855
0.34078692927484605 3.32242703670546 1.0133652352189497 901.4368299683556 509.27728963363916 580.1775231063366 228.4931157231331 3.1624672019874156 3.6725337938457128 -1882.2853234099125 0.043817570653049275 21.73577104686434 -4133.8210880938495 1.8364447046541945e-05 0.0044274329030964624 0.15442628514536855
0.41739033124440916 3.362692927484333 1.086846938934868 903.717381447088 507.22888789558783 580.5170340538025 227.13059525191784 3.1624672019874156 3.6725337938457128 -1882.2853234099125 0.043817570653049275 21.73577104686434 -4133.8210880938495 1.8364447046541945e-05 0.0044274329030964624 0.15442628514536855
0.48417278424351123 3.3980483437779783 1.0838970949835953 905.604427525308 505.2594436011277 577.9619027078152 224.64436012506485 3.1624672019874156 3.6725337938457128 -1882.2853234099125 0.043817570653049275 21.73577104686434 -4133.8210880938495 1.8364447046541945e-05 0.0044274329030964624 0.15442628514536855
0.5440805729632955 3.4265290957923007 1.127013654045268 907.0881012147292 503.36645474191755 572.411558330059 220.9213530421257 3.1624672019874156 3.6725337938457128 -1882.2853234099125 0.043817570653049275 21.73577104686434 -4133.8210880938495 1.8364447046541945e-05 0.0044274329030964624 0.15442628514536855
0.6030062667860394 3.453045658012532 1.1479424006620096 908.1606051973067 501.545129800681 563.9596365094185 215.95134694874287 3.1624672019874156 3.6725337938457128 -1882.2853234099125 0.043817570653049275 21.73577104686434 -4133.8210880938495 1.8364447046541945e-05 0.0044274329030964624 0.15442628514536855
0.6629140555058237 3.4746517457475368 1.2246603632255246 908.8162118149921 499.7883877498098 552.8939792513847 209.8269454985857 3.1624672019874156 3.6725337938457128 -1882.2853234099125 0.043817570653049275 21.73577104686434 -4133.8210880938495 1.8364447046541945e-05 0.0044274329030964624 0.15442628514536855
0.7228218442256079 3.4903652641002663 1.3142797141505833 909.0512630781159 498.0868580476381 539.6966338455677 202.74358285963535 3.1624672019874156 3.6725337938457128 -1882.2853234099125 0.043817570653049275 21.73577104686434 -4133.8210880938495 1.8364447046541945e-05 0.0044274329030964624 0.15442628514536855
0.787640107430625 3.4982220232766332 1.4501726582147734 908.864170670975 496.4288806435652 525.0438547432423 194.99952374398708 3.1624672019874156 3.6725337938457128 -1882.2853234099125 0.043817570653049275 21.73577104686434 -4133.8210880938495 1.8364447046541945e-05 0.0044274329030964624 0.15442628514536855
0.8524583706356375 3.4972399283795887 1.5859466826696529 908.255415931344 494.80050597619265 509.806101500988 186.99586327373981 3.1624672019874156 3.6725337938457128 -1882.2853234099125 0.043817570653049275 21.73577104686434 -4133.8210880938495 1.8364447046541945e-05 0.0044274329030964624 0.15442628514536855
0.9212050134288291 3.4913473589973134 1.6563016204731262 907.2275498723611 493.18549496959895 495.0480407476425 179.23652723431587 3.1624672019874156 3.6725337938457128 -1882.2853234099125 0.043817570653049275 21.73577104686434 -4133.8210880938495 1.8364447046541945e-05 0.0044274329030964624 0.15442628514536855
0.9909337511190699 3.4785801253357205 1.7518889833261113 905.7851931746118 491.56531903799623 482.0285441875458 172.3282717615366 3.1624672019874156 3.6725337938457128 -1882.2853234099125 0.043817570653049275 21.73577104686434 -4133.8210880938495 1.8364447046541945e-05 0.0044274329030964624 0.15442628514536855
1.057716204118172 3.4648307967770826 1.7738415440483504 903.9350361772813 489.91916008573025 472.20069059729576 166.98068387806416 3.1624672019874156 3.6725337938457128 -1882.2853234099125 0.043817570653049275 21.73577104686434 -4133.8210880938495 1.8364447046541945e-05 0.0044274329030964624 0.15442628514536855
1.128427036705462 3.4491172784243505 1.7894652726688487 901.6858388930559 488.2239105044864 467.2117642760277 164.00618056952953 3.1624672019874156 3.6725337938457128 -1882.2853234099125 0.043817570653049275 21.73577104686434 -4133.8210880938495 1.8364447046541945e-05 0.0044274329030964624 0.15442628514536855
1.2030662488809356 3.4314395702775293 1.8033532685997893 899.048430998344 486.45417317422107 468.9032560288906 164.32000969350338 3.1624672019874156 3.6725337938457128 -1882.2853234099125 0.043817570653049275 21.73577104686434 -4133.8210880938495 1.8364447046541945e-05 0.0044274329030964624 0.15442628514536855
1.2835980304386734 3.405905102954343 1.8778420588136997 896.0357118360698 484.5822614636272 479.31086242198944 168.94024980068207 3.1624672019874156 3.6725337938457128 -1882.2853234099125 0.043817570653049275 21.73577104686434 -4133.8210880938495 1.8364447046541945e-05 0.0044274329030964624 0.15442628514536855
1.3680581915846035 3.3744780662488814 1.9270159821910375 892.6626504170708 482.57819923060015 500.66448614001274 178.9878095984459 3.1624672019874156 3.6725337938457128 -1882.2853234099125 0.043817570653049275 21.73577104686434 -4133.8210880938495 1.8364447046541945e-05 0.0044274329030964624 0.15442628514536855
1.453500447627583 3.3381405550581906 1.9826036321566 888.9462854163721 480.4097208227031 535.3882364630699 195.68642860651016 3.1624672019874156 3.6725337938457128 -1882.2853234099125 0.043817570653049275 21.73577104686434 -4133.8210880938495 1.8364447046541945e-05 0.0044274329030964624 0.15442628514536855
1.5350143240823655 3.2978746642793184 2.0392515910624334 884.9057251783088 478.04227107577026 586.1004283428192 220.3626766204834 3.1624672019874156 3.6725337938457128 -1882.2853234099125 0.043817570653049275 21.73577104686434 -4133.8210880938495 1.8364447046541945e-05 0.0044274329030964624 0.15442628514536855
1.6086714413607897 3.2546624888093096 2.1112158270654806 880.5621477072127 475.43900531111285 655.6135826706886 254.44595403969288 3.1624672019874156 3.6725337938457128 -1882.2853234099125 0.043817570653049275 21.73577104686434 -4133.8210880938495 1.8364447046541945e-05 0.0044274329030964624 0.15442628514536855
1.6793822739480753 3.2065398388540727 2.1777839908413164 875.938800684642 472.56078933971 746.9344270825386 299.4684921503067 3.1624672019874156 3.6725337938457128 -1882.2853234099125 0.043817570653049275 21.73577104686434 -4133.8210880938495 1.8364447046541945e-05 0.0044274329030964624 0.15442628514536855
