27 -3.1191333930170138 0.19936526410026814 4.411092853296702 -2.31479767233661 1.3336848701880033
-3.1191333930170138 0.19936526410026814 4.411092853296702 649.8829358518124 653.6801498234272 678.327579498291 255.1131238937378 3.42183698225807 3.979047848491773 -2041.7351480247532 -0.004617068916700892 22.434113941559055 -3892.445329755474 -8.230069370229825e-06 0.004794476426973607 0.1709911386487536
-3.6141092211280172 0.048122649955237025 4.415843171314985 632.300448179245 676.975888311863 620.7439701557159 223.67541432380676 3.42183698225807 3.979047848491773 -2041.7351480247532 -0.004617068916700892 22.434113941559055 -3892.445329755474 -8.230069370229825e-06 0.004794476426973607 0.1709911386487536
-4.099264100268578 -0.10311996418979522 4.410195834288142 620.3186974525452 693.7502044737339 599.6106131076813 212.88424026966095 3.42183698225807 3.979047848491773 -2041.7351480247532 -0.004617068916700892 22.434113941559055 -3892.445329755474 -8.230069370229825e-06 0.004794476426973607 0.1709911386487536
-4.588347358997317 -0.25436257833482745 4.412479612498242 612.9396992921829 705.164168715477 604.7892332077026 217.2982256412506 3.42183698225807 3.979047848491773 -2041.7351480247532 -0.004617068916700892 22.434113941559055 -3892.445329755474 -8.230069370229825e-06 0.004794476426973607 0.1709911386487536
-4.717983885407342 -0.2956105640107444 4.40213217270308 609.2505922615528 712.2775313258171 627.2592272758484 232.05602407455444 3.42183698225807 3.979047848491773 -2041.7351480247532 -0.004617068916700892 22.434113941559055 -3892.445329755474 -8.230069370229825e-06 0.004794476426973607 0.1709911386487536
-4.749410922112801 -0.28971799462847025 4.903573439981717 608.4236387014389 716.0487231910229 659.1176609992981 252.87630999088287 3.42183698225807 3.979047848491773 -2041.7351480247532 -0.004617068916700892 22.434113941559055 -3892.445329755474 -8.230069370229825e-06 0.004794476426973607 0.1709911386487536
-4.756285586392124 -0.2602551477171005 6.0857897473295886 609.7162235379219 717.3348559737206 693.5792646408081 276.05778539180756 3.42183698225807 3.979047848491773 -2041.7351480247532 -0.004617068916700892 22.434113941559055 -3892.445329755474 -8.230069370229825e-06 0.004794476426973607 0.1709911386487536
-4.780837958818257 -0.2209713518352742 5.742765806909152 612.4708553850651 716.891721367836 724.9764401912689 298.4791769981384 3.42183698225807 3.979047848491773 -2041.7351480247532 -0.004617068916700892 22.434113941559055 -3892.445329755474 -8.230069370229825e-06 0.004794476426973607 0.1709911386487536
-4.817175470008953 -0.18070546105640198 5.562631171335298 616.115165412426 715.3737918138504 748.7592577934265 317.5992352962494 3.203092763562357 3.703597810322594 -1908.887847703558 0.04461560686304733 21.87861921919592 -4194.682274542518 1.8698913186524492e-05 0.004453485707272448 0.14254671461859125
-4.865298119964186 -0.14633213965980282 5.342422889930647 620.1619085669518 713.3342203497887 761.4954533576965 331.45673620700836 3.203092763562357 3.703597810322594 -1908.887847703558 0.04461560686304733 21.87861921919592 -4194.682274542518 1.8698913186524492e-05 0.004453485707272448 0.14254671461859125
-4.921277529095792 -0.11490510295434245 5.2315350946312105 624.2089625895023 711.2248400449753 760.8704335689545 338.6704812049866 3.203092763562357 3.703597810322594 -1908.887847703558 0.04461560686304733 21.87861921919592 -4194.682274542518 1.8698913186524492e-05 0.004453485707272448 0.14254671461859125
-4.98413160250671 -0.08740644583706446 5.130613309963929 627.9393285810947 709.3961651027203 745.6872718334198 338.4392977952957 3.203092763562357 3.703597810322594 -1908.887847703558 0.04461560686304733 21.87861921919592 -4194.682274542518 1.8698913186524492e-05 0.004453485707272448 0.14254671461859125
-5.050914055505821 -0.06383616830796777 5.056358100108028 631.121130824089 708.0973896682262 715.8667109012604 330.54203510284424 3.203092763562357 3.703597810322594 -1908.887847703558 0.04461560686304733 21.87861921919592 -4194.682274542518 1.8698913186524492e-05 0.004453485707272448 0.14254671461859125
-5.118678603401973 -0.04321217547000873 5.011920969454608 633.6076165139675 707.4763885736465 672.4471623897552 315.3375710248947 3.203092763562357 3.703597810322594 -1908.887847703558 0.04461560686304733 21.87861921919592 -4194.682274542518 1.8698913186524492e-05 0.004453485707272448 0.14254671461859125
-5.132427931960608 -0.027498657117277978 5.564355307558097 635.3371564149857 707.5797172784805 617.5847053527832 293.76480531692505 3.203092763562357 3.703597810322594 -1908.887847703558 0.04461560686304733 21.87861921919592 -4194.682274542518 1.8698913186524492e-05 0.004453485707272448 0.14254671461859125
-5.136356311548792 -0.012767233661593108 6.022582915432189 636.3332440555096 708.3526113927364 554.5530858039856 267.34266555309296 3.203092763562357 3.703597810322594 -1908.887847703558 0.04461560686304733 21.87861921919592 -4194.682274542518 1.8698913186524492e-05 0.004453485707272448 0.14254671461859125
-5.138320501342886 0.0009820948970458813 6.1412882525752295 636.7044965028763 709.6389873027802 487.7437195777893 238.17010164260864 3.203092763562357 3.703597810322594 -1908.887847703558 0.04461560686304733 21.87861921919592 -4194.682274542518 1.8698913186524492e-05 0.004453485707272448 0.14254671461859125
-5.122606982990152 0.013749328558638989 0.8884797719202769 636.6446537971497 711.1814418137074 422.66569232940674 208.92609083652496 3.203092763562357 3.703597810322594 -1908.887847703558 0.04461560686304733 21.87861921919592 -4194.682274542518 1.8698913186524492e-05 0.004453485707272448 0.14254671461859125
-5.102965085049239 0.025534467323187333 1.0303768265242959 636.4325790703297 712.6212520003319 365.9457540512085 182.86963319778442 3.203092763562357 3.703597810322594 -1908.887847703558 0.04461560686304733 21.87861921919592 -4194.682274542518 1.8698913186524492e-05 0.004453485707272448 0.14254671461859125
-5.083323187108325 0.036337511190688676 1.0679531158670708 636.4322589337826 713.4983758032322 325.3283271789551 163.83975517749786 3.203092763562357 3.703597810322594 -1908.887847703558 0.04461560686304733 21.87861921919592 -4194.682274542518 1.8698913186524492e-05 0.004453485707272448 0.14254671461859125
-5.059752909579228 0.044194270367055734 1.2490457723981976 637.0928028821945 713.2514512836933 309.67549991607666 156.2555091381073 3.203092763562357 3.703597810322594 -1908.887847703558 0.04461560686304733 21.87861921919592 -4194.682274542518 1.8698913186524492e-05 0.004453485707272448 0.14254671461859125
-5.046003581020584 0.048122649955237025 1.2924966677899783 638.948443710804 711.2177972197533 328.9670298099518 165.11596977710724 3.203092763562357 3.703597810322594 -1908.887847703558 0.04461560686304733 21.87861921919592 -4194.682274542518 1.8698913186524492e-05 0.004453485707272448 0.14254671461859125
-5.040111011638316 0.05106893464637355 1.1071487177937873 642.6185372769833 706.6334128975868 394.30034255981445 196.0002382993698 3.203092763562357 3.703597810322594 -1908.887847703558 0.04461560686304733 21.87861921919592 -4194.682274542518 1.8698913186524492e-05 0.004453485707272448 0.14254671461859125
-5.036182632050137 0.05106893464637355 3.141592653589793 648.8075627982616 698.6329778432846 517.8905320167542 255.067440867424 3.203092763562357 3.703597810322594 -1908.887847703558 0.04461560686304733 21.87861921919592 -4194.682274542518 1.8698913186524492e-05 0.004453485707272448 0.14254671461859125
-4.564777081468221 0.22489973142345437 1.2175163357325274 658.3051225543022 686.2498522698879 713.0703599452972 349.0567296743393 3.203092763562357 3.703597810322594 -1908.887847703558 0.04461560686304733 21.87861921919592 -4194.682274542518 1.8698913186524492e-05 0.004453485707272448 0.14254671461859125
-3.868471799462848 0.5391700984780661 1.146828684826998 671.9859418869019 668.4160767197609 994.2902567386627 485.2872792482376 3.203092763562357 3.703597810322594 -1908.887847703558 0.04461560686304733 21.87861921919592 -4194.682274542518 1.8698913186524492e-05 0.004453485707272448 0.14254671461859125
-3.095563115487908 0.9251333930170093 1.10765710615904 690.8098696470261 643.9623725712299 1377.1183223724365 671.6582916975021 3.203092763562357 3.703597810322594 -1908.887847703558 0.04461560686304733 21.87861921919592 -4194.682274542518 1.8698913186524492e-05 0.004453485707272448 0.14254671461859125
-2.31479767233661 1.3336848701880033 1.0887061430254368 730.8878037929535 616.2940671443939 900.7523281574249 435.8170646429062 3.203092763562357 3.703597810322594 -1908.887847703558 0.04461560686304733 21.87861921919592 -4194.682274542518 1.8698913186524492e-05 0.004453485707272448 0.14254671461859125
-1.5438531781557727 1.736343777976722 1.0894737909143144 761.1152839660645 585.485025882721 908.0670834779739 432.812628865242 3.203092763562357 3.703597810322594 -1908.887847703558 0.04461560686304733 21.87861921919592 -4194.682274542518 1.8698913186524492e-05 0.004453485707272448 0.14254671461859125
-0.7866580125335713 2.1203428827215736 1.1014581429035646 788.6601564884186 558.4528428316116 907.7979904413223 421.08812189102173 3.203092763562357 3.703597810322594 -1908.887847703558 0.04461560686304733 21.87861921919592 -4194.682274542518 1.8698913186524492e-05 0.004453485707272448 0.14254671461859125
-0.047140555058193374 2.4817538048343772 1.1162199737709069 811.6480901241302 536.3830276727676 901.969816327095 403.48180282115936 3.203092763562357 3.703597810322594 -1908.887847703558 0.04461560686304733 21.87861921919592 -4194.682274542518 1.8698913186524492e-05 0.004453485707272448 0.14254671461859125
0.6904127126230994 2.824504923903313 1.1357740678502999 828.6166064739227 520.178067445755 892.3564361333847 382.4383717775345 3.203092763562357 3.703597810322594 -1908.887847703558 0.04461560686304733 21.87861921919592 -4194.682274542518 1.8698913186524492e-05 0.004453485707272448 0.14254671461859125
1.4299301700984817 3.1525246195165635 1.153311550883376 838.5150781869888 510.4574257135391 880.4808307886124 360.00897431373596 3.203092763562357 3.703597810322594 -1908.887847703558 0.04461560686304733 21.87861921919592 -4194.682274542518 1.8698913186524492e-05 0.004453485707272448 0.14254671461859125
2.1606087735004524 3.4687591763652614 1.1623412254973435 840.7047318220139 507.5575431585312 867.6150889396667 337.8511987924576 3.203092763562357 3.703597810322594 -1908.887847703558 0.04461560686304733 21.87861921919592 -4194.682274542518 1.8698913186524492e-05 0.004453485707272448 0.14254671461859125
1.8021441360787827 3.355818263205013 4.407165846590777 834.9586454629898 511.5318375825882 854.7804063558578 317.2290760278702 3.203092763562357 3.703597810322594 -1908.887847703558 0.04461560686304733 21.87861921919592 -4194.682274542518 1.8698913186524492e-05 0.004453485707272448 0.14254671461859125
1.0655729632945434 3.008156669650849 4.2713912190300345 821.4617494344711 522.1507040262222 842.7470852136612 299.0130796432495 3.203092763562357 3.703597810322594 -1908.887847703558 0.04461560686304733 21.87861921919592 -4194.682274542518 1.8698913186524492e-05 0.004453485707272448 0.14254671461859125
0.21311459265891047 2.546572068039392 4.216114694056145 800.8108265399933 538.9015144109726 832.0345348119736 283.6801269054413 3.203092763562357 3.703597810322594 -1908.887847703558 0.04461560686304733 21.87861921919592 -4194.682274542518 1.8698913186524492e-05 0.004453485707272448 0.14254671461859125
-0.6491647269471791 2.050614145031335 4.190426317132449 774.0145119428635 560.9886159896851 822.9112712144852 271.3135792016983 3.203092763562357 3.703597810322594 -1908.887847703558 0.04461560686304733 21.87861921919592 -4194.682274542518 1.8698913186524492e-05 0.004453485707272448 0.14254671461859125
-1.4947484333034897 1.5634950760966881 4.189747686262836 742.4932935237885 587.3333368301392 815.3949183225632 261.6032392978668 3.203092763562357 3.703597810322594 -1908.887847703558 0.04461560686304733 21.87861921919592 -4194.682274542518 1.8698913186524492e-05 0.004453485707272448 0.14254671461859125
-2.316761862130704 1.106820948970456 4.205290475992351 708.0795100927353 616.5739773511887 809.252205491066 253.84535253047943 3.203092763562357 3.703597810322594 -1908.887847703558 0.04461560686304733 21.87861921919592 -4194.682274542518 1.8698913186524492e-05 0.004453485707272448 0.14254671461859125
-3.1161871083258705 0.6864843330349147 4.228316196671393 673.0173556804657 647.0658196210861 803.9989705085754 246.94261050224304 3.203092763562357 3.703597810322594 -1908.887847703558 0.04461560686304733 21.87861921919592 -4194.682274542518 1.8698913186524492e-05 0.004453485707272448 0.14254671461859125
-3.8940062667860342 0.2995389435989246 4.25076361331886 639.9628731012344 676.8811188936234 798.9001570940018 239.40414488315582 3.203092763562357 3.703597810322594 -1908.887847703558 0.04461560686304733 21.87861921919592 -4194.682274542518 1.8698913186524492e-05 0.004453485707272448 0.14254671461859125
-4.662986571172782 -0.06285407341092301 4.2719929941943455 611.9839609861374 703.809109210968 792.9698166847229 229.34553253650665 3.203092763562357 3.703597810322594 -1908.887847703558 0.04461560686304733 21.87861921919592 -4194.682274542518 1.8698913186524492e-05 0.004453485707272448 0.14254671461859125
-5.417235452103849 -0.40560519247985743 4.285859593801206 592.5603680610657 725.3560011386871 784.9711066484451 214.48879158496857 3.203092763562357 3.703597810322594 -1908.887847703558 0.04461560686304733 21.87861921919592 -4194.682274542518 1.8698913186524492e-05 0.004453485707272448 0.14254671461859125
-5.543925693822735 -0.4890832587287384 4.147606058517296 585.5836960077286 738.7449830770493 773.4162924289703 192.1623853445053 3.203092763562357 3.703597810322594 -1908.887847703558 0.04461560686304733 21.87861921919592 -4194.682274542518 1.8698913186524492e-05 0.004453485707272448 0.14254671461859125
