18 -0.903527305282001 2.0732023276633846 0.9505468408121058 -0.9762023276633895 2.297119964189794
-0.903527305282001 2.0732023276633846 0.9505468408121058 802.2384933037683 548.7460266947746 656.7543850541115 238.74303415045142 3.337157915070531 3.8882250999698296 -2116.997683391572 0.09727951801476892 22.86718333910587 -4874.444557219099 4.077096312437928e-05 0.004645310216288314 0.0016401224980165865
-0.8966526410026787 2.084005371530888 0.5667292175236267 802.9312435742468 548.4765994995832 663.2234255373478 245.70846228674054 3.337157915070531 3.8882250999698296 -2116.997683391572 0.09727951801476892 22.86718333910587 -4874.444557219099 4.077096312437928e-05 0.004645310216288314 0.0016401224980165865
-0.8937063563115399 2.0928442256042974 0.32175055439686956 803.6917956946418 548.3445046544075 670.4370479881763 253.40350867807865 3.337157915070531 3.8882250999698296 -2116.997683391572 0.09727951801476892 22.86718333910587 -4874.444557219099 4.077096312437928e-05 0.004645310216288314 0.0016401224980165865
-0.8937063563115444 2.102665174574754 6.2831853071791315 804.5192208709195 548.3104231208563 678.2595454156399 261.83384924195707 3.337157915070531 3.8882250999698296 -2116.997683391572 0.09727951801476892 22.86718333910587 -4874.444557219099 4.077096312437928e-05 0.004645310216288314 0.0016401224980165865
-0.8966526410026832 2.110521933751119 6.158830312632929 805.41203066241 548.3404421657324 686.5728344023228 271.0058743581176 3.337157915070531 3.8882250999698296 -2116.997683391572 0.09727951801476892 22.86718333910587 -4874.444557219099 4.077096312437928e-05 0.004645310216288314 0.0016401224980165865
-0.9025452103849562 2.1183786929274837 5.819537698179121 806.3681769603863 548.4060550034046 695.2764543890953 280.92668888531625 3.337157915070531 3.8882250999698296 -2116.997683391572 0.09727951801476892 22.86718333910587 -4874.444557219099 4.077096312437928e-05 0.004645310216288314 0.0016401224980165865
-0.9123661593554128 2.1281996418979405 5.6084443649562 807.385052004829 548.484160900116 704.2875680923462 291.60411212965846 3.337157915070531 3.8882250999698296 -2116.997683391572 0.09727951801476892 22.86718333910587 -4874.444557219099 4.077096312437928e-05 0.004645310216288314 0.0016401224980165865
-0.9221871083258694 2.139002685765444 5.654389020764104 808.4594883751124 548.5570651888847 713.5409617722034 303.0466778445989 3.337157915070531 3.8882250999698296 -2116.997683391572 0.09727951801476892 22.86718333910587 -4874.444557219099 4.077096312437928e-05 0.004645310216288314 0.0016401224980165865
-0.935936436884514 2.1488236347359004 5.407127256581281 809.587758990936 548.6124791204929 722.989044547081 315.2636342737824 3.2441134818301425 3.8216654366366423 -2052.19792485924 -0.048424626456070964 22.66868815992475 -4745.014026384914 -2.029531703942614e-05 0.004595315425305708 0.04214246162835269
-0.9467394807520153 2.1606087735004467 5.63968419838618 810.7655771272257 548.6435202658176 732.6018491983414 328.26494409516454 3.2441134818301425 3.8216654366366423 -2052.19792485924 -0.048424626456070964 22.66868815992475 -4745.014026384914 -2.029531703942614e-05 0.004595315425305708 0.04214246162835269
-0.9496857654431541 2.172393912264995 6.200044075291223 811.9880963824689 548.6487120091915 742.3670313954353 342.06128446199 3.2441134818301425 3.8216654366366423 -2052.19792485924 -0.048424626456070964 22.66868815992475 -4745.014026384914 -2.029531703942614e-05 0.004595315425305708 0.04214246162835269
-0.9526320501342883 2.185161145926588 6.206413415909875 813.2499107094482 548.6319837719202 752.2898700237274 356.66404698230326 3.2441134818301425 3.8216654366366423 -2052.19792485924 -0.048424626456070964 22.66868815992475 -4745.014026384914 -2.029531703942614e-05 0.004595315425305708 0.04214246162835269
-0.9555783348254182 2.198910474485228 6.2118778423946885 814.5450543984771 548.6026712805033 762.393267929554 372.0853377189487 3.2441134818301425 3.8216654366366423 -2052.19792485924 -0.048424626456070964 22.66868815992475 -4745.014026384914 -2.029531703942614e-05 0.004595315425305708 0.04214246162835269
-0.9624529991047405 2.213641897940913 5.961434752782944 815.8670020913705 548.5755160152912 772.7177498936653 388.3379772063345 3.2441134818301425 3.8216654366366423 -2052.19792485924 -0.048424626456070964 22.66868815992475 -4745.014026384914 -2.029531703942614e-05 0.004595315425305708 0.04214246162835269
-0.9663813786929285 2.2293554162936426 6.038206644052388 817.2086687562987 548.570665627718 783.3214650452137 405.43550042435527 3.2441134818301425 3.8216654366366423 -2052.19792485924 -0.048424626456070964 22.66868815992475 -4745.014026384914 -2.029531703942614e-05 0.004595315425305708 0.04214246162835269
-0.970309758281112 2.2470331244404664 6.064516361305618 818.5624097166583 548.6136738806963 794.280185431242 423.3921568337828 3.2441134818301425 3.8216654366366423 -2052.19792485924 -0.048424626456070964 22.66868815992475 -4745.014026384914 -2.029531703942614e-05 0.004595315425305708 0.04214246162835269
-0.970309758281112 2.263728737690243 -0.0 819.9200206352398 548.7355004549026 805.6873061060905 442.22291033156216 3.2441134818301425 3.8216654366366423 -2052.19792485924 -0.048424626456070964 22.66868815992475 -4745.014026384914 -2.029531703942614e-05 0.004595315425305708 0.04214246162835269
-0.9732560429722508 2.2804243509400175 6.108513108171224 821.2727375188842 548.9725112318993 817.6538459658623 461.9434392955154 3.2441134818301425 3.8216654366366423 -2052.19792485924 -0.048424626456070964 22.66868815992475 -4745.014026384914 -2.029531703942614e-05 0.004595315425305708 0.04214246162835269
-0.9762023276633895 2.297119964189794 6.108513108171247 814.6331133041531 548.5185142257251 779.8159314393997 505.0257263183594 3.2441134818301425 3.8216654366366423 -2052.19792485924 -0.048424626456070964 22.66868815992475 -4745.014026384914 -2.029531703942614e-05 0.004595315425305708 0.04214246162835269
-0.9830769919427074 2.313815577439571 5.892578263482 818.2758147930726 548.8199095302261 814.36901730299 503.3967734724283 3.2441134818301425 3.8216654366366423 -2052.19792485924 -0.048424626456070964 22.66868815992475 -4745.014026384914 -2.029531703942614e-05 0.004595315425305708 0.04214246162835269
-0.9938800358102131 2.331493285586392 5.7346359047289 821.8228353448212 549.0663962815888 843.0131833255291 500.2265525609255 3.2441134818301425 3.8216654366366423 -2052.19792485924 -0.048424626456070964 22.66868815992475 -4745.014026384914 -2.029531703942614e-05 0.004595315425305708 0.04214246162835269
-1.0046830796777189 2.3501530886302606 5.758389535529356 825.2668767021969 549.2629662710242 866.1292731165886 495.6435843259096 3.2441134818301425 3.8216654366366423 -2052.19792485924 -0.048424626456070964 22.66868815992475 -4745.014026384914 -2.029531703942614e-05 0.004595315425305708 0.04214246162835269
-1.0154861235452248 2.3717591763652655 5.819537698178656 828.60105442442 549.4144737627357 884.0880329310894 489.7725936770439 3.2441134818301425 3.8216654366366423 -2052.19792485924 -0.048424626456070964 22.66868815992475 -4745.014026384914 -2.029531703942614e-05 0.004595315425305708 0.04214246162835269
-1.0223607878245426 2.394347358997315 5.987744470035933 831.8188979029655 549.5256354836747 897.2501127421856 482.7345096617937 3.2441134818301425 3.8216654366366423 -2052.19792485924 -0.048424626456070964 22.66868815992475 -4745.014026384914 -2.029531703942614e-05 0.004595315425305708 0.04214246162835269
-1.0184324082363545 2.4228281110116376 0.13706617431037865 834.9143503354862 549.6010306370445 905.9660656452179 474.64646534621716 3.2441134818301425 3.8216654366366423 -2052.19792485924 -0.048424626456070964 22.66868815992475 -4745.014026384914 -2.029531703942614e-05 0.004595315425305708 0.04214246162835269
-1.0213786929274888 2.450326768128916 6.176449634530545 837.8817687602714 549.6451008897275 910.5763475298882 465.62179785966873 3.2441134818301425 3.8216654366366423 -2052.19792485924 -0.048424626456070964 22.66868815992475 -4745.014026384914 -2.029531703942614e-05 0.004595315425305708 0.04214246162835269
-1.0243249776186276 2.477825425246194 6.1764496345303845 840.7159240227193 549.6621503764763 911.411317884922 455.77004857361317 3.2441134818301425 3.8216654366366423 -2052.19792485924 -0.048424626456070964 22.66868815992475 -4745.014026384914 -2.029531703942614e-05 0.004595315425305708 0.04214246162835269
-1.0213786929274888 2.505324082363474 0.106735672649193 843.4120008097962 549.65634570783 908.7912392914295 445.19696298241615 3.2441134818301425 3.8216654366366423 -2052.19792485924 -0.048424626456070964 22.66868815992475 -4745.014026384914 -2.029531703942614e-05 0.004595315425305708 0.04214246162835269
-1.01843240823635 2.5338048343777966 0.20730085719916416 845.9655976081267 549.6317159556784 903.0262774527073 434.0044904500246 3.2441134818301425 3.8216654366366423 -2052.19792485924 -0.048424626456070964 22.66868815992475 -4745.014026384914 -2.029531703942614e-05 0.004595315425305708 0.04214246162835269
-1.0076293643688488 2.561303491495077 0.30786604174913534 848.3727267533541 549.5921526653692 894.4165012836456 422.29078483581543 3.2441134818301425 3.8216654366366423 -2052.19792485924 -0.048424626456070964 22.66868815992475 -4745.014026384914 -2.029531703942614e-05 0.004595315425305708 0.04214246162835269
-0.9938800358102131 2.5907663384064468 0.40843122629910644 850.6298143863678 549.5414098515175 883.2518832087517 410.15020364522934 3.2441134818301425 3.8216654366366423 -2052.19792485924 -0.048424626456070964 22.66868815992475 -4745.014026384914 -2.029531703942614e-05 0.004595315425305708 0.04214246162835269
-0.9762023276633895 2.6221933751119084 0.5089964108490777 852.7337004765868 549.4831039956771 869.8122981190681 397.6733088940382 3.2441134818301425 3.8216654366366423 -2052.19792485924 -0.048424626456070964 22.66868815992475 -4745.014026384914 -2.029531703942614e-05 0.004595315425305708 0.04214246162835269
-0.9624529991047494 2.651656222023278 0.6095615953990489 854.6816388098523 549.4207140477374 854.3675249218941 384.9468664377928 3.2441134818301425 3.8216654366366423 -2052.19792485924 -0.048424626456070964 22.66868815992475 -4745.014026384914 -2.029531703942614e-05 0.004595315425305708 0.04214246162835269
-0.941829006266787 2.6811190689346454 0.71012677994902 856.4712970042601 549.3575814310461 837.1772449910641 372.0538464188576 3.2441134818301425 3.8216654366366423 -2052.19792485924 -0.048424626456070964 22.66868815992475 -4745.014026384914 -2.029531703942614e-05 0.004595315425305708 0.04214246162835269
-0.9320080572963348 2.706653536257836 0.8106919644989912 858.1007564971223 549.2969100307673 818.4910434782505 359.0734229683876 3.2441134818301425 3.8216654366366423 -2052.19792485924 -0.048424626456070964 22.66868815992475 -4745.014026384914 -2.029531703942614e-05 0.004595315425305708 0.04214246162835269
-0.9113840644583725 2.73218800358102 0.9112571490489624 859.5685125542805 549.2417662073858 798.5484084784985 346.0809743106365 3.2441134818301425 3.8216654366366423 -2052.19792485924 -0.048424626456070964 22.66868815992475 -4745.014026384914 -2.029531703942614e-05 0.004595315425305708 0.04214246162835269
-0.8976347358997369 2.7577224709042087 1.0118223335989334 860.8734742496163 549.1950787887909 777.578731149435 333.1480829715729 3.2441134818301425 3.8216654366366423 -2052.19792485924 -0.048424626456070964 22.66868815992475 -4745.014026384914 -2.029531703942614e-05 0.004595315425305708 0.04214246162835269
-0.8976347358997369 2.780310653536258 1.1123875181489047 862.0149644957855 549.1596390702762 755.8013061881065 320.34253530204296 3.2441134818301425 3.8216654366366423 -2052.19792485924 -0.048424626456070964 22.66868815992475 -4745.014026384914 -2.029531703942614e-05 0.004595315425305708 0.04214246162835269
-0.9045094001790591 2.7999525514771713 1.2129527026988758 862.9927200209349 549.1381008173339 733.425331145525 307.7283219397068 3.2441134818301425 3.8216654366366423 -2052.19792485924 -0.048424626456070964 22.66868815992475 -4745.014026384914 -2.029531703942614e-05 0.004595315425305708 0.04214246162835269
-0.9221871083258784 2.8146839749328563 1.3135178872488469 863.8068913826719 549.1329802656546 710.6499069035053 295.36563758552074 3.2441134818301425 3.8216654366366423 -2052.19792485924 -0.048424626456070964 22.66868815992475 -4745.014026384914 -2.029531703942614e-05 0.004595315425305708 0.04214246162835269
-0.9359364368845229 2.828433303491494 1.414083071798818 864.4580429447815 549.1466561150737 687.6640377044678 283.31088112294674 3.2441134818301425 3.8216654366366423 -2052.19792485924 -0.048424626456070964 22.66868815992475 -4745.014026384914 -2.029531703942614e-05 0.004595315425305708 0.04214246162835269
-0.9496857654431585 2.837272157564906 1.5146482563487893 864.9471529182047 549.1813695412129 664.6466305851936 271.6166553646326 3.2441134818301425 3.8216654366366423 -2052.19792485924 -0.048424626456070964 22.66868815992475 -4745.014026384914 -2.029531703942614e-05 0.004595315425305708 0.04214246162835269
-0.9595067144136196 2.8441468218442236 1.6152134408987604 865.2756133126095 549.2392241824418 641.7664961218834 260.3317673802376 3.2441134818301425 3.8216654366366423 -2052.19792485924 -0.048424626456070964 22.66868815992475 -4745.014026384914 -2.029531703942614e-05 0.004595315425305708 0.04214246162835269
-0.9762023276633895 2.8480752014324073 1.7157786254487317 865.4452299829572 549.3221861529164 619.1823480427265 249.5012282729149 3.2441134818301425 3.8216654366366423 -2052.19792485924 -0.048424626456070964 22.66868815992475 -4745.014026384914 -2.029531703942614e-05 0.004595315425305708 0.04214246162835269
-0.9968263205013519 2.850039391226499 1.8163438099987026 865.4582225885242 549.4320840253495 597.0428030192852 239.16625334322453 3.2441134818301425 3.8216654366366423 -2052.19792485924 -0.048424626456070964 22.66868815992475 -4745.014026384914 -2.029531703942614e-05 0.004595315425305708 0.04214246162835269
-1.0243249776186276 2.8480752014324073 1.9169089945486737 865.3172246273607 549.5706088547595 575.4863813221455 229.36426189541817 3.2441134818301425 3.8216654366366423 -2052.19792485924 -0.048424626456070964 22.66868815992475 -4745.014026384914 -2.029531703942614e-05 0.004595315425305708 0.04214246162835269
-1.0449489704565855 2.846111011638318 2.0174741790986452 865.025283401832 549.7393141556531 554.6415061056614 220.12887740135193 3.2441134818301425 3.8216654366366423 -2052.19792485924 -0.048424626456070964 22.66868815992475 -4745.014026384914 -2.029531703942614e-05 0.004595315425305708 0.04214246162835269
-1.0547699194270421 2.8451289167412708 2.118039363648616 864.5858600633219 549.9396159113385 534.6265036761761 211.4899273365736 3.2441134818301425 3.8216654366366423 -2052.19792485924 -0.048424626456070964 22.66868815992475 -4745.014026384914 -2.029531703942614e-05 0.004595315425305708 0.04214246162835269
-1.06164458370636 2.842182632050134 2.218604548198587 864.00282956101 550.1727925813757 515.5496037602425 203.47344349324703 3.2441134818301425 3.8216654366366423 -2052.19792485924 -0.048424626456070964 22.66868815992475 -4745.014026384914 -2.029531703942614e-05 0.004595315425305708 0.04214246162835269
-1.06164458370636 2.838254252461952 2.3191697327485583 863.2804806781933 550.4399850880727 497.5089393854141 196.10166154801846 3.2441134818301425 3.8216654366366423 -2052.19792485924 -0.048424626456070964 22.66868815992475 -4745.014026384914 -2.029531703942614e-05 0.004595315425305708 0.04214246162835269
-1.0744118173679509 2.827451208594447 2.4197349172985296 862.4235160276294 550.742196823936 480.59254628419876 189.39302143454552 3.2441134818301425 3.8216654366366423 -2052.19792485924 -0.048424626456070964 22.66868815992475 -4745.014026384914 -2.029531703942614e-05 0.004595315425305708 0.04214246162835269
-1.0911074306177297 2.8146839749328554 2.5203001018485005 861.4370520245284 551.0802936526015 464.8783636689186 183.36216709017754 3.2441134818301425 3.8216654366366423 -2052.19792485924 -0.048424626456070964 22.66868815992475 -4745.014026384914 -2.029531703942614e-05 0.004595315425305708 0.04214246162835269
-1.1078030438675042 2.800934646374214 2.620865286398472 860.3266189312562 551.4550039055757 450.4342342019081 178.0199466496706 3.2441134818301425 3.8216654366366423 -2052.19792485924 -0.048424626456070964 22.66868815992475 -4745.014026384914 -2.029531703942614e-05 0.004595315425305708 0.04214246162835269
-1.124498657117283 2.785221128021483 2.7214304709484427 859.0981608182192 551.8669183803722 437.31790325045586 173.37341229617596 3.311194021582496 3.8876891279935695 -2100.658380185212 0.0484738102961375 22.913640441268697 -4858.480530636431 2.031593055160821e-05 0.004671991186936172 0.005345779391664915
-1.1411942703670575 2.765579230080572 2.8219956554984145 857.7580355908722 552.3164903479628 425.57701966166496 169.42582035064697 3.311194021582496 3.8876891279935695 -2100.658380185212 0.0484738102961375 22.913640441268697 -4858.480530636431 2.031593055160821e-05 0.004671991186936172 0.005345779391664915
-1.151015219337514 2.744955237242613 2.9225608400483853 856.3130149571225 552.8040355448611 415.2491355538368 166.17663122713566 3.311194021582496 3.8876891279935695 -2100.658380185212 0.0484738102961375 22.913640441268697 -4858.480530636431 2.031593055160821e-05 0.004671991186936172 0.005345779391664915
-1.1647645478961541 2.720402864816473 3.023126024598356 854.7702844617888 553.329732180573 406.36170595884323 163.62150935828686 3.311194021582496 3.8876891279935695 -2100.658380185212 0.0484738102961375 22.913640441268697 -4858.480530636431 2.031593055160821e-05 0.004671991186936172 0.005345779391664915
-1.1785138764547942 2.693886302596242 3.1236912091483275 853.1374434791505 553.8936209296808 398.9320892095566 161.75232349336147 3.311194021582496 3.8876891279935695 -2100.658380185212 0.0484738102961375 22.913640441268697 -4858.480530636431 2.031593055160821e-05 0.004671991186936172 0.005345779391664915
-1.1883348254252508 2.665405550581916 3.224256393698299 851.4225051952526 554.4956049392931 392.9675471484661 160.55714631080627 3.311194021582496 3.8876891279935695 -2100.658380185212 0.0484738102961375 22.913640441268697 -4858.480530636431 2.031593055160821e-05 0.004671991186936172 0.005345779391664915
-1.1981557743957074 2.6388889883616824 3.32482157824827 849.6338966181502 555.1354498215951 388.46524426341057 160.0202546864748 3.311194021582496 3.8876891279935695 -2100.658380185212 0.0484738102961375 22.913640441268697 -4858.480530636431 2.031593055160821e-05 0.004671991186936172 0.005345779391664915
-1.2050304386750297 2.615318710832588 3.425386762798241 847.7804585900158 555.8127836580388 385.4122485220432 160.1221294850111 3.311194021582496 3.8876891279935695 -2100.658380185212 0.0484738102961375 22.913640441268697 -4858.480530636431 2.031593055160821e-05 0.004671991186936172 0.005345779391664915
-1.211905102954352 2.5907663384064468 3.414601356676605 845.8714457647875 556.5270970030688 383.78553131222725 160.83945581316948 3.311194021582496 3.8876891279935695 -2100.658380185212 0.0484738102961375 22.913640441268697 -4858.480530636431 2.031593055160821e-05 0.004671991186936172 0.005345779391664915
-1.2227081468218488 2.5632676812891666 3.515926269597186 843.9165266277269 557.2777428789996 383.5519666969776 162.14512281119823 3.311194021582496 3.8876891279935695 -2100.658380185212 0.0484738102961375 22.913640441268697 -4858.480530636431 2.031593055160821e-05 0.004671991186936172 0.005345779391664915
-1.2266365264100323 2.5357690241718887 3.283489708193991 841.9257834749296 558.0639367722906 384.6683324277401 164.0082238316536 3.311194021582496 3.8876891279935695 -2100.658380185212 0.0484738102961375 22.913640441268697 -4858.480530636431 2.031593055160821e-05 0.004671991186936172 0.005345779391664915
-1.2295828111011666 2.5063061772605186 3.241261306080865 839.9097124431282 558.8847566461191 387.0813092291355 166.39405618607998 3.311194021582496 3.8876891279935695 -2100.658380185212 0.0484738102961375 22.913640441268697 -4858.480530636431 2.031593055160821e-05 0.004671991186936172 0.005345779391664915
-1.236457475380489 2.4748791405550574 3.3569503532876093 837.879223476164 559.7391429245472 390.72748094797134 169.2641212940216 3.311194021582496 3.8876891279935695 -2100.658380185212 0.0484738102961375 22.913640441268697 -4858.480530636431 2.031593055160821e-05 0.004671991186936172 0.005345779391664915
-1.2492247090420887 2.439523724261412 3.488131518023879 835.8456403585151 560.6258985064924 395.5333346426487 172.57612484693527 3.311194021582496 3.8876891279935695 -2100.658380185212 0.0484738102961375 22.913640441268697 -4858.480530636431 2.031593055160821e-05 0.004671991186936172 0.005345779391664915
-1.2688666069829975 2.3972936436884495 3.5769459287420124 833.8207006687298 561.543688760139 401.41526076197624 176.28397652506828 3.311194021582496 3.8876891279935695 -2100.658380185212 0.0484738102961375 22.913640441268697 -4858.480530636431 2.031593055160821e-05 0.004671991186936172 0.005345779391664915
-1.298329453894367 2.353099373321395 3.7295952571373605 831.8165558436885 562.4910415159538 408.27955281734467 180.3377900570631 3.311194021582496 3.8876891279935695 -2100.658380185212 0.0484738102961375 22.913640441268697 -4858.480530636431 2.031593055160821e-05 0.004671991186936172 0.005345779391664915
-1.3307385854968712 2.3069409131602505 3.7537451505348556 829.845771108754 563.4663470797241 416.02240738272667 184.6838833987713 3.311194021582496 3.8876891279935695 -2100.658380185212 0.0484738102961375 22.913640441268697 -4858.480530636431 2.031593055160821e-05 0.004671991186936172 0.005345779391664915
-1.360201432408241 2.258818263205015 3.6909671383613563 827.921325545758 564.4678582274355 424.5299244225025 189.26477852463722 3.311194021582496 3.8876891279935695 -2100.658380185212 0.0484738102961375 22.913640441268697 -4858.480530636431 2.031593055160821e-05 0.004671991186936172 0.005345779391664915
-1.3896642793196152 2.2126598030438682 3.7096973860642843 826.0566120315343 565.4936901964247 433.67810717225075 194.01920168101788 3.311194021582496 3.8876891279935695 -2100.658380185212 0.0484738102961375 22.913640441268697 -4858.480530636431 2.031593055160821e-05 0.004671991186936172 0.005345779391664915
-1.4210913160250744 2.166501342882722 3.7393510451828442 824.2654372882098 566.5418206998147 443.332861661911 198.8820829540491 3.311194021582496 3.8876891279935695 -2100.658380185212 0.0484738102961375 22.913640441268697 -4858.480530636431 2.031593055160821e-05 0.004671991186936172 0.005345779391664915
-1.4623393017009947 2.1213249776186225 3.8815675375657066 822.5620218319818 567.6100899204612 453.34999749064445 203.784556761384 3.311194021582496 3.8876891279935695 -2100.658380185212 0.0484738102961375 22.913640441268697 -4858.480530636431 2.031593055160821e-05 0.004671991186936172 0.005345779391664915
-1.5075156669650942 2.0810590868397494 3.9843989316240145 820.9610000401735 568.6962005021051 463.57522743940353 208.65396152436733 3.311194021582496 3.8876891279935695 -2100.658380185212 0.0484738102961375 22.913640441268697 -4858.480530636431 2.031593055160821e-05 0.004671991186936172 0.005345779391664915
-1.5556383169203323 2.046685765443151 4.092139494401877 819.4774200785905 569.797717565205 473.8441673517227 213.41383977234364 3.311194021582496 3.8876891279935695 -2100.658380185212 0.0484738102961375 22.913640441268697 -4858.480530636431 2.031593055160821e-05 0.004671991186936172 0.005345779391664915
-1.5998325872873869 2.0191871083258732 4.155789662374474 818.1267439601943 570.9120686966926 483.9823360443115 217.98393823206425 3.311194021582496 3.8876891279935695 -2100.658380185212 0.0484738102961375 22.913640441268697 -4858.480530636431 2.031593055160821e-05 0.004671991186936172 0.005345779391664915
-1.640098478066258 2.0024914950760966 4.3193309612027395 816.924847504124 572.0365439550951 493.8051560521126 222.28020758926868 3.311194021582496 3.8876891279935695 -2100.658380185212 0.0484738102961375 22.913640441268697 -4858.480530636431 2.031593055160821e-05 0.004671991186936172 0.005345779391664915
-1.6675971351835381 1.9946347358997318 4.43408932137961 815.8880203664303 573.1682958602905 503.1179527044296 226.2148026973009 3.311194021582496 3.8876891279935695 -2100.658380185212 0.0484738102961375 22.913640441268697 -4858.480530636431 2.031593055160821e-05 0.004671991186936172 0.005345779391664915
-1.6921495076096795 1.991688451208593 4.592960054366279 815.0329660195857 574.3043394098058 511.715954631567 229.69608263671398 3.311194021582496 3.8876891279935695 -2100.658380185212 0.0484738102961375 22.913640441268697 -4858.480530636431 2.031593055160821e-05 0.004671991186936172 0.005345779391664915
-1.7167018800358211 1.99267054610564 4.752367667508034 814.3768017459661 575.4415520653129 519.3842939436436 232.6286103874445 3.311194021582496 3.8876891279935695 -2100.658380185212 0.0484738102961375 22.913640441268697 -4858.480530636431 2.031593055160821e-05 0.004671991186936172 0.005345779391664915
-1.7500931065353744 1.9975810205908662 4.858401238095896 813.9370586797595 576.5766737591475 525.8980051279068 234.91315326094627 3.311194021582496 3.8876891279935695 -2100.658380185212 0.0484738102961375 22.913640441268697 -4858.480530636431 2.031593055160821e-05 0.004671991186936172 0.005345779391664915
-1.787412712623102 2.0083840644583697 4.994160847658126 813.7316817566752 577.7063068910502 531.0220268070698 236.44668239355087 3.311194021582496 3.8876891279935695 -2100.658380185212 0.0484738102961375 22.913640441268697 -4858.480530636431 2.031593055160821e-05 0.004671991186936172 0.005345779391664915
-1.8276786034019779 2.024097582811099 5.084456739242761 813.77902973257 578.8269163342193 534.5112004578114 237.12237329781055 3.311194021582496 3.8876891279935695 -2100.658380185212 0.0484738102961375 22.913640441268697 -4858.480530636431 2.031593055160821e-05 0.004671991186936172 0.005345779391664915
-1.8669623992837996 2.0437394807520146 5.176036589385586 814.0978752095252 579.9348294218071 536.1102705001831 236.82960544526577 3.311194021582496 3.8876891279935695 -2100.658380185212 0.0484738102961375 22.913640441268697 -4858.480530636431 2.031593055160821e-05 0.004671991186936172 0.005345779391664915
-1.9062461951656304 2.0673097582811115 5.25280848065524 814.7074045874178 581.0262359669432 535.5538846850395 235.45396256446838 3.311194021582496 3.8876891279935695 -2100.658380185212 0.0484738102961375 22.913640441268697 -4858.480530636431 2.031593055160821e-05 0.004671991186936172 0.005345779391664915
-1.942583706356318 2.095790510295434 5.377163475202036 815.627218102105 582.0971882473677 532.5665943026543 232.87723222374916 3.311194021582496 3.8876891279935695 -2100.658380185212 0.0484738102961375 22.913640441268697 -4858.480530636431 2.031593055160821e-05 0.004671991186936172 0.005345779391664915
-1.9848137869292786 2.1262354521038485 5.337024403156319 816.8773298133165 583.143601003103 526.8628532290459 228.97740629315376 3.311194021582496 3.8876891279935695 -2100.658380185212 0.0484738102961375 22.913640441268697 -4858.480530636431 2.031593055160821e-05 0.004671991186936172 0.005345779391664915
-2.0388290062667944 2.1576624888093123 5.239332207574121 818.4781675925478 584.1612514536828 518.147019058466 223.62868075072765 3.311194021582496 3.8876891279935695 -2100.658380185212 0.0484738102961375 22.913640441268697 -4858.480530636431 2.031593055160821e-05 0.004671991186936172 0.005345779391664915
-2.0948084153983992 2.194982094897045 5.3003915839322016 820.4505731491372 585.1457792823203 506.11335238814354 216.70145563781261 3.311194021582496 3.8876891279935695 -2100.658380185212 0.0484738102961375 22.913640441268697 -4858.480530636431 2.031593055160821e-05 0.004671991186936172 0.005345779391664915
-2.15078782453 2.2372121754700096 5.358691202300102 822.8158019995317 586.0926866387017 490.44601687788963 208.06233517825603 3.311194021582496 3.8876891279935695 -2100.658380185212 0.0484738102961375 22.913640441268697 -4858.480530636431 2.031593055160821e-05 0.004671991186936172 0.005345779391664915
-2.2008746642793278 2.2804243509400175 5.424235853293592 825.5955235091969 586.9973381473683 470.81907972693443 197.5741274356842 3.311194021582496 3.8876891279935695 -2100.658380185212 0.0484738102961375 22.913640441268697 -4858.480530636431 2.031593055160821e-05 0.004671991186936172 0.005345779391664915
-2.244086839749338 2.324618621307072 5.509022626040091 828.8118208311498 587.854960901197 446.8965107500553 185.09584492444992 3.311194021582496 3.8876891279935695 -2100.658380185212 0.0484738102961375 22.913640441268697 -4858.480530636431 2.031593055160821e-05 0.004671991186936172 0.005345779391664915
-2.275513876454797 2.3717591763652632 5.695182703632041 832.4871909730136 588.6606444572099 418.3321833908558 170.48270405828953 3.311194021582496 3.8876891279935695 -2100.658380185212 0.0484738102961375 22.913640441268697 -4858.480530636431 2.031593055160821e-05 0.004671991186936172 0.005345779391664915
-2.2990841539838938 2.4198818263205015 5.827734235928685 836.6445447411388 589.409340842627 384.7698745429516 153.5861255377531 3.311194021582496 3.8876891279935695 -2100.658380185212 0.0484738102961375 22.913640441268697 -4858.480530636431 2.031593055160821e-05 0.004671991186936172 0.005345779391664915
-2.3138155774395783 2.467022381378695 5.980300438804625 841.3072067797184 590.0958645604551 345.84326365590096 134.25373390316963 3.311194021582496 3.8876891279935695 -2100.658380185212 0.0484738102961375 22.913640441268697 -4858.480530636431 2.031593055160821e-05 0.004671991186936172 0.005345779391664915
-2.3226544315129902 2.513180841539839 6.093986285079592 846.498915553093 590.714892573189 301.175933778286 112.32935799658298 3.311194021582496 3.8876891279935695 -2100.658380185212 0.0484738102961375 22.913640441268697 -4858.480530636431 2.031593055160821e-05 0.004671991186936172 0.005345779391664915
-2.319708146821847 2.559339301700985 0.06374331253282137 852.2438233504072 591.2609643172473 250.38137078285217 87.65303067862988 3.311194021582496 3.8876891279935695 -2100.658380185212 0.0484738102961375 22.913640441268697 -4858.480530636431 2.031593055160821e-05 0.004671991186936172 0.005345779391664915
-2.304976723366167 2.6064798567591763 0.3028848683748878 858.5664962781593 591.7284817006439 193.06296434998512 60.06098909676075 3.31476658034843 3.8600820463951644 -2095.3428654016716 0.04835489195010967 22.84218255745233 -4834.479991449981 2.0266090507171055e-05 0.004651468359741423 0.01150232007932335
-2.2853348254252537 2.6496920322291864 0.4266274931268683 865.4919142667204 592.1117090927437 128.81400695443153 29.385674238204956 3.31476658034843 3.8600820463951644 -2095.3428654016716 0.04835489195010967 22.84218255745233 -4834.479991449981 2.0266090507171055e-05 0.004651468359741423 0.01150232007932335
-2.2568540734109286 2.6899579230080573 0.6156198894291351 873.0454710684717 592.4047733377665 57.217694133520126 -4.544268697500229 3.31476658034843 3.8600820463951644 -2095.3428654016716 0.04835489195010967 22.84218255745233 -4834.479991449981 2.0266090507171055e-05 0.004651468359741423 0.01150232007932335
-2.219534467323196 2.727277529095792 0.7853981633974184 881.252974270843 592.6016637505963 -22.15287509560585 -41.90399032831192 3.31476658034843 3.8600820463951644 -2095.3428654016716 0.04835489195010967 22.84218255745233 -4834.479991449981 2.0266090507171055e-05 0.004651468359741423 0.01150232007932335
-2.1723939122650027 2.762632945389437 0.9272952180016122 890.1406452627853 592.696232107468 -109.73469838500023 -82.87243717908859 3.31476658034843 3.8600820463951644 -2095.3428654016716 0.04835489195010967 22.84218255745233 -4834.479991449981 2.0266090507171055e-05 0.004651468359741423 0.01150232007932335
-2.1252533572068137 2.7911136974037576 1.0273187320818835 899.7351192841306 592.6821926604025 -205.9748709499836 -127.63235172629356 3.31476658034843 3.8600820463951644 -2095.3428654016716 0.04835489195010967 22.84218255745233 -4834.479991449981 2.0266090507171055e-05 0.004651468359741423 0.01150232007932335
-2.068291853178164 2.8127197851387646 1.2082520895303583 910.0634453650564 592.55312212836 -311.3305838704109 -176.37027241289616 3.31476658034843 3.8600820463951644 -2095.3428654016716 0.04835489195010967 22.84218255745233 -4834.479991449981 2.0266090507171055e-05 0.004651468359741423 0.01150232007932335
