39 -2.127217547000899 -0.622648164726947 4.820078851217531 -4.192563115487924 -0.9987905102954348
-2.127217547000899 -0.622648164726947 4.820078851217531 582.4532409980893 591.4002544619143 675.4208528995514 238.121924161911 3.3781554125174287 3.97351754026142 -2208.12592916684 0.05068200347582195 23.448831456259338 -5297.599453119715 2.124140967134208e-05 0.004775099452814967 -0.08304550404870033
-2.2057851387645604 -0.6167555953446728 4.787248828095451 583.8272521272302 594.003962315619 678.0180693864822 271.3665773868561 3.3781554125174287 3.97351754026142 -2208.12592916684 0.05068200347582195 23.448831456259338 -5297.599453119715 2.124140967134208e-05 0.004775099452814967 -0.08304550404870033
-2.283370635631164 -0.6138093106535363 4.750345425573 584.6353915929794 596.7763529904187 678.1432807445526 298.5084686279297 3.3781554125174287 3.97351754026142 -2208.12592916684 0.05068200347582195 23.448831456259338 -5297.599453119715 2.124140967134208e-05 0.004775099452814967 -0.08304550404870033
-2.3688128916741347 -0.6128272157564905 4.723882727099723 584.9321470931172 599.6897414065897 676.2296813726425 320.35980796813965 3.3781554125174287 3.97351754026142 -2208.12592916684 0.05068200347582195 23.448831456259338 -5297.599453119715 2.124140967134208e-05 0.004775099452814967 -0.08304550404870033
-2.4601477170993826 -0.6147914055505822 4.690886918398454 584.7698989138007 602.7176974900067 672.6774731874466 337.68324875831604 3.3781554125174287 3.97351754026142 -2208.12592916684 0.05068200347582195 23.448831456259338 -5297.599453119715 2.124140967134208e-05 0.004775099452814967 -0.08304550404870033
-2.5534467323187156 -0.6187197851387646 4.670308572942799 584.1989200338721 605.8350462578237 667.8538649082184 351.19189190864563 3.3781554125174287 3.97351754026142 -2208.12592916684 0.05068200347582195 23.448831456259338 -5297.599453119715 2.124140967134208e-05 0.004775099452814967 -0.08304550404870033
-2.650674127126241 -0.6246123545210388 4.651856960602584 583.2673760280013 609.0178677327931 662.0930732488632 361.54928278923035 3.3781554125174287 3.97351754026142 -2208.12592916684 0.05068200347582195 23.448831456259338 -5297.599453119715 2.124140967134208e-05 0.004775099452814967 -0.08304550404870033
-2.7479015219337577 -0.6314870188003588 4.641799390565809 582.0213251635432 612.24349687621 655.6963245868683 369.3694107532501 3.3781554125174287 3.97351754026142 -2208.12592916684 0.05068200347582195 23.448831456259338 -5297.599453119715 2.124140967134208e-05 0.004775099452814967 -0.08304550404870033
-2.8412005371530995 -0.6413079677708154 4.607512041654461 580.5047183781862 615.4905237704515 648.9318498373032 375.2167127132416 3.3781554125174287 3.97351754026142 -2208.12592916684 0.05068200347582195 23.448831456259338 -5297.599453119715 2.124140967134208e-05 0.004775099452814967 -0.08304550404870033
-2.9305711727842536 -0.6540752014324085 4.570491925780529 578.7593992203474 618.7387934848666 642.0348901748657 379.6060690879822 3.3781554125174287 3.97351754026142 -2208.12592916684 0.05068200347582195 23.448831456259338 -5297.599453119715 2.124140967134208e-05 0.004775099452814967 -0.08304550404870033
-3.0169955237242734 -0.6678245299910486 4.554620242788729 576.8251039385796 621.969406105578 635.207693696022 383.00280594825745 3.3781554125174287 3.97351754026142 -2208.12592916684 0.05068200347582195 23.448831456259338 -5297.599453119715 2.124140967134208e-05 0.004775099452814967 -0.08304550404870033
-3.093598925693832 -0.6815738585496877 4.534792813101198 574.7394614070654 625.1647167615592 628.6195148229599 385.8226945400238 3.3781554125174287 3.97351754026142 -2208.12592916684 0.05068200347582195 23.448831456259338 -5297.599453119715 2.124140967134208e-05 0.004775099452814967 -0.08304550404870033
-3.1721665174574802 -0.6972873769024184 4.514993420534795 572.5379931181669 628.308335583657 622.4066185951233 388.4319531917572 3.3781554125174287 3.97351754026142 -2208.12592916684 0.05068200347582195 23.448831456259338 -5297.599453119715 2.124140967134208e-05 0.004775099452814967 -0.08304550404870033
-3.247787824529994 -0.7169292748433304 4.458264230829064 570.2541133239865 631.385127749294 616.6722747087479 391.14724349975586 3.3781554125174287 3.97351754026142 -2208.12592916684 0.05068200347582195 23.448831456259338 -5297.599453119715 2.124140967134208e-05 0.004775099452814967 -0.08304550404870033
-3.319480752014329 -0.7395174574753812 4.407165846590766 567.9191287755966 634.3812134377658 611.4867627620697 394.2356712818146 3.3781554125174287 3.97351754026142 -2208.12592916684 0.05068200347582195 23.448831456259338 -5297.599453119715 2.124140967134208e-05 0.004775099452814967 -0.08304550404870033
-3.386263205013435 -0.7650519247985685 4.347187530596523 565.562239035964 637.283967860043 606.8873685598373 397.9147913455963 3.3859651279863314 3.9531554891602325 -2200.672939741794 0.05012825394931819 23.265326132353998 -5218.058926961606 2.100932688571597e-05 0.004739577686465126 -0.0672160357150101
-3.449117278424354 -0.7905863921217559 4.326506310986593 563.2105362042785 640.0820212364197 602.878387093544 402.3526017665863 3.3859651279863314 3.9531554891602325 -2200.672939741794 0.05012825394931819 23.265326132353998 -5218.058926961606 2.100932688571597e-05 0.004739577686465126 -0.0672160357150101
-3.5129534467323262 -0.8151387645478985 4.345215146566479 560.8890050947666 642.7652588263154 599.4311201572418 407.66754364967346 3.3859651279863314 3.9531554891602325 -2200.672939741794 0.05012825394931819 23.265326132353998 -5218.058926961606 2.100932688571597e-05 0.004739577686465126 -0.0672160357150101
-3.5738433303491552 -0.8396911369740399 4.329104832638993 558.6205231845379 645.3248209245503 596.4838770627975 413.92850708961487 3.3859651279863314 3.9531554891602325 -2200.672939741794 0.05012825394931819 23.265326132353998 -5218.058926961606 2.100932688571597e-05 0.004739577686465126 -0.0672160357150101
-3.6347332139659887 -0.8642435094001802 4.329104832639035 556.4258605092764 647.7531028315425 593.9419754743576 421.1548271179199 3.3859651279863314 3.9531554891602325 -2200.672939741794 0.05012825394931819 23.265326132353998 -5218.058926961606 2.100932688571597e-05 0.004739577686465126 -0.0672160357150101
-3.6946410026857683 -0.8858495971351841 4.36625301681531 554.3236798942089 650.0437548682094 591.6777399778366 429.31628036499023 3.3859651279863314 3.9531554891602325 -2200.672939741794 0.05012825394931819 23.265326132353998 -5218.058926961606 2.100932688571597e-05 0.004739577686465126 -0.0672160357150101
-3.7555308863026062 -0.9064735899731431 4.385807545694103 552.3305367454886 652.1916823685169 589.5305041074753 438.33309268951416 3.3859651279863314 3.9531554891602325 -2200.672939741794 0.05012825394931819 23.265326132353998 -5218.058926961606 2.100932688571597e-05 0.004739577686465126 -0.0672160357150101
-3.8105282005371577 -0.9251333930170104 4.385290883378871 550.4608790650964 654.193045720458 587.306608080864 448.0759320259094 3.3859651279863314 3.9531554891602325 -2200.672939741794 0.05012825394931819 23.265326132353998 -5218.058926961606 2.100932688571597e-05 0.004739577686465126 -0.0672160357150101
-3.852758281110123 -0.9398648164726953 4.376750430057093 548.7270476296544 656.0452603213489 584.779399394989 458.3659164905548 3.3859651279863314 3.9531554891602325 -2200.672939741794 0.05012825394931819 23.265326132353998 -5218.058926961606 2.100932688571597e-05 0.004739577686465126 -0.0672160357150101
-3.8979346463742224 -0.9526320501342894 4.436962876688636 547.1392757967114 657.746996589005 581.6892352104187 468.97460556030273 3.3859651279863314 3.9531554891602325 -2200.672939741794 0.05012825394931819 23.265326132353998 -5218.058926961606 2.100932688571597e-05 0.004739577686465126 -0.0672160357150101
-3.9391826320501426 -0.9614709042077002 4.501295647161962 545.705689586699 659.2981799542904 577.7434784173965 479.6240017414093 3.3859651279863314 3.9531554891602325 -2200.672939741794 0.05012825394931819 23.265326132353998 -5218.058926961606 2.100932688571597e-05 0.004739577686465126 -0.0672160357150101
-3.9765022381378796 -0.969327663384065 4.504892753949508 544.4323077276349 660.6999908685684 572.6165006160736 489.98656010627747 3.3859651279863314 3.9531554891602325 -2200.672939741794 0.05012825394931819 23.265326132353998 -5218.058926961606 2.100932688571597e-05 0.004739577686465126 -0.0672160357150101
-4.005965085049245 -0.9762023276633839 4.4831570471076825 543.323041446507 661.9548648372293 565.9496804475784 499.6851735115051 3.3859651279863314 3.9531554891602325 -2200.672939741794 0.05012825394931819 23.265326132353998 -5218.058926961606 2.100932688571597e-05 0.004739577686465126 -0.0672160357150101
-4.028553267681296 -0.9811128021486122 4.498328296820884 542.3796948119998 663.0664923973382 557.3514051437378 508.2931852340698 3.3859651279863314 3.9531554891602325 -2200.672939741794 0.05012825394931819 23.265326132353998 -5218.058926961606 2.100932688571597e-05 0.004739577686465126 -0.0672160357150101
-4.04623097582812 -0.9850411817367958 4.493720034510721 541.6019644588232 664.0398190207779 546.3970694541931 515.3343813419342 3.3859651279863314 3.9531554891602325 -2200.672939741794 0.05012825394931819 23.265326132353998 -5218.058926961606 2.100932688571597e-05 0.004739577686465126 -0.0672160357150101
-4.058998209489711 -0.9899516562220241 4.3452151465664 540.9874396175146 664.8810453303158 532.6290745735168 520.282993555069 3.3859651279863314 3.9531554891602325 -2200.672939741794 0.05012825394931819 23.265326132353998 -5218.058926961606 2.100932688571597e-05 0.004739577686465126 -0.0672160357150101
-4.0707833482542615 -0.9928979409131605 4.467410317257915 540.5316023230553 665.5976268574595 515.5568314790726 522.56369972229 3.3859651279863314 3.9531554891602325 -2200.672939741794 0.05012825394931819 23.265326132353998 -5218.058926961606 2.100932688571597e-05 0.004739577686465126 -0.0672160357150101
-4.080604297224713 -0.9948621307072523 4.514993420534678 540.2278270870447 666.1982742138207 494.6567574739456 521.5516221523285 3.3859651279863314 3.9531554891602325 -2200.672939741794 0.05012825394931819 23.265326132353998 -5218.058926961606 2.100932688571597e-05 0.004739577686465126 -0.0672160357150101
-4.097299910474488 -0.9958442256042982 4.653633157668947 540.0673812478781 666.6929530315101 469.37227761745453 516.5723280906677 3.3859651279863314 3.9531554891602325 -2200.672939741794 0.05012825394931819 23.265326132353998 -5218.058926961606 2.100932688571597e-05 0.004739577686465126 -0.0672160357150101
-4.1110492390331235 -0.9978084153983899 4.570491925780457 540.0394246578217 667.0928839631379 439.1138253211975 506.9018316268921 3.3859651279863314 3.9531554891602325 -2200.672939741794 0.05012825394931819 23.265326132353998 -5218.058926961606 2.100932688571597e-05 0.004739577686465126 -0.0672160357150101
-4.12283437779767 -1.0007547000895265 4.4674103172578254 540.1310098394752 667.4105426818132 403.25884115695953 491.76658940315247 3.3859651279863314 3.9531554891602325 -2200.672939741794 0.05012825394931819 23.265326132353998 -5218.058926961606 2.100932688571597e-05 0.004739577686465126 -0.0672160357150101
-4.134619516562225 -1.0046830796777089 4.3906384259882465 540.3270821198821 667.65965988487 361.1517735719681 470.34350776672363 3.3859651279863314 3.9531554891602325 -2200.672939741794 0.05012825394931819 23.265326132353998 -5218.058926961606 2.100932688571597e-05 0.004739577686465126 -0.0672160357150101
-4.151315129812 -1.0056651745747536 4.653633157669014 540.6104792505503 667.8552212677896 312.1040790081024 441.7599346637726 3.3859651279863314 3.9531554891602325 -2200.672939741794 0.05012825394931819 23.265326132353998 -5218.058926961606 2.100932688571597e-05 0.004739577686465126 -0.0672160357150101
-4.171939122649957 -1.0046830796777078 4.759972083661686 540.9619318172336 668.0134675949812 255.39422082901 405.09366369247437 3.3859651279863314 3.9531554891602325 -2200.672939741794 0.05012825394931819 23.265326132353998 -5218.058926961606 2.100932688571597e-05 0.004739577686465126 -0.0672160357150101
-4.192563115487924 -0.9987905102954348 4.990688639389658 538.8698216229677 668.9008872166742 390.4260271191597 598.1650396287441 3.3859651279863314 3.9531554891602325 -2200.672939741794 0.05012825394931819 23.265326132353998 -5218.058926961606 2.100932688571597e-05 0.004739577686465126 -0.0672160357150101
-4.213187108325882 -0.9860232766338416 5.266696476586245 540.3838278222829 670.6459147047717 390.3396186232567 575.0270832180977 3.3859651279863314 3.9531554891602325 -2200.672939741794 0.05012825394931819 23.265326132353998 -5218.058926961606 2.100932688571597e-05 0.004739577686465126 -0.0672160357150101
-4.23381110116384 -0.9693276633840661 5.392910205051906 542.351058607921 672.2650381661952 391.63221007585526 553.1913797557354 3.3859651279863314 3.9531554891602325 -2200.672939741794 0.05012825394931819 23.265326132353998 -5218.058926961606 2.100932688571597e-05 0.004739577686465126 -0.0672160357150101
-4.257381378692937 -0.949685765443153 5.407127256581374 544.7509689182043 673.763175097527 394.0886330604553 532.565367102623 3.3859651279863314 3.9531554891602325 -2200.672939741794 0.05012825394931819 23.265326132353998 -5218.058926961606 2.100932688571597e-05 0.004739577686465126 -0.0672160357150101
-4.280951656222029 -0.9251333930170115 5.518192474468751 547.5633649267256 675.1452003952581 397.50605112314224 513.0617780685425 3.3859651279863314 3.9531554891602325 -2200.672939741794 0.05012825394931819 23.265326132353998 -5218.058926961606 2.100932688571597e-05 0.004739577686465126 -0.0672160357150101
-4.30648612354522 -0.8927242614145052 5.615879172201157 550.7684040851891 676.415946344845 401.6939609646797 494.5986399650574 3.3859651279863314 3.9531554891602325 -2200.672939741794 0.05012825394931819 23.265326132353998 -5218.058926961606 2.100932688571597e-05 0.004739577686465126 -0.0672160357150101
-4.335948970456593 -0.8554046553267696 5.614895888348937 554.346595082432 677.5802026279271 406.47418999671936 477.0992754995823 3.3859651279863314 3.9531554891602325 -2200.672939741794 0.05012825394931819 23.265326132353998 -5218.058926961606 2.100932688571597e-05 0.004739577686465126 -0.0672160357150101
-4.367376007162053 -0.810228290062669 5.675383311065655 558.278797859326 678.6427163213957 411.6808993816376 460.49230203032494 3.3859651279863314 3.9531554891602325 -2200.672939741794 0.05012825394931819 23.265326132353998 -5218.058926961606 2.100932688571597e-05 0.004739577686465126 -0.0672160357150101
-4.396838854073414 -0.7601414503133391 5.751461239920925 562.5462235957384 679.608191894833 417.16058045625687 444.71163162589073 3.3859651279863314 3.9531554891602325 -2200.672939741794 0.05012825394931819 23.265326132353998 -5218.058926961606 2.100932688571597e-05 0.004739577686465126 -0.0672160357150101
-4.424337511190694 -0.7041620411817373 5.8265798352870615 567.1304347794503 680.4812912130728 422.772058904171 429.69647175073624 3.3859651279863314 3.9531554891602325 -2200.672939741794 0.05012825394931819 23.265326132353998 -5218.058926961606 2.100932688571597e-05 0.004739577686465126 -0.0672160357150101
-4.4508540734109205 -0.6462184422560437 5.854006799178376 572.0133450701833 681.2666335355025 428.38649064302444 415.3913243114948 3.3859651279863314 3.9531554891602325 -2200.672939741794 0.05012825394931819 23.265326132353998 -5218.058926961606 2.100932688571597e-05 0.004739577686465126 -0.0672160357150101
-4.477370635631156 -0.5882748433303501 5.854006799178248 577.1772194374353 681.9687955130357 433.88736456632614 401.7459863126278 3.3859651279863314 3.9531554891602325 -2200.672939741794 0.05012825394931819 23.265326132353998 -5218.058926961606 2.100932688571597e-05 0.004739577686465126 -0.0672160357150101
-4.499958818263212 -0.5273849597135188 5.9279544451328166 582.6046740971506 682.5923111943994 439.17050206661224 388.71554946899414 3.3859651279863314 3.9531554891602325 -2200.672939741794 0.05012825394931819 23.265326132353998 -5218.058926961606 2.100932688571597e-05 0.004739577686465126 -0.0672160357150101
-4.5176365264100315 -0.46354879140555216 6.013032107468216 588.2786764856428 683.1416720217094 444.1440559029579 376.2604008615017 3.3859651279863314 3.9531554891602325 -2200.672939741794 0.05012825394931819 23.265326132353998 -5218.058926961606 2.100932688571597e-05 0.004739577686465126 -0.0672160357150101
-4.528439570277538 -0.39971262309758326 6.115542869348319 594.1825453266501 683.6213268283755 448.72851115465164 364.3462218940258 3.3859651279863314 3.9531554891602325 -2200.672939741794 0.05012825394931819 23.265326132353998 -5218.058926961606 2.100932688571597e-05 0.004739577686465126 -0.0672160357150101
-4.530403760071627 -0.3368585496866625 6.251945473749346 600.2999505735934 684.0356818467844 452.85668551921844 352.94398933649063 3.3859651279863314 3.9531554891602325 -2200.672939741794 0.05012825394931819 23.265326132353998 -5218.058926961606 2.100932688571597e-05 0.004739577686465126 -0.0672160357150101
-4.530403760071627 -0.27204028648164774 -0.0 606.6149134524167 684.3891006982885 456.47372829914093 342.0299742817879 3.3859651279863314 3.9531554891602325 -2200.672939741794 0.05012825394931819 23.265326132353998 -5218.058926961606 2.100932688571597e-05 0.004739577686465126 -0.0672160357150101
-4.525493285586399 -0.2091862130707247 0.0779666338315412 613.1118064206094 684.6859044025186 459.53712129592896 331.5857434272766 3.3859651279863314 3.9531554891602325 -2200.672939741794 0.05012825394931819 23.265326132353998 -5218.058926961606 2.100932688571597e-05 0.004739577686465126 -0.0672160357150101
-4.5186186213070805 -0.1482963294538946 0.11242713083016238 619.775353204459 684.9303713727277 462.01667803525925 321.59815803170204 3.3859651279863314 3.9531554891602325 -2200.672939741794 0.05012825394931819 23.265326132353998 -5218.058926961606 2.100932688571597e-05 0.004739577686465126 -0.0672160357150101
-4.511743957027763 -0.08544225604297158 0.10894195698983618 626.590628778562 685.1267374143936 463.89454436302185 312.0593739748001 3.3859651279863314 3.9531554891602325 -2200.672939741794 0.05012825394931819 23.265326132353998 -5218.058926961606 2.100932688571597e-05 0.004739577686465126 -0.0672160357150101
-4.5097797672336695 -0.019641897940913162 0.029841884667150365 633.5430593453348 685.2791957294103 465.1651982665062 302.9668424129486 3.3859651279863314 3.9531554891602325 -2200.672939741794 0.05012825394931819 23.265326132353998 -5218.058926961606 2.100932688571597e-05 0.004739577686465126 -0.0672160357150101
-4.5097797672336695 0.048122649955237025 -0.0 640.6184224076569 685.3918969123624 465.83544993400574 294.32330930233 3.3880234477961046 3.9325687288830364 -2199.646685890307 0.050095149067781314 23.224907054170664 -5204.119235103271 2.0995452249698833e-05 0.0047279826772588796 -0.06363472411046449
-4.511743957027758 0.11686929274843309 6.254621649340852 647.8028466850519 685.4689489530865 465.9244418144226 286.1368155479431 3.3880234477961046 3.9325687288830364 -2199.646685890307 0.050095149067781314 23.224907054170664 -5204.119235103271 2.0995452249698833e-05 0.0047279826772588796 -0.06363472411046449
-4.513708146821848 0.1875801253357209 6.255414670586191 655.0828121621162 685.5144172352739 465.4636484384537 278.42069685459137 3.3880234477961046 3.9325687288830364 -2199.646685890307 0.050095149067781314 23.224907054170664 -5204.119235103271 2.0995452249698833e-05 0.0047279826772588796 -0.06363472411046449
-4.52058281110117 0.26123724261414416 6.1901215784551304 662.4451500605792 685.5323245362379 464.4968760609627 271.1935836970806 3.3880234477961046 3.9325687288830364 -2199.646685890307 0.050095149067781314 23.224907054170664 -5204.119235103271 2.0995452249698833e-05 0.0047279826772588796 -0.06363472411046449
-4.529421665174582 0.3358764547896144 6.165313203982358 669.8770428840071 685.5266510290094 463.08026295900345 264.4794016778469 3.3880234477961046 3.9325687288830364 -2199.646685890307 0.050095149067781314 23.224907054170664 -5204.119235103271 2.0995452249698833e-05 0.0047279826772588796 -0.06363472411046449
-4.536296329453904 0.4124798567591764 6.193681488827942 677.3660243600607 685.5013342795428 461.28228092193604 258.3073713481426 3.3880234477961046 3.9325687288830364 -2199.646685890307 0.050095149067781314 23.224907054170664 -5204.119235103271 2.0995452249698833e-05 0.0047279826772588796 -0.06363472411046449
-4.540224709042084 0.4920295434198727 6.2338426749266596 684.8999794870615 685.4602692485787 459.1837319135666 252.7120079100132 3.3880234477961046 3.9325687288830364 -2199.646685890307 0.050095149067781314 23.224907054170664 -5204.119235103271 2.0995452249698833e-05 0.0047279826772588796 -0.06363472411046449
-4.539242614145039 0.5745255147717089 0.011904199558298875 692.4671444986016 685.4073082893156 456.8777514696121 247.73312163352966 3.3880234477961046 3.9325687288830364 -2199.646685890307 0.050095149067781314 23.224907054170664 -5204.119235103271 2.0995452249698833e-05 0.0047279826772588796 -0.06363472411046449
-4.538260519247994 0.6560393912264991 0.012047609854174938 700.0561069007963 685.3462611536961 454.46980714797974 243.41581746935844 3.3880234477961046 3.9325687288830364 -2199.646685890307 0.050095149067781314 23.224907054170664 -5204.119235103271 2.0995452249698833e-05 0.0047279826772588796 -0.06363472411046449
-4.53531423455686 0.7365711727842424 0.03656905591350845 707.6558054368943 685.2808949823957 452.0776972770691 239.81049570441246 3.3880234477961046 3.9325687288830364 -2199.646685890307 0.050095149067781314 23.224907054170664 -5204.119235103271 2.0995452249698833e-05 0.0047279826772588796 -0.06363472411046449
-4.530403760071627 0.8190671441360786 0.05945365930871018 715.2555301040411 685.2149343150668 449.83155435323715 236.9728511273861 3.3880234477961046 3.9325687288830364 -2199.646685890307 0.050095149067781314 23.224907054170664 -5204.119235103271 2.0995452249698833e-05 0.0047279826772588796 -0.06363472411046449
-4.527457475380492 0.9005810205908678 0.0361288505127429 722.8449221551418 685.1520610826556 447.8738414645195 234.96387335658073 3.3880234477961046 3.9325687288830364 -2199.646685890307 0.050095149067781314 23.224907054170664 -5204.119235103271 2.0995452249698833e-05 0.0047279826772588796 -0.06363472411046449
-4.526475380483448 0.9801307072515664 0.012345051844213228 730.413974115625 685.0959146104287 446.35935443639755 233.8498473763466 3.3880234477961046 3.9325687288830364 -2199.646685890307 0.050095149067781314 23.224907054170664 -5204.119235103271 2.0995452249698833e-05 0.0047279826772588796 -0.06363472411046449
-4.525493285586403 1.0577162041181754 0.012657551834040125 737.9530297163874 685.0500916182064 445.45522105693817 233.70235258340836 3.3880234477961046 3.9325687288830364 -2199.646685890307 0.050095149067781314 23.224907054170664 -5204.119235103271 2.0995452249698833e-05 0.0047279826772588796 -0.06363472411046449
-4.524511190689358 1.135301700984781 0.012657551834040671 745.4527839850634 685.0181462219916 445.34090131521225 234.5982635319233 3.3880234477961046 3.9325687288830364 -2199.646685890307 0.050095149067781314 23.224907054170664 -5204.119235103271 2.0995452249698833e-05 0.0047279826772588796 -0.06363472411046449
-4.521564905998215 1.211905102954342 0.03844259002126971 752.9042831789702 685.0035899290815 446.208187520504 236.619749635458 3.3880234477961046 3.9325687288830364 -2199.646685890307 0.050095149067781314 23.224907054170664 -5204.119235103271 2.0995452249698833e-05 0.0047279826772588796 -0.06363472411046449
-4.519600716204126 1.2875264100268557 0.02596818721153339 760.2989248167723 685.0098916424904 448.2612037062645 239.85427525639534 3.3880234477961046 3.9325687288830364 -2199.646685890307 0.050095149067781314 23.224907054170664 -5204.119235103271 2.0995452249698833e-05 0.0047279826772588796 -0.06363472411046449
-4.519600716204126 1.3602014324082354 -0.0 767.6284576598555 685.0404776604846 451.71640598773956 244.39459937810898 3.3880234477961046 3.9325687288830364 -2199.646685890307 0.050095149067781314 23.224907054170664 -5204.119235103271 2.0995452249698833e-05 0.0047279826772588796 -0.06363472411046449
-4.519600716204126 1.431894359892569 -0.0 774.8849817328155 685.0987316735554 456.80258387327194 250.3387761414051 3.3880234477961046 3.9325687288830364 -2199.646685890307 0.050095149067781314 23.224907054170664 -5204.119235103271 2.0995452249698833e-05 0.0047279826772588796 -0.06363472411046449
-4.517636526410036 1.5035872873769027 0.02739040847483738 782.0609482955188 685.1879947676789 463.7608572244644 257.7901546359062 3.3880234477961046 3.9325687288830364 -2199.646685890307 0.050095149067781314 23.224907054170664 -5204.119235103271 2.0995452249698833e-05 0.0047279826772588796 -0.06363472411046449
-4.515672336615947 1.5733160250671436 0.028161566987867186 789.1491599045694 685.3115654217545 472.8446786403656 266.8573787808418 3.3880234477961046 3.9325687288830364 -2199.646685890307 0.050095149067781314 23.224907054170664 -5204.119235103271 2.0995452249698833e-05 0.0047279826772588796 -0.06363472411046449
-4.508797672336624 1.6420626678603396 0.09966865249120062 796.1427703034133 685.4726995101664 484.3198336958885 277.65438720583916 3.3880234477961046 3.9325687288830364 -2199.646685890307 0.050095149067781314 23.224907054170664 -5204.119235103271 2.0995452249698833e-05 0.0047279826772588796 -0.06363472411046449
