16 0.6098809310653572 0.04714055505819002 2.1257920541334867 1.0420026857654467 -0.706126230975829
0.6098809310653572 0.04714055505819002 2.1257920541334867 641.47987601161 503.5874953567982 540.8902659416199 223.20760452747345 3.2336515034677946 3.7294069753929526 -1959.2989989206467 0.0910130568537075 22.082902149053677 -4393.371293857246 3.814461728990255e-05 0.004484432185346872 0.1003892777673436
0.6560393912265013 0.013749328558638989 2.1970577643936506 639.0170279741287 502.40867345035076 539.1791491508484 231.1145762205124 3.2336515034677946 3.7294069753929526 -1959.2989989206467 0.0910130568537075 22.082902149053677 -4393.371293857246 3.814461728990255e-05 0.004484432185346872 0.1003892777673436
0.6982694717994665 -0.023570277529097804 2.2945443195530886 636.2377354502678 501.31304585933685 537.7477819919586 240.49944025278091 3.2336515034677946 3.7294069753929526 -1959.2989989206467 0.0910130568537075 22.082902149053677 -4393.371293857246 3.814461728990255e-05 0.004484432185346872 0.1003892777673436
0.736571172784248 -0.06383616830797001 2.3811892838112563 633.2171591222286 500.3146226108074 536.4581286907196 251.2333301305771 3.2336515034677946 3.7294069753929526 -1959.2989989206467 0.0910130568537075 22.082902149053677 -4393.371293857246 3.814461728990255e-05 0.004484432185346872 0.1003892777673436
0.7709444941808461 -0.1050841539838881 2.4468543773930955 630.0192005932331 499.42194797098637 535.2012733221054 263.21339160203934 3.2336515034677946 3.7294069753929526 -1959.2989989206467 0.0910130568537075 22.082902149053677 -4393.371293857246 3.814461728990255e-05 0.004484432185346872 0.1003892777673436
0.7974610564010816 -0.15026051924798636 2.610819156386823 626.6965025663376 498.63810090720654 533.8974188566208 276.36278235912323 3.2336515034677946 3.7294069753929526 -1959.2989989206467 0.0910130568537075 22.082902149053677 -4393.371293857246 3.814461728990255e-05 0.004484432185346872 0.1003892777673436
0.8249597135183617 -0.19543688451208685 2.594803812700519 623.2904480099678 497.9606944769621 532.4958882331848 290.6306740641594 3.2336515034677946 3.7294069753929526 -1959.2989989206467 0.0910130568537075 22.082902149053677 -4393.371293857246 3.814461728990255e-05 0.004484432185346872 0.1003892777673436
0.848529991047454 -0.242577439570278 2.677945044589044 619.8311611711979 497.381876334548 530.9751241207123 305.9922506213188 3.2336515034677946 3.7294069753929526 -1959.2989989206467 0.0910130568537075 22.082902149053677 -4393.371293857246 3.814461728990255e-05 0.004484432185346872 0.1003892777673436
0.8721002685765462 -0.2887358997314233 2.669470671186072 616.33750680089 496.8883285969496 529.3426886796951 322.4487090706825 3.2336515034677946 3.7294069753929526 -1959.2989989206467 0.0910130568537075 22.082902149053677 -4393.371293857246 3.814461728990255e-05 0.004484432185346872 0.1003892777673436
0.8878137869292758 -0.33587645478961553 2.8198420991931723 612.8170906305313 496.4612675756216 527.6352627277374 340.0272582769394 3.2336515034677946 3.7294069753929526 -1959.2989989206467 0.0910130568537075 22.082902149053677 -4393.371293857246 3.814461728990255e-05 0.004484432185346872 0.1003892777673436
0.8995989256938219 -0.3830170098478067 2.8966139904629626 609.266259431839 496.076444119215 525.9186477661133 358.78112119436264 3.2336515034677946 3.7294069753929526 -1959.2989989206467 0.0910130568537075 22.082902149053677 -4393.371293857246 3.814461728990255e-05 0.004484432185346872 0.1003892777673436
0.9113840644583725 -0.4311396598030448 2.901421645729572 605.6701000332832 495.7041435241699 524.287763595581 378.7895324230194 3.2336515034677946 3.7294069753929526 -1959.2989989206467 0.0910130568537075 22.082902149053677 -4393.371293857246 3.814461728990255e-05 0.004484432185346872 0.1003892777673436
0.9310259623992901 -0.48122649955237246 2.7678658336241564 602.0024411678314 495.30918531119823 522.866650223732 400.15773952007294 3.2336515034677946 3.7294069753929526 -1959.2989989206467 0.0910130568537075 22.082902149053677 -4393.371293857246 3.814461728990255e-05 0.004484432185346872 0.1003892777673436
0.9506678603402032 -0.5332775290957918 2.7807558705566997 598.2258515357971 494.85092371702194 521.8084672689438 423.0170034766197 3.2336515034677946 3.7294069753929526 -1959.2989989206467 0.0910130568537075 22.082902149053677 -4393.371293857246 3.814461728990255e-05 0.004484432185346872 0.1003892777673436
0.9703097582811164 -0.5863106535362572 2.7868870015788514 594.291640907526 494.2832470983267 521.2954938411713 447.52459740638733 3.2336515034677946 3.7294069753929526 -1959.2989989206467 0.0910130568537075 22.082902149053677 -4393.371293857246 3.814461728990255e-05 0.004484432185346872 0.1003892777673436
0.9978084153983922 -0.6422900626678602 2.684987181697341 590.1398601830006 493.5545783787966 521.5391278266907 473.8638074994087 3.2336515034677946 3.7294069753929526 -1959.2989989206467 0.0910130568537075 22.082902149053677 -4393.371293857246 3.814461728990255e-05 0.004484432185346872 0.1003892777673436
1.0420026857654467 -0.706126230975829 2.5360479899848314 573.6978638246655 491.30946904886514 519.6860919579631 519.5483237281442 3.2336515034677946 3.7294069753929526 -1959.2989989206467 0.0910130568537075 22.082902149053677 -4393.371293857246 3.814461728990255e-05 0.004484432185346872 0.1003892777673436
1.0989641897940967 -0.7768370635631169 2.4634733458407356 572.3769558519125 489.425484563224 516.4259506694507 490.25846925377846 3.2336515034677946 3.7294069753929526 -1959.2989989206467 0.0910130568537075 22.082902149053677 -4393.371293857246 3.814461728990255e-05 0.004484432185346872 0.1003892777673436
1.1519973142345632 -0.8485299910474506 2.5046993781366185 570.6389366425574 487.8620478725061 513.4766321093775 462.97444158792496 3.2336515034677946 3.7294069753929526 -1959.2989989206467 0.0910130568537075 22.082902149053677 -4393.371293857246 3.814461728990255e-05 0.004484432185346872 0.1003892777673436
1.2040483437779759 -0.9202229185317832 2.495903364481545 568.5177030451596 486.6045355470851 510.8261756839929 437.6121217235923 3.2336515034677946 3.7294069753929526 -1959.2989989206467 0.0910130568537075 22.082902149053677 -4393.371293857246 3.814461728990255e-05 0.004484432185346872 0.1003892777673436
1.2600277529095767 -0.9928979409131616 2.4685018748849115 566.0463077351451 485.6385707054287 508.46260384935886 414.0889638736844 3.2336515034677946 3.7294069753929526 -1959.2989989206467 0.0910130568537075 22.082902149053677 -4393.371293857246 3.814461728990255e-05 0.004484432185346872 0.1003892777673436
1.3160071620411773 -1.0645908683974932 2.4618600722922204 563.2569593004882 484.9500230383128 506.3739221136784 392.3239952772856 3.2336515034677946 3.7294069753929526 -1959.2989989206467 0.0910130568537075 22.082902149053677 -4393.371293857246 3.814461728990255e-05 0.004484432185346872 0.1003892777673436
1.3641298119964156 -1.135301700984781 2.5252957161936913 560.1810222193599 484.52500878833234 504.5481190367136 372.2378164380789 3.2336515034677946 3.7294069753929526 -1959.2989989206467 0.0910130568537075 22.082902149053677 -4393.371293857246 3.814461728990255e-05 0.004484432185346872 0.1003892777673436
1.4171629364368818 -1.2060125335720688 2.480549484739117 556.8490168489516 484.3498907433823 502.9731662290869 353.7526008486748 3.2139617063078787 3.7237530047884735 -1947.6797846537027 0.045224952939051016 22.034864749644814 -4348.265357080518 1.895429712449749e-05 0.004483131772773236 0.11162882029391817
1.470196060877344 -1.2757412712623108 2.4737600643299977 553.2906194142997 484.41127826087177 501.6370183522813 336.79209522902966 3.2139617063078787 3.7237530047884735 -1947.6797846537027 0.045224952939051016 22.034864749644814 -4348.265357080518 1.895429712449749e-05 0.004483131772773236 0.11162882029391817
1.5026051924798525 -1.3385953446732326 2.6411518404424976 549.5346620604396 484.6960272556171 500.5276131205028 321.281619399786 3.2139617063078787 3.7237530047884735 -1947.6797846537027 0.045224952939051016 22.034864749644814 -4348.265357080518 1.895429712449749e-05 0.004483131772773236 0.11162882029391817
1.5055514771709868 -1.3935926589077898 3.052543070955296 545.6091327890754 485.19124019611627 499.63287129753735 307.14806634932756 3.2139617063078787 3.7237530047884735 -1947.6797846537027 0.045224952939051016 22.034864749644814 -4348.265357080518 1.895429712449749e-05 0.004483131772773236 0.11162882029391817
1.4721602506714424 -1.439751119068935 3.739351045182789 541.5411755144596 485.8842661054805 498.9406967003597 294.31990214437246 3.2139617063078787 3.7237530047884735 -1947.6797846537027 0.045224952939051016 22.034864749644814 -4348.265357080518 1.895429712449749e-05 0.004483131772773236 0.11162882029391817
1.4220734109221103 -1.4829632945389448 3.980702546290473 537.3570900224149 486.7627005716786 498.4389761957573 282.7271659746766 3.2139617063078787 3.7237530047884735 -1947.6797846537027 0.045224952939051016 22.034864749644814 -4348.265357080518 1.895429712449749e-05 0.004483131772773236 0.11162882029391817
1.3533267681289096 -1.5222470904207712 4.193242866138195 533.0823319591582 487.8143857261166 498.11557970230933 272.30147025734186 3.2139617063078787 3.7237530047884735 -1947.6797846537027 0.045224952939051016 22.034864749644814 -4348.265357080518 1.895429712449749e-05 0.004483131772773236 0.11162882029391817
1.268866606982984 -1.5595666965085069 4.296324474660857 528.741512928158 489.0274102697149 497.95836019027047 262.9760004505515 3.2139617063078787 3.7237530047884735 -1947.6797846537027 0.045224952939051016 22.034864749644814 -4348.265357080518 1.895429712449749e-05 0.004483131772773236 0.11162882029391817
1.1765496866606913 -1.5949221128021496 4.3466416791223565 524.3584003299475 490.39010946266353 497.9551536808722 254.68551517277956 3.2139617063078787 3.7237530047884735 -1947.6797846537027 0.045224952939051016 22.034864749644814 -4348.265357080518 1.895429712449749e-05 0.004483131772773236 0.11162882029391817
1.0842327663383986 -1.6312596239928383 4.33739725325133 519.9559175260365 491.8910651076585 498.0937792464392 247.36634618788958 3.2139617063078787 3.7237530047884735 -1947.6797846537027 0.045224952939051016 22.034864749644814 -4348.265357080518 1.895429712449749e-05 0.004483131772773236 0.11162882029391817
0.9840590868397476 -1.6666150402864834 4.373096365930613 515.556143719703 493.5191055769101 498.3620390116703 240.95639836788177 3.2139617063078787 3.7237530047884735 -1947.6797846537027 0.045224952939051016 22.034864749644814 -4348.265357080518 1.895429712449749e-05 0.004483131772773236 0.11162882029391817
0.8642435094001791 -1.7000062667860354 4.440596821709988 511.1803140193224 495.2633057916537 498.74771815142594 235.3951497450471 3.2139617063078787 3.7237530047884735 -1947.6797846537027 0.045224952939051016 22.034864749644814 -4348.265357080518 1.895429712449749e-05 0.004483131772773236 0.11162882029391817
0.7503205013428792 -1.7324153983885417 4.435228273051112 506.84881940856576 497.11298723798245 499.23858489189297 230.62365145981312 3.2139617063078787 3.7237530047884735 -1947.6797846537027 0.045224952939051016 22.034864749644814 -4348.265357080518 1.895429712449749e-05 0.004483131772773236 0.11162882029391817
0.6452363473589912 -1.764824529991048 4.413233450074757 502.58120677247643 499.0577179538086 499.82239051163197 226.58452782779932 3.2139617063078787 3.7237530047884735 -1947.6797846537027 0.045224952939051016 22.034864749644814 -4348.265357080518 1.895429712449749e-05 0.004483131772773236 0.11162882029391817
0.5558657117278326 -1.7982157564906003 4.354823128808274 498.3961788639426 501.0873125381768 500.48686933971476 223.22197619080544 3.2139617063078787 3.7237530047884735 -1947.6797846537027 0.045224952939051016 22.034864749644814 -4348.265357080518 1.895429712449749e-05 0.004483131772773236 0.11162882029391817
0.479262309758274 -1.833571172784244 4.279981204814137 494.31159434095025 503.1918321419507 501.21973875700496 220.4817672073841 3.2139617063078787 3.7237530047884735 -1947.6797846537027 0.045224952939051016 22.034864749644814 -4348.265357080518 1.895429712449749e-05 0.004483131772773236 0.11162882029391817
0.41542614145030177 -1.869908683974934 4.194901239410606 490.3444677218795 505.3615844780579 502.008699194761 218.31124445050955 3.2139617063078787 3.7237530047884735 -1947.6797846537027 0.045224952939051016 22.034864749644814 -4348.265357080518 1.895429712449749e-05 0.004483131772773236 0.11162882029391817
0.35551835273052196 -1.903299910474486 4.203899656304964 486.5109694413841 507.587123808451 502.84143413673155 216.65932478010654 3.2139617063078787 3.7237530047884735 -1947.6797846537027 0.045224952939051016 22.034864749644814 -4348.265357080518 1.895429712449749e-05 0.004483131772773236 0.11162882029391817
0.2887358997314199 -1.9357090420769922 4.260575138487024 482.8264258131385 509.85925096366554 503.70561011706013 215.47649816423655 3.2139617063078787 3.7237530047884735 -1947.6797846537027 0.045224952939051016 22.034864749644814 -4348.265357080518 1.895429712449749e-05 0.004483131772773236 0.11162882029391817
0.21507878245299555 -1.9641897940913173 4.343429434178823 479.30531899258494 512.1690133232623 504.5888767222641 214.7148276269436 3.2139617063078787 3.7237530047884735 -1947.6797846537027 0.045224952939051016 22.034864749644814 -4348.265357080518 1.895429712449749e-05 0.004483131772773236 0.11162882029391817
0.14043957027752196 -1.9916884512085953 4.3593985925578 475.9612870924175 514.5077048279345 505.4788665891392 214.32794941216707 3.2139617063078787 3.7237530047884735 -1947.6797846537027 0.045224952939051016 22.034864749644814 -4348.265357080518 1.895429712449749e-05 0.004483131772773236 0.11162882029391817
0.07856759176364371 -2.021151298119965 4.267969770483601 472.8071240670979 516.866865972057 506.3631954060402 214.2710728868842 3.2139617063078787 3.7237530047884735 -1947.6797846537027 0.045224952939051016 22.034864749644814 -4348.265357080518 1.895429712449749e-05 0.004483131772773236 0.11162882029391817
0.01276723366158641 -2.0525783348254256 4.266811693410105 469.85477977991104 519.238283813931 507.2294619131135 214.50098046660423 3.2139617063078787 3.7237530047884735 -1947.6797846537027 0.045224952939051016 22.034864749644814 -4348.265357080518 1.895429712449749e-05 0.004483131772773236 0.11162882029391817
-0.06285407341092748 -2.0849874664279318 4.307497194099603 467.11535996198654 521.6139919515699 508.0652479013661 214.9760277941823 3.2139617063078787 3.7237530047884735 -1947.6797846537027 0.045224952939051016 22.034864749644814 -4348.265357080518 1.895429712449749e-05 0.004483131772773236 0.11162882029391817
-0.14535004476275917 -2.1203428827215767 4.307497194099577 464.5991261973977 523.9862705674022 508.85811821348034 215.6561436355114 3.2139617063078787 3.7237530047884735 -1947.6797846537027 0.045224952939051016 22.034864749644814 -4348.265357080518 1.895429712449749e-05 0.004483131772773236 0.11162882029391817
-0.2298102059086849 -2.156680393912265 4.306094670475052 462.31549606099725 526.3476463742554 509.5956207434647 216.5028298124671 3.2139617063078787 3.7237530047884735 -1947.6797846537027 0.045224952939051016 22.034864749644814 -4348.265357080518 1.895429712449749e-05 0.004483131772773236 0.11162882029391817
-0.31721665174574487 -2.193017905102955 4.3183959451124325 460.27304289117455 528.6908926609904 510.2652864360716 217.47916135191917 3.2139617063078787 3.7237530047884735 -1947.6797846537027 0.045224952939051016 22.034864749644814 -4348.265357080518 1.895429712449749e-05 0.004483131772773236 0.11162882029391817
-0.4036410026857646 -2.23033751119069 4.304757474927074 458.47949600219727 531.0090292589739 510.85462928796187 218.54978638887405 3.2139617063078787 3.7237530047884735 -1947.6797846537027 0.045224952939051016 22.034864749644814 -4348.265357080518 1.895429712449749e-05 0.004483131772773236 0.11162882029391817
-0.4831906893464709 -2.263728737690243 4.314970896500142 456.9417405501008 533.2953225709498 511.35114634688944 219.68092623353004 3.2139617063078787 3.7237530047884735 -1947.6797846537027 0.045224952939051016 22.034864749644814 -4348.265357080518 1.895429712449749e-05 0.004483131772773236 0.11162882029391817
-0.5558657117278505 -2.2931915846016127 4.32723147402122 455.665817592293 535.5432855421677 511.74231771181803 220.84037522226572 3.2139617063078787 3.7237530047884735 -1947.6797846537027 0.045224952939051016 22.034864749644814 -4348.265357080518 1.895429712449749e-05 0.004483131772773236 0.11162882029391817
-0.6275586392121854 -2.3157797672336624 4.407165846590781 454.6569240577519 537.7466776929796 512.0156065335032 221.99750092625618 3.2139617063078787 3.7237530047884735 -1947.6797846537027 0.045224952939051016 22.034864749644814 -4348.265357080518 1.895429712449749e-05 0.004483131772773236 0.11162882029391817
-0.6923769024171978 -2.332475380483439 4.460292999716605 453.91941280290484 539.8995050797239 512.1584590137936 223.12324398756027 3.2139617063078787 3.7237530047884735 -1947.6797846537027 0.045224952939051016 22.034864749644814 -4348.265357080518 1.895429712449749e-05 0.004483131772773236 0.11162882029391817
-0.7532667860340269 -2.3432784243509404 4.536796818434519 453.45679250359535 541.9960203310475 512.1583044053987 224.19011824578047 3.2139617063078787 3.7237530047884735 -1947.6797846537027 0.045224952939051016 22.034864749644814 -4348.265357080518 1.895429712449749e-05 0.004483131772773236 0.11162882029391817
-0.8102282900626724 -2.347206803939124 4.643532491083626 453.27172777056694 544.0307226283476 512.0025550130522 225.17221061885357 3.2139617063078787 3.7237530047884735 -1947.6797846537027 0.045224952939051016 22.034864749644814 -4348.265357080518 1.895429712449749e-05 0.004483131772773236 0.11162882029391817
-0.8632614145031389 -2.3432784243509417 4.786328018042624 453.366039108485 545.9983577057719 511.6786061922321 226.0451811477542 3.2139617063078787 3.7237530047884735 -1947.6797846537027 0.045224952939051016 22.034864749644814 -4348.265357080518 1.895429712449749e-05 0.004483131772773236 0.11162882029391817
-0.9123661593554218 -2.331493285586394 4.94793396110554 453.74070286750793 547.8939178660512 511.17383635020815 226.78626307845116 3.2139617063078787 3.7237530047884735 -1947.6797846537027 0.045224952939051016 22.034864749644814 -4348.265357080518 1.895429712449749e-05 0.004483131772773236 0.11162882029391817
-0.9585246195165614 -2.3157797672336624 5.040508875400063 454.3958512954414 549.7126419497654 510.47560694545973 227.37426269054413 3.2139617063078787 3.7237530047884735 -1947.6797846537027 0.045224952939051016 22.034864749644814 -4348.265357080518 1.895429712449749e-05 0.004483131772773236 0.11162882029391817
-1.0037009847806697 -2.2951557743957047 5.140653133261261 455.3307725377381 551.4500153791159 509.571262487676 227.78955946862698 3.2139617063078787 3.7237530047884735 -1947.6797846537027 0.045224952939051016 22.034864749644814 -4348.265357080518 1.895429712449749e-05 0.004483131772773236 0.11162882029391817
-1.0518236347359033 -2.271585496866608 5.167840051635627 456.5439106486738 553.1017701169476 508.4481305377558 228.01410600543022 3.2139617063078787 3.7237530047884735 -1947.6797846537027 0.045224952939051016 22.034864749644814 -4348.265357080518 1.895429712449749e-05 0.004483131772773236 0.11162882029391817
-1.1058388540734145 -2.2440868397493285 5.183282839365402 458.0328655168414 554.6638846797869 507.0935217081569 228.03142803907394 3.2139617063078787 3.7237530047884735 -1947.6797846537027 0.045224952939051016 22.034864749644814 -4348.265357080518 1.895429712449749e-05 0.004483131772773236 0.11162882029391817
-1.1628003581020645 -2.214623992837959 5.189734362758349 459.7943929769099 556.1325841518119 505.4947296625469 227.82662440091372 3.2139617063078787 3.7237530047884735 -1947.6797846537027 0.045224952939051016 22.034864749644814 -4348.265357080518 1.895429712449749e-05 0.004483131772773236 0.11162882029391817
-1.2236902417188935 -2.181232766338408 5.212829793531964 461.8244046494365 557.5043401736766 503.6390311161522 227.38636715710163 3.2139617063078787 3.7237530047884735 -1947.6797846537027 0.045224952939051016 22.034864749644814 -4348.265357080518 1.895429712449749e-05 0.004483131772773236 0.11162882029391817
-1.2816338406445882 -2.1439131602506736 5.281236838806019 464.1179681904614 558.775870940648 501.5136858348269 226.69890132546425 3.2139617063078787 3.7237530047884735 -1947.6797846537027 0.045224952939051016 22.034864749644814 -4348.265357080518 1.895429712449749e-05 0.004483131772773236 0.11162882029391817
-1.3366311548791352 -2.104629364368847 5.327728522190143 466.6693070009351 559.9441411998123 499.1059366366826 225.75404522567987 3.2139617063078787 3.7237530047884735 -1947.6797846537027 0.045224952939051016 22.034864749644814 -4348.265357080518 1.895429712449749e-05 0.004483131772773236 0.11162882029391817
-1.3877000895255123 -2.0604350940017926 5.417957158069894 469.47180043905973 561.0063622621819 496.4030093908077 224.5431902334094 3.2139617063078787 3.7237530047884735 -1947.6797846537027 0.045224952939051016 22.034864749644814 -4348.265357080518 1.895429712449749e-05 0.004483131772773236 0.11162882029391817
-1.4387690241718847 -2.0132945389436014 5.449281531541744 472.51798375323415 561.9599919980392 493.3921130169183 223.05930089205503 3.2318404109340353 3.7434336493021374 -1961.8363706259981 0.0910702733681778 22.11925922258278 -4405.220254337873 3.816859738817178e-05 0.0044948697554948016 0.09737688179078205
-1.480017009847805 -1.9622256042972266 5.59030576490177 475.7995480373502 562.8027348211035 490.06043948745355 221.29691483825445 3.2318404109340353 3.7434336493021374 -1961.8363706259981 0.0910702733681778 22.11925922258278 -4405.220254337873 3.816859738817178e-05 0.0044948697554948016 0.09737688179078205
-1.5153724261414478 -1.9082103849597154 5.686986165882086 479.30734031647444 563.5325417220592 486.39516382466536 219.25214283913374 3.2318404109340353 3.7434336493021374 -1961.8363706259981 0.0910702733681778 22.11925922258278 -4405.220254337873 3.816859738817178e-05 0.0044948697554948016 0.09737688179078205
-1.5438531781557772 -1.8512488809310665 5.799406190048336 483.03136348724365 564.1476102275774 482.3834441031795 216.92266883701086 3.2318404109340353 3.7434336493021374 -1961.8363706259981 0.0910702733681778 22.11925922258278 -4405.220254337873 3.816859738817178e-05 0.0044948697554948016 0.09737688179078205
-1.5634950760966904 -1.7942873769024177 5.926273370827874 486.96077628806233 564.6463844412938 478.01242144871503 214.30774991959333 3.2318404109340353 3.7434336493021374 -1961.8363706259981 0.0910702733681778 22.11925922258278 -4405.220254337873 3.816859738817178e-05 0.0044948697554948016 0.09737688179078205
-1.5703697403760082 -1.736343777976723 6.134295359570151 491.0838934183121 565.0275550065562 473.2692200379679 211.4082161858678 3.2318404109340353 3.7434336493021374 -1961.8363706259981 0.0910702733681778 22.11925922258278 -4405.220254337873 3.816859738817178e-05 0.0044948697554948016 0.09737688179078205
-1.5703697403760037 -1.6784001790510306 7.707582218414824e-14 495.3881853967905 565.2900591390207 468.1409470993094 208.2264710366726 3.2318404109340353 3.7434336493021374 -1961.8363706259981 0.0910702733681778 22.11925922258278 -4405.220254337873 3.816859738817178e-05 0.0044948697554948016 0.09737688179078205
-1.5664413607878203 -1.6184923903312451 0.06548002492347942 499.86027869954705 565.4330805996433 462.61469291266985 204.7664908617735 3.2318404109340353 3.7434336493021374 -1961.8363706259981 0.0910702733681778 22.11925922258278 -4405.220254337873 3.816859738817178e-05 0.0044948697554948016 0.09737688179078205
-1.5595666965085024 -1.5556383169203234 0.10894195698983809 504.48595560342073 565.4560497095808 456.67753080814146 201.03382527828217 3.2318404109340353 3.7434336493021374 -1961.8363706259981 0.0910702733681778 22.11925922258278 -4405.220254337873 3.816859738817178e-05 0.0044948697554948016 0.09737688179078205
-1.546799462846907 -1.4927842435094014 0.20039855382590652 509.2501543313265 565.3586433557793 450.31651716900524 197.03559701889753 3.2318404109340353 3.7434336493021374 -1961.8363706259981 0.0910702733681778 22.11925922258278 -4405.220254337873 3.816859738817178e-05 0.0044948697554948016 0.09737688179078205
-1.5281396598030341 -1.4299301700984783 0.28858736189415185 514.1369689702988 565.1407849676907 443.5186914278893 192.78050187975168 3.2318404109340353 3.7434336493021374 -1961.8363706259981 0.0910702733681778 22.11925922258278 -4405.220254337873 3.816859738817178e-05 0.0044948697554948016 0.09737688179078205
-1.5124261414503046 -1.3660940017905117 0.24135549057539465 519.1296495422721 564.8026445433497 436.2710760701448 188.27880884706974 3.2318404109340353 3.7434336493021374 -1961.8363706259981 0.0910702733681778 22.11925922258278 -4405.220254337873 3.816859738817178e-05 0.0044948697554948016 0.09737688179078205
-1.4898379588182527 -1.30323992837959 0.3450021772071314 524.2106018550694 564.3446386298165 428.56067663186695 183.5423600524664 3.2318404109340353 3.7434336493021374 -1961.8363706259981 0.0910702733681778 22.11925922258278 -4405.220254337873 3.816859738817178e-05 0.0044948697554948016 0.09737688179078205
-1.461357206803932 -1.2403858549686668 0.4254496373699898 529.3613876886666 563.7674303418025 420.37448170082644 178.58457074314356 3.2318404109340353 3.7434336493021374 -1961.8363706259981 0.0910702733681778 22.11925922258278 -4405.220254337873 3.816859738817178e-05 0.0044948697554948016 0.09737688179078205
-1.428948075201428 -1.1785138764547909 0.4825132950224459 534.562724661082 563.0719293374568 411.6994629156543 173.42042926698923 3.2318404109340353 3.7434336493021374 -1961.8363706259981 0.0910702733681778 22.11925922258278 -4405.220254337873 3.816859738817178e-05 0.0044948697554948016 0.09737688179078205
-1.4034136078782418 -1.1166418979409136 0.39140512812519423 539.7944863252342 562.2592918425798 402.52257496642414 168.06649719178677 3.2318404109340353 3.7434336493021374 -1961.8363706259981 0.0910702733681778 22.11925922258278 -4405.220254337873 3.816859738817178e-05 0.0044948697554948016 0.09737688179078205
-1.3778791405550512 -1.0567341092211295 0.4029115908535716 545.035702072084 561.3309206347913 392.830755594885 162.54090909659863 3.2318404109340353 3.7434336493021374 -1961.8363706259981 0.0910702733681778 22.11925922258278 -4405.220254337873 3.816859738817178e-05 0.0044948697554948016 0.09737688179078205
-1.3493983885407306 -1.0007547000895265 0.47064050200608554 550.2645571902394 560.2884650528431 382.6109255939955 156.86337276548147 3.2318404109340353 3.7434336493021374 -1961.8363706259981 0.0910702733681778 22.11925922258278 -4405.220254337873 3.816859738817178e-05 0.0044948697554948016 0.09737688179078205
-1.3140429722470879 -0.9467394807520164 0.579563985293321 555.458392880857 559.1338209882379 371.84998880745843 151.05516915768385 3.2318404109340353 3.7434336493021374 -1961.8363706259981 0.0910702733681778 22.11925922258278 -4405.220254337873 3.816859738817178e-05 0.0044948697554948016 0.09737688179078205
-1.2786875559534405 -0.894688451208597 0.5966603958773657 560.5937062092125 557.8691308889538 360.534832131234 145.13915225863457 3.2318404109340353 3.7434336493021374 -1961.8363706259981 0.0910702733681778 22.11925922258278 -4405.220254337873 3.816859738817178e-05 0.0044948697554948016 0.09737688179078205
-1.2364574753804844 -0.8436195165622223 0.6909432280023142 565.6461501084268 556.4967837687582 348.6523255116772 139.13974925875664 3.2318404109340353 3.7434336493021374 -1961.8363706259981 0.0910702733681778 22.11925922258278 -4405.220254337873 3.816859738817178e-05 0.0044948697554948016 0.09737688179078205
-1.187352730528197 -0.7964789615040301 0.8058034940840247 570.59053343907 555.0194151857868 336.18932194728404 133.08296044170856 3.2318404109340353 3.7434336493021374 -1961.8363706259981 0.0910702733681778 22.11925922258278 -4405.220254337873 3.816859738817178e-05 0.0044948697554948016 0.09737688179078205
-1.139230080572959 -0.7493384064458378 0.7957070765436938 575.4008209183812 553.4399072676897 323.13265748729464 126.99635927379131 3.2318404109340353 3.7434336493021374 -1961.8363706259981 0.0910702733681778 22.11925922258278 -4405.220254337873 3.816859738817178e-05 0.0044948697554948016 0.09737688179078205
-1.0930716204118103 -0.7051441360787831 0.80713387023927 580.0501331761479 551.7613886883482 309.46915123274084 120.90909232199192 3.2318404109340353 3.7434336493021374 -1961.8363706259981 0.0910702733681778 22.11925922258278 -4405.220254337873 3.816859738817178e-05 0.0044948697554948016 0.09737688179078205
-1.0439668755595275 -0.6619319606087734 0.8491414759301251 584.5107467025518 549.9872346846387 295.185605335515 114.8518792539835 3.2318404109340353 3.7434336493021374 -1961.8363706259981 0.0910702733681778 22.11925922258278 -4405.220254337873 3.816859738817178e-05 0.0044948697554948016 0.09737688179078205
-0.9879874664279267 -0.6206839749328552 0.9357695914045624 588.7540938667953 548.1210670508444 280.2688049990684 108.8570129647851 3.2318404109340353 3.7434336493021374 -1961.8363706259981 0.0910702733681778 22.11925922258278 -4405.220254337873 3.816859738817178e-05 0.0044948697554948016 0.09737688179078205
-0.9280796777081425 -0.5804180841539841 0.9790201562533971 592.750762950629 546.1667541395873 264.70551847841125 102.95835934579372 3.2318404109340353 3.7434336493021374 -1961.8363706259981 0.0910702733681778 22.11925922258278 -4405.220254337873 3.816859738817178e-05 0.0044948697554948016 0.09737688179078205
-0.858350940017906 -0.5421163831692026 1.0684939486969016 596.4704980999231 544.1284108525142 248.48249707918148 97.19135753810406 3.2318404109340353 3.7434336493021374 -1961.8363706259981 0.0910702733681778 22.11925922258278 -4405.220254337873 3.816859738817178e-05 0.0044948697554948016 0.09737688179078205
-0.7846938227394817 -0.5057788719785139 1.1124962604032484 599.8821993917227 542.0103986579925 231.586475159158 91.59301977604628 3.2318404109340353 3.7434336493021374 -1961.8363706259981 0.0910702733681778 22.11925922258278 -4405.220254337873 3.816859738817178e-05 0.0044948697554948016 0.09737688179078205
-0.7031799462846903 -0.471405550581917 1.1717353782187823 602.9539227299392 539.8173255762085 214.00417012674734 86.20193140208721 3.2318404109340353 3.7434336493021374 -1961.8363706259981 0.0910702733681778 22.11925922258278 -4405.220254337873 3.816859738817178e-05 0.0044948697554948016 0.09737688179078205
-0.6147914055505811 -0.4389964189794096 1.2193515327913382 605.6528799310327 537.5540461810306 195.72228244226426 81.0582509636879 3.2318404109340353 3.7434336493021374 -1961.8363706259981 0.0910702733681778 22.11925922258278 -4405.220254337873 3.816859738817178e-05 0.0044948697554948016 0.09737688179078205
-0.5293491495076061 -0.4056051924798586 1.198242068340057 607.9454387053847 535.2256616158411 176.7274956170004 76.20371001213789 3.2318404109340353 3.7434336493021374 -1961.8363706259981 0.0910702733681778 22.11925922258278 -4405.220254337873 3.816859738817178e-05 0.0044948697554948016 0.09737688179078205
-0.4389964189794074 -0.37417815577439595 1.2360594894780603 609.7971226163208 532.8375195711851 157.00647621345706 71.68161335587502 3.2318404109340353 3.7434336493021374 -1961.8363706259981 0.0910702733681778 22.11925922258278 -4405.220254337873 3.816859738817178e-05 0.0044948697554948016 0.09737688179078205
-0.3496257833482489 -0.34078692927484383 1.213230475218481 611.172611169517 530.3952142912894 136.54587384627666 67.53683888912201 3.2318404109340353 3.7434336493021374 -1961.8363706259981 0.0910702733681778 22.11925922258278 -4405.220254337873 3.816859738817178e-05 0.0044948697554948016 0.09737688179078205
-0.2622193375111889 -0.30739570277529277 1.205883227633103 612.0357397198677 527.9045865880325 115.33232118026353 63.815837644040585 3.2318404109340353 3.7434336493021374 -1961.8363706259981 0.0910702733681778 22.11925922258278 -4405.220254337873 3.816859738817178e-05 0.0044948697554948016 0.09737688179078205
-0.17775917636526323 -0.27498657117278424 1.2044019160456343 612.3494994901121 525.3717238241807 93.35243393213023 60.56663374602795 3.2318404109340353 3.7434336493021374 -1961.8363706259981 0.0910702733681778 22.11925922258278 -4405.220254337873 3.816859738817178e-05 0.0044948697554948016 0.09737688179078205
-0.08937063563115846 -0.24159534467323213 1.2095925713012003 612.0760376304388 522.8029599180445 70.592810869799 57.8388244882226 3.2318404109340353 3.7434336493021374 -1961.8363706259981 0.0910702733681778 22.11925922258278 -4405.220254337873 3.816859738817178e-05 0.0044948697554948016 0.09737688179078205
