38 -0.8819212175469938 0.9634350940017897 3.7179678741809608 -0.9928979409131594 1.0253070725156668
-0.8819212175469938 0.9634350940017897 3.7179678741809608 719.4595636874437 564.7280651722103 570.8333891443908 253.9309839606285 4.353657251615811 5.145678719363565 -2782.9827395947063 -0.12925807818392043 26.053999944926193 -4053.309277551753 -4.4040231067775243e-05 0.006197334643283487 0.04187789153880452
-0.9045094001790457 0.9202229185317821 3.6232563311446997 715.0874348655343 565.1996723413467 573.062322191894 268.28735357522964 4.353657251615811 5.145678719363565 -2782.9827395947063 -0.12925807818392043 26.053999944926193 -4053.309277551753 -4.4040231067775243e-05 0.006197334643283487 0.04187789153880452
-0.9270975828110932 0.8770107430617733 3.6232563311446078 711.0014046765864 565.5086789466441 575.4567611254752 283.26821625232697 4.353657251615811 5.145678719363565 -2782.9827395947063 -0.12925807818392043 26.053999944926193 -4053.309277551753 -4.4040231067775243e-05 0.006197334643283487 0.04187789153880452
-0.9418290062667781 0.8377269471799459 3.5483974578705393 707.2294807173312 565.6745158601552 577.9836924001575 298.511061668396 4.353657251615811 5.145678719363565 -2782.9827395947063 -0.12925807818392043 26.053999944926193 -4053.309277551753 -4.4040231067775243e-05 0.006197334643283487 0.04187789153880452
-0.990933751119061 0.795496866606983 3.4735385845964712 703.7959013581276 565.7155023701489 580.6128488257527 313.68891900777817 4.353657251615811 5.145678719363565 -2782.9827395947063 -0.12925807818392043 26.053999944926193 -4053.309277551753 -4.4040231067775243e-05 0.006197334643283487 0.04187789153880452
-1.043966875559532 0.7591593554162944 3.3986797113224028 700.721135661006 565.6488461717963 583.3167094700038 328.5103567838669 4.353657251615811 5.145678719363565 -2782.9827395947063 -0.12925807818392043 26.053999944926193 -4053.309277551753 -4.4040231067775243e-05 0.006197334643283487 0.04187789153880452
-1.0852148612354522 0.7247860340196952 3.3238208380483343 698.0218834653497 565.4906434044242 586.0704996958375 342.7194833755493 4.353657251615811 5.145678719363565 -2782.9827395947063 -0.12925807818392043 26.053999944926193 -4053.309277551753 -4.4040231067775243e-05 0.006197334643283487 0.04187789153880452
-1.118606087735001 0.6904127126230983 3.248961964774266 695.7110752239823 565.2558786068112 588.8521911799908 356.0959475040436 4.353657251615811 5.145678719363565 -2782.9827395947063 -0.12925807818392043 26.053999944926193 -4053.309277551753 -4.4040231067775243e-05 0.006197334643283487 0.04187789153880452
-1.1480689346463708 0.6580035810205921 3.1741030915001973 693.7978722266853 564.9584247563034 591.6425018571317 368.45493656396866 3.297843219541735 3.878642995705442 -2110.0500472893277 -0.04095108218642638 22.933209590755343 -4864.584784228139 -6.290806211835737e-06 0.004664768432940174 0.009716648819765639
-1.1834243509400135 0.6305049239033118 3.0992442182261293 692.2876664288342 564.6110432483256 594.424895979464 379.6471785902977 3.297843219541735 3.878642995705442 -2110.0500472893277 -0.04095108218642638 22.933209590755343 -4864.584784228139 -6.290806211835737e-06 0.004664768432940174 0.009716648819765639
-1.217797672336607 0.607916741271261 3.024385344952061 691.1820805519819 564.2253838852048 597.1855841092765 389.55894070863724 3.297843219541735 3.878642995705442 -2110.0500472893277 -0.04095108218642638 22.933209590755343 -4864.584784228139 -6.290806211835737e-06 0.004664768432940174 0.009716648819765639
-1.2560993733213932 0.5922032229185313 2.9495264716779923 690.4789679795504 563.8119849022478 599.9135230667889 398.11203014850616 3.297843219541735 3.878642995705442 -2110.0500472893277 -0.04095108218642638 22.933209590755343 -4864.584784228139 -6.290806211835737e-06 0.004664768432940174 0.009716648819765639
-1.2944010743061702 0.58140017905103 2.8746675984039243 690.1724128983915 563.3802729640156 602.600415956229 405.26379323005676 3.297843219541735 3.878642995705442 -2110.0500472893277 -0.04095108218642638 22.933209590755343 -4864.584784228139 -6.290806211835737e-06 0.004664768432940174 0.009716648819765639
-1.3268102059086788 0.5764897045658006 2.799808725129856 690.2527301460505 562.9385631289333 605.2407122217119 411.00711691379547 3.297843219541735 3.878642995705442 -2110.0500472893277 -0.04095108218642638 22.933209590755343 -4864.584784228139 -6.290806211835737e-06 0.004664768432940174 0.009716648819765639
-1.3169892569382222 0.5833643688451207 2.7249498518557873 690.7064653150737 562.4940589144826 607.8316075541079 415.3704273700714 3.297843219541735 3.878642995705442 -2110.0500472893277 -0.04095108218642638 22.933209590755343 -4864.584784228139 -6.290806211835737e-06 0.004664768432940174 0.009716648819765639
-1.3042220232766268 0.5912211280214855 2.650090978581719 691.5163947530091 562.0528522189707 610.373043961823 418.41769021749496 3.297843219541735 3.878642995705442 -2110.0500472893277 -0.04095108218642638 22.933209590755343 -4864.584784228139 -6.290806211835737e-06 0.004664768432940174 0.009716648819765639
-1.297347358997309 0.6059525514771715 2.5752321053076503 692.6615254767239 561.6199233997613 612.8677097633481 420.2484112381935 3.297843219541735 3.878642995705442 -2110.0500472893277 -0.04095108218642638 22.933209590755343 -4864.584784228139 -6.290806211835737e-06 0.004664768432940174 0.009716648819765639
-1.2934189794091255 0.6255944494180824 2.5003732320335823 694.117095246911 561.1991412062198 615.3210395053029 420.9976356625557 3.297843219541735 3.878642995705442 -2110.0500472893277 -0.04095108218642638 22.933209590755343 -4864.584784228139 -6.290806211835737e-06 0.004664768432940174 0.009716648819765639
-1.2924368845120806 0.6540752014324085 2.425514358759514 695.8545725680888 560.7932628225535 617.7412141226232 420.83594888448715 3.297843219541735 3.878642995705442 -2110.0500472893277 -0.04095108218642638 22.933209590755343 -4864.584784228139 -6.290806211835737e-06 0.004664768432940174 0.009716648819765639
-1.2894905998209465 0.6884485228290066 2.3506554854854453 697.8416566438973 560.4039338547736 620.1391607448459 419.96947503089905 3.297843219541735 3.878642995705442 -2110.0500472893277 -0.04095108218642638 22.933209590755343 -4864.584784228139 -6.290806211835737e-06 0.004664768432940174 0.009716648819765639
-1.2855622202327628 0.7257681289167411 2.2757966122113773 700.0422774367034 560.0316883176565 622.5285528339446 418.6398788690567 3.297843219541735 3.878642995705442 -2110.0500472893277 -0.04095108218642638 22.933209590755343 -4864.584784228139 -6.290806211835737e-06 0.004664768432940174 0.009716648819765639
-1.2698487018800333 0.7630877350044757 2.200937738937309 702.4165955744684 559.675948664546 624.9258101917803 417.1243649125099 3.297843219541735 3.878642995705442 -2110.0500472893277 -0.04095108218642638 22.933209590755343 -4864.584784228139 -6.290806211835737e-06 0.004664768432940174 0.009716648819765639
-1.257081468218438 0.8013894359892562 2.1260788656632403 704.9210024625063 559.3350257631391 627.3500988408923 415.73567658662796 3.297843219541735 3.878642995705442 -2110.0500472893277 -0.04095108218642638 22.933209590755343 -4864.584784228139 -6.290806211835737e-06 0.004664768432940174 0.009716648819765639
-1.25020680393912 0.8367448522829012 2.051219992389172 707.5081201829016 559.0061188936234 629.8233311325312 414.8220974802971 3.297843219541735 3.878642995705442 -2110.0500472893277 -0.04095108218642638 22.933209590755343 -4864.584784228139 -6.290806211835737e-06 0.004664768432940174 0.009716648819765639
-1.244314234556847 0.8691539838854074 1.9763611191151036 710.1268016137183 558.6853157673031 632.3701656982303 414.7674512863159 3.297843219541735 3.878642995705442 -2110.0500472893277 -0.04095108218642638 22.933209590755343 -4864.584784228139 -6.290806211835737e-06 0.004664768432940174 0.009716648819765639
-1.2335111906893457 0.9015631154879148 1.9015022458410353 712.7221303209662 558.3675925172865 635.0180074758828 415.9911005496979 3.297843219541735 3.878642995705442 -2110.0500472893277 -0.04095108218642638 22.933209590755343 -4864.584784228139 -6.290806211835737e-06 0.004664768432940174 0.009716648819765639
-1.2168155774395668 0.9290617726051916 1.8266433725669668 715.235420525074 558.0468136891723 637.7970076799393 418.94794845581055 3.297843219541735 3.878642995705442 -2110.0500472893277 -0.04095108218642638 22.933209590755343 -4864.584784228139 -6.290806211835737e-06 0.004664768432940174 0.009716648819765639
-1.1863706356311523 0.9526320501342872 1.7517844992928984 717.6042173057795 557.7157322615385 640.7400638461113 424.1284371614456 3.297843219541735 3.878642995705442 -2110.0500472893277 -0.04095108218642638 22.933209590755343 -4864.584784228139 -6.290806211835737e-06 0.004664768432940174 0.009716648819765639
-1.1500331244404602 0.9703097582811098 1.8489094265691097 719.7622963562608 557.3659896124154 643.8828197494149 432.0585488677025 3.297843219541735 3.878642995705442 -2110.0500472893277 -0.04095108218642638 22.933209590755343 -4864.584784228139 -6.290806211835737e-06 0.004664768432940174 0.009716648819765639
-1.1264628469113636 0.9820948970456559 1.9460343538453209 721.6396641619503 556.9881155788898 647.26366552338 443.2998054623604 3.297843219541735 3.878642995705442 -2110.0500472893277 -0.04095108218642638 22.933209590755343 -4864.584784228139 -6.290806211835737e-06 0.004664768432940174 0.009716648819765639
-1.1136956132497726 0.9909337511190688 2.0431592811215324 723.1625578403473 556.5715283788741 650.923737552017 458.4492685198784 3.297843219541735 3.878642995705442 -2110.0500472893277 -0.04095108218642638 22.933209590755343 -4864.584784228139 -6.290806211835737e-06 0.004664768432940174 0.009716648819765639
-1.1068209489704548 0.9997726051924783 2.1402842083977434 724.2534453682601 556.1045346688479 654.9069184921682 478.1395394206047 3.297843219541735 3.878642995705442 -2110.0500472893277 -0.04095108218642638 22.933209590755343 -4864.584784228139 -6.290806211835737e-06 0.004664768432940174 0.009716648819765639
-1.0970000000000029 1.0056651745747547 2.2374091356739547 724.831025313586 555.5743295401335 659.2598373480141 503.0387589931488 3.297843219541735 3.878642995705442 -2110.0500472893277 -0.04095108218642638 22.933209590755343 -4864.584784228139 -6.290806211835737e-06 0.004664768432940174 0.009716648819765639
-1.0871790510295507 1.010575649059983 2.334534062950166 724.8102270998061 554.9669964797795 664.0318694040179 533.8506079912186 3.297843219541735 3.878642995705442 -2110.0500472893277 -0.04095108218642638 22.933209590755343 -4864.584784228139 -6.290806211835737e-06 0.004664768432940174 0.009716648819765639
-1.0734297224709015 1.0154861235452113 2.4316589902263774 724.1022107638419 554.2675074059516 669.2751362062991 571.3143067359924 3.297843219541735 3.878642995705442 -2110.0500472893277 -0.04095108218642638 22.933209590755343 -4864.584784228139 -6.290806211835737e-06 0.004664768432940174 0.009716648819765639
-1.0537878245299885 1.0174503133393031 2.528783917502589 722.6143670752645 553.4597226735204 675.0445056073368 616.2046158313751 3.297843219541735 3.878642995705442 -2110.0500472893277 -0.04095108218642638 22.933209590755343 -4864.584784228139 -6.290806211835737e-06 0.004664768432940174 0.009716648819765639
-1.0341459265890753 1.0184324082363478 2.6259088447787997 720.2503176033497 552.5263910330832 681.3975917734206 669.3318347334862 3.297843219541735 3.878642995705442 -2110.0500472893277 -0.04095108218642638 22.933209590755343 -4864.584784228139 -6.290806211835737e-06 0.004664768432940174 0.009716648819765639
-1.0174503133392965 1.0213786929274844 2.723033772055011 716.9099146015942 551.4491496663541 688.3947551399469 731.5418026447296 3.297843219541735 3.878642995705442 -2110.0500472893277 -0.04095108218642638 22.933209590755343 -4864.584784228139 -6.290806211835737e-06 0.004664768432940174 0.009716648819765639
-0.9928979409131594 1.0253070725156668 2.8201586993312224 726.4578213347122 543.8365070598666 652.4631310477853 470.39317567739636 3.297843219541735 3.878642995705442 -2110.0500472893277 -0.04095108218642638 22.933209590755343 -4864.584784228139 -6.290806211835737e-06 0.004664768432940174 0.009716648819765639
-0.9447752909579213 1.0282533572068033 2.917283626607434 725.67945769988 544.3009289611364 652.8591962940991 451.9188911765814 3.297843219541735 3.878642995705442 -2110.0500472893277 -0.04095108218642638 22.933209590755343 -4864.584784228139 -6.290806211835737e-06 0.004664768432940174 0.009716648819765639
-0.8829033124440431 1.0302175470008952 3.014408553883645 724.9027165342122 544.7349344461691 652.3665109947324 434.4339320156723 3.297843219541735 3.878642995705442 -2110.0500472893277 -0.04095108218642638 22.933209590755343 -4864.584784228139 -6.290806211835737e-06 0.004664768432940174 0.009716648819765639
-0.8210313339301648 1.03119964189794 3.1115334811598565 724.1399809578434 545.1418168338714 651.0602399334311 417.9090922102332 3.297843219541735 3.878642995705442 -2110.0500472893277 -0.04095108218642638 22.933209590755343 -4864.584784228139 -6.290806211835737e-06 0.004664768432940174 0.009716648819765639
-0.7621056401074298 1.030217547000894 3.208658408436068 723.4031402720138 545.5248105565552 649.0131101049483 402.3154150182381 3.297843219541735 3.878642995705442 -2110.0500472893277 -0.04095108218642638 22.933209590755343 -4864.584784228139 -6.290806211835737e-06 0.004664768432940174 0.009716648819765639
-0.7100546105640081 1.0272712623097564 3.3057833357122792 722.7035899562761 545.8870911578415 646.2954106405377 387.6241929512471 3.297843219541735 3.878642995705442 -2110.0500472893277 -0.04095108218642638 22.933209590755343 -4864.584784228139 -6.290806211835737e-06 0.004664768432940174 0.009716648819765639
-0.6648782452999087 1.0253070725156668 3.4029082629884906 722.0522317038849 546.2317752953386 642.9749928787351 373.8069677669555 3.297843219541735 3.878642995705442 -2110.0500472893277 -0.04095108218642638 22.933209590755343 -4864.584784228139 -6.290806211835737e-06 0.004664768432940174 0.009716648819765639
-0.6305049239033107 1.024324977618621 3.5000331902647015 721.4594733817503 546.5619207383133 639.1172703504562 360.8355304664001 3.297843219541735 3.878642995705442 -2110.0500472893277 -0.04095108218642638 22.933209590755343 -4864.584784228139 -6.290806211835737e-06 0.004664768432940174 0.009716648819765639
-0.6088988361683035 1.0253070725156668 3.5971581175409133 720.9352290565148 546.8805263704853 634.785218719393 348.68192130699754 3.297843219541735 3.878642995705442 -2110.0500472893277 -0.04095108218642638 22.933209590755343 -4864.584784228139 -6.290806211835737e-06 0.004664768432940174 0.009716648819765639
-0.6088988361682991 1.0253070725156668 3.694283044817124 720.4889189768583 547.1905321876984 630.0393758565187 337.31842978391796 3.297843219541735 3.878642995705442 -2110.0500472893277 -0.04095108218642638 22.933209590755343 -4864.584784228139 -6.290806211835737e-06 0.004664768432940174 0.009716648819765639
-0.6226481647269436 1.0223607878245302 3.7914079720933356 720.1294695911929 547.4948192987358 624.9378418140113 326.7175946487114 3.297843219541735 3.878642995705442 -2110.0500472893277 -0.04095108218642638 22.933209590755343 -4864.584784228139 -6.290806211835737e-06 0.004664768432940174 0.009716648819765639
-0.6462184422560449 1.0203965980304397 3.888532899369547 719.8653135281056 547.7962099252036 619.5362787880003 316.8522038925439 3.297843219541735 3.878642995705442 -2110.0500472893277 -0.04095108218642638 22.933209590755343 -4864.584784228139 -6.290806211835737e-06 0.004664768432940174 0.009716648819765639
-0.6835380483437816 1.0174503133393042 3.9856578266457583 719.7043896149844 548.0974674022291 613.8879112042487 307.69529476203024 3.297843219541735 3.878642995705442 -2110.0500472893277 -0.04095108218642638 22.933209590755343 -4864.584784228139 -6.290806211835737e-06 0.004664768432940174 0.009716648819765639
-0.7277323187108362 1.0145040286481666 4.082782753921969 719.6541428593919 548.4012961774133 608.0435256250203 299.2201537489891 3.297843219541735 3.878642995705442 -2110.0500472893277 -0.04095108218642638 22.933209590755343 -4864.584784228139 -6.290806211835737e-06 0.004664768432940174 0.009716648819765639
-0.7797833482542534 1.0145040286481666 4.179907681198181 719.7215244760737 548.710341810598 602.0514708161354 291.40031658951193 3.297843219541735 3.878642995705442 -2110.0500472893277 -0.04095108218642638 22.933209590755343 -4864.584784228139 -6.290806211835737e-06 0.004664768432940174 0.009716648819765639
-0.8308522829006258 1.018432408236349 4.277032608474392 719.9129918543622 549.0271909761941 595.9576576948166 284.2095682695508 3.324604728378948 3.8845823456778943 -2125.18160145975 0.015299899560115073 22.948707108522537 -4904.497256704155 1.6772161504877107e-05 0.004655597580818449 -0.00030209958941213917
-0.8789749328558685 1.0233428827215774 4.374157535750603 720.2345085814595 549.3543714591069 589.8055593669415 277.6219430230558 3.324604728378948 3.8845823456778943 -2125.18160145975 0.015299899560115073 22.948707108522537 -4904.497256704155 1.6772161504877107e-05 0.004655597580818449 -0.00030209958941213917
-0.9261154879140574 1.0302175470008974 4.471282463026815 720.6915444293991 549.6943521602079 583.6362111456692 271.61172433104366 3.324604728378948 3.8845823456778943 -2125.18160145975 0.015299899560115073 22.948707108522537 -4904.497256704155 1.6772161504877107e-05 0.004655597580818449 -0.00030209958941213917
-0.970309758281112 1.0341459265890798 4.568407390303026 721.289075368084 550.0495430909796 577.488210465759 266.1534449271858 3.324604728378948 3.8845823456778943 -2125.18160145975 0.015299899560115073 22.948707108522537 -4904.497256704155 1.6772161504877107e-05 0.004655597580818449 -0.00030209958941213917
-1.0037009847806608 1.0380743061772622 4.665532317579237 722.0315835494548 550.422295376542 571.3977170065045 261.22188678290695 3.324604728378948 3.8845823456778943 -2125.18160145975 0.015299899560115073 22.948707108522537 -4904.497256704155 1.6772161504877107e-05 0.004655597580818449 -0.00030209958941213917
-1.041020590868402 1.0429847806624917 4.762657244855449 722.9230573251843 550.8149012543727 565.3984525427222 256.7920811260119 3.324604728378948 3.8845823456778943 -2125.18160145975 0.015299899560115073 22.948707108522537 -4904.497256704155 1.6772161504877107e-05 0.004655597580818449 -0.00030209958941213917
-1.0714655326768165 1.0469131602506752 4.859782172131659 723.9669912261888 551.229594076518 559.5217010825872 252.83930842857808 3.324604728378948 3.8845823456778943 -2125.18160145975 0.015299899560115073 22.948707108522537 -4904.497256704155 1.6772161504877107e-05 0.004655597580818449 -0.00030209958941213917
-1.101910474485231 1.0528057296329492 4.956907099407871 725.1663859849796 551.6685483059846 553.7963088303804 249.3390984106809 3.324604728378948 3.8845823456778943 -2125.18160145975 0.015299899560115073 22.948707108522537 -4904.497256704155 1.6772161504877107e-05 0.004655597580818449 -0.00030209958941213917
-1.1254807520143277 1.05869829901522 5.054032026684082 726.5237485198304 552.133879519417 548.2486841231585 246.26723003853112 3.324604728378948 3.8845823456778943 -2125.18160145975 0.015299899560115073 22.948707108522537 -4904.497256704155 1.6772161504877107e-05 0.004655597580818449 -0.00030209958941213917
-1.1382479856759142 1.0665550581915861 5.151156953960294 728.0410919338465 552.6276444069808 542.9027975052595 243.59973153099418 3.324604728378948 3.8845823456778943 -2125.18160145975 0.015299899560115073 22.948707108522537 -4904.497256704155 1.6772161504877107e-05 0.004655597580818449 -0.00030209958941213917
-1.14905102954342 1.0773581020590886 5.248281881236505 729.7199355242774 553.1518407709664 537.7801816575229 241.31288034748286 3.324604728378948 3.8845823456778943 -2125.18160145975 0.015299899560115073 22.948707108522537 -4904.497256704155 1.6772161504877107e-05 0.004655597580818449 -0.00030209958941213917
-1.1559256938227422 1.0901253357206815 5.345406808512717 731.5613047862425 553.7084075273015 532.8999314717948 239.38320319913328 3.324604728378948 3.8845823456778943 -2125.18160145975 0.015299899560115073 22.948707108522537 -4904.497256704155 1.6772161504877107e-05 0.004655597580818449 -0.00030209958941213917
-1.16280035810206 1.1038746642793218 5.442531735788927 733.5657313959673 554.2992247035727 528.2787040397525 237.7874760478735 3.324604728378948 3.8845823456778943 -2125.18160145975 0.015299899560115073 22.948707108522537 -4904.497256704155 1.6772161504877107e-05 0.004655597580818449 -0.00030209958941213917
-1.1696750223813779 1.1244986571172797 5.53965666306514 735.7332532210276 554.9261134414701 523.9307185597718 236.50272409711033 3.324604728378948 3.8845823456778943 -2125.18160145975 0.015299899560115073 22.948707108522537 -4904.497256704155 1.6772161504877107e-05 0.004655597580818449 -0.00030209958941213917
-1.1824422560429733 1.149051029543421 5.63678159034135 738.063414321281 555.5908359951572 519.8677565045655 235.5062218029052 3.324604728378948 3.8845823456778943 -2125.18160145975 0.015299899560115073 22.948707108522537 -4904.497256704155 1.6772161504877107e-05 0.004655597580818449 -0.00030209958941213917
-1.1922632050134299 1.1794959713518356 5.733906517617561 740.555264945142 556.2950957320863 516.0991614311934 234.77549286279827 3.324604728378948 3.8845823456778943 -2125.18160145975 0.015299899560115073 22.948707108522537 -4904.497256704155 1.6772161504877107e-05 0.004655597580818449 -0.00030209958941213917
-1.2089588182632087 1.2138692927484358 5.831031444893773 743.2073615407571 557.0405371325323 512.6318391151726 234.2883102307096 3.324604728378948 3.8845823456778943 -2125.18160145975 0.015299899560115073 22.948707108522537 -4904.497256704155 1.6772161504877107e-05 0.004655597580818449 -0.00030209958941213917
-1.2256544315129831 1.2511888988361715 5.862521958046598 746.0177667280659 557.8287457884289 509.4702575467527 234.02269610390067 3.324604728378948 3.8845823456778943 -2125.18160145975 0.015299899560115073 22.948707108522537 -4904.497256704155 1.6772161504877107e-05 0.004655597580818449 -0.00030209958941213917
-1.2452963294538963 1.2924368845120897 5.838766097278492 748.9840493360534 558.6612484073266 506.6164468228817 233.95692192204297 3.324604728378948 3.8845823456778943 -2125.18160145975 0.015299899560115073 22.948707108522537 -4904.497256704155 1.6772161504877107e-05 0.004655597580818449 -0.00030209958941213917
-1.2708307967770824 1.3336848701880066 5.728877810978044 752.1032843682915 559.53951280599 504.0699992477894 234.06950838305056 3.324604728378948 3.8845823456778943 -2125.18160145975 0.015299899560115073 22.948707108522537 -4904.497256704155 1.6772161504877107e-05 0.004655597580818449 -0.00030209958941213917
-1.2963652641002688 1.3729686660698317 5.706810086588406 755.372053032741 560.4649479171494 501.82806934416294 234.3392254235223 3.324604728378948 3.8845823456778943 -2125.18160145975 0.015299899560115073 22.948707108522537 -4904.497256704155 1.6772161504877107e-05 0.004655597580818449 -0.00030209958941213917
-1.3346669650850458 1.413234556848704 5.522781937401107 758.7864427203313 561.438903786242 499.8853737153113 234.74509223364294 3.324604728378948 3.8845823456778943 -2125.18160145975 0.015299899560115073 22.948707108522537 -4904.497256704155 1.6772161504877107e-05 0.004655597580818449 -0.00030209958941213917
-1.3700223813786885 1.4564467323187138 5.597455796273323 762.3420470105484 562.4626715691993 498.23419128358364 235.26637724693865 3.324604728378948 3.8845823456778943 -2125.18160145975 0.015299899560115073 22.948707108522537 -4904.497256704155 1.6772161504877107e-05 0.004655597580818449 -0.00030209958941213917
-1.4053777976723358 1.4996589077887226 5.597455796273248 766.0339656798169 563.5374835379189 496.86436300352216 235.88259814865887 3.324604728378948 3.8845823456778943 -2125.18160145975 0.015299899560115073 22.948707108522537 -4904.497256704155 1.6772161504877107e-05 0.004655597580818449 -0.00030209958941213917
-1.4476078782452964 1.5467994628469137 5.552677006376318 769.8568046828732 564.6645130750258 495.76329209655523 236.5735218692571 3.324604728378948 3.8845823456778943 -2125.18160145975 0.015299899560115073 22.948707108522537 -4904.497256704155 1.6772161504877107e-05 0.004655597580818449 -0.00030209958941213917
-1.49180214861236 1.5929579230080602 5.519522850623835 773.8046761788428 565.8448746765498 494.9159439392388 237.31916458439082 3.324604728378948 3.8845823456778943 -2125.18160145975 0.015299899560115073 22.948707108522537 -4904.497256704155 1.6772161504877107e-05 0.004655597580818449 -0.00030209958941213917
-1.5330501342882759 1.643044762757389 5.594260918964748 777.871198519133 567.0796239520423 494.30484606698155 238.0997917233035 3.324604728378948 3.8845823456778943 -2125.18160145975 0.015299899560115073 22.948707108522537 -4904.497256704155 1.6772161504877107e-05 0.004655597580818449 -0.00030209958941213917
-1.5703697403760082 1.6941136974037614 5.652105919708275 782.0494962241501 568.3697576239938 493.910088237375 238.89591796230525 3.324604728378948 3.8845823456778943 -2125.18160145975 0.015299899560115073 22.948707108522537 -4904.497256704155 1.6772161504877107e-05 0.004655597580818449 -0.00030209958941213917
-1.6047430617726062 1.7481289167412726 5.71645608965608 786.332200024277 569.7162135267863 493.70932232216 239.6883072173223 3.324604728378948 3.8845823456778943 -2125.18160145975 0.015299899560115073 22.948707108522537 -4904.497256704155 1.6772161504877107e-05 0.004655597580818449 -0.00030209958941213917
-1.6332238137869268 1.8031262309758296 5.8053542521875245 790.7114468347281 571.1198706086725 493.67776245623827 240.4579726625234 3.324604728378948 3.8845823456778943 -2125.18160145975 0.015299899560115073 22.948707108522537 -4904.497256704155 1.6772161504877107e-05 0.004655597580818449 -0.00030209958941213917
-1.6636687555953413 1.862051924798568 5.8062934395140555 795.1788797508925 572.5815489310771 493.7881848588586 241.18617671448737 3.324604728378948 3.8845823456778943 -2125.18160145975 0.015299899560115073 22.948707108522537 -4904.497256704155 1.6772161504877107e-05 0.004655597580818449 -0.00030209958941213917
-1.6882211280214827 1.9209776186213074 5.8883941874798245 799.7256480827928 574.1020096660359 494.01092797890306 241.8544310349971 3.324604728378948 3.8845823456778943 -2125.18160145975 0.015299899560115073 22.948707108522537 -4904.497256704155 1.6772161504877107e-05 0.004655597580818449 -0.00030209958941213917
-1.7186660698299017 1.980885407341094 5.813001843532811 804.3424073075876 575.6819551023655 494.3138924576342 242.44449653849006 3.324604728378948 3.8845823456778943 -2125.18160145975 0.015299899560115073 22.948707108522537 -4904.497256704155 1.6772161504877107e-05 0.004655597580818449 -0.00030209958941213917
-1.752057296329455 2.0437394807520146 5.794851356123161 809.0193191021681 577.3220286380965 494.66254107281566 242.9383833874017 3.324604728378948 3.8845823456778943 -2125.18160145975 0.015299899560115073 22.948707108522537 -4904.497256704155 1.6772161504877107e-05 0.004655597580818449 -0.00030209958941213917
-1.7756275738585516 2.106593554162938 5.924414636909006 813.746051331982 579.0228147861781 495.0198988057673 243.31835098564625 3.324604728378948 3.8845823456778943 -2125.18160145975 0.015299899560115073 22.948707108522537 -4904.497256704155 1.6772161504877107e-05 0.004655597580818449 -0.00030209958941213917
-1.7933052820053708 2.1704297224709057 6.01303210746822 818.5117780547589 580.7848391727312 495.34655280038714 243.5669079888612 3.324604728378948 3.8845823456778943 -2125.18160145975 0.015299899560115073 22.948707108522537 -4904.497256704155 1.6772161504877107e-05 0.004655597580818449 -0.00030209958941213917
-1.8109829901521899 2.2323017009847814 6.004885648174513 823.3051795195788 582.608568535652 495.6006524041295 243.66681230440736 3.324604728378948 3.8845823456778943 -2125.18160145975 0.015299899560115073 22.948707108522537 -4904.497256704155 1.6772161504877107e-05 0.004655597580818449 -0.00030209958941213917
-1.825714413607875 2.2961378692927514 6.056386459125708 828.1144421584904 584.4944107253104 495.7379091195762 243.60107108205557 3.324604728378948 3.8845823456778943 -2125.18160145975 0.015299899560115073 22.948707108522537 -4904.497256704155 1.6772161504877107e-05 0.004655597580818449 -0.00030209958941213917
-1.8463384064458372 2.3560456580125337 5.951631145303579 832.9272586042061 586.4427147064125 495.7115965858102 243.3529407195747 3.324604728378948 3.8845823456778943 -2125.18160145975 0.015299899560115073 22.948707108522537 -4904.497256704155 1.6772161504877107e-05 0.004655597580818449 -0.00030209958941213917
-1.9062461951656169 2.4080966875559553 5.427726561143744 837.7308276649565 588.453770557302 495.47255074232817 242.90592686086893 3.324604728378948 3.8845823456778943 -2125.18160145975 0.015299899560115073 22.948707108522537 -4904.497256704155 1.6772161504877107e-05 0.004655597580818449 -0.00030209958941213917
-1.9779391226499519 2.453273052820057 5.2746737827272385 842.5118543626741 590.5278094665846 494.9691695794463 242.2437844015658 3.324604728378948 3.8845823456778943 -2125.18160145975 0.015299899560115073 22.948707108522537 -4904.497256704155 1.6772161504877107e-05 0.004655597580818449 -0.00030209958941213917
-1.9661539838854056 2.493538943598929 0.09966865249107199 847.2565498864278 592.6650037370855 494.1474133320153 241.35051748901606 3.324604728378948 3.8845823456778943 -2125.18160145975 0.015299899560115073 22.948707108522537 -4904.497256704155 1.6772161504877107e-05 0.004655597580818449 -0.00030209958941213917
-1.9553509400179043 2.528894359892572 0.08550529367812726 851.9506316268817 594.8654667851515 492.9508044011891 240.21037950553 3.324604728378948 3.8845823456778943 -2125.18160145975 0.015299899560115073 22.948707108522537 -4904.497256704155 1.6772161504877107e-05 0.004655597580818449 -0.00030209958941213917
-1.9504404655326761 2.5593393017009864 6.183516654688357 856.57932316605 597.129253140185 491.32042733207345 238.8078730897978 3.324604728378948 3.8845823456778943 -2125.18160145975 0.015299899560115073 22.948707108522537 -4904.497256704155 1.6772161504877107e-05 0.004655597580818449 -0.00030209958941213917
-1.9514225604297208 2.584873769024175 5.937629726598032 861.1273542670533 599.4563584423158 489.1949289254844 237.1277501285076 3.324604728378948 3.8845823456778943 -2125.18160145975 0.015299899560115073 22.948707108522537 -4904.497256704155 1.6772161504877107e-05 0.004655597580818449 -0.00030209958941213917
-1.957315129811994 2.6064798567591776 5.695182703631969 865.5789608992636 601.846719446592 486.51051803678274 235.15501175355166 4.412365098499832 5.1614458152949405 -2819.6156707197288 0.06466179864989625 26.059431385982663 -4185.752837763666 2.2031277223133324e-05 0.006187057357211541 0.0031922122110034723
-1.9700823634735847 2.624157564906001 5.392910205052044 869.9178852038458 604.3002140212338 483.2009658664465 232.8749083466828 4.412365098499832 5.1614458152949405 -2819.6156707197288 0.06466179864989625 26.059431385982663 -4185.752837763666 2.2031277223133324e-05 0.006187057357211541 0.0031922122110034723
-1.9857958818263188 2.637906893464639 5.208811733789462 874.1273755216971 606.8166611457709 479.19760562852025 230.27293953299522 4.412365098499832 5.1614458152949405 -2819.6156707197288 0.06466179864989625 26.059431385982663 -4185.752837763666 2.2031277223133324e-05 0.006187057357211541 0.0031922122110034723
-2.002491495076098 2.650674127126232 5.159908955541875 878.1901863906533 609.395820914302 474.4293328076601 227.33485419023782 4.412365098499832 5.1614458152949405 -2819.6156707197288 0.06466179864989625 26.059431385982663 -4185.752837763666 2.2031277223133324e-05 0.006187057357211541 0.0031922122110034723
-1.9818675022381398 2.6703160250671454 0.6000502134016892 882.0885785305873 612.037394532701 468.82260505855083 224.04665044136345 4.412365098499832 5.1614458152949405 -2819.6156707197288 0.06466179864989625 26.059431385982663 -4185.752837763666 2.2031277223133324e-05 0.006187057357211541 0.0031922122110034723
-1.9484762757385865 2.6919221128021524 0.8913825213869464 885.8043188434094 614.7410243201302 462.30144216120243 220.39457565546036 4.412365098499832 5.1614458152949405 -2819.6156707197288 0.06466179864989625 26.059431385982663 -4185.752837763666 2.2031277223133324e-05 0.006187057357211541 0.0031922122110034723
-2.0015094001790485 2.714510295434202 5.11504363393658 889.318680443801 617.5062937082257 454.78742615133524 216.36512645427138 4.412365098499832 5.1614458152949405 -2819.6156707197288 0.06466179864989625 26.059431385982663 -4185.752837763666 2.2031277223133324e-05 0.006187057357211541 0.0031922122110034723
-2.0525783348254207 2.7361163831692026 5.1126296374186095 892.6124426135793 620.3327272427268 446.1997011899948 211.94504870288074 4.412365098499832 5.1614458152949405 -2819.6156707197288 0.06466179864989625 26.059431385982663 -4185.752837763666 2.2031277223133324e-05 0.006187057357211541 0.0031922122110034723
-2.099718889883614 2.755758281110118 5.107180100084478 895.6658908380195 623.2197905804496 436.45497361570597 207.12133751623333 4.412365098499832 5.1614458152949405 -2819.6156707197288 0.06466179864989625 26.059431385982663 -4185.752837763666 2.2031277223133324e-05 0.006187057357211541 0.0031922122110034723
-2.1448952551477136 2.7724538943598924 5.066386417216558 898.4588167928159 626.166890493012 425.4675119817257 201.88123725634068 4.412365098499832 5.1614458152949405 -2819.6156707197288 0.06466179864989625 26.059431385982663 -4185.752837763666 2.2031277223133324e-05 0.006187057357211541 0.0031922122110034723
-2.1881074306177237 2.7891495076096713 5.081084883042786 900.9705183422193 629.1733748645056 413.1491469554603 196.21224152762443 4.412365098499832 5.1614458152949405 -2819.6156707197288 0.06466179864989625 26.059431385982663 -4185.752837763666 2.2031277223133324e-05 0.006187057357211541 0.0031922122110034723
-2.2273912264995497 2.804863025962401 5.092895357497035 903.179799539037 632.2385326902149 399.4092714525759 190.10209319740534 4.412365098499832 5.1614458152949405 -2819.6156707197288 0.06466179864989625 26.059431385982663 -4185.752837763666 2.2031277223133324e-05 0.006187057357211541 0.0031922122110034723
-2.266675022381376 2.8186123545210386 5.049063799771386 905.0649706162512 635.3615940811578 384.1548405364156 183.5387843614444 4.412365098499832 5.1614458152949405 -2819.6156707197288 0.06466179864989625 26.059431385982663 -4185.752837763666 2.2031277223133324e-05 0.006187057357211541 0.0031922122110034723
-2.303012533572068 2.8313795881826342 5.0502671686249885 906.6038480186835 638.5417302581482 367.29037142544985 176.51055637560785 4.412365098499832 5.1614458152949405 -2819.6156707197288 0.06466179864989625 26.059431385982663 -4185.752837763666 2.2031277223133324e-05 0.006187057357211541 0.0031922122110034723
-2.3403321396598096 2.8412005371530884 4.969712695355681 907.7737543731928 641.7780535576167 348.7179435864091 169.0058998428285 4.412365098499832 5.1614458152949405 -2819.6156707197288 0.06466179864989625 26.059431385982663 -4185.752837763666 2.2031277223133324e-05 0.006187057357211541 0.0031922122110034723
-2.375687555953448 2.8490572963294554 4.9310579262587115 908.5515184896067 645.0696174284676 328.3371985256672 161.0135546065867 4.412365098499832 5.1614458152949405 -2819.6156707197288 0.06466179864989625 26.059431385982663 -4185.752837763666 2.2031277223133324e-05 0.006187057357211541 0.0031922122110034723
-2.411042972247086 2.8559319606087756 4.90443699762546 908.9134753700346 648.4154164305655 306.0453401096165 152.5225097676739 4.412365098499832 5.1614458152949405 -2819.6156707197288 0.06466179864989625 26.059431385982663 -4185.752837763666 2.2031277223133324e-05 0.006187057357211541 0.0031922122110034723
-2.4444341987466394 2.860842435094004 4.858401238095961 908.8354662079364 651.8143862389261 281.73713421449065 143.5220036683604 4.412365098499832 5.1614458152949405 -2819.6156707197288 0.06466179864989625 26.059431385982663 -4185.752837763666 2.2031277223133324e-05 0.006187057357211541 0.0031922122110034723
-2.4748791405550583 2.8647708146821875 4.8407122080704985 908.2928384039551 655.2654036390595 255.3049090243876 134.00152389332652 4.412365098499832 5.1614458152949405 -2819.6156707197288 0.06466179864989625 26.059431385982663 -4185.752837763666 2.2031277223133324e-05 0.006187057357211541 0.0031922122110034723
-2.5023777976723385 2.8677170993733236 4.8191246530338026 907.260445526801 658.7672865333734 226.63855481892824 123.95080729015172 4.412365098499832 5.1614458152949405 -2819.6156707197288 0.06466179864989625 26.059431385982663 -4185.752837763666 2.2031277223133324e-05 0.006187057357211541 0.0031922122110034723
-2.5288943598925697 2.866735004476277 4.675368864510706 905.7126473281533 662.318793932558 195.62552407756448 113.35983993858099 4.412365098499832 5.1614458152949405 -2819.6156707197288 0.06466179864989625 26.059431385982663 -4185.752837763666 2.2031277223133324e-05 0.006187057357211541 0.0031922122110034723
-2.5524646374216617 2.8647708146821853 4.629247748496217 903.6233097855002 665.9186259630369 162.15083147212863 102.21885717660189 4.412365098499832 5.1614458152949405 -2819.6156707197288 0.06466179864989625 26.059431385982663 -4185.752837763666 2.2031277223133324e-05 0.006187057357211541 0.0031922122110034723
