26 -1.5350143240823608 1.0763760071620414 1.2670618409523378 -0.129636526410034 1.7942873769024177
-1.5350143240823608 1.0763760071620414 1.2670618409523378 726.5516769819924 569.8794694959879 653.4410845858129 266.730327143101 3.3198281346195966 3.8394161337537973 -2096.5767379984804 0.048389424218415515 22.742297928927993 -4846.503739655658 2.0280563377374593e-05 0.004622765400019645 0.010832443037924577
-1.47805282005372 1.0960179051029535 1.23873685925199 727.6182994400033 567.9284585911937 658.2379015620027 267.6789861473371 3.3198281346195966 3.8394161337537973 -2096.5767379984804 0.048389424218415515 22.742297928927993 -4846.503739655658 2.0280563377374593e-05 0.004622765400019645 0.010832443037924577
-1.4230555058191594 1.113695613249777 1.2597980461893452 728.7538578146678 566.0497310319042 663.2558079934352 272.49652737705037 3.3198281346195966 3.8394161337537973 -2096.5767379984804 0.048389424218415515 22.742297928927993 -4846.503739655658 2.0280563377374593e-05 0.004622765400019645 0.010832443037924577
-1.3651119068934647 1.1303912264995526 1.2902595350565893 729.949306512237 564.2321907810583 668.464473124759 280.4294916644576 3.3198281346195966 3.8394161337537973 -2096.5767379984804 0.048389424218415515 22.742297928927993 -4846.503739655658 2.0280563377374593e-05 0.004622765400019645 0.010832443037924577
-1.3101145926589088 1.1470868397493281 1.2760662215855259 731.1971488847576 562.4655855755036 673.8359020955995 290.7832561575924 3.3198281346195966 3.8394161337537973 -2096.5767379984804 0.048389424218415515 22.742297928927993 -4846.503739655658 2.0280563377374593e-05 0.004622765400019645 0.010832443037924577
-1.2492247090420798 1.1667287376902413 1.2587542052323548 732.4914372301 560.7405069260149 679.3444359405676 302.92203432082897 3.3198281346195966 3.8394161337537973 -2096.5767379984804 0.048389424218415515 22.742297928927993 -4846.503739655658 2.0280563377374593e-05 0.004622765400019645 0.010832443037924577
-1.1883348254252508 1.1863706356311545 1.2587542052323548 733.8277727919158 559.0483901172884 684.9667515892615 316.2688759350567 3.3198281346195966 3.8394161337537973 -2096.5767379984804 0.048389424218415515 22.742297928927993 -4846.503739655658 2.0280563377374593e-05 0.004622765400019645 0.010832443037924577
-1.1333375111906947 1.2060125335720677 1.227772386374188 735.2033057597046 557.3815142079193 690.6818618662801 330.3056670965743 3.3198281346195966 3.8394161337537973 -2096.5767379984804 0.048389424218415515 22.742297928927993 -4846.503739655658 2.0280563377374593e-05 0.004622765400019645 0.010832443037924577
-1.0812864816472776 1.225654431512981 1.209959543761789 736.6167352687207 555.7330020304416 696.4711154911947 344.5731302180211 3.2654699178268323 3.8368350533386915 -2069.4799942717614 -0.048189480530900046 22.68856553318778 -4781.656977008464 -2.0196764681852403e-05 0.004617390812463942 0.030878030899180228
-1.0282533572068067 1.2472605192479846 1.1839206090639147 738.0683094000724 554.0968201912901 702.3181970785972 358.6708240286098 3.2654699178268323 3.8368350533386915 -2069.4799942717614 -0.048189480530900046 22.68856553318778 -4781.656977008464 -2.0196764681852403e-05 0.004617390812463942 0.030878030899180228
-0.9762023276633895 1.2698487018800355 1.1613591172687243 739.5598251806396 552.4677790708247 708.2091271380395 372.2571435725549 3.2654699178268323 3.8368350533386915 -2069.4799942717614 -0.048189480530900046 22.68856553318778 -4781.656977008464 -2.0196764681852403e-05 0.004617390812463942 0.030878030899180228
-0.9231692032229186 1.2914547896150415 1.1839206090638785 741.0946285831415 550.8415328233159 714.132262074063 385.04932021157583 3.2654699178268323 3.8368350533386915 -2069.4799942717614 -0.048189480530900046 22.68856553318778 -4781.656977008464 -2.0196764681852403e-05 0.004617390812463942 0.030878030899180228
-0.8701360787824611 1.315025067144137 1.1525719972156148 742.677614526061 549.2145793769632 720.0782941862035 396.82342162227724 3.2654699178268323 3.8368350533386915 -2069.4799942717614 -0.048189480530900046 22.68856553318778 -4781.656977008464 -2.0196764681852403e-05 0.004617390812463942 0.030878030899180228
-0.8161208594449499 1.3395774395702773 1.1441688336680376 744.3152268737385 547.5842604338704 726.0402516690083 407.41435179836117 3.2654699178268323 3.8368350533386915 -2069.4799942717614 -0.048189480530900046 22.68856553318778 -4781.656977008464 -2.0196764681852403e-05 0.004617390812463942 0.030878030899180228
-0.7611235452103895 1.3651119068934636 1.13612611164569 746.015458436269 545.9487614700647 732.0134986119683 416.7158510488225 3.2654699178268323 3.8368350533386915 -2069.4799942717614 -0.048189480530900046 22.68856553318778 -4781.656977008464 -2.0196764681852403e-05 0.004617390812463942 0.030878030899180228
-0.7090725156669723 1.3906463742166522 1.1147243304452448 747.7878509696166 544.3071117354948 737.9957349996093 424.6804959989968 3.2654699178268323 3.8368350533386915 -2069.4799942717614 -0.048189480530900046 22.68856553318778 -4781.656977008464 -2.0196764681852403e-05 0.004617390812463942 0.030878030899180228
-0.6501468218442328 1.419127126230976 1.1205707305341845 749.6434951754827 542.6591842540192 743.9869967114282 431.31969959067646 3.2654699178268323 3.8368350533386915 -2069.4799942717614 -0.048189480530900046 22.68856553318778 -4781.656977008464 -2.0196764681852403e-05 0.004617390812463942 0.030878030899180228
-0.590239033124444 1.4476078782453 1.1270136540452815 751.5950307014255 541.00569582341 749.9896555219038 436.7037110814126 3.2654699178268323 3.8368350533386915 -2069.4799942717614 -0.048189480530900046 22.68856553318778 -4781.656977008464 -2.0196764681852403e-05 0.004617390812463942 0.030878030899180228
-0.5303312444046598 1.4780528200537166 1.1006128631481356 753.6566461407974 539.3482070153696 756.0084191004935 440.9616160450387 3.2654699178268323 3.8368350533386915 -2069.4799942717614 -0.048189480530900046 22.68856553318778 -4781.656977008464 -2.0196764681852403e-05 0.004617390812463942 0.030878030899180228
-0.4704234556848756 1.5114440465532675 1.0623070027152175 755.8440790327395 537.6891221755059 762.0503310116837 444.2813363717287 3.2654699178268323 3.8368350533386915 -2069.4799942717614 -0.048189480530900046 22.68856553318778 -4781.656977008464 -2.0196764681852403e-05 0.004617390812463942 0.030878030899180228
-0.4095335720680421 1.5458173679498668 1.0568766457963676 758.1746158622318 536.031689423352 768.1247707149087 446.9096302667167 3.2654699178268323 3.8368350533386915 -2069.4799942717614 -0.048189480530900046 22.68856553318778 -4781.656977008464 -2.0196764681852403e-05 0.004617390812463942 0.030878030899180228
-0.34569740376007435 1.5831369740376013 1.0417658557152532 760.66709206003 534.3800006523506 774.2434535646298 449.15209225245053 3.2654699178268323 3.8368350533386915 -2069.4799942717614 -0.048189480530900046 22.68856553318778 -4781.656977008464 -2.0196764681852403e-05 0.004617390812463942 0.030878030899180228
-0.28480752014324084 1.6243849597135183 0.9753864513161921 763.3418920027216 532.7389915298709 780.4204308102708 451.3731531673111 3.2654699178268323 3.8368350533386915 -2069.4799942717614 -0.048189480530900046 22.68856553318778 -4781.656977008464 -2.0196764681852403e-05 0.004617390812463942 0.030878030899180228
-0.23079230080572966 1.666615040286481 0.9072406004173706 766.2209490126725 531.1144414971895 786.6720895962299 453.9960801653797 3.2654699178268323 3.8368350533386915 -2069.4799942717614 -0.048189480530900046 22.68856553318778 -4781.656977008464 -2.0196764681852403e-05 0.004617390812463942 0.030878030899180228
-0.1875801253357198 1.7098272157564898 0.7853981633974613 769.3277453580877 529.5129737695124 793.0171529619383 457.5029767167289 3.2654699178268323 3.8368350533386915 -2069.4799942717614 -0.048189480530900046 22.68856553318778 -4781.656977008464 -2.0196764681852403e-05 0.004617390812463942 0.030878030899180228
-0.15517099373321577 1.7530393912264997 0.6435011087932347 772.6873122529569 527.9420553359478 799.4766798417932 462.43478260812117 3.2654699178268323 3.8368350533386915 -2069.4799942717614 -0.048189480530900046 22.68856553318778 -4781.656977008464 -2.0196764681852403e-05 0.004617390812463942 0.030878030899180228
-0.129636526410034 1.7942873769024177 0.5543074962014525 757.2167026690731 529.2307038692925 588.5795967815939 367.85049245470145 3.2654699178268323 3.8368350533386915 -2069.4799942717614 -0.048189480530900046 22.68856553318778 -4781.656977008464 -2.0196764681852403e-05 0.004617390812463942 0.030878030899180228
-0.11097672336617008 1.8355353625783348 0.4248321629192766 767.7685878638295 528.62007454173 582.6256295590283 354.95571774293785 3.2654699178268323 3.8368350533386915 -2069.4799942717614 -0.048189480530900046 22.68856553318778 -4781.656977008464 -2.0196764681852403e-05 0.004617390812463942 0.030878030899180228
-0.09624529991048521 1.8738370635631152 0.36717383381822116 776.9024470761506 528.1171115417346 577.6921129090624 343.778335110037 3.2654699178268323 3.8368350533386915 -2069.4799942717614 -0.048189480530900046 22.68856553318778 -4781.656977008464 -2.0196764681852403e-05 0.004617390812463942 0.030878030899180228
-0.0854422560429794 1.910174574753804 0.2889754099926618 784.7639054390602 527.7090462228425 573.6732869514526 334.18543926480925 3.2654699178268323 3.8368350533386915 -2069.4799942717614 -0.048189480530900046 22.68856553318778 -4781.656977008464 -2.0196764681852403e-05 0.004617390812463942 0.030878030899180228
-0.08151387645479588 1.9474941808415407 0.10487693873025258 791.492007562134 527.3836529038272 570.4677720831387 326.04892360242957 3.2654699178268323 3.8368350533386915 -2069.4799942717614 -0.048189480530900046 22.68856553318778 -4781.656977008464 -2.0196764681852403e-05 0.004617390812463942 0.030878030899180228
-0.08446016114593463 1.9867779767233646 6.20832545946877 797.2192175323726 527.1292488687104 567.9785689782439 319.2454802048014 3.2654699178268323 3.8368350533386915 -2069.4799942717614 -0.048189480530900046 22.68856553318778 -4781.656977008464 -2.0196764681852403e-05 0.004617390812463942 0.030878030899180228
-0.09919158460161503 2.0231154879140547 5.898027800816222 802.0714189133723 526.9346943667551 566.1130585879582 313.6565998403239 3.2654699178268323 3.8368350533386915 -2069.4799942717614 -0.048189480530900046 22.68856553318778 -4781.656977008464 -2.0196764681852403e-05 0.004617390812463942 0.030878030899180228
-0.11785138764548343 2.061417188898834 5.8298466113249905 806.1679147457762 526.7893926124725 564.7830021408008 309.16857196392084 3.2654699178268323 3.8368350533386915 -2069.4799942717614 -0.048189480530900046 22.68856553318778 -4781.656977008464 -2.0196764681852403e-05 0.004617390812463942 0.030878030899180228
-0.1286544315129803 2.1007009847806626 6.014819096273821 809.6214275469974 526.683289785622 563.9045411423867 305.6724847170408 3.2654699178268323 3.8368350533386915 -2069.4799942717614 -0.048189480530900046 22.68856553318778 -4781.656977008464 -2.0196764681852403e-05 0.004617390812463942 0.030878030899180228
-0.13258281110116385 2.1409668755595335 6.185932108927997 812.538099311525 526.6068750311952 563.3981973755144 303.06422492777347 3.2654699178268323 3.8368350533386915 -2069.4799942717614 -0.048189480530900046 22.68856553318778 -4781.656977008464 -2.0196764681852403e-05 0.004617390812463942 0.030878030899180228
-0.12865443151298478 2.1871253357206797 0.08490179344964428 815.0174915107928 526.5511804594516 563.1888729001657 301.2444781107188 3.2654699178268323 3.8368350533386915 -2069.4799942717614 -0.048189480530900046 22.68856553318778 -4781.656977008464 -2.0196764681852403e-05 0.004617390812463942 0.030878030899180228
-0.1217797672336625 2.234265890778871 0.14481249823899606 817.152585093063 526.5077811458723 563.2058500534622 300.11872846697224 3.2654699178268323 3.8368350533386915 -2069.4799942717614 -0.048189480530900046 22.68856553318778 -4781.656977008464 -2.0196764681852403e-05 0.004617390812463942 0.030878030899180228
-0.11883348254252821 2.2853348254252457 0.05762842747742116 819.0297804835573 526.4687951311935 563.3827914498543 299.5972588841396 3.2654699178268323 3.8368350533386915 -2069.4799942717614 -0.048189480530900046 22.68856553318778 -4781.656977008464 -2.0196764681852403e-05 0.004617390812463942 0.030878030899180228
-0.11490510295434914 2.337385854968665 0.07532889082827252 820.7288975844713 526.4268834213999 563.6577399807429 299.5951509365841 3.2654699178268323 3.8368350533386915 -2069.4799942717614 -0.048189480530900046 22.68856553318778 -4781.656977008464 -2.0196764681852403e-05 0.004617390812463942 0.030878030899180228
-0.10410205908684333 2.3904189794091315 0.2009542636881584 822.3231757747417 526.3752499877155 563.9731188148435 300.03228488506284 3.2654699178268323 3.8368350533386915 -2069.4799942717614 -0.048189480530900046 22.68856553318778 -4781.656977008464 -2.0196764681852403e-05 0.004617390812463942 0.030878030899180228
-0.09035273052820322 2.442470008952551 0.2582522198110569 823.8792739104538 526.3076417666143 564.2757313981128 300.8333396769158 3.2654699178268323 3.8368350533386915 -2069.4799942717614 -0.048189480530900046 22.68856553318778 -4781.656977008464 -2.0196764681852403e-05 0.004617390812463942 0.030878030899180228
-0.06874664279320053 2.4945210384959706 0.3934506379289094 825.4572703245212 526.2183486598042 564.5167614535312 301.9277929459349 3.2654699178268323 3.8368350533386915 -2069.4799942717614 -0.048189480530900046 22.68856553318778 -4781.656977008464 -2.0196764681852403e-05 0.004617390812463942 0.030878030899180228
-0.04321217547001432 2.5436257833482534 0.47951929199258186 827.1106628266862 526.1022035342539 564.6517729813786 303.24992101256794 3.2654699178268323 3.8368350533386915 -2069.4799942717614 -0.048189480530900046 22.68856553318778 -4781.656977008464 -2.0196764681852403e-05 0.004617390812463942 0.030878030899180228
-0.02160608773500716 2.5937126230975833 0.4072558480748822 828.8863687038538 525.9545822221735 564.6407102590019 304.73879888390366 3.2654699178268323 3.8368350533386915 -2069.4799942717614 -0.048189480530900046 22.68856553318778 -4781.656977008464 -2.0196764681852403e-05 0.004617390812463942 0.030878030899180228
0.0009820948970402988 2.6447815577439577 0.41643861719154474 830.824724719685 525.7714035209992 564.4478978410625 306.3383002533956 3.2654699178268323 3.8368350533386915 -2069.4799942717614 -0.048189480530900046 22.68856553318778 -4781.656977008464 -2.0196764681852403e-05 0.004617390812463942 0.030878030899180228
0.01571351835272517 2.691922112802149 0.3028848683749741 832.9594871146401 525.5491291934395 564.0420405592886 307.99709750108013 3.2654699178268323 3.8368350533386915 -2069.4799942717614 -0.048189480530900046 22.68856553318778 -4781.656977008464 -2.0196764681852403e-05 0.004617390812463942 0.030878030899180228
0.03437332139659357 2.73906266786034 0.3769092703248406 835.3178316063568 525.284763967431 563.3962235226209 309.6686616936495 3.2654699178268323 3.8368350533386915 -2069.4799942717614 -0.048189480530900046 22.68856553318778 -4781.656977008464 -2.0196764681852403e-05 0.004617390812463942 0.030878030899180228
0.053033124440461966 2.7852211280214845 0.3841693643926296 837.9203533892869 524.9758555361586 562.4879121171543 311.3112625843205 3.2654699178268323 3.8368350533386915 -2069.4799942717614 -0.048189480530900046 22.68856553318778 -4781.656977008464 -2.0196764681852403e-05 0.004617390812463942 0.030878030899180228
0.07365711727842436 2.831379588182633 0.42019671360931815 840.7810671347979 524.6204945580575 561.2989520062547 312.88796861276205 3.2654699178268323 3.8368350533386915 -2069.4799942717614 -0.048189480530900046 22.68856553318778 -4781.656977008464 -2.0196764681852403e-05 0.004617390812463942 0.030878030899180228
0.09035273052819429 2.8755738585496853 0.3612037554935746 843.9074069911148 524.217314656802 559.8155691303837 314.3666469051677 3.2654699178268323 3.8368350533386915 -2069.4799942717614 -0.048189480530900046 22.68856553318778 -4781.656977008464 -2.0196764681852403e-05 0.004617390812463942 0.030878030899180228
0.10803043867501792 2.9168218442256033 0.4048917862851161 847.3002265835676 523.7654924213166 558.0283697071281 315.7199632744596 3.2654699178268323 3.8368350533386915 -2069.4799942717614 -0.048189480530900046 22.68856553318778 -4781.656977008464 -2.0196764681852403e-05 0.004617390812463942 0.030878030899180228
0.12570814682184156 2.958069829901519 0.40489178628513567 850.9537990143581 523.2647474057667 555.9323402313748 316.9253822200262 3.2654699178268323 3.8368350533386915 -2069.4799942717614 -0.048189480530900046 22.68856553318778 -4781.656977008464 -2.0196764681852403e-05 0.004617390812463942 0.030878030899180228
0.14338585496866518 3.002264100268576 0.38050637711238233 854.8558168624295 522.7153421295552 553.5268474751792 317.9651669277955 3.3178814382634307 3.8544503507318506 -2099.500266700786 0.048421631681133497 22.781264655084303 -4859.636946908058 2.029406189485902e-05 0.004633957568373142 0.007466086429786839
0.1571351835273053 3.0435120859444944 0.32175055439665845 858.9873921837279 522.1180820773479 550.8156384876784 318.82637927016185 3.3178814382634307 3.8544503507318506 -2099.500266700786 0.048421631681133497 22.781264655084303 -4859.636946908058 2.029406189485902e-05 0.004633957568373142 0.007466086429786839
0.1708845120859454 3.0837779767233675 0.32904969484034907 863.3230565112608 521.4743156990444 547.8068405952072 319.50087980614626 3.3178814382634307 3.8544503507318506 -2099.500266700786 0.048421631681133497 22.781264655084303 -4859.636946908058 2.029406189485902e-05 0.004633957568373142 0.007466086429786839
0.1885622202327601 3.124043867502236 0.41368921327874314 867.8307608549658 520.7859344097906 544.5129614014004 319.9853277814691 3.3178814382634307 3.8544503507318506 -2099.500266700786 0.048421631681133497 22.781264655084303 -4859.636946908058 2.029406189485902e-05 0.004633957568373142 0.007466086429786839
0.2052578334825345 3.162345568487018 0.4110645473898167 872.4718757013907 520.055372589979 540.9508887869451 320.281181128099 3.3178814382634307 3.8544503507318506 -2099.500266700786 0.048421631681133497 22.781264655084303 -4859.636946908058 2.029406189485902e-05 0.004633957568373142 0.007466086429786839
0.22981020590868043 3.2006472694717996 0.5700404636997823 877.2011910142901 519.2856075852433 537.1418909097265 320.39469646471844 3.3178814382634307 3.8544503507318506 -2099.500266700786 0.048421631681133497 22.781264655084303 -4859.636946908058 2.029406189485902e-05 0.004633957568373142 0.007466086429786839
0.2445416293643653 3.238948970456581 0.3671738338182114 881.9669162343926 518.4801597064688 533.1116162048711 320.33692909659294 3.3178814382634307 3.8544503507318506 -2099.500266700786 0.048421631681133497 22.781264655084303 -4859.636946908058 2.029406189485902e-05 0.004633957568373142 0.007466086429786839
0.25927305282005014 3.2752864816472687 0.3851575063634913 886.7106802791532 517.6430922297786 528.8900933845725 320.12373301552725 3.3178814382634307 3.8544503507318506 -2099.500266700786 0.048421631681133497 22.781264655084303 -4859.636946908058 2.029406189485902e-05 0.004633957568373142 0.007466086429786839
0.2779328558639186 3.3116239928379585 0.4743998827919218 891.3675315430883 516.7790113965493 524.5117314382514 319.77576089979266 3.3178814382634307 3.8544503507318506 -2099.500266700786 0.048421631681133497 22.781264655084303 -4859.636946908058 2.029406189485902e-05 0.004633957568373142 0.007466086429786839
0.29659265890778697 3.346979409131601 0.48562209329749884 895.8659378974116 515.8930664133914 520.0153196327155 319.31846411422885 3.3178814382634307 3.8544503507318506 -2099.500266700786 0.048421631681133497 22.781264655084303 -4859.636946908058 2.029406189485902e-05 0.004633957568373142 0.007466086429786839
0.31525246195165535 3.3774243509400157 0.5498531826766193 900.1277866904857 514.9909494521744 515.4440275114903 318.7820927102148 3.3178814382634307 3.8544503507318506 -2099.500266700786 0.048421631681133497 22.781264655084303 -4859.636946908058 2.029406189485902e-05 0.004633957568373142 0.007466086429786839
0.3417690241718819 3.4068871978513875 0.7328151017863517 904.0683847476757 514.0788956499982 510.84540489576466 318.20169542590156 3.3178814382634307 3.8544503507318506 -2099.500266700786 0.048421631681133497 22.781264655084303 -4859.636946908058 2.029406189485902e-05 0.004633957568373142 0.007466086429786839
0.3722139659802964 3.4334037600716187 0.8542546526985118 907.5964583709574 513.1636831092183 506.2713818835473 317.61711968567397 3.3178814382634307 3.8544503507318506 -2099.500266700786 0.048421631681133497 22.781264655084303 -4859.636946908058 2.029406189485902e-05 0.004633957568373142 0.007466086429786839
0.3987305282005363 3.4589382273948073 0.8042638494192276 910.6141533395567 512.2526328974327 501.7782688502193 317.0730116005143 3.3178814382634307 3.8544503507318506 -2099.500266700786 0.048421631681133497 22.781264655084303 -4859.636946908058 2.029406189485902e-05 0.004633957568373142 0.007466086429786839
0.4301575649059911 3.484472694717993 0.8884797719200683 913.0170349093096 511.3536090474772 497.4267564482725 316.6188159681187 3.3178814382634307 3.8544503507318506 -2099.500266700786 0.048421631681133497 22.781264655084303 -4859.636946908058 2.029406189485902e-05 0.004633957568373142 0.007466086429786839
0.4615846016114504 3.509025067144137 0.9075933340887317 914.6940878133173 510.4750185574467 493.2819156074256 316.3087762727082 3.3178814382634307 3.8544503507318506 -2099.500266700786 0.048421631681133497 22.781264655084303 -4859.636946908058 2.029406189485902e-05 0.004633957568373142 0.007466086429786839
0.5008683974932767 3.5316132497761843 1.0489620469805374 915.5277162612183 509.62581139066606 489.4131975345372 316.20193468495563 3.3178814382634307 3.8544503507318506 -2099.500266700786 0.048421631681133497 22.781264655084303 -4859.636946908058 2.029406189485902e-05 0.004633957568373142 0.007466086429786839
0.544080572963291 3.554201432408234 1.0891326492400941 915.393743940047 508.81548047572505 485.89443371359084 316.3621320620732 3.3178814382634307 3.8544503507318506 -2099.500266700786 0.048421631681133497 22.781264655084303 -4859.636946908058 2.029406189485902e-05 0.004633957568373142 0.007466086429786839
0.5882748433303456 3.5758075201432415 1.1160770519738783 914.1614140131715 508.0540617064271 482.8038359059283 316.85800794789975 3.3178814382634307 3.8544503507318506 -2099.500266700786 0.048421631681133497 22.781264655084303 -4859.636946908058 2.029406189485902e-05 0.004633957568373142 0.007466086429786839
0.6403258728737629 3.597413607878244 1.1773456888659721 911.6933891214285 507.35213394185485 480.22399614976894 317.76300057287153 3.3178814382634307 3.8544503507318506 -2099.500266700786 0.048421631681133497 22.781264655084303 -4859.636946908058 2.029406189485902e-05 0.004633957568373142 0.007466086429786839
0.7002336615935515 3.6209838854073384 1.1959556114393386 907.8457513822796 506.7208190062993 478.2418867608794 319.1553468538186 3.3178814382634307 3.8544503507318506 -2099.500266700786 0.048421631681133497 22.781264655084303 -4859.636946908058 2.029406189485902e-05 0.004633957568373142 0.007466086429786839
0.761123545210385 3.6445541629364353 1.201462669121273 902.4680023902183 506.171781689347 476.9488603318896 321.11808239418315 3.3178814382634307 3.8544503507318506 -2099.500266700786 0.048421631681133497 22.781264655084303 -4859.636946908058 2.029406189485902e-05 0.004633957568373142 0.007466086429786839
0.8220134288272095 3.6691065353625767 1.1875121790491754 895.4030632165377 505.71722974578734 476.4406497327582 323.73904148399015 3.3178814382634307 3.8544503507318506 -2099.500266700786 0.048421631681133497 22.781264655084303 -4859.636946908058 2.029406189485902e-05 0.004633957568373142 0.007466086429786839
0.8868316920322221 3.6946410026857652 1.1955255039389168 886.4872744097229 505.36991389567265 476.81736811054 327.1108570997894 3.3178814382634307 3.8544503507318506 -2099.500266700786 0.048421631681133497 22.781264655084303 -4859.636946908058 2.029406189485902e-05 0.004633957568373142 0.007466086429786839
0.9477215756490556 3.7191933751119044 1.1875121790492578 875.5503959947819 505.1431278242726 478.1835088895896 331.3309609047865 3.3178814382634307 3.8544503507318506 -2099.500266700786 0.048421631681133497 22.781264655084303 -4859.636946908058 2.029406189485902e-05 0.004633957568373142 0.007466086429786839
1.0095935541629337 3.7407994628469114 1.234828720868736 862.4156074741331 505.0507081821488 480.64794577138673 336.5015832485078 3.3178814382634307 3.8544503507318506 -2099.500266700786 0.048421631681133497 22.781264655084303 -4859.636946908058 2.029406189485902e-05 0.004633957568373142 0.007466086429786839
0.970309758281103 3.4540277529095786 3.2777316144429487 846.8995078264852 505.1070345850803 484.3239327345509 342.7297531672084 3.3178814382634307 3.8544503507318506 -2099.500266700786 0.048421631681133497 22.781264655084303 -4859.636946908058 2.029406189485902e-05 0.004633957568373142 0.007466086429786839
0.8917421665174549 2.9963715308863033 3.3116091645994756 828.8121155081753 505.32702961408904 489.3291040348995 350.12729838369705 3.3178814382634307 3.8544503507318506 -2099.500266700786 0.048421631681133497 22.781264655084303 -4859.636946908058 2.029406189485902e-05 0.004633957568373142 0.007466086429786839
0.7935326768128891 2.4532730528200544 3.3204911958498644 807.9568684520054 505.72615881544516 495.78547420540417 358.81084530722 3.3178814382634307 3.8544503507318506 -2099.500266700786 0.048421631681133497 22.781264655084303 -4859.636946908058 2.029406189485902e-05 0.004633957568373142 0.007466086429786839
0.6874664279319607 1.882675917636527 3.325381353289881 784.1306240679114 506.3204307006763 503.81943805638 368.9018190335919 3.3178814382634307 3.8544503507318506 -2099.500266700786 0.048421631681133497 22.781264655084303 -4859.636946908058 2.029406189485902e-05 0.004633957568373142 0.007466086429786839
0.5696150402864817 1.3160071620411817 3.3466419741333535 757.1236592422938 507.1263967465402 513.5617706749617 380.52644334525394 3.3178814382634307 3.8544503507318506 -2099.500266700786 0.048421631681133497 22.781264655084303 -4859.636946908058 2.029406189485902e-05 0.004633957568373142 0.007466086429786839
0.450781557743949 0.7679982094897051 3.355132465112037 726.7196703394293 508.1611513950411 525.1476274259185 393.8157407111139 3.3178814382634307 3.8544503507318506 -2099.500266700786 0.048421631681133497 22.781264655084303 -4859.636946908058 2.029406189485902e-05 0.004633957568373142 0.007466086429786839
0.32409131602505825 0.242577439570278 3.3781977795068174 692.6957731993461 509.44233205342607 538.7165439507226 408.905532286808 3.3178814382634307 3.8544503507318506 -2099.500266700786 0.048421631681133497 22.781264655084303 -4859.636946908058 2.029406189485902e-05 0.004633957568373142 0.007466086429786839
