33 -4.95565085049239 -0.06678245299910765 2.7836893652805275 -4.0481951656222055 3.6641960608773485
-4.95565085049239 -0.06678245299910765 2.7836893652805275 602.3175089359283 712.8723601400852 728.8883688598871 264.90040016174316 3.1611654770817337 3.6672941294534205 -1882.2677532292814 0.04330062780032029 21.610418699851117 -4122.0160702469475 1.8147790360570062e-05 0.004406214360779622 0.15605464373033706
-4.961543419874667 -0.06678245299910542 2.809253885874046 626.7471747398376 711.1105543673038 739.4383732154965 299.44046442210674 3.1611654770817337 3.6672941294534205 -1882.2677532292814 0.04330062780032029 21.610418699851117 -4122.0160702469475 1.8147790360570062e-05 0.004406214360779622 0.15605464373033706
-4.975292748433308 -0.06481826320501477 2.8348184064675657 642.1638503074646 710.2150026857853 749.5856261402369 329.2854491621256 3.1611654770817337 3.6672941294534205 -1882.2677532292814 0.04330062780032029 21.610418699851117 -4122.0160702469475 1.8147790360570062e-05 0.004406214360779622 0.15605464373033706
-4.981185317815581 -0.06383616830796777 2.8603829270610843 650.2219367027283 710.0155825614929 759.3791824281216 354.792712315917 3.1611654770817337 3.6672941294534205 -1882.2677532292814 0.04330062780032029 21.610418699851117 -4122.0160702469475 1.8147790360570062e-05 0.004406214360779622 0.15605464373033706
-4.98511369740376 -0.06285407341092301 2.8859474476546034 652.4628162384033 710.3538942337036 768.8661324381828 376.312323436141 3.1611654770817337 3.6672941294534205 -1882.2677532292814 0.04330062780032029 21.610418699851117 -4122.0160702469475 1.8147790360570062e-05 0.004406214360779622 0.15605464373033706
-5.0027914055505835 -0.06187197851387601 2.9115119682481225 650.3148493766785 711.0832611322403 778.0916020721197 394.18706399202347 3.1611654770817337 3.6672941294534205 -1882.2677532292814 0.04330062780032029 21.610418699851117 -4122.0160702469475 1.8147790360570062e-05 0.004406214360779622 0.15605464373033706
-5.020469113697398 -0.05990778871978537 2.937076488841641 645.0933771133423 712.0687295794487 787.0987527817488 408.7524269670248 3.1611654770817337 3.6672941294534205 -1882.2677532292814 0.04330062780032029 21.610418699851117 -4122.0160702469475 1.8147790360570062e-05 0.004406214360779622 0.15605464373033706
-5.032254252461944 -0.05696150402864772 2.9626410094351603 638.000720500946 713.187068939209 795.9287815205753 420.3366173505783 3.1611654770817337 3.6672941294534205 -1882.2677532292814 0.04330062780032029 21.610418699851117 -4122.0160702469475 1.8147790360570062e-05 0.004406214360779622 0.15605464373033706
-5.038146821844221 -0.054015219337511196 2.9882055300286794 630.1261823177338 714.3267715573311 804.6209208928049 429.26055167615414 3.1611654770817337 3.6672941294534205 -1882.2677532292814 0.04330062780032029 21.610418699851117 -4122.0160702469475 1.8147790360570062e-05 0.004406214360779622 0.15605464373033706
-5.044039391226499 -0.05008683974932767 3.013770050622198 622.4460418224335 715.3880527615547 813.2124389335513 435.8378581851721 3.1611654770817337 3.6672941294534205 -1882.2677532292814 0.04330062780032029 21.610418699851117 -4122.0160702469475 1.8147790360570062e-05 0.004406214360779622 0.15605464373033706
-5.044039391226499 -0.04812264995523591 3.039334571215717 615.8235611915588 716.2828508019447 821.7386393286288 440.3748771250248 3.1611654770817337 3.6672941294534205 -1882.2677532292814 0.04330062780032029 21.610418699851117 -4122.0160702469475 1.8147790360570062e-05 0.004406214360779622 0.15605464373033706
-5.04207520143241 -0.04615846016114526 3.0648990918092363 611.0089828968048 716.934827119112 830.2328611984849 443.1706602424383 3.1611654770817337 3.6672941294534205 -1882.2677532292814 0.04330062780032029 21.610418699851117 -4122.0160702469475 1.8147790360570062e-05 0.004406214360779622 0.15605464373033706
-5.038146821844221 -0.04517636526409938 3.090463612402755 608.6395266056061 717.279365926981 838.7264793366194 444.5169711858034 3.1611654770817337 3.6672941294534205 -1882.2677532292814 0.04330062780032029 21.610418699851117 -4122.0160702469475 1.8147790360570062e-05 0.004406214360779622 0.15605464373033706
-5.038146821844221 -0.04517636526409938 3.1160281329962745 609.2393951416016 717.2635745406151 847.2489039823413 444.6982851475477 3.1611654770817337 3.6672941294534205 -1882.2677532292814 0.04330062780032029 21.610418699851117 -4122.0160702469475 1.8147790360570062e-05 0.004406214360779622 0.15605464373033706
-5.038146821844221 -0.045176365264100495 3.141592653589793 613.2197682857513 716.8462832272053 855.8275809660554 443.99178935587406 3.1611654770817337 3.6672941294534205 -1882.2677532292814 0.04330062780032029 21.610418699851117 -4122.0160702469475 1.8147790360570062e-05 0.004406214360779622 0.15605464373033706
-5.038146821844221 -0.04615846016114638 3.141592653589793 620.878809928894 715.9980454444885 864.4879916645586 442.66738249361515 3.1611654770817337 3.6672941294534205 -1882.2677532292814 0.04330062780032029 21.610418699851117 -4122.0160702469475 1.8147790360570062e-05 0.004406214360779622 0.15605464373033706
-5.0381468218442125 -0.04615846016114638 3.141592653589793 632.4016599655151 714.7011372745037 873.2536530047655 440.9876752048731 3.1611654770817337 3.6672941294534205 -1882.2677532292814 0.04330062780032029 21.610418699851117 -4122.0160702469475 1.8147790360570062e-05 0.004406214360779622 0.15605464373033706
-5.0381468218442125 -0.04615846016114638 3.141592653589793 647.8604397773743 712.9495579898357 882.146117452532 439.2079898864031 3.1611654770817337 3.6672941294534205 -1882.2677532292814 0.04330062780032029 21.610418699851117 -4122.0160702469475 1.8147790360570062e-05 0.004406214360779622 0.15605464373033706
-5.040111011638311 -0.04615846016114638 3.141592653589793 667.2142522335052 710.7490300536156 891.1849730163813 437.57636046409607 3.1611654770817337 3.6672941294534205 -1882.2677532292814 0.04330062780032029 21.610418699851117 -4122.0160702469475 1.8147790360570062e-05 0.004406214360779622 0.15605464373033706
-4.981185317815571 0.15909937332139706 0.2795630822115796 690.3091778755188 708.1169984638691 900.3878432661295 436.3335327208042 3.1611654770817337 3.6672941294534205 -1882.2677532292814 0.04330062780032029 21.610418699851117 -4122.0160702469475 1.8147790360570062e-05 0.004406214360779622 0.15605464373033706
-4.897707251566691 0.4930116383169208 0.24497866312686414 716.8782794475555 705.0826317667961 909.7703872919083 435.7129643410444 3.1611654770817337 3.6672941294534205 -1882.2677532292814 0.04330062780032029 21.610418699851117 -4122.0160702469475 1.8147790360570062e-05 0.004406214360779622 0.15605464373033706
-4.805390331244398 0.8946884512085947 0.22590583168116626 746.5415966510773 701.6868209838867 919.3462997712195 435.94082459807396 3.1611654770817337 3.6672941294534205 -1882.2677532292814 0.04330062780032029 21.610418699851117 -4122.0160702469475 1.8147790360570062e-05 0.004406214360779622 0.15605464373033706
-4.7081629364368816 1.3189534467323183 0.22527677921404762 778.8061535358429 697.9821804463863 929.1273109167814 437.2359943985939 3.1611654770817337 3.6672941294534205 -1882.2677532292814 0.04330062780032029 21.610418699851117 -4122.0160702469475 1.8147790360570062e-05 0.004406214360779622 0.15605464373033706
-4.608971351835266 1.7422363473589983 0.23018522183475315 813.0659508705139 694.0330472588539 939.1231864728034 439.8100666552782 3.1611654770817337 3.6672941294534205 -1882.2677532292814 0.04330062780032029 21.610418699851117 -4122.0160702469475 1.8147790360570062e-05 0.004406214360779622 0.15605464373033706
-4.509779767233655 2.152752014324084 0.33261110839582236 848.601970911026 689.9154818952084 949.3417277373374 443.86734591424465 3.1611654770817337 3.6672941294534205 -1882.2677532292814 0.04330062780032029 21.610418699851117 -4122.0160702469475 1.8147790360570062e-05 0.004406214360779622 0.15605464373033706
-4.410588182632045 2.5495183527305287 0.4350369949568916 884.582174539566 685.7172673046589 959.7887715362012 449.60484839975834 3.1611654770817337 3.6672941294534205 -1882.2677532292814 0.04330062780032029 21.610418699851117 -4122.0160702469475 1.8147790360570062e-05 0.004406214360779622 0.15605464373033706
-4.314342882721569 2.9305711727842434 0.5374628815179607 920.061505317688 681.5379098653793 970.4681902900338 457.2123022377491 3.1611654770817337 3.6672941294534205 -1882.2677532292814 0.04330062780032029 21.610418699851117 -4122.0160702469475 1.8147790360570062e-05 0.004406214360779622 0.15605464373033706
-4.220061772605186 3.2998388540734123 0.63988876807903 953.9818828105927 677.488638907671 981.3818919286132 466.87214705348015 3.1611654770817337 3.6672941294534205 -1882.2677532292814 0.04330062780032029 21.610418699851117 -4122.0160702469475 1.8147790360570062e-05 0.004406214360779622 0.15605464373033706
-4.123816472694715 3.660267681289167 0.7423146546400992 985.1722116470337 673.6924062371254 992.5298199653625 478.7595344930887 3.1611654770817337 3.6672941294534205 -1882.2677532292814 0.04330062780032029 21.610418699851117 -4122.0160702469475 1.8147790360570062e-05 0.004406214360779622 0.15605464373033706
-4.086496866606982 3.811510295434199 0.8447405412011684 1012.3483710289001 670.2838872373104 1003.9099534079432 493.0423277616501 3.1611654770817337 3.6672941294534205 -1882.2677532292814 0.04330062780032029 21.610418699851117 -4122.0160702469475 1.8147790360570062e-05 0.004406214360779622 0.15605464373033706
-4.070783348254253 3.8331163831692043 0.9471664277622376 1034.1132264137268 667.4094803929329 1015.5183068476617 509.8811019510031 3.1611654770817337 3.6672941294534205 -1882.2677532292814 0.04330062780032029 21.610418699851117 -4122.0160702469475 1.8147790360570062e-05 0.004406214360779622 0.15605464373033706
-4.058016114592657 3.7918683974932863 1.0495923143233068 1048.9566161632538 665.2273063957691 1027.3489304184914 529.4291437417269 3.1611654770817337 3.6672941294534205 -1882.2677532292814 0.04330062780032029 21.610418699851117 -4122.0160702469475 1.8147790360570062e-05 0.004406214360779622 0.15605464373033706
-4.050159355416299 3.729014324082363 1.1520182008843762 1055.2553660869598 663.9072096347809 1039.3939098082483 551.8324516117573 3.1611654770817337 3.6672941294534205 -1882.2677532292814 0.04330062780032029 21.610418699851117 -4122.0160702469475 1.8147790360570062e-05 0.004406214360779622 0.15605464373033706
-4.0481951656222055 3.6641960608773485 1.2544440874454452 1037.0192639306188 661.4283373905346 1123.4508808404207 638.8134538121521 3.1611654770817337 3.6672941294534205 -1882.2677532292814 0.04330062780032029 21.610418699851117 -4122.0160702469475 1.8147790360570062e-05 0.004406214360779622 0.15605464373033706
-4.047213070725156 3.6091987466427913 1.3568699740065144 1035.1762918308377 661.570865127258 1097.1134360581636 599.3487752601504 3.1611654770817337 3.6672941294534205 -1882.2677532292814 0.04330062780032029 21.610418699851117 -4122.0160702469475 1.8147790360570062e-05 0.004406214360779622 0.15605464373033706
-4.046230975828111 3.567950760966874 1.4592958605675836 1031.6612198576331 661.9312094692141 1069.643383949995 562.0275436230004 3.1611654770817337 3.6672941294534205 -1882.2677532292814 0.04330062780032029 21.610418699851117 -4122.0160702469475 1.8147790360570062e-05 0.004406214360779622 0.15605464373033706
-4.040338406445834 3.5404521038495953 1.5617217471286529 1026.600706398487 662.4938526870683 1041.2053849250078 526.7765776999295 3.1611654770817337 3.6672941294534205 -1882.2677532292814 0.04330062780032029 21.610418699851117 -4122.0160702469475 1.8147790360570062e-05 0.004406214360779622 0.15605464373033706
-4.030517457475377 3.5257206803939116 1.664147633689722 1020.1180390790105 663.2436570767313 1011.9586203992367 493.523974660784 3.1611654770817337 3.6672941294534205 -1882.2677532292814 0.04330062780032029 21.610418699851117 -4122.0160702469475 1.8147790360570062e-05 0.004406214360779622 0.15605464373033706
-4.01971441360788 3.519828111011635 1.7665735202507913 1012.3331347629428 664.1658649910241 982.0567932873964 462.19911006093025 3.1694324429224907 3.7344866783089716 -1906.2893152140516 0.043500382181542785 21.869046202800533 -4205.33876280909 1.8231509715650884e-05 0.00448065338674647 0.1348848122843295
-4.008911369740375 3.5188460161145927 1.8689994068118605 1003.3625395447016 665.246098799631 951.6481276601553 432.73263788223267 3.1694324429224907 3.7344866783089716 -1906.2893152140516 0.043500382181542785 21.869046202800533 -4205.33876280909 1.8231509715650884e-05 0.00448065338674647 0.1348848122843295
-4.001054610564007 3.5188460161145914 1.9714252933729295 993.319428615272 666.4703609300777 920.875369027257 405.05649045854807 3.1694324429224907 3.7344866783089716 -1906.2893152140516 0.043500382181542785 21.869046202800533 -4205.33876280909 1.8231509715650884e-05 0.00448065338674647 0.1348848122843295
-3.9990904207699134 3.515899731423454 2.073851179933999 982.3136064112186 667.825033836998 889.8757840245962 379.10387851670384 3.1694324429224907 3.7344866783089716 -1906.2893152140516 0.043500382181542785 21.869046202800533 -4205.33876280909 1.8231509715650884e-05 0.00448065338674647 0.1348848122843295
-3.997126230975824 3.513935541629364 2.1762770664950684 970.4515066370368 669.2968800151721 858.7811607420444 354.80929120630026 3.1694324429224907 3.7344866783089716 -1906.2893152140516 0.043500382181542785 21.869046202800533 -4205.33876280909 1.8231509715650884e-05 0.00448065338674647 0.1348848122843295
-3.987305282005367 3.5188460161145936 2.2787029530561376 957.8361920416355 670.8730419976637 827.7178085893393 332.1084960028529 3.1694324429224907 3.7344866783089716 -1906.2893152140516 0.043500382181542785 21.869046202800533 -4205.33876280909 1.8231509715650884e-05 0.00448065338674647 0.1348848122843295
-3.976502238137866 3.53063115487914 2.381128839617207 944.5673546418548 672.5410423679277 796.8065581768751 310.93853882327676 3.1694324429224907 3.7344866783089716 -1906.2893152140516 0.043500382181542785 21.869046202800533 -4205.33876280909 1.8231509715650884e-05 0.00448065338674647 0.1348848122843295
-3.9656991942703645 3.5453625783348244 2.483554726178276 930.7413158118725 674.2887837328017 766.1627614796162 291.2377439439297 3.1694324429224907 3.7344866783089716 -1906.2893152140516 0.043500382181542785 21.869046202800533 -4205.33876280909 1.8231509715650884e-05 0.00448065338674647 0.1348848122843295
-3.9568603401969575 3.5610760966875565 2.585980612739345 916.451025865972 676.1045487364754 735.8962917029858 272.94571406021714 3.1694324429224907 3.7344866783089716 -1906.2893152140516 0.043500382181542785 21.869046202800533 -4205.33876280909 1.8231509715650884e-05 0.00448065338674647 0.1348848122843295
-3.9470393912265007 3.576789615040286 2.6884064993004144 901.7860644236207 677.977000080049 706.1115435659885 256.00333023816347 3.1694324429224907 3.7344866783089716 -1906.2893152140516 0.043500382181542785 21.869046202800533 -4205.33876280909 1.8231509715650884e-05 0.00448065338674647 0.1348848122843295
-3.9401647269471787 3.591521038495971 2.7908323858614836 886.8326403871179 679.8951804898679 676.9074326902628 240.35275192558765 3.1694324429224907 3.7344866783089716 -1906.2893152140516 0.043500382181542785 21.869046202800533 -4205.33876280909 1.8231509715650884e-05 0.00448065338674647 0.1348848122843295
-4.02266069829901 3.3568003581020576 2.893258272422553 871.6735917180777 681.8485127277672 648.3773964345455 225.93741695955396 3.1694324429224907 3.7344866783089716 -1906.2893152140516 0.043500382181542785 21.869046202800533 -4205.33876280909 1.8231509715650884e-05 0.00448065338674647 0.1348848122843295
-4.135601611459266 2.988514771709936 2.995684158983622 856.388385668397 683.8267996069044 620.6093931645155 212.7020415700972 3.1694324429224907 3.7344866783089716 -1906.2893152140516 0.043500382181542785 21.869046202800533 -4205.33876280909 1.8231509715650884e-05 0.00448065338674647 0.1348848122843295
-4.256399283795878 2.555410922112802 3.0981100455446913 841.0531186535954 685.8202239619568 593.6859028488398 200.59262039512396 3.1694324429224907 3.7344866783089716 -1906.2893152140516 0.043500382181542785 21.869046202800533 -4205.33876280909 1.8231509715650884e-05 0.00448065338674647 0.1348848122843295
-4.377196956132496 2.0997188898836177 3.2005359321057605 825.7405162900686 687.8193486863747 567.6839263290167 189.55642644315958 3.1694324429224907 3.7344866783089716 -1906.2893152140516 0.043500382181542785 21.869046202800533 -4205.33876280909 1.8231509715650884e-05 0.00448065338674647 0.1348848122843295
-4.49799462846911 1.6469731423455691 3.3029618186668297 810.5199333578348 689.8151166941971 542.6749860793352 179.54201110079885 3.1694324429224907 3.7344866783089716 -1906.2893152140516 0.043500382181542785 21.869046202800533 -4205.33876280909 1.8231509715650884e-05 0.00448065338674647 0.1348848122843295
-4.616828111011638 1.2069946284691124 3.405387705227899 795.4573539495468 691.7988509461284 518.725125849247 170.49920415505767 3.1694324429224907 3.7344866783089716 -1906.2893152140516 0.043500382181542785 21.869046202800533 -4205.33876280909 1.8231509715650884e-05 0.00448065338674647 0.1348848122843295
-4.733697403760067 0.7856759176365253 3.4121787969581576 780.6153911799192 693.7622544467449 495.89491052925587 162.3791137970984 3.1694324429224907 3.7344866783089716 -1906.2893152140516 0.043500382181542785 21.869046202800533 -4205.33876280909 1.8231509715650884e-05 0.00448065338674647 0.1348848122843295
-4.850566696508507 0.3849811996418973 3.4253867627981336 766.0532875359058 695.6974102277309 474.2394265383482 155.13412657007575 3.1694324429224907 3.7344866783089716 -1906.2893152140516 0.043500382181542785 21.869046202800533 -4205.33876280909 1.8231509715650884e-05 0.00448065338674647 0.1348848122843295
-4.968418084153985 -0.0019641897940928794 3.437235470128867 751.8269146233797 697.5967813692987 453.80828131735325 148.71790742874146 3.1694324429224907 3.7344866783089716 -1906.2893152140516 0.043500382181542785 21.869046202800533 -4205.33876280909 1.8231509715650884e-05 0.00448065338674647 0.1348848122843295
-5.082341092211285 -0.3761423455684866 3.446666431000092 737.9887732043862 699.4532109834254 434.64560393989086 143.08539973571897 3.1694324429224907 3.7344866783089716 -1906.2893152140516 0.043500382181542785 21.869046202800533 -4205.33876280909 1.8231509715650884e-05 0.00448065338674647 0.1348848122843295
-5.106893464637418 -0.49595792300805736 3.456097391871317 724.58799328655 701.2599222250283 416.7900444865227 138.19282521307468 3.1694324429224907 3.7344866783089716 -1906.2893152140516 0.043500382181542785 21.869046202800533 -4205.33876280909 1.8231509715650884e-05 0.00448065338674647 0.1348848122843295
-5.102965085049229 -0.4792623097582807 3.465528352742542 711.6703340932727 703.0105182835832 400.2747744768858 133.997683968395 3.1694324429224907 3.7344866783089716 -1906.2893152140516 0.043500382181542785 21.869046202800533 -4205.33876280909 1.8231509715650884e-05 0.00448065338674647 0.1348848122843295
-5.091179946284684 -0.3977484333034915 3.474959313613766 699.2781840413809 704.6989823933691 385.1274868249893 130.45875452458858 3.1694324429224907 3.7344866783089716 -1906.2893152140516 0.043500382181542785 21.869046202800533 -4205.33876280909 1.8231509715650884e-05 0.00448065338674647 0.1348848122843295
-5.079394807520138 -0.29462846911369855 3.484390274484991 687.4505607038736 706.3196778204292 371.3703954964876 127.53609375655651 3.1694324429224907 3.7344866783089716 -1906.2893152140516 0.043500382181542785 21.869046202800533 -4205.33876280909 1.8231509715650884e-05 0.00448065338674647 0.1348848122843295
-5.0695738585496715 -0.19740107430617862 3.493821235356216 676.2231108769774 707.8673478765413 359.02023607492447 125.19103698432446 3.1694324429224907 3.7344866783089716 -1906.2893152140516 0.043500382181542785 21.869046202800533 -4205.33876280909 1.8231509715650884e-05 0.00448065338674647 0.1348848122843295
-5.061717099373314 -0.12079767233661662 3.4087233182088785 665.628110550344 709.3371159108356 348.0882650911808 123.38619785755873 3.1694324429224907 3.7344866783089716 -1906.2893152140516 0.043500382181542785 21.869046202800533 -4205.33876280909 1.8231509715650884e-05 0.00448065338674647 0.1348848122843295
-5.055824529991036 -0.06481826320501366 3.323625401061541 655.6944649294019 710.7244853014126 338.58026072382927 122.08546844497323 3.1694324429224907 3.7344866783089716 -1906.2893152140516 0.043500382181542785 21.869046202800533 -4205.33876280909 1.8231509715650884e-05 0.00448065338674647 0.1348848122843295
-5.047967770814678 -0.03142703670546151 3.2385274839142038 646.447708375752 712.0253394767642 330.49652226269245 121.25401919335127 3.1694324429224907 3.7344866783089716 -1906.2893152140516 0.043500382181542785 21.869046202800533 -4205.33876280909 1.8231509715650884e-05 0.00448065338674647 0.1348848122843295
-5.0420752014324 -0.013749328558638989 3.153429566766867 637.9100045487285 713.2359418980777 323.83187030255795 120.85829893872142 3.1694324429224907 3.7344866783089716 -1906.2893152140516 0.043500382181542785 21.869046202800533 -4205.33876280909 1.8231509715650884e-05 0.00448065338674647 0.1348848122843295
-5.040111011638311 -0.0088388540734107 3.0683316496195294 630.100146189332 714.3529360648245 318.5756467729807 120.86603493243456 3.1694324429224907 3.7344866783089716 -1906.2893152140516 0.043500382181542785 21.869046202800533 -4205.33876280909 1.8231509715650884e-05 0.00448065338674647 0.1348848122843295
-5.040111011638316 -0.010803043867502462 2.983233732472192 623.0335552617908 715.3733455203474 314.7117149978876 121.24623278155923 3.1694324429224907 3.7344866783089716 -1906.2893152140516 0.043500382181542785 21.869046202800533 -4205.33876280909 1.8231509715650884e-05 0.00448065338674647 0.1348848122843295
-5.038146821844221 -0.015713518352730754 2.8981358153248546 616.7222829163074 716.2945738397539 312.21845948696136 121.96917649358511 3.1694324429224907 3.7344866783089716 -1906.2893152140516 0.043500382181542785 21.869046202800533 -4205.33876280909 1.8231509715650884e-05 0.00448065338674647 0.1348848122843295
-5.036182632050132 -0.02258818263204969 2.8130378981775173 611.1750096231699 717.1144046438858 311.06878603994846 123.00642845407128 3.1694324429224907 3.7344866783089716 -1906.2893152140516 0.043500382181542785 21.869046202800533 -4205.33876280909 1.8231509715650884e-05 0.00448065338674647 0.1348848122843295
-5.0342184422560425 -0.03044494180841451 2.72793998103018 606.3970449119806 717.8310015806928 311.23012186586857 124.33082943409681 3.1694324429224907 3.7344866783089716 -1906.2893152140516 0.043500382181542785 21.869046202800533 -4205.33876280909 1.8231509715650884e-05 0.00448065338674647 0.1348848122843295
-5.032254252461948 -0.03731960608773568 2.642842063882843 602.390327617526 718.4429083568975 312.6644153147936 125.91649865359068 3.1694324429224907 3.7344866783089716 -1906.2893152140516 0.043500382181542785 21.869046202800533 -4205.33876280909 1.8231509715650884e-05 0.00448065338674647 0.1348848122843295
-5.024397493285582 -0.03731960608773456 2.557744146735505 599.1534256115556 718.9490486979485 315.32813630998135 127.7388336211443 3.1694324429224907 3.7344866783089716 -1906.2893152140516 0.043500382181542785 21.869046202800533 -4205.33876280909 1.8231509715650884e-05 0.00448065338674647 0.1348848122843295
-5.014576544315129 -0.035355416293643915 2.472646229588168 596.6815361380577 719.3487263750285 319.1722757220268 129.77451034262776 3.1694324429224907 3.7344866783089716 -1906.2893152140516 0.043500382181542785 21.869046202800533 -4205.33876280909 1.8231509715650884e-05 0.00448065338674647 0.1348848122843295
-5.006719785138762 -0.03044494180841674 2.3875483124408303 594.966485530138 719.6416252013296 324.1423460692167 132.00148310139775 3.1694324429224907 3.7344866783089716 -1906.2893152140516 0.043500382181542785 21.869046202800533 -4205.33876280909 1.8231509715650884e-05 0.00448065338674647 0.1348848122843295
-4.998863025962395 -0.02455237242614257 2.3024503952934934 593.9967293962836 719.8278090236709 330.1783809810877 134.39898467063904 3.1694324429224907 3.7344866783089716 -1906.2893152140516 0.043500382181542785 21.869046202800533 -4205.33876280909 1.8231509715650884e-05 0.00448065338674647 0.1348848122843295
-4.991006266786028 -0.017677708146823633 2.217352478146156 593.757352463901 719.9077217327431 337.21493531763554 136.9475261233747 3.1694324429224907 3.7344866783089716 -1906.2893152140516 0.043500382181542785 21.869046202800533 -4205.33876280909 1.8231509715650884e-05 0.00448065338674647 0.1348848122843295
-4.985113697403755 -0.01080304386750358 2.1322545609988186 594.2300687581301 719.8821872528642 345.1810855269432 139.62889698520303 3.1694324429224907 3.7344866783089716 -1906.2893152140516 0.043500382181542785 21.869046202800533 -4205.33876280909 1.8231509715650884e-05 0.00448065338674647 0.1348848122843295
-4.979221128021482 -0.004910474485229407 2.047156643851481 595.3932213336229 719.7524095484987 354.0004290342331 142.42616515606642 3.1694324429224907 3.7344866783089716 -1906.2893152140516 0.043500382181542785 21.869046202800533 -4205.33876280909 1.8231509715650884e-05 0.00448065338674647 0.1348848122843295
-4.973328558639209 0.0009820948970469979 1.962058726704144 597.2217826470733 719.5199726233259 363.59108477830887 145.32367692887783 3.1694324429224907 3.7344866783089716 -1906.2893152140516 0.043500382181542785 21.869046202800533 -4205.33876280909 1.8231509715650884e-05 0.00448065338674647 0.1348848122843295
-4.96743598925694 0.0068746642793211694 1.8769608095568067 599.6873542368412 719.1868405165151 373.8656929731369 148.30705695226789 3.1694324429224907 3.7344866783089716 -1906.2893152140516 0.043500382181542785 21.869046202800533 -4205.33876280909 1.8231509715650884e-05 0.00448065338674647 0.1348848122843295
-4.961543419874667 0.011785138764548344 1.7918628924094695 602.7581667974591 718.7553573157638 384.73141510784626 151.36320828646421 3.157675864051099 3.6737974023748965 -1879.361745841199 0.04335550402969929 21.68040263668173 -4144.502302226187 1.8170789618482583e-05 0.004426318281378019 0.15036740183817782
-4.961543419874667 0.013749328558640106 1.706764975262132 606.3990803733468 718.2282471377403 396.0899339467287 154.48031236976385 3.157675864051099 3.6737974023748965 -1879.361745841199 0.04335550402969929 21.68040263668173 -4144.502302226187 1.8170789618482583e-05 0.004426318281378019 0.15036740183817782
-4.963507609668757 0.012767233661593108 1.6216670581147945 610.5715841278434 717.6086141373962 407.8374535292387 157.64782908931375 3.157675864051099 3.6737974023748965 -1879.361745841199 0.04335550402969929 21.68040263668173 -4144.502302226187 1.8170789618482583e-05 0.004426318281378019 0.15036740183817782
-4.9654717994628506 0.010803043867501345 1.5365691409674573 615.2337962910533 716.8999425144866 419.864699319005 160.85649662092328 3.157675864051099 3.6737974023748965 -1879.361745841199 0.04335550402969929 21.68040263668173 -4144.502302226187 1.8170789618482583e-05 0.004426318281378019 0.15036740183817782
-4.96743598925694 0.0088388540734107 1.45147122382012 620.3404644578695 716.1060965033248 432.0569180250168 164.09833159670234 3.157675864051099 3.6737974023748965 -1879.361745841199 0.04335550402969929 21.68040263668173 -4144.502302226187 1.8170789618482583e-05 0.004426318281378019 0.15036740183817782
-4.96940017905103 0.006874664279318937 1.3663733066727826 625.8429654687643 715.2313203727826 444.2938776910305 167.3666290305555 3.157675864051099 3.6737974023748965 -1879.361745841199 0.04335550402969929 21.68040263668173 -4144.502302226187 1.8170789618482583e-05 0.004426318281378019 0.15036740183817782
-4.96940017905103 0.0049104744852282904 1.2812753895254452 631.6893051788211 714.2802384495735 456.4498674720526 170.6559622809291 3.157675864051099 3.6737974023748965 -1879.361745841199 0.04335550402969929 21.68040263668173 -4144.502302226187 1.8170789618482583e-05 0.004426318281378019 0.15036740183817782
-4.96940017905103 0.003928379588182409 1.1961774723781082 637.8241187259555 713.2578550716862 468.39369812607765 173.96218318864703 3.157675864051099 3.6737974023748965 -1879.361745841199 0.04335550402969929 21.68040263668173 -4144.502302226187 1.8170789618482583e-05 0.004426318281378019 0.15036740183817782
-4.96940017905103 0.002946284691137644 1.1110795552307708 644.1886704713106 712.169554637745 479.988701492548 177.28242184221745 3.157675864051099 3.6737974023748965 -1879.361745841199 0.04335550402969929 21.68040263668173 -4144.502302226187 1.8170789618482583e-05 0.004426318281378019 0.15036740183817782
-4.96940017905103 0.0019641897940917627 1.0259816380834335 650.7208539694548 711.0211015678942 491.09273079037666 180.6150868833065 3.157675864051099 3.6737974023748965 -1879.361745841199 0.04335550402969929 21.68040263668173 -4144.502302226187 1.8170789618482583e-05 0.004426318281378019 0.15036740183817782
-4.96940017905103 0.0009820948970458813 0.9408837209360961 657.3551919460297 709.8186403336003 501.55816058814526 183.95986520126462 3.157675864051099 3.6737974023748965 -1879.361745841199 0.04335550402969929 21.68040263668173 -4144.502302226187 1.8170789618482583e-05 0.004426318281378019 0.15036740183817782
-4.96940017905103 0.0 0.8557858037887587 664.0228363499045 708.5686954446137 511.23188668489456 187.31772215291858 3.157675864051099 3.6737974023748965 -1879.361745841199 0.04335550402969929 21.68040263668173 -4144.502302226187 1.8170789618482583e-05 0.004426318281378019 0.15036740183817782
-4.96940017905103 0.0009820948970458813 0.7706878866414217 670.6515682786703 707.2781714396551 519.955326244235 190.6909014582634 3.157675864051099 3.6737974023748965 -1879.361745841199 0.04335550402969929 21.68040263668173 -4144.502302226187 1.8170789618482583e-05 0.004426318281378019 0.15036740183817782
-4.96940017905103 0.0019641897940917627 0.6855899694940839 677.1657981052995 705.9543529059738 527.5644175410271 194.0829252153635 3.157675864051099 3.6737974023748965 -1879.361745841199 0.04335550402969929 21.68040263668173 -4144.502302226187 1.8170789618482583e-05 0.004426318281378019 0.15036740183817782
-4.96940017905103 0.002946284691137644 0.6004920523467465 683.4865653291345 704.6049044569954 533.8896205723286 197.49859396368265 3.157675864051099 3.6737974023748965 -1879.361745841199 0.04335550402969929 21.68040263668173 -4144.502302226187 1.8170789618482583e-05 0.004426318281378019 0.15036740183817782
-4.96940017905103 0.003928379588183525 0.5153941351994096 689.5315386429429 703.2378707621247 538.755916133523 200.94398657232523 3.157675864051099 3.6737974023748965 -1879.361745841199 0.04335550402969929 21.68040263668173 -4144.502302226187 1.8170789618482583e-05 0.004426318281378019 0.15036740183817782
-4.946811996418978 0.0677645478961513 0.4302962180520722 695.2150160372257 701.861676517874 541.9828067272902 204.42646032199264 3.157675864051099 3.6737974023748965 -1879.361745841199 0.04335550402969929 21.68040263668173 -4144.502302226187 1.8170789618482583e-05 0.004426318281378019 0.15036740183817782
-4.916367054610563 0.1708845120859443 0.3451983009047348 700.4479246214032 700.4851264646277 543.3843159377575 207.95465087890625 3.157675864051099 3.6737974023748965 -1879.361745841199 0.04335550402969929 21.68040263668173 -4144.502302226187 1.8170789618482583e-05 0.004426318281378019 0.15036740183817782
-4.883957923008055 0.29266427931960565 0.2601003837573973 705.1378206759691 699.1174053763971 542.7689886987209 211.53847229108214 3.157675864051099 3.6737974023748965 -1879.361745841199 0.04335550402969929 21.68040263668173 -4144.502302226187 1.8170789618482583e-05 0.004426318281378019 0.15036740183817782
-4.851548791405547 0.4203366159355412 0.24859528388642266 709.1888897642493 697.7680780626833 539.9398912936449 215.1891170144081 3.157675864051099 3.6737974023748965 -1879.361745841199 0.04335550402969929 21.68040263668173 -4144.502302226187 1.8170789618482583e-05 0.004426318281378019 0.15036740183817782
-4.819139659803042 0.5470268576544309 0.25044308961133244 712.5019465908408 696.4470893852413 534.6946112215519 218.91905588656664 3.157675864051099 3.6737974023748965 -1879.361745841199 0.04335550402969929 21.68040263668173 -4144.502302226187 1.8170789618482583e-05 0.004426318281378019 0.15036740183817782
-4.7631602506714374 0.6560393912264991 0.47439988279192596 714.9744351059198 695.1647642347962 526.8252574056387 222.74203813448548 3.157675864051099 3.6737974023748965 -1879.361745841199 0.04335550402969929 21.68040263668173 -4144.502302226187 1.8170789618482583e-05 0.004426318281378019 0.15036740183817782
-4.701288272157563 0.7503205013428825 0.5807563535676494 716.5004283338785 693.9318075347692 516.1184599846601 226.67309135198593 3.157675864051099 3.6737974023748965 -1879.361745841199 0.04335550402969929 21.68040263668173 -4144.502302226187 1.8170789618482583e-05 0.004426318281378019 0.15036740183817782
-4.637452103849591 0.8347806624888082 0.6472116669030892 716.9706286564469 692.759304263629 502.3553704768419 230.7285215370357 3.157675864051099 3.6737974023748965 -1879.361745841199 0.04335550402969929 21.68040263668173 -4144.502302226187 1.8170789618482583e-05 0.004426318281378019 0.15036740183817782
-4.573615935541628 0.9133482542524609 0.6823165548747139 716.2723675444722 691.6587194269523 485.31166154146194 234.9259131066501 3.157675864051099 3.6737974023748965 -1879.361745841199 0.04335550402969929 21.68040263668173 -4144.502302226187 1.8170789618482583e-05 0.004426318281378019 0.15036740183817782
-4.497012533572069 0.9752202327663392 0.891382521387017 714.2896057218313 690.6418980685994 464.7575273513794 239.28412883356214 3.157675864051099 3.6737974023748965 -1879.361745841199 0.04335550402969929 21.68040263668173 -4144.502302226187 1.8170789618482583e-05 0.004426318281378019 0.15036740183817782
-4.4145165622202285 0.9644171888988355 1.7010077697593007 710.902933076024 689.7210652772337 440.4576831907034 243.82330985739827 3.157675864051099 3.6737974023748965 -1879.361745841199 0.04335550402969929 21.68040263668173 -4144.502302226187 1.8170789618482583e-05 0.004426318281378019 0.15036740183817782
-4.331038495971348 0.9094198746642796 2.153349393008244 705.9895687699318 688.9088261770085 412.17136585712433 248.56487575173378 3.157675864051099 3.6737974023748965 -1879.361745841199 0.04335550402969929 21.68040263668173 -4144.502302226187 1.8170789618482583e-05 0.004426318281378019 0.15036740183817782
-4.247560429722471 0.8347806624888082 2.3003519877122103 699.4233610257506 688.2181659284979 379.6523331850767 253.53152446821332 3.157675864051099 3.6737974023748965 -1879.361745841199 0.04335550402969929 21.68040263668173 -4144.502302226187 1.8170789618482583e-05 0.004426318281378019 0.15036740183817782
-4.192563115487911 0.7375532676812884 2.626808561840858 691.0747874081135 687.6624497324228 342.64886462688446 258.74723230674863 3.157675864051099 3.6737974023748965 -1879.361745841199 0.04335550402969929 21.68040263668173 -4144.502302226187 1.8170789618482583e-05 0.004426318281378019 0.15036740183817782
