22 -1.7294691136974119 0.7758549686660687 1.8804992713372835 -1.589029543419872 0.6187197851387646
-1.7294691136974119 0.7758549686660687 1.8804992713372835 703.0539845670573 566.6026087058708 627.4415142536163 169.82605051994324 3.1749830919465434 3.7040730026663127 -1889.461429576393 0.044759643900074926 21.90793797281101 -4175.20450391356 1.875928076281442e-05 0.004446658721264462 0.14894292200331716
-1.699024171888993 0.7699623992837957 1.7619807863918608 702.400884622708 565.529079623986 526.3142397403717 146.4569930434227 3.1749830919465434 3.7040730026663127 -1889.461429576393 0.044759643900074926 21.90793797281101 -4175.20450391356 1.875928076281442e-05 0.004446658721264462 0.14894292200331716
-1.6685792300805784 0.7650519247985674 1.7307094499531206 701.815931129735 564.6294927084818 464.4801709651947 134.8747466802597 3.1749830919465434 3.7040730026663127 -1889.461429576393 0.044759643900074926 21.90793797281101 -4175.20450391356 1.875928076281442e-05 0.004446658721264462 0.14894292200331716
-1.644026857654437 0.7591593554162932 1.8063413075157686 701.2826684606262 563.8789037871175 433.7398326396942 132.62851494550705 3.1749830919465434 3.7040730026663127 -1889.461429576393 0.044759643900074926 21.90793797281101 -4175.20450391356 1.875928076281442e-05 0.004446658721264462 0.14894292200331716
-1.6263491495076179 0.7542488809310661 1.8417431771332977 700.7861334104091 563.2549798153341 426.69586277008057 137.52617347240448 3.1749830919465434 3.7040730026663127 -1889.461429576393 0.044759643900074926 21.90793797281101 -4175.20450391356 1.875928076281442e-05 0.004446658721264462 0.14894292200331716
-1.6116177260519284 0.7493384064458378 1.8925468811914479 700.3128552157432 562.737998906523 436.75302028656006 147.63426959514618 3.1749830919465434 3.7040730026663127 -1889.461429576393 0.044759643900074926 21.90793797281101 -4175.20450391356 1.875928076281442e-05 0.004446658721264462 0.14894292200331716
-1.6027788719785212 0.7454100268576542 1.9890206563743602 699.850855531171 562.3108503115363 458.11817598342896 161.2780219912529 3.1749830919465434 3.7040730026663127 -1889.461429576393 0.044759643900074926 21.90793797281101 -4175.20450391356 1.875928076281442e-05 0.004446658721264462 0.14894292200331716
-1.5939400179051093 0.739517457475379 2.1587989303425226 699.3896484565921 561.9590344196185 485.8003215789795 177.04132187366486 3.1749830919465434 3.7040730026663127 -1889.461429576393 0.044759643900074926 21.90793797281101 -4175.20450391356 1.875928076281442e-05 0.004446658721264462 0.14894292200331716
-1.5821548791405589 0.7326427931960612 2.098870775221044 698.9202405149117 561.6706627700478 515.6105613708496 193.76673179864883 3.1749830919465434 3.7040730026663127 -1889.461429576393 0.044759643900074926 21.90793797281101 -4175.20450391356 1.875928076281442e-05 0.004446658721264462 0.14894292200331716
-1.573316025067147 0.7267502238137881 2.1587989303423476 698.4351306632161 561.4364580414258 544.1621179580688 210.55548578500748 3.1749830919465434 3.7040730026663127 -1889.461429576393 0.044759643900074926 21.90793797281101 -4175.20450391356 1.875928076281442e-05 0.004446658721264462 0.14894292200331716
-1.564477170993735 0.7218397493285598 2.0778948311871908 697.9283102881163 561.2497540577315 568.8703300952911 226.7674909234047 3.1749830919465434 3.7040730026663127 -1889.461429576393 0.044759643900074926 21.90793797281101 -4175.20450391356 1.875928076281442e-05 0.004446658721264462 0.14894292200331716
-1.564477170993735 0.7159471799462857 3.141592653589793 697.3952632080764 561.10649578413 587.9526510238647 242.02132457494736 3.1749830919465434 3.7040730026663127 -1889.461429576393 0.044759643900074926 21.90793797281101 -4175.20450391356 1.875928076281442e-05 0.004446658721264462 0.14894292200331716
-1.564477170993735 0.7100546105640114 3.141592653589793 696.8329656752758 561.0052393325604 600.4286541938782 256.19423669576645 3.1749830919465434 3.7040730026663127 -1889.461429576393 0.044759643900074926 21.90793797281101 -4175.20450391356 1.875928076281442e-05 0.004446658721264462 0.14894292200331716
-1.5615308863026007 0.7041620411817373 2.677945044589366 696.2398863723502 560.9471519486979 606.1200246810913 269.4221488237381 3.1749830919465434 3.7040730026663127 -1889.461429576393 0.044759643900074926 21.90793797281101 -4175.20450391356 1.875928076281442e-05 0.004446658721264462 0.14894292200331716
-1.5585846016114666 0.6963052820053713 2.782821983319548 695.6159864100628 560.9360120305791 605.6505680084229 282.0996546149254 3.1749830919465434 3.7040730026663127 -1889.461429576393 0.044759643900074926 21.90793797281101 -4175.20450391356 1.875928076281442e-05 0.004446658721264462 0.14894292200331716
-1.5585846016114666 0.6874664279319607 3.141592653589793 694.9627193366177 560.9782091206871 600.4462039470673 294.8800191283226 3.1749830919465434 3.7040730026663127 -1889.461429576393 0.044759643900074926 21.90793797281101 -4175.20450391356 1.875928076281442e-05 0.004446658721264462 0.14894292200331716
-1.5615308863026007 0.6776454789615041 3.43304944806741 694.2830311250873 561.0827438910492 592.7349693775177 308.6751791834831 3.1749830919465434 3.7040730026663127 -1889.461429576393 0.044759643900074926 21.90793797281101 -4175.20450391356 1.875928076281442e-05 0.004446658721264462 0.14894292200331716
-1.5703697403760082 0.6697887197851393 3.9857466397027914 693.5813601831906 561.2612281753682 585.5470151901245 324.65574395656586 3.1749830919465434 3.7040730026663127 -1889.461429576393 0.044759643900074926 21.90793797281101 -4175.20450391356 1.875928076281442e-05 0.004446658721264462 0.14894292200331716
-1.5792085944494245 0.6619319606087734 3.9857466397032226 692.8636373518966 561.5278849368915 582.7146148681641 344.25099343061447 3.1749830919465434 3.7040730026663127 -1889.461429576393 0.044759643900074926 21.90793797281101 -4175.20450391356 1.875928076281442e-05 0.004446658721264462 0.14894292200331716
-1.586083258728738 0.650146821844225 3.7295952571371855 692.1372858993709 561.8995482837781 588.8721504211426 369.14888048171997 3.1749830919465434 3.7040730026663127 -1889.461429576393 0.044759643900074926 21.90793797281101 -4175.20450391356 1.875928076281442e-05 0.004446658721264462 0.14894292200331716
-1.5900116383169214 0.6393437779767236 3.5682201467170427 691.4112215298228 562.3956634709612 609.4561250209808 401.2960292696953 3.1749830919465434 3.7040730026663127 -1889.461429576393 0.044759643900074926 21.90793797281101 -4175.20450391356 1.875928076281442e-05 0.004446658721264462 0.14894292200331716
-1.5880474485228229 0.629522829006266 3.041924001098282 690.6958523727953 563.0382868987508 650.7051568031311 442.89773535728455 3.1749830919465434 3.7040730026663127 -1889.461429576393 0.044759643900074926 21.90793797281101 -4175.20450391356 1.875928076281442e-05 0.004446658721264462 0.14894292200331716
-1.589029543419872 0.6187197851387646 3.321446153382526 691.9979130204301 567.7138759021182 328.10191815695725 305.20647537650075 3.1749830919465434 3.7040730026663127 -1889.461429576393 0.044759643900074926 21.90793797281101 -4175.20450391356 1.875928076281442e-05 0.004446658721264462 0.14894292200331716
-1.5841190689346438 0.608898836168308 2.76108627647735 690.7462277899031 565.3716820462141 346.50141490623355 306.711945638177 3.139844554290671 3.6652356718977 -1862.0500354526123 -0.04422241303452532 21.753480189615235 -4068.7272009542876 -1.853412113768879e-05 0.0044267476514861185 0.17559437410168674
-1.5703697403760082 0.6020241718889879 2.0647376957145926 689.5701913518133 563.2750854053302 363.93691739742644 307.8316516886698 3.139844554290671 3.6652356718977 -1862.0500354526123 -0.04422241303452532 21.753480189615235 -4068.7272009542876 -1.853412113768879e-05 0.0044267476514861185 0.17559437410168674
-1.5566204118173725 0.5941674127126221 2.122451309323575 688.459961209097 561.4113984369906 380.43739179265685 308.58476958831307 3.139844554290671 3.6652356718977 -1862.0500354526123 -0.04422241303452532 21.753480189615235 -4068.7272009542876 -1.853412113768879e-05 0.0044267476514861185 0.17559437410168674
-1.5369785138764593 0.5863106535362572 1.9693187724612795 687.4060642437544 559.7682043424575 396.03143378393725 308.9900904983515 3.139844554290671 3.6652356718977 -1862.0500354526123 -0.04422241303452532 21.753480189615235 -4068.7272009542876 -1.853412113768879e-05 0.0044267476514861185 0.17559437410168674
-1.5114440465532732 0.5764897045658006 1.9513027039072615 686.3993967189454 558.3333570692921 410.7472685922403 309.06602068035863 3.139844554290671 3.6652356718977 -1862.0500354526123 -0.04422241303452532 21.753480189615235 -4068.7272009542876 -1.853412113768879e-05 0.0044267476514861185 0.17559437410168674
-1.4760886302596214 0.5656866606982993 1.8753072099969483 685.4312242799206 557.0949813110055 424.612750968663 308.8305814957712 3.139844554290671 3.6652356718977 -1862.0500354526123 -0.04422241303452532 21.753480189615235 -4068.7272009542876 -1.853412113768879e-05 0.0044267476514861185 0.17559437410168674
-1.4397511190689294 0.5558657117278427 1.8347600504205825 684.4931819514604 556.0414725041483 437.65536519512534 308.30140940553974 3.139844554290671 3.6652356718977 -1862.0500354526123 -0.04422241303452532 21.753480189615235 -4068.7272009542876 -1.853412113768879e-05 0.0044267476514861185 0.17559437410168674
-1.4034136078782418 0.5430984780662473 1.9086745150352342 683.5772741389228 555.1614968318027 449.9022250836715 307.4957559705945 3.139844554290671 3.6652356718977 -1862.0500354526123 -0.04422241303452532 21.753480189615235 -4068.7272009542876 -1.853412113768879e-05 0.0044267476514861185 0.17559437410168674
-1.3700223813786885 0.5293491495076095 1.9614033704925398 682.6758746304549 554.4439912225353 461.38007397414185 306.4304878524272 3.139844554290671 3.6652356718977 -1862.0500354526123 -0.04422241303452532 21.753480189615235 -4068.7272009542876 -1.853412113768879e-05 0.0044267476514861185 0.17559437410168674
-1.3366311548791352 0.5136356311548788 2.010638909610628 681.781726592686 553.8781633480685 472.11528473882936 305.12208681053016 3.139844554290671 3.6652356718977 -1862.0500354526123 -0.04422241303452532 21.753480189615235 -4068.7272009542876 -1.853412113768879e-05 0.0044267476514861185 0.17559437410168674
-1.309132497761855 0.4969400179051032 2.1164513813218417 680.8879425758496 553.4534916284028 482.1338597787544 303.58664970612153 3.139844554290671 3.6652356718977 -1862.0500354526123 -0.04422241303452532 21.753480189615235 -4068.7272009542876 -1.853412113768879e-05 0.0044267476514861185 0.17559437410168674
-1.2934189794091255 0.47828021486123484 2.441699783870601 679.9880045071477 553.1597252259962 491.46143102506176 301.8398885007482 3.139844554290671 3.6652356718977 -1862.0500354526123 -0.04422241303452532 21.753480189615235 -4068.7272009542876 -1.853412113768879e-05 0.0044267476514861185 0.17559437410168674
-1.2806517457475302 0.4596204118173675 2.541542440187969 679.0757636987837 552.9868840492563 500.12325993855484 299.89713025384117 3.139844554290671 3.6652356718977 -1862.0500354526123 -0.04422241303452532 21.753480189615235 -4068.7272009542876 -1.853412113768879e-05 0.0044267476514861185 0.17559437410168674
-1.2678845120859392 0.44096060877350024 2.541542440188132 678.1454408408608 552.9252587521914 508.14423750992864 297.77331712597515 3.139844554290671 3.6652356718977 -1862.0500354526123 -0.04422241303452532 21.753480189615235 -4068.7272009542876 -1.853412113768879e-05 0.0044267476514861185 0.17559437410168674
-1.2610098478066214 0.42230080572963297 2.788602265762963 677.1916260054568 552.965410734294 515.5488842604682 295.483006377588 3.139844554290671 3.6652356718977 -1862.0500354526123 -0.04422241303452532 21.753480189615235 -4068.7272009542876 -1.853412113768879e-05 0.0044267476514861185 0.17559437410168674
-1.2610098478066258 0.4056051924798552 3.1415926535900605 676.209278646158 553.0981721387943 522.3613502406515 293.04037036933005 3.139844554290671 3.6652356718977 -1862.0500354526123 -0.04422241303452532 21.753480189615235 -4068.7272009542876 -1.853412113768879e-05 0.0044267476514861185 0.17559437410168674
-1.258063563115487 0.3928379588182621 2.914793805535767 675.1937275959644 553.3146458548727 528.6054150322452 290.4591965605505 3.139844554290671 3.6652356718977 -1862.0500354526123 -0.04422241303452532 21.753480189615235 -4068.7272009542876 -1.853412113768879e-05 0.0044267476514861185 0.17559437410168674
-1.2551172784243483 0.38203491495076075 2.875340604438693 674.1406710691517 553.6062055177754 534.3044877448119 287.7528875118587 3.139844554290671 3.6652356718977 -1862.0500354526123 -0.04422241303452532 21.753480189615235 -4068.7272009542876 -1.853412113768879e-05 0.0044267476514861185 0.17559437410168674
-1.2551172784243438 0.3722139659803053 3.1415926535893384 673.0461766617373 553.964495505672 539.4816070194356 284.93446088267956 3.139844554290671 3.6652356718977 -1862.0500354526123 -0.04422241303452532 21.753480189615235 -4068.7272009542876 -1.853412113768879e-05 0.0044267476514861185 0.17559437410168674
-1.261009847806617 0.36435720680393935 3.7850937623829637 671.9066813498503 554.3814309445443 544.1594410266262 282.0165494334651 3.139844554290671 3.6652356718977 -1862.0500354526123 -0.04422241303452532 21.753480189615235 -4068.7272009542876 -1.853412113768879e-05 0.0044267476514861185 0.17559437410168674
-1.282615935541624 0.3525720680393922 4.213042258704636 670.7189914908959 554.8491977031808 548.3602874670178 279.0114010232501 3.139844554290671 3.6652356718977 -1862.0500354526123 -0.04422241303452532 21.753480189615235 -4068.7272009542876 -1.853412113768879e-05 0.0044267476514861185 0.17559437410168674
-1.2983294538943582 0.33882273948075314 3.993558980763186 669.4802828218089 555.3602523974841 552.1060735718347 275.93087861244567 3.139844554290671 3.6652356718977 -1862.0500354526123 -0.04422241303452532 21.753480189615235 -4068.7272009542876 -1.853412113768879e-05 0.0044267476514861185 0.17559437410168674
-1.3169892569382267 0.32605550581915893 4.112338766982933 668.1881004619645 555.9073223862797 555.4183560996316 272.78646026039496 3.139844554290671 3.6652356718977 -1862.0500354526123 -0.04422241303452532 21.753480189615235 -4068.7272009542876 -1.853412113768879e-05 0.0044267476514861185 0.17559437410168674
-1.341541629364368 0.3113240823634729 4.171969480114072 666.8403589108493 556.4834057760891 558.31832134258 269.58923912618775 3.139844554290671 3.6652356718977 -1862.0500354526123 -0.04422241303452532 21.753480189615235 -4068.7272009542876 -1.853412113768879e-05 0.0044267476514861185 0.17559437410168674
-1.3660940017905094 0.2965926589077892 4.171969480114139 665.4353420493426 557.0817714172881 560.8267851194832 266.34992346947547 3.139844554290671 3.6652356718977 -1862.0500354526123 -0.04422241303452532 21.753480189615235 -4068.7272009542876 -1.853412113768879e-05 0.0044267476514861185 0.17559437410168674
-1.3935926589077852 0.28186123545210545 4.220579804395982 663.9717031384353 557.6959589043399 562.9641927818302 263.07883664860856 3.139844554290671 3.6652356718977 -1862.0500354526123 -0.04422241303452532 21.753480189615235 -4068.7272009542876 -1.853412113768879e-05 0.0044267476514861185 0.17559437410168674
-1.426983885407343 0.2651656222023266 4.2487413713838835 662.4484648202779 558.319778578938 564.7506192084402 259.7859171242453 3.139844554290671 3.6652356718977 -1862.0500354526123 -0.04422241303452532 21.753480189615235 -4068.7272009542876 -1.853412113768879e-05 0.0044267476514861185 0.17559437410168674
-1.4603751119068917 0.2474879140555063 4.225489748573413 660.8650191175984 558.9473115267465 566.2057688110508 256.48071845504455 3.139844554290671 3.6652356718977 -1862.0500354526123 -0.04422241303452532 21.753480189615235 -4068.7272009542876 -1.853412113768879e-05 0.0044267476514861185 0.17559437410168674
-1.493766338406445 0.22981020590868265 4.2254897485733895 659.2211274350993 559.5729095785646 567.3489755275659 253.1724092992954 3.139844554290671 3.6652356718977 -1862.0500354526123 -0.04422241303452532 21.753480189615235 -4068.7272009542876 -1.853412113768879e-05 0.0044267476514861185 0.17559437410168674
-1.5212649955237207 0.21115040286481648 4.116189839087197 657.5169205568964 560.1911953106755 568.1992028297391 249.86977341608144 3.139844554290671 3.6652356718977 -1862.0500354526123 -0.04422241303452532 21.753480189615235 -4068.7272009542876 -1.853412113768879e-05 0.0044267476514861185 0.17559437410168674
-1.533050134288267 0.1974010743061775 3.8502189257173964 655.7528986487305 560.7970620453125 568.7750437166542 246.5812096646987 3.139844554290671 3.6652356718977 -1862.0500354526123 -0.04422241303452532 21.753480189615235 -4068.7272009542876 -1.853412113768879e-05 0.0044267476514861185 0.17559437410168674
-1.5448352730528174 0.18561593554163028 3.9269908169873835 653.9299312570365 561.3856738470495 569.0947207179852 243.31473200349137 3.139844554290671 3.6652356718977 -1862.0500354526123 -0.04422241303452532 21.753480189615235 -4068.7272009542876 -1.853412113768879e-05 0.0044267476514861185 0.17559437410168674
-1.550727842435086 0.17383079677708194 3.60524026259022 652.0492573087104 561.9524655294372 569.1760858939961 240.07796949148178 3.139844554290671 3.6652356718977 -1862.0500354526123 -0.04422241303452532 21.753480189615235 -4068.7272009542876 -1.853412113768879e-05 0.0044267476514861185 0.17559437410168674
-1.5507278424350905 0.16400984780662423 3.141592653590248 650.1124851118075 562.4931426487165 569.036620833911 236.87816628615838 3.139844554290671 3.6652356718977 -1862.0500354526123 -0.04422241303452532 21.753480189615235 -4068.7272009542876 -1.853412113768879e-05 0.0044267476514861185 0.17559437410168674
-1.5507278424350905 0.15320680393912064 3.141592653589793 648.1215923558921 563.0036815057974 568.6934366575442 233.72218164650258 3.139844554290671 3.6652356718977 -1862.0500354526123 -0.04422241303452532 21.753480189615235 -4068.7272009542876 -1.853412113768879e-05 0.0044267476514861185 0.17559437410168674
-1.550727842435095 0.14043957027752754 3.1415926535901426 646.0789261107566 563.4803291491698 568.1632740141358 230.61648993135896 3.139844554290671 3.6652356718977 -1862.0500354526123 -0.04422241303452532 21.753480189615235 -4068.7272009542876 -1.853412113768879e-05 0.0044267476514861185 0.17559437410168674
-1.550727842435095 0.12472605192479679 3.141592653589793 643.9872028264217 563.9196033705957 567.4625030842144 227.56718059862033 3.139844554290671 3.6652356718977 -1862.0500354526123 -0.04422241303452532 21.753480189615235 -4068.7272009542876 -1.853412113768879e-05 0.0044267476514861185 0.17559437410168674
-1.556620411817368 0.10410205908683998 3.41989231259489 641.849508334999 564.3182927079033 566.6071235758718 224.57995820534416 3.139844554290671 3.6652356718977 -1862.0500354526123 -0.04422241303452532 21.753480189615235 -4068.7272009542876 -1.853412113768879e-05 0.0044267476514861185 0.17559437410168674
-1.5654592658907753 0.07758549686660676 3.4633432079863087 639.6692978478968 564.6734564427752 565.6127647296526 221.6601424108958 3.139844554290671 3.6652356718977 -1862.0500354526123 -0.04422241303452532 21.753480189615235 -4068.7272009542876 -1.853412113768879e-05 0.0044267476514861185 0.17559437410168674
-1.5801906893464603 0.05008683974932767 3.6334018295784816 637.4503959594294 564.9824246035423 564.4946853134315 218.8126679728739 3.139844554290671 3.6652356718977 -1862.0500354526123 -0.04422241303452532 21.753480189615235 -4068.7272009542876 -1.853412113768879e-05 0.0044267476514861185 0.17559437410168674
-1.5949221128021451 0.015713518352729636 3.5464844398748765 635.1969966435572 565.2427979625063 563.2677736275364 216.0420847487403 3.139844554290671 3.6652356718977 -1862.0500354526123 -0.04422241303452532 21.753480189615235 -4068.7272009542876 -1.853412113768879e-05 0.0044267476514861185 0.17559437410168674
-1.611617726051924 -0.02062399283796016 3.605240262590637 632.9136632544687 565.4524480390828 561.9465475005563 213.35255769582 3.139844554290671 3.6652356718977 -1862.0500354526123 -0.04422241303452532 21.753480189615235 -4068.7272009542876 -1.853412113768879e-05 0.0044267476514861185 0.17559437410168674
-1.6312596239928372 -0.059907788719786484 3.6355340225093586 630.6053285282105 565.6095170943299 560.5451542930678 210.74786687316373 3.139844554290671 3.6652356718977 -1862.0500354526123 -0.04422241303452532 21.753480189615235 -4068.7272009542876 -1.853412113768879e-05 0.0044267476514861185 0.17559437410168674
-1.6538478066248892 -0.10311996418979522 3.6506635420121967 628.2772945808247 565.7124181388645 559.0773708915804 208.23140743758995 3.139844554290671 3.6652356718977 -1862.0500354526123 -0.04422241303452532 21.753480189615235 -4068.7272009542876 -1.853412113768879e-05 0.0044267476514861185 0.17559437410168674
-1.6705434198746636 -0.1453500447627603 3.5464844398748077 625.9352329107933 565.7598349245964 557.556603717152 205.80618964554742 3.139844554290671 3.6652356718977 -1862.0500354526123 -0.04422241303452532 21.753480189615235 -4068.7272009542876 -1.853412113768879e-05 0.0044267476514861185 0.17559437410168674
-1.687239033124438 -0.18954431512981493 3.5299113717622963 623.585184396361 565.750721950666 555.9958887184039 203.47483885660768 3.195656744386292 3.706166233071994 -1898.831760234422 0.08942353107295299 21.903787171623925 -4187.717546594339 3.7478428781623295e-05 0.004448437311580522 0.14228774837760827
-1.7039346463742122 -0.23177439570277553 3.5464844398748374 621.2335592950694 565.6843044612324 554.4078913722187 201.23959552578162 3.195656744386292 3.706166233071994 -1898.831760234422 0.08942353107295299 21.903787171623925 -4187.717546594339 3.7478428781623295e-05 0.004448437311580522 0.14228774837760827
-1.7147376902417137 -0.2690940017905112 3.4552133058065544 618.8871372489957 565.5600784448907 552.8049066902604 199.10231521131936 3.195656744386292 3.706166233071994 -1898.831760234422 0.08942353107295299 21.903787171623925 -4187.717546594339 3.7478428781623295e-05 0.004448437311580522 0.14228774837760827
-1.719648164726942 -0.3015031333930175 3.3269406035854643 616.5530672775349 565.3778106351383 551.1988592094276 197.06446857075207 3.195656744386292 3.706166233071994 -1898.831760234422 0.08942353107295299 21.903787171623925 -4187.717546594339 3.7478428781623295e-05 0.004448437311580522 0.14228774837760827
-1.7157197851387629 -0.332930170098479 3.0451188784072976 614.238867782522 565.1375385129359 549.6013029986061 195.12714135972783 3.195656744386292 3.706166233071994 -1898.831760234422 0.08942353107295299 21.903787171623925 -4187.717546594339 3.7478428781623295e-05 0.004448437311580522 0.14228774837760827
-1.7058988361683063 -0.35846463742166634 2.796037073008049 611.9524265477667 564.8395703012357 548.0234216570389 193.29103443631902 3.195656744386292 3.706166233071994 -1898.831760234422 0.08942353107295299 21.903787171623925 -4187.717546594339 3.7478428781623295e-05 0.004448437311580522 0.14228774837760827
-1.6941136974037558 -0.3820349149507619 2.6779450445888924 609.7020007350948 564.4844849694055 546.4760283124633 191.55646375613287 3.195656744386292 3.706166233071994 -1898.831760234422 0.08942353107295299 21.903787171623925 -4187.717546594339 3.7478428781623295e-05 0.004448437311580522 0.14228774837760827
-1.676435989256932 -0.40167681289167395 2.408777551803208 607.4962168894708 564.0731322335778 544.9695656236727 189.92336037673522 3.195656744386292 3.706166233071994 -1898.831760234422 0.08942353107295299 21.903787171623925 -4187.717546594339 3.7478428781623295e-05 0.004448437311580522 0.14228774837760827
-1.6528657117278398 -0.41935452103849535 2.2142974355882417 605.344070935389 563.6066325519932 543.5141057786532 188.39127045450732 3.195656744386292 3.706166233071994 -1898.831760234422 0.08942353107295299 21.903787171623925 -4187.717546594339 3.7478428781623295e-05 0.004448437311580522 0.14228774837760827
-1.6283133393016984 -0.436050134288272 2.1679729848875864 603.2549281793181 563.0863771318691 542.1193504964467 186.95935524581 3.195656744386292 3.706166233071994 -1898.831760234422 0.08942353107295299 21.903787171623925 -4187.717546594339 3.7478428781623295e-05 0.004448437311580522 0.14228774837760827
-1.6008146821844227 -0.44979946284691097 2.034443935795735 601.2385233076056 562.5140279213665 540.7946310262196 185.6263911073329 3.195656744386292 3.706166233071994 -1898.831760234422 0.08942353107295299 21.903787171623925 -4187.717546594339 3.7478428781623295e-05 0.004448437311580522 0.14228774837760827
-1.5733160250671425 -0.4645308863025958 2.062605502783568 599.3049603885738 561.8915176163428 539.5489081435371 184.3907694951631 3.195656744386292 3.706166233071994 -1898.831760234422 0.08942353107295299 21.903787171623925 -4187.717546594339 3.7478428781623295e-05 0.004448437311580522 0.14228774837760827
-1.5458173679498668 -0.4792623097582818 2.062605502783667 597.464712869958 561.2210496568587 538.3907721578144 183.2504969650181 3.195656744386292 3.706166233071994 -1898.831760234422 0.08942353107295299 21.903787171623925 -4187.717546594339 3.7478428781623295e-05 0.004448437311580522 0.14228774837760827
-1.5183187108325864 -0.49399373321396556 2.0626055027835366 595.728623580886 560.5050982300891 537.3284429078922 182.2031951736426 3.195656744386292 3.706166233071994 -1898.831760234422 0.08942353107295299 21.903787171623925 -4187.717546594339 3.7478428781623295e-05 0.004448437311580522 0.14228774837760827
-1.487873769024163 -0.5087251566696516 2.0214576528754566 594.1079047324602 559.7464082656661 536.3697697608732 181.24610087752808 3.195656744386292 3.706166233071994 -1898.831760234422 0.08942353107295299 21.903787171623925 -4187.717546594339 3.7478428781623295e-05 0.004448437311580522 0.14228774837760827
-1.4633213965980216 -0.5224744852282917 2.0812846487117 592.6141379153123 558.9479954397539 535.5222316153813 180.37606593139935 3.195656744386292 3.706166233071994 -1898.831760234422 0.08942353107295299 21.903787171623925 -4187.717546594339 3.7478428781623295e-05 0.004448437311580522 0.14228774837760827
-1.435822739480746 -0.5352417188898848 2.0054665419441653 591.2592741008848 558.1131461740006 534.7929368980695 179.5895572922891 3.195656744386292 3.706166233071994 -1898.831760234422 0.08942353107295299 21.903787171623925 -4187.717546594339 3.7478428781623295e-05 0.004448437311580522 0.14228774837760827
-1.4043957027752867 -0.5470268576544332 1.9295669970655 590.0556336418958 557.2454176332103 534.1886235685088 178.8826570144156 3.195656744386292 3.706166233071994 -1898.831760234422 0.08942353107295299 21.903787171623925 -4187.717546594339 3.7478428781623295e-05 0.004448437311580522 0.14228774837760827
-1.3729686660698273 -0.554883616830799 1.8157749899217943 589.0159062723396 556.3486377304653 533.7156591131352 178.25106225418858 3.195656744386292 3.706166233071994 -1898.831760234422 0.08942353107295299 21.903787171623925 -4187.717546594339 3.7478428781623295e-05 0.004448437311580522 0.14228774837760827
-1.339577439570274 -0.5607761862130721 1.7454685258031057 588.1531511064386 555.4269051210722 533.3800405496731 177.690085268463 3.195656744386292 3.706166233071994 -1898.831760234422 0.08942353107295299 21.903787171623925 -4187.717546594339 3.7478428781623295e-05 0.004448437311580522 0.14228774837760827
-1.305204118173676 -0.5656866606983004 1.7126933813990606 587.4807966393419 554.4845892079175 533.1873944266699 177.19465341046453 3.195656744386292 3.706166233071994 -1898.831760234422 0.08942353107295299 21.903787171623925 -4187.717546594339 3.7478428781623295e-05 0.004448437311580522 0.14228774837760827
-1.2678845120859437 -0.5666687555953451 1.5971060440477969 587.0126407472417 553.5263301364612 533.1429768207017 176.7593091360759 3.195656744386292 3.706166233071994 -1898.831760234422 0.08942353107295299 21.903787171623925 -4187.717546594339 3.7478428781623295e-05 0.004448437311580522 0.14228774837760827
-1.230564905998207 -0.5666687555953451 3.141592653589793 586.7628506865585 552.5570388000924 533.2516733396333 176.37821000174154 3.195656744386292 3.706166233071994 -1898.831760234422 0.08942353107295299 21.903787171623925 -4187.717546594339 3.7478428781623295e-05 0.004448437311580522 0.14228774837760827
-1.1961915846016045 -0.5647045658012534 1.5137155443886265 586.7459630958037 551.5818968355889 533.5179991212208 176.04512866132427 3.195656744386292 3.706166233071994 -1898.831760234422 0.08942353107295299 21.903787171623925 -4187.717546594339 3.7478428781623295e-05 0.004448437311580522 0.14228774837760827
-1.1637824529991003 -0.559794091316024 1.4204248987877162 586.9768839930184 550.6063566246303 533.9460988317151 175.75345287041273 3.195656744386292 3.706166233071994 -1898.831760234422 0.08942353107295299 21.903787171623925 -4187.717546594339 3.7478428781623295e-05 0.004448437311580522 0.14228774837760827
-1.1284270367054576 -0.5519373321396603 1.3521273809209915 587.470888779033 549.6361412950791 534.5397466702852 175.4961854837602 3.195656744386292 3.706166233071994 -1898.831760234422 0.08942353107295299 21.903787171623925 -4187.717546594339 3.7478428781623295e-05 0.004448437311580522 0.14228774837760827
-1.0930716204118147 -0.5430984780662484 1.3258176636680028 588.2436222323449 548.6772447200492 535.3023463624995 175.2659444565652 3.195656744386292 3.706166233071994 -1898.831760234422 0.08942353107295299 21.903787171623925 -4187.717546594339 3.7478428781623295e-05 0.004448437311580522 0.14228774837760827
-1.0645908683974854 -0.5322954341987471 1.208252089530479 589.3110985145904 547.7359315168578 536.2369311654475 175.05496284377296 3.195656744386292 3.706166233071994 -1898.831760234422 0.08942353107295299 21.903787171623925 -4187.717546594339 3.7478428781623295e-05 0.004448437311580522 0.14228774837760827
-1.0420026857654334 -0.5195282005371529 1.0563450137358803 590.6897011684487 546.8187370483065 537.3461638679728 174.85508879867848 3.195656744386292 3.706166233071994 -1898.831760234422 0.08942353107295299 21.903787171623925 -4187.717546594339 3.7478428781623295e-05 0.004448437311580522 0.14228774837760827
-1.0282533572067978 -0.5067609668755598 0.8224182792712662 592.3961831163615 545.9324674230302 538.6323367848527 174.6577855774667 3.195656744386292 3.706166233071994 -1898.831760234422 0.08942353107295299 21.903787171623925 -4187.717546594339 3.7478428781623295e-05 0.004448437311580522 0.14228774837760827
-1.0184324082363456 -0.4920295434198749 0.5880026035473577 594.4476666626288 545.0841994936345 540.0973717654124 174.4541315350216 3.195656744386292 3.706166233071994 -1898.831760234422 0.08942353107295299 21.903787171623925 -4187.717546594339 3.7478428781623295e-05 0.004448437311580522 0.14228774837760827
-1.0086114592658935 -0.4753339301700983 0.5317240672585952 596.8616434913129 544.2812808598392 541.7428201849107 174.2348201230634 3.195656744386292 3.706166233071994 -1898.831760234422 0.08942353107295299 21.903787171623925 -4187.717546594339 3.7478428781623295e-05 0.004448437311580522 0.14228774837760827
-1.0017367949865712 -0.4547099373321404 0.32175055439677214 599.655974667985 543.5313298634719 543.5698629503604 173.99015989876352 3.195656744386292 3.706166233071994 -1898.831760234422 0.08942353107295299 21.903787171623925 -4187.717546594339 3.7478428781623295e-05 0.004448437311580522 0.14228774837760827
-0.9919158460161102 -0.43310384959713655 0.42662749312705905 602.8488906384446 542.8422355940565 545.5793104995973 173.71007451415062 3.195656744386292 3.706166233071994 -1898.831760234422 0.08942353107295299 21.903787171623925 -4187.717546594339 3.7478428781623295e-05 0.004448437311580522 0.14228774837760827
-0.9860232766338327 -0.41051566696508573 0.25518239062095927 606.4589912294177 542.2221578853205 547.7716027977876 173.3841027255403 3.195656744386292 3.706166233071994 -1898.831760234422 0.08942353107295299 21.903787171623925 -4187.717546594339 3.7478428781623295e-05 0.004448437311580522 0.14228774837760827
-0.9791486123545149 -0.3879274843330361 0.2954408371436531 610.5052456507692 541.6795273171738 550.1468093425501 173.00139838445466 3.195656744386292 3.706166233071994 -1898.831760234422 0.08942353107295299 21.903787171623925 -4187.717546594339 3.7478428781623295e-05 0.004448437311580522 0.14228774837760827
-0.9693276633840583 -0.36435720680393935 0.39479111969974806 615.0069924896816 541.2230452129152 552.7046291609295 172.55073044612072 3.195656744386292 3.706166233071994 -1898.831760234422 0.08942353107295299 21.903787171623925 -4187.717546594339 3.7478428781623295e-05 0.004448437311580522 0.14228774837760827
