27 0.24355953446732054 1.5782264995523718 0.15037142800713657 0.30935989256937785 1.978921217547
0.24355953446732054 1.5782264995523718 0.15037142800713657 756.0770409666973 520.9816239316237 603.7615679339724 261.96507515470876 3.366888548463846 3.939940345497778 -2196.812693498097 0.05061948501167735 23.30371150708729 -5200.975105628849 2.1215207465078567e-05 0.004733377600254377 -0.06069520572767022
0.24061324977618176 1.6076893464637416 6.183516654688364 758.6265900383144 521.0089330975536 607.0411435307897 262.82001178892824 3.366888548463846 3.939940345497778 -2196.812693498097 0.05061948501167735 23.30371150708729 -5200.975105628849 2.1215207465078567e-05 0.004733377600254377 -0.06069520572767022
0.24552372426141006 1.6351880035810207 0.1767088560700324 760.7240789861492 520.9912039493073 610.934482758611 269.6292219274401 3.366888548463846 3.939940345497778 -2196.812693498097 0.05061948501167735 23.30371150708729 -5200.975105628849 2.1215207465078567e-05 0.004733377600254377 -0.06069520572767022
0.24945210384959357 1.6577761862130715 0.1721908145229724 762.4376132446607 520.9398474480709 615.3115890772451 280.98317956402025 3.366888548463846 3.939940345497778 -2196.812693498097 0.05061948501167735 23.30371150708729 -5200.975105628849 2.1215207465078567e-05 0.004733377600254377 -0.06069520572767022
0.2533804834377771 1.6793822739480753 0.17985349979252374 763.8306474967669 520.8651451546955 620.0538979927169 295.59837505485484 3.366888548463846 3.939940345497778 -2196.812693498097 0.05061948501167735 23.30371150708729 -5200.975105628849 2.1215207465078567e-05 0.004733377600254377 -0.06069520572767022
0.26123724261414416 1.6990241718889885 0.3805063771124433 764.9619856738325 520.7762492296974 625.0542770572633 312.3173151186202 3.366888548463846 3.939940345497778 -2196.812693498097 0.05061948501167735 23.30371150708729 -5200.975105628849 2.1215207465078567e-05 0.004733377600254377 -0.06069520572767022
0.2612372426141486 1.7117914055505816 3.4980565452806156e-13 765.8857809556778 520.6811824332589 630.21702586934 330.1085228364391 3.366888548463846 3.939940345497778 -2196.812693498097 0.05061948501167735 23.30371150708729 -5200.975105628849 2.1215207465078567e-05 0.004733377600254377 -0.06069520572767022
0.26516562220233214 1.7216123545210371 0.3805063771124825 766.6515357705791 520.5868381252263 635.4578760736067 348.06653765187366 3.366888548463846 3.939940345497778 -2196.812693498097 0.05061948501167735 23.30371150708729 -5200.975105628849 2.1215207465078567e-05 0.004733377600254377 -0.06069520572767022
0.2651656222023277 1.7275049239033125 6.283185307178829 767.3041017952585 520.4989802651121 640.7039913609538 365.4119153709398 3.366888548463846 3.939940345497778 -2196.812693498097 0.05061948501167735 23.30371150708729 -5200.975105628849 2.1215207465078567e-05 0.004733377600254377 -0.06069520572767022
0.26123724261414416 1.7333974932855865 5.695182703631931 767.8836799548974 520.4222434120933 645.8939674684693 381.4912281621073 3.366888548463846 3.939940345497778 -2196.812693498097 0.05061948501167735 23.30371150708729 -5200.975105628849 2.1215207465078567e-05 0.004733377600254377 -0.06069520572767022
0.2612372426141397 1.7392900626678607 6.283185307178829 768.4258204231239 520.3601327250126 650.9778321794702 395.77706455624866 3.366888548463846 3.939940345497778 -2196.812693498097 0.05061948501167735 23.30371150708729 -5200.975105628849 2.1215207465078567e-05 0.004733377600254377 -0.06069520572767022
0.2651656222023232 1.7481289167412715 0.4182243295793229 768.9614226220262 520.3150239623776 655.9170453234847 407.8680294467413 3.366888548463846 3.939940345497778 -2196.812693498097 0.05061948501167735 23.30371150708729 -5200.975105628849 2.1215207465078567e-05 0.004733377600254377 -0.06069520572767022
0.26909400179050674 1.756967770814681 0.4182243295793697 769.5167352221363 520.2881634823611 660.6844987762424 417.48874408945994 3.366888548463846 3.939940345497778 -2196.812693498097 0.05061948501167735 23.30371150708729 -5200.975105628849 2.1215207465078567e-05 0.004733377600254377 -0.06069520572767022
0.2730223813786947 1.7667887197851375 0.3805063771128353 770.1133561424451 520.2796682428013 665.2645164597102 424.48984610253683 3.366888548463846 3.939940345497778 -2196.812693498097 0.05061948501167735 23.30371150708729 -5200.975105628849 2.1215207465078567e-05 0.004733377600254377 -0.06069520572767022
0.2769507609668738 1.7766096687555941 0.38050637711205126 770.7682325503959 520.2885258012016 669.6528543420491 428.84798946675437 3.366888548463846 3.939940345497778 -2196.812693498097 0.05061948501167735 23.30371150708729 -5200.975105628849 2.1215207465078567e-05 0.004733377600254377 -0.06069520572767022
0.27695076096687826 1.7864306177260518 4.547473508864124e-13 771.4936608618802 520.3125943147305 673.85670043765 430.6658445252615 3.366888548463846 3.939940345497778 -2196.812693498097 0.05061948501167735 23.30371150708729 -5200.975105628849 2.1215207465078567e-05 0.004733377600254377 -0.06069520572767022
0.2769507609668738 1.7982157564905992 6.283185307179207 772.2972867412489 520.3486025402216 677.894674807108 430.17209798361 3.366888548463846 3.939940345497778 -2196.812693498097 0.05061948501167735 23.30371150708729 -5200.975105628849 2.1215207465078567e-05 0.004733377600254377 -0.06069520572767022
0.2769507609668738 1.8109829901521932 -0.0 773.1821051012996 520.3921498341736 681.7968295572377 427.7214529098783 3.366888548463846 3.939940345497778 -2196.812693498097 0.05061948501167735 23.30371150708729 -5200.975105628849 2.1215207465078567e-05 0.004733377600254377 -0.06069520572767022
0.2730223813786903 1.8257144136078782 6.022582915432189 774.1464601032851 520.4377061527509 685.6046488410702 423.79462873452576 3.366888548463846 3.939940345497778 -2196.812693498097 0.05061948501167735 23.30371150708729 -5200.975105628849 2.1215207465078567e-05 0.004733377600254377 -0.06069520572767022
0.2671298119964127 1.8384816472694725 5.789243938259864 775.184045156913 520.4786120517829 689.371048857844 418.99836125056027 3.366888548463846 3.939940345497778 -2196.812693498097 0.05061948501167735 23.30371150708729 -5200.975105628849 2.1215207465078567e-05 0.004733377600254377 -0.06069520572767022
0.2612372426141352 1.8522309758281115 5.8195376981786175 776.2839029203399 520.5070786867636 693.160377853022 414.065402613327 3.366888548463846 3.939940345497778 -2196.812693498097 0.05061948501167735 23.30371150708729 -5200.975105628849 2.1215207465078567e-05 0.004733377600254377 -0.06069520572767022
0.2514162936436742 1.8640161145926597 5.541238039173523 777.4304253001767 520.5141878128535 697.0484161182712 409.8545213406833 3.366888548463846 3.939940345497778 -2196.812693498097 0.05061948501167735 23.30371150708729 -5200.975105628849 2.1215207465078567e-05 0.004733377600254377 -0.06069520572767022
0.24945210384959357 1.8787475380483445 6.085789747330172 778.6033534514856 520.4898917848767 701.1223759914801 407.3505023129037 3.366888548463846 3.939940345497778 -2196.812693498097 0.05061948501167735 23.30371150708729 -5200.975105628849 2.1215207465078567e-05 0.004733377600254377 -0.06069520572767022
0.2514162936436831 1.8934789615040284 0.06656816377576846 779.7777777777826 520.423013557324 705.4809018567512 407.6641467727459 3.3418873063079033 3.902837483699757 -2174.214826409912 -1.4993083898899302e-15 23.227058970895985 -5157.818645794089 -5.56608317449888e-19 0.004708066442204276 -0.045476868667110454
0.2612372426141486 1.910174574753804 0.4868992318115363 780.9241379310404 520.30124668435 710.2340701444059 412.0322723253121 3.3418873063079033 3.902837483699757 -2174.214826409912 -1.4993083898899302e-15 23.227058970895985 -5157.818645794089 -5.56608317449888e-19 0.004708066442204276 -0.045476868667110454
0.27596866606982456 1.9298164726947171 0.6107259643889339 782.0082228116783 520.111155319776 715.5033893309674 421.8177129383548 3.3418873063079033 3.902837483699757 -2174.214826409912 -1.4993083898899302e-15 23.227058970895985 -5157.818645794089 -5.56608317449888e-19 0.004708066442204276 -0.045476868667110454
0.29462846911369295 1.9524046553267689 0.6640461628266953 782.9911705685679 519.8381742170869 721.4217999391844 438.5093189418985 3.3418873063079033 3.902837483699757 -2174.214826409912 -1.4993083898899302e-15 23.227058970895985 -5157.818645794089 -5.56608317449888e-19 0.004708066442204276 -0.045476868667110454
0.30935989256937785 1.978921217547 0.47835243137871164 784.0733456426153 516.9393110989549 693.7611131799931 471.30523711778915 3.3418873063079033 3.902837483699757 -2174.214826409912 -1.4993083898899302e-15 23.227058970895985 -5157.818645794089 -5.56608317449888e-19 0.004708066442204276 -0.045476868667110454
0.3358764547896088 2.0093661593554146 0.6979028225950542 787.5448925529688 517.0552892735873 711.1798418405451 441.95387947643576 3.3418873063079033 3.902837483699757 -2174.214826409912 -1.4993083898899302e-15 23.227058970895985 -5157.818645794089 -5.56608317449888e-19 0.004708066442204276 -0.045476868667110454
0.3643572068039338 2.0437394807520146 0.6919213822388424 790.6938820619387 517.3353900678692 725.6018851722984 414.8950707202457 3.3418873063079033 3.902837483699757 -2174.214826409912 -1.4993083898899302e-15 23.227058970895985 -5157.818645794089 -5.56608317449888e-19 0.004708066442204276 -0.045476868667110454
0.38399910474484694 2.078112802148613 0.5191461142465229 793.5366936746652 517.7628451749197 737.3030662155143 390.0234742950797 3.3418873063079033 3.902837483699757 -2174.214826409912 -1.4993083898899302e-15 23.227058970895985 -5157.818645794089 -5.56608317449888e-19 0.004708066442204276 -0.045476868667110454
0.3918558639212095 2.1134682184422555 0.2186689458738751 796.0892054239196 518.3215620591989 746.548029654914 367.23583121265074 3.3418873063079033 3.902837483699757 -2174.214826409912 -1.4993083898899302e-15 23.227058970895985 -5157.818645794089 -5.56608317449888e-19 0.004708066442204276 -0.045476868667110454
0.3800707251566634 2.144895255147717 5.924414636909068 798.3667938701021 518.9961239565073 753.5902418198748 346.4309600505785 3.3418873063079033 3.902837483699757 -2174.214826409912 -1.4993083898899302e-15 23.227058970895985 -5157.818645794089 -5.56608317449888e-19 0.004708066442204276 -0.045476868667110454
0.3525720680393877 2.175340196956134 5.54859084784043 800.3843341012464 519.771789873987 758.6719906842336 327.5097569523732 3.3418873063079033 3.902837483699757 -2174.214826409912 -1.4993083898899302e-15 23.227058970895985 -5157.818645794089 -5.56608317449888e-19 0.004708066442204276 -0.045476868667110454
0.3103419874664226 2.1998925693822753 5.239016251818422 802.156199733012 520.6344945901258 762.0243858664035 310.37519562743 3.3418873063079033 3.902837483699757 -2174.214826409912 -1.4993083898899302e-15 23.227058970895985 -5157.818645794089 -5.56608317449888e-19 0.004708066442204276 -0.045476868667110454
0.25534467323186666 2.2185523724261413 5.039487077390466 803.6962629086913 521.5708486547478 763.8673586293298 294.9323273510254 3.3418873063079033 3.902837483699757 -2174.214826409912 -1.4993083898899302e-15 23.227058970895985 -5157.818645794089 -5.56608317449888e-19 0.004708066442204276 -0.045476868667110454
0.19249059982093916 2.234265890778871 4.95736764351152 805.0178942992072 522.5681383890237 764.4096618805415 281.088280964319 3.3418873063079033 3.902837483699757 -2174.214826409912 -1.4993083898899302e-15 23.227058970895985 -5157.818645794089 -5.56608317449888e-19 0.004708066442204276 -0.045476868667110454
0.1374932855863832 2.247033124440464 4.940491608664628 806.1339631031112 523.6143258854615 763.848870172078 268.75226287437545 3.3418873063079033 3.902837483699757 -2174.214826409912 -1.4993083898899302e-15 23.227058970895985 -5157.818645794089 -5.56608317449888e-19 0.004708066442204276 -0.045476868667110454
0.07071083258727666 2.254889883616829 4.829497724951544 807.0568370465855 524.6980490079115 762.3713797005112 257.83555705414255 3.3418873063079033 3.902837483699757 -2174.214826409912 -1.4993083898899302e-15 23.227058970895985 -5157.818645794089 -5.56608317449888e-19 0.004708066442204276 -0.045476868667110454
-4.466050527506277e-15 2.2568540734109206 4.7401596169781195 807.7983823834418 525.8086213915697 760.1524083070108 248.25152504243852 3.3418873063079033 3.902837483699757 -2174.214826409912 -1.4993083898899302e-15 23.227058970895985 -5157.818645794089 -5.56608317449888e-19 0.004708066442204276 -0.045476868667110454
-0.06481826320502147 2.254889883616831 4.682095220465944 808.3699638951259 526.9360324429672 757.3559954772209 239.91560594399198 3.3418873063079033 3.902837483699757 -2174.214826409912 -1.4993083898899302e-15 23.227058970895985 -5157.818645794089 -5.56608317449888e-19 0.004708066442204276 -0.045476868667110454
-0.1178513876454879 2.2529256938227396 4.675368864510752 808.7824448907061 528.0709473399845 754.1350023414125 232.74531642940747 3.3418873063079033 3.902837483699757 -2174.214826409912 -1.4993083898899302e-15 23.227058970895985 -5157.818645794089 -5.56608317449888e-19 0.004708066442204276 -0.045476868667110454
-0.15909937332140375 2.2509615040286475 4.6648058771076935 809.0461872068893 529.2047070318363 750.6311116742872 226.6602507351672 3.3418873063079033 3.902837483699757 -2174.214826409912 -1.4993083898899302e-15 23.227058970895985 -5157.818645794089 -5.56608317449888e-19 0.004708066442204276 -0.045476868667110454
-0.19249059982095704 2.2480152193375114 4.624381606856964 809.1710512080065 530.3293282390835 746.9748278952538 221.58208066367297 3.3418873063079033 3.902837483699757 -2174.214826409912 -1.4993083898899302e-15 23.227058970895985 -5157.818645794089 -5.56608317449888e-19 0.004708066442204276 -0.045476868667110454
-0.21900716204119247 2.245068934646375 4.601731759210821 809.1663957860212 531.4375034536281 743.2854770681224 217.43455558317874 3.3418873063079033 3.902837483699757 -2174.214826409912 -1.4993083898899302e-15 23.227058970895985 -5157.818645794089 -5.56608317449888e-19 0.004708066442204276 -0.045476868667110454
-0.24159534467323993 2.241140555058191 4.540198165861693 809.0410783605269 532.522600938712 739.6712069012938 214.14350242785622 3.3418873063079033 3.902837483699757 -2174.214826409912 -1.4993083898899302e-15 23.227058970895985 -5157.818645794089 -5.56608317449888e-19 0.004708066442204276 -0.045476868667110454
-0.26025514771710384 2.236230080572965 4.4550652654136655 808.8034548787484 533.578664728921 736.2289867477375 211.63682569772573 3.3418873063079033 3.902837483699757 -2174.214826409912 -1.4993083898899302e-15 23.227058970895985 -5157.818645794089 -5.56608317449888e-19 0.004708066442204276 -0.045476868667110454
-0.28677170993733486 2.226409131602506 4.357683328373653 808.4613798155376 534.6004146301786 733.0446076049775 209.84450745875256 3.3418873063079033 3.902837483699757 -2174.214826409912 -1.4993083898899302e-15 23.227058970895985 -5157.818645794089 -5.56608317449888e-19 0.004708066442204276 -0.045476868667110454
-0.31328827215756583 2.2165881826320497 4.357683328373727 808.0222061733823 535.5832462197563 730.1926821150191 208.69860734272334 3.3418873063079033 3.902837483699757 -2174.214826409912 -1.4993083898899302e-15 23.227058970895985 -5157.818645794089 -5.56608317449888e-19 0.004708066442204276 -0.045476868667110454
-0.3319480752014342 2.208731423455685 4.313866534718307 807.4927854823907 536.5232308462628 727.7366445644657 208.13326254736967 3.3418873063079033 3.902837483699757 -2174.214826409912 -1.4993083898899302e-15 23.227058970895985 -5157.818645794089 -5.56608317449888e-19 0.004708066442204276 -0.045476868667110454
-0.3476615935541683 2.2008746642793175 4.2487413713838835 806.8794678003121 537.417115629647 725.7287508844456 208.0846878362754 3.3418873063079033 3.902837483699757 -2174.214826409912 -1.4993083898899302e-15 23.227058970895985 -5157.818645794089 -5.56608317449888e-19 0.004708066442204276 -0.045476868667110454
-0.3702497761862158 2.1890895255147718 4.2315017001893676 806.1881017125186 538.2623234612049 724.2100786506635 208.4911755389203 3.3418873063079033 3.902837483699757 -2174.214826409912 -1.4993083898899302e-15 23.227058970895985 -5157.818645794089 -5.56608317449888e-19 0.004708066442204276 -0.045476868667110454
-0.4075693822739481 2.170429722470903 4.248741371383836 805.424034332015 539.0569530035684 723.2105270833272 209.29309555069995 3.3418873063079033 3.902837483699757 -2174.214826409912 -1.4993083898899302e-15 23.227058970895985 -5157.818645794089 -5.56608317449888e-19 0.004708066442204276 -0.045476868667110454
-0.4448889883616849 2.1478415398388537 4.168108495438739 804.5921112994381 539.7997786907142 722.7488170471916 210.43289533284405 3.3418873063079033 3.902837483699757 -2174.214826409912 -1.4993083898899302e-15 23.227058970895985 -5157.818645794089 -5.56608317449888e-19 0.004708066442204276 -0.045476868667110454
-0.4782802148612337 2.124271262309759 4.097726028462501 803.6966767830497 540.490250727963 722.8324910516094 211.85509991250183 3.3418873063079033 3.902837483699757 -2174.214826409912 -1.4993083898899302e-15 23.227058970895985 -5157.818645794089 -5.56608317449888e-19 0.004708066442204276 -0.045476868667110454
-0.5077430617726034 2.1036472694718014 4.101663015995501 802.7415734787489 541.1284950919705 723.4579132503859 213.50631188272564 3.3418873063079033 3.902837483699757 -2174.214826409912 -1.4993083898899302e-15 23.227058970895985 -5157.818645794089 -5.56608317449888e-19 0.004708066442204276 -0.045476868667110454
-0.5372059086839732 2.084005371530886 4.124386376837069 801.7301426100578 541.7153135307399 724.6102694420188 215.33521140241464 3.3418873063079033 3.902837483699757 -2174.214826409912 -1.4993083898899302e-15 23.227058970895985 -5157.818645794089 -5.56608317449888e-19 0.004708066442204276 -0.045476868667110454
-0.5696150402864817 2.069273948075201 4.285761487257834 800.6652239281332 542.2521835636121 726.2635670693126 217.292556196413 3.3418873063079033 3.902837483699757 -2174.214826409912 -1.4993083898899302e-15 23.227058970895985 -5157.818645794089 -5.56608317449888e-19 0.004708066442204276 -0.045476868667110454
-0.6020241718889947 2.0525783348254243 4.236693761529765 799.5491557117587 542.7412584812726 728.380635219939 219.33118155537704 3.3418873063079033 3.902837483699757 -2174.214826409912 -1.4993083898899302e-15 23.227058970895985 -5157.818645794089 -5.56608317449888e-19 0.004708066442204276 -0.045476868667110454
-0.6373795881826375 2.032936436884511 4.205290475992342 798.3837747673526 543.1853673457501 730.9131246258112 221.40600033589908 3.3418873063079033 3.902837483699757 -2174.214826409912 -1.4993083898899302e-15 23.227058970895985 -5157.818645794089 -5.56608317449888e-19 0.004708066442204276 -0.045476868667110454
-0.6727350044762802 2.014276633840645 4.226766887087241 797.1704164289624 543.5880149904071 733.8015076635857 223.47400296048545 3.3418873063079033 3.902837483699757 -2174.214826409912 -1.4993083898899302e-15 23.227058970895985 -5157.818645794089 -5.56608317449888e-19 0.004708066442204276 -0.045476868667110454
-0.698269471799471 1.9975810205908684 4.133314711017011 795.9099145582584 543.9533820199563 736.9750783543204 225.49425741745108 3.3418873063079033 3.902837483699757 -2174.214826409912 -1.4993083898899302e-15 23.227058970895985 -5157.818645794089 -5.56608317449888e-19 0.004708066442204276 -0.045476868667110454
-0.6982694717994665 1.9877600716204118 3.1415926535893384 794.6026015445539 544.2863248104475 740.3519523637733 227.42790926107773 3.3418873063079033 3.902837483699757 -2174.214826409912 -1.4993083898899302e-15 23.227058970895985 -5157.818645794089 -5.56608317449888e-19 0.004708066442204276 -0.045476868667110454
-0.6943410922112829 1.9808854073410918 2.6224465393432004 793.2483083047807 544.5923755092765 743.8390670021254 229.23818161147938 3.3418873063079033 3.902837483699757 -2174.214826409912 -1.4993083898899302e-15 23.227058970895985 -5157.818645794089 -5.56608317449888e-19 0.004708066442204276 -0.045476868667110454
-0.6884485228290055 1.9749928379588186 2.2794225989222996 791.8463642835061 544.8777420351737 747.3321812241556 230.8903751546859 3.3418873063079033 3.902837483699757 -2174.214826409912 -1.4993083898899302e-15 23.227058970895985 -5157.818645794089 -5.56608317449888e-19 0.004708066442204276 -0.045476868667110454
-0.6864843330349159 1.965171888988362 2.8501358591121764 790.3955974529301 545.1493080782138 750.7158756291465 232.35186814262306 3.3418873063079033 3.902837483699757 -2174.214826409912 -1.4993083898899302e-15 23.227058970895985 -5157.818645794089 -5.56608317449888e-19 0.004708066442204276 -0.045476868667110454
-0.6884485228290099 1.9504404655326772 3.2081608173658585 788.8943343128742 545.4146330998194 753.8635524610072 233.5921163930634 3.3418873063079033 3.902837483699757 -2174.214826409912 -1.4993083898899302e-15 23.227058970895985 -5157.818645794089 -5.56608317449888e-19 0.004708066442204276 -0.045476868667110454
-0.6796096687556026 1.9317806624888088 2.657114724552977 787.3403998908004 545.6819523327483 756.637435608136 234.58265328970447 3.3418873063079033 3.902837483699757 -2174.214826409912 -1.4993083898899302e-15 23.227058970895985 -5157.818645794089 -5.56608317449888e-19 0.004708066442204276 -0.045476868667110454
-0.6668424350940116 1.9111566696508508 2.5535900500421755 785.7311177417935 545.9601767810991 758.8885706034489 235.29708978213057 3.3723605894672644 3.9524103098137147 -2204.6437362569372 0.050893124722221024 23.32818888063745 -5209.483535270583 2.1329893010151322e-05 0.0047404602723810476 -0.0629240582106517
-0.6619319606087833 1.889550581915845 2.8753406044389247 784.0633099485706 546.2588932203143 760.4568246244307 235.71111438577645 3.3723605894672644 3.9524103098137147 -2204.6437362569372 0.050893124722221024 23.32818888063745 -5209.483535270583 2.1329893010151322e-05 0.0047404602723810476 -0.0629240582106517
-0.6609498657117386 1.8649982094897044 3.061762667877444 782.3332971214825 546.5883641971802 761.1708864931788 235.80249318202004 3.3723605894672644 3.9524103098137147 -2204.6437362569372 0.050893124722221024 23.32818888063745 -5209.483535270583 2.1329893010151322e-05 0.0047404602723810476 -0.0629240582106517
-0.669788719785146 1.8365174574753795 3.410760146375398 780.5368983985029 546.9595280298215 760.8482666762502 235.5510698180824 3.3723605894672644 3.9524103098137147 -2204.6437362569372 0.050893124722221024 23.32818888063745 -5209.483535270583 2.1329893010151322e-05 0.0047404602723810476 -0.0629240582106517
-0.6963052820053814 1.8041083258728732 3.808898788568222 778.6694314452445 547.3839988077075 759.2952972847343 234.93876550708592 3.3723605894672644 3.9524103098137147 -2204.6437362569372 0.050893124722221024 23.32818888063745 -5209.483535270583 2.1329893010151322e-05 0.0047404602723810476 -0.0629240582106517
-0.7228218442256124 1.7716991942703681 3.8088987885681536 776.7257124549421 547.8740663916444 756.3071320743766 233.949579028058 3.3723605894672644 3.9524103098137147 -2204.6437362569372 0.050893124722221024 23.32818888063745 -5209.483535270583 2.1329893010151322e-05 0.0047404602723810476 -0.0629240582106517
-0.7621056401074432 1.7353616830796772 3.9659321600843156 774.7000561484631 548.4426964137836 751.6677464453387 232.5695867258837 3.3723605894672644 3.9524103098137147 -2204.6437362569372 0.050893124722221024 23.32818888063745 -5209.483535270583 2.1329893010151322e-05 0.0047404602723810476 -0.0629240582106517
-0.8082641002685873 1.6990241718889874 4.045480776145354 772.5862757743109 549.1035302776195 745.1499374424093 230.78694251135494 3.3723605894672644 3.9524103098137147 -2204.6437362569372 0.050893124722221024 23.32818888063745 -5209.483535270583 2.1329893010151322e-05 0.0047404602723810476 -0.0629240582106517
-0.8436195165622257 1.6636687555953436 3.9269908169871623 770.3776831086082 549.8708851579831 736.5153237548802 228.5918778611649 3.3723605894672644 3.9524103098137147 -2204.6437362569372 0.050893124722221024 23.32818888063745 -5209.483535270583 2.1329893010151322e-05 0.0047404602723810476 -0.0629240582106517
-0.8897779767233698 1.6302775290957914 4.08612754278592 768.0670884551175 550.7597540010559 725.514345716656 225.97670181783542 3.3723605894672644 3.9524103098137147 -2204.6437362569372 0.050893124722221024 23.32818888063745 -5209.483535270583 2.1329893010151322e-05 0.0047404602723810476 -0.0629240582106517
-0.9388827215756572 1.5959042076991934 4.101663015995523 765.646800645228 551.7858055243519 711.8862653060714 222.93580098984057 3.3723605894672644 3.9524103098137147 -2204.6437362569372 0.050893124722221024 23.32818888063745 -5209.483535270583 2.1329893010151322e-05 0.0047404602723810476 -0.0629240582106517
-0.9811128021486178 1.5634950760966881 4.0578182130612905 763.1086270379581 552.9653842167256 695.3591661461396 219.4656395515467 3.3723605894672644 3.9524103098137147 -2204.6437362569372 0.050893124722221024 23.32818888063745 -5209.483535270583 2.1329893010151322e-05 0.0047404602723810476 -0.0629240582106517
-1.0292354521038605 1.5261754700089525 4.052760237747814 760.4438735199535 554.3155103383815 675.6499535042894 215.56475924312508 3.3723605894672644 3.9524103098137147 -2204.6437362569372 0.050893124722221024 23.32818888063745 -5209.483535270583 2.1329893010151322e-05 0.0047404602723810476 -0.0629240582106517
-1.073429722470915 1.4888558639212168 4.011129057518403 757.6433445054993 555.8538799208659 652.4643542926133 211.2337793707211 3.3723605894672644 3.9524103098137147 -2204.6437362569372 0.050893124722221024 23.32818888063745 -5209.483535270583 2.1329893010151322e-05 0.0047404602723810476 -0.0629240582106517
-1.1176239928379696 1.452518352730528 4.024244015238816 754.6973429365028 557.598864767056 625.4969170676559 206.47539680633417 3.3723605894672644 3.9524103098137147 -2204.6437362569372 0.050893124722221024 23.32818888063745 -5209.483535270583 2.1329893010151322e-05 0.0047404602723810476 -0.0629240582106517
-1.1686929274843376 1.4142166517457488 4.068887871591363 751.5956702825035 559.5695124511813 594.4310120305818 201.29438598785964 3.3723605894672644 3.9524103098137147 -2204.6437362569372 0.050893124722221024 23.32818888063745 -5209.483535270583 2.1329893010151322e-05 0.0047404602723810476 -0.0629240582106517
-1.215833482542531 1.377879140555058 4.055687318265253 748.3276265406723 561.785546318808 558.9388310269933 195.69759891905778 3.3723605894672644 3.9524103098137147 -2204.6437362569372 0.050893124722221024 23.32818888063745 -5209.483535270583 2.1329893010151322e-05 0.0047404602723810476 -0.0629240582106517
-1.256099373321402 1.342523724261415 3.9918348445404495 744.8820102358097 564.2673654868452 518.6813875471998 189.69396516959932 3.3723605894672644 3.9524103098137147 -2204.6437362569372 0.050893124722221024 23.32818888063745 -5209.483535270583 2.1329893010151322e-05 0.0047404602723810476 -0.0629240582106517
-1.3091324977618686 1.308150402864817 4.137316690652307 741.2471184203425 567.036044843544 473.30851672590506 183.29449187503087 3.3723605894672644 3.9524103098137147 -2204.6437362569372 0.050893124722221024 23.32818888063745 -5209.483535270583 2.1329893010151322e-05 0.0047404602723810476 -0.0629240582106517
