39 -4.06587287376902 -1.3621656222023293 3.5464844398748765 -4.257381378692924 -2.3766696508504936
-4.06587287376902 -1.3621656222023293 3.5464844398748765 514.2891576973489 661.2223190477234 569.3495605824282 216.31593754142523 3.3878046311208587 3.967896587456947 -2240.1024347581897 -0.052211249231442 23.58970666635533 -5351.850187839561 -2.1882334128852595e-05 0.00479129557301254 -0.08256320447655403
-4.082568487018799 -1.3955568487018815 3.605240262590666 512.191016789875 661.5285220267251 564.6689502779627 234.35961527004838 3.3878046311208587 3.967896587456947 -2240.1024347581897 -0.052211249231442 23.58970666635533 -5351.850187839561 -2.1882334128852595e-05 0.00479129557301254 -0.08256320447655403
-4.096317815577439 -1.4260017905102949 3.5657870614936087 509.9879881374072 661.9035636156332 559.8476866324199 253.2946257852018 3.3878046311208587 3.967896587456947 -2240.1024347581897 -0.052211249231442 23.58970666635533 -5351.850187839561 -2.1882334128852595e-05 0.00479129557301254 -0.08256320447655403
-4.108102954341985 -1.4515362578334823 3.57400042916027 507.6965804568026 662.3374456560123 554.907358529279 272.7399663478136 3.3878046311208587 3.967896587456947 -2240.1024347581897 -0.052211249231442 23.58970666635533 -5351.850187839561 -2.1882334128852595e-05 0.00479129557301254 -0.08256320447655403
-4.117923903312442 -1.475106535362579 3.536383773289541 505.3322623996064 662.8206471019075 549.8679135345155 292.34508147090673 3.3878046311208587 3.967896587456947 -2240.1024347581897 -0.052211249231442 23.58970666635533 -5351.850187839561 -2.1882334128852595e-05 0.00479129557301254 -0.08256320447655403
-4.12479856759176 -1.4986768128916745 3.4253867627980537 502.9094625507714 663.3441240192042 544.7476578979986 311.7898628003895 3.3878046311208587 3.967896587456947 -2240.1024347581897 -0.052211249231442 23.58970666635533 -5351.850187839561 -2.1882334128852595e-05 0.00479129557301254 -0.08256320447655403
-4.1336374216651715 -1.52224709042077 3.5003633238604017 500.4415694309864 663.8993095867918 539.5632565520937 330.7846491597593 3.3878046311208587 3.967896587456947 -2240.1024347581897 -0.052211249231442 23.58970666635533 -5351.850187839561 -2.1882334128852595e-05 0.00479129557301254 -0.08256320447655403
-4.142476275738583 -1.5448352730528208 3.5145803753898783 497.9409314909717 664.4781140953419 534.329733110615 349.07022662460804 3.3878046311208587 3.967896587456947 -2240.1024347581897 -0.052211249231442 23.58970666635533 -5351.850187839561 -2.1882334128852595e-05 0.00479129557301254 -0.08256320447655403
-4.15426141450313 -1.5684055505819163 3.6052402625905424 495.4188571193954 665.0729249484721 529.060469870572 366.4178283661604 3.3878046311208587 3.967896587456947 -2240.1024347581897 -0.052211249231442 23.58970666635533 -5351.850187839561 -2.1882334128852595e-05 0.00479129557301254 -0.08256320447655403
-4.170957027752904 -1.591975828111012 3.757889590985818 492.8856146353064 665.6766066617565 523.7672078125179 382.629134811461 3.3878046311208587 3.967896587456947 -2240.1024347581897 -0.052211249231442 23.58970666635533 -5351.850187839561 -2.1882334128852595e-05 0.00479129557301254 -0.08256320447655403
-4.187652641002683 -1.6175102954341993 3.7206669229575935 490.3504322934896 666.2825008634245 518.4600465981057 397.53627352416515 3.3878046311208587 3.967896587456947 -2240.1024347581897 -0.052211249231442 23.58970666635533 -5351.850187839561 -2.1882334128852595e-05 0.00479129557301254 -0.08256320447655403
-4.197473589973139 -1.6440268576544326 3.4962983056007277 487.8214982821373 666.8844262939529 513.1474445719505 411.00181928649545 3.3878046311208587 3.967896587456947 -2240.1024347581897 -0.052211249231442 23.58970666635533 -5351.850187839561 -2.1882334128852595e-05 0.00479129557301254 -0.08256320447655403
-4.214169203222918 -1.6705434198746658 3.703514215846673 485.3059607229661 667.4766788058332 507.83621876116376 422.91879403591156 3.3878046311208587 3.967896587456947 -2240.1024347581897 -0.052211249231442 23.58970666635533 -5351.850187839561 -2.1882334128852595e-05 0.00479129557301254 -0.08256320447655403
-4.2308648164726925 -1.697059982094898 3.7035142158465715 482.80992767203134 668.0540313647944 502.5315448762849 433.21066688373685 3.3878046311208587 3.967896587456947 -2240.1024347581897 -0.052211249231442 23.58970666635533 -5351.850187839561 -2.1882334128852595e-05 0.00479129557301254 -0.08256320447655403
-4.244614145031328 -1.723576544315131 3.6199450849683377 480.33846711809747 668.611734048347 497.23695731093176 441.8313541896641 3.3878046311208587 3.967896587456947 -2240.1024347581897 -0.052211249231442 23.58970666635533 -5351.850187839561 -2.1882334128852595e-05 0.00479129557301254 -0.08256320447655403
-4.264256042972241 -1.7481289167412726 3.8163335958133455 477.8956069845008 669.1455140459584 491.9543491366785 448.7652194388211 3.3878046311208587 3.967896587456947 -2240.1024347581897 -0.052211249231442 23.58970666635533 -5351.850187839561 -2.1882334128852595e-05 0.00479129557301254 -0.08256320447655403
-4.280951656222015 -1.7716991942703681 3.757889590985818 475.4843351289164 669.651575660333 486.68397211446427 454.0270733013749 3.3878046311208587 3.967896587456947 -2240.1024347581897 -0.052211249231442 23.58970666635533 -5351.850187839561 -2.1882334128852595e-05 0.00479129557301254 -0.08256320447655403
-4.29764726947179 -1.7942873769024177 3.7781008693777025 473.1065993424272 670.1266003063647 481.42443668295164 457.6621736586094 3.3878046311208587 3.967896587456947 -2240.1024347581897 -0.052211249231442 23.58970666635533 -5351.850187839561 -2.1882334128852595e-05 0.00479129557301254 -0.08256320447655403
-4.311396598030434 -1.8168755595344686 3.6883814944792004 470.7633073491743 670.5677465107874 476.17271196609363 459.7462255768478 3.3878046311208587 3.967896587456947 -2240.1024347581897 -0.052211249231442 23.58970666635533 -5351.850187839561 -2.1882334128852595e-05 0.00479129557301254 -0.08256320447655403
-4.318271262309753 -1.8414279319606088 3.414601356676448 468.45432680740487 670.9726499132812 470.92412576719653 460.3853812702 3.3878046311208587 3.967896587456947 -2240.1024347581897 -0.052211249231442 23.58970666635533 -5351.850187839561 -2.1882334128852595e-05 0.00479129557301254 -0.08256320447655403
-4.32514592658907 -1.8649982094897044 3.4253867627980537 466.17848530993797 671.339423265541 465.6723645752063 459.7162401713431 3.3878046311208587 3.967896587456947 -2240.1024347581897 -0.052211249231442 23.58970666635533 -5351.850187839561 -2.1882334128852595e-05 0.00479129557301254 -0.08256320447655403
-4.329074306177258 -1.889550581915846 3.3002479157764073 463.9335703823017 671.6666564318584 460.40947356133256 457.9058488868177 3.3878046311208587 3.967896587456947 -2240.1024347581897 -0.052211249231442 23.58970666635533 -5351.850187839561 -2.1882334128852595e-05 0.00479129557301254 -0.08256320447655403
-4.329074306177258 -1.9150850492390343 3.141592653589793 461.7163294850616 671.9534163888311 455.12585657835007 455.15170120447874 3.3878046311208587 3.967896587456947 -2240.1024347581897 -0.052211249231442 23.58970666635533 -5351.850187839561 -2.1882334128852595e-05 0.00479129557301254 -0.08256320447655403
-4.327110116383168 -1.9416016114592665 3.067653615931918 459.5224700110266 672.1992472254205 449.8102761611808 451.68173809349537 3.3878046311208587 3.967896587456947 -2240.1024347581897 -0.052211249231442 23.58970666635533 -5351.850187839561 -2.1882334128852595e-05 0.00479129557301254 -0.08256320447655403
-4.325145926589079 -1.967136078782455 3.064820762320089 457.346659288276 672.4041701428941 444.4498535284074 447.754347730428 3.3878046311208587 3.967896587456947 -2240.1024347581897 -0.052211249231442 23.58970666635533 -5351.850187839561 -2.1882334128852595e-05 0.00479129557301254 -0.08256320447655403
-4.325145926589079 -1.9907063563115495 3.141592653589793 455.182524578413 672.5686834549415 439.0300685807597 443.6583654358983 3.3878046311208587 3.967896587456947 -2240.1024347581897 -0.052211249231442 23.58970666635533 -5351.850187839561 -2.1882334128852595e-05 0.00479129557301254 -0.08256320447655403
-4.329074306177258 -2.0123124440465543 3.3214461533821074 453.02265307633206 672.6937625879073 433.5347599015804 439.71307373046875 3.3878046311208587 3.967896587456947 -2240.1024347581897 -0.052211249231442 23.58970666635533 -5351.850187839561 -2.1882334128852595e-05 0.00479129557301254 -0.08256320447655403
-4.334966875559531 -2.0329364368845146 3.4198923125948473 450.8585919092875 672.7808600798016 427.946124757058 436.26820236071944 3.3878046311208587 3.967896587456947 -2240.1024347581897 -0.052211249231442 23.58970666635533 -5351.850187839561 -2.1882334128852595e-05 0.00479129557301254 -0.08256320447655403
-4.343805729632943 -2.0535604297224723 3.546484439874929 448.68084814294707 672.831905581872 422.24471909564454 433.7039281837642 3.3878046311208587 3.967896587456947 -2240.1024347581897 -0.052211249231442 23.58970666635533 -5351.850187839561 -2.1882334128852595e-05 0.00479129557301254 -0.08256320447655403
-4.352644583706355 -2.0722202327663397 3.5839668765665817 446.47888877184596 672.8493058567401 416.40945754759014 432.4308752864599 3.3878046311208587 3.967896587456947 -2240.1024347581897 -0.052211249231442 23.58970666635533 -5351.850187839561 -2.1882334128852595e-05 0.00479129557301254 -0.08256320447655403
-4.361483437779762 -2.0898979409131613 3.6052402625904474 444.241140725906 672.8359447806724 410.4176134271547 432.89011493325233 3.4320021669248844 3.9726311084776484 -2262.2247599242432 0.05235448205899576 23.546199573862506 -5387.976927298136 2.194236465171664e-05 0.00476782598878456 -0.09548458470166522
-4.375232766338402 -2.1075756490599824 3.8026358224405237 441.95499087055214 672.7951833414263 404.2448187301634 435.5531655848026 3.4320021669248844 3.9726311084776484 -2262.2247599242432 0.05235448205899576 23.546199573862506 -5387.976927298136 2.194236465171664e-05 0.00476782598878456 -0.09548458470166522
-4.386035810205904 -2.127217547000897 3.644435864517595 439.60678600287065 672.730859638832 397.86506413610186 440.92199283093214 3.4320021669248844 3.9726311084776484 -2262.2247599242432 0.05235448205899576 23.546199573862506 -5387.976927298136 2.194236465171664e-05 0.00476782598878456 -0.09548458470166522
-4.396838854073405 -2.1488236347359018 3.605240262590558 437.1818328551017 672.6472888863063 391.25069900543895 449.5290095247328 3.4320021669248844 3.9726311084776484 -2262.2247599242432 0.05235448205899576 23.546199573862506 -5387.976927298136 2.194236465171664e-05 0.00476782598878456 -0.09548458470166522
-4.402731423455678 -2.1753401969561326 3.3602615994637173 434.66439809219446 672.5492634083494 384.3724313832354 461.9370756521821 3.4320021669248844 3.9726311084776484 -2262.2247599242432 0.05235448205899576 23.546199573862506 -5387.976927298136 2.194236465171664e-05 0.00476782598878456 -0.09548458470166522
-4.391928379588181 -2.208731423455686 2.828691425709562 432.03770831262227 672.4420526427566 377.19932799588423 478.73949839919806 3.4320021669248844 3.9726311084776484 -2262.2247599242432 0.05235448205899576 23.546199573862506 -5387.976927298136 2.194236465171664e-05 0.00476782598878456 -0.09548458470166522
-4.370322291853179 -2.2460510295434206 2.6167968819397167 429.28395005175844 672.3314031391637 369.698814250296 500.56003211066127 3.4320021669248844 3.9726311084776484 -2262.2247599242432 0.05235448205899576 23.546199573862506 -5387.976927298136 2.194236465171664e-05 0.00476782598878456 -0.09548458470166522
-4.339877350044764 -2.2882811101163845 2.516957230818201 426.38426977500785 672.2235385598615 361.8366742398357 528.0528783760965 3.4320021669248844 3.9726311084776484 -2262.2247599242432 0.05235448205899576 23.546199573862506 -5387.976927298136 2.194236465171664e-05 0.00476782598878456 -0.09548458470166522
-4.295683079677705 -2.333457475380485 2.3671830588750304 423.3187738824636 672.1251596792717 353.57705073803663 561.9026858918369 3.4320021669248844 3.9726311084776484 -2262.2247599242432 0.05235448205899576 23.546199573862506 -5387.976927298136 2.194236465171664e-05 0.00476782598878456 -0.09548458470166522
-4.257381378692924 -2.3766696508504936 2.4163627413473403 424.9970787212078 661.9442804644423 236.50246570562012 532.0828542239033 3.4320021669248844 3.9726311084776484 -2262.2247599242432 0.05235448205899576 23.546199573862506 -5387.976927298136 2.194236465171664e-05 0.00476782598878456 -0.09548458470166522
-4.223990152193375 -2.4188997314234575 2.4725496553992796 420.55659535960876 662.135159493424 258.15286694234237 489.87006654404104 3.4320021669248844 3.9726311084776484 -2262.2247599242432 0.05235448205899576 23.546199573862506 -5387.976927298136 2.194236465171664e-05 0.00476782598878456 -0.09548458470166522
-4.18077797672336 -2.459165622202329 2.320915016598681 416.30232858186355 662.3028111562162 278.6950227608904 450.3447761195712 3.4320021669248844 3.9726311084776484 -2262.2247599242432 0.05235448205899576 23.546199573862506 -5387.976927298136 2.194236465171664e-05 0.00476782598878456 -0.09548458470166522
-4.152297224709035 -2.4955031333930187 2.4768181587724385 412.2367797260231 662.4489832482504 298.16998082748614 413.4117873935029 3.4320021669248844 3.9726311084776484 -2262.2247599242432 0.05235448205899576 23.546199573862506 -5387.976927298136 2.194236465171664e-05 0.00476782598878456 -0.09548458470166522
-4.115959713518352 -2.527912264995525 2.2991137077861588 408.36227453959873 662.575377977344 316.6179664498195 378.9773754766211 3.4320021669248844 3.9726311084776484 -2262.2247599242432 0.05235448205899576 23.546199573862506 -5387.976927298136 2.194236465171664e-05 0.00476782598878456 -0.09548458470166522
-4.082568487018803 -2.5563930170098486 2.2769954192229425 404.6809631799115 662.6836519637363 334.078382573789 346.9492861540057 3.4320021669248844 3.9726311084776484 -2262.2247599242432 0.05235448205899576 23.546199573862506 -5387.976927298136 2.194236465171664e-05 0.00476782598878456 -0.09548458470166522
-4.067837063563114 -2.58094538943599 2.6011731533190754 401.194820213801 662.7754162400524 350.58980978582986 317.23673587758094 3.4320021669248844 3.9726311084776484 -2262.2247599242432 0.05235448205899576 23.546199573862506 -5387.976927298136 2.194236465171664e-05 0.00476782598878456 -0.09548458470166522
-4.067837063563118 -2.6045156669650855 2.7006826950237794 397.9056446175964 662.8522362513104 366.1900063112844 289.7504117693752 3.4320021669248844 3.9726311084776484 -2262.2247599242432 0.05235448205899576 23.546199573862506 -5387.976927298136 2.194236465171664e-05 0.00476782598878456 -0.09548458470166522
-4.077658012533575 -2.6251396598030445 2.8001922367284835 394.81505977737834 662.9156318549285 380.9159080151003 264.40247162245214 3.4320021669248844 3.9726311084776484 -2262.2247599242432 0.05235448205899576 23.546199573862506 -5387.976927298136 2.194236465171664e-05 0.00476782598878456 -0.09548458470166522
-4.088461056401072 -2.639871083258731 2.8997017784331875 391.924513488455 662.9670773207254 394.80362840229645 241.10654390230775 3.4320021669248844 3.9726311084776484 -2262.2247599242432 0.05235448205899576 23.546199573862506 -5387.976927298136 2.194236465171664e-05 0.00476782598878456 -0.09548458470166522
-4.090425246195166 -2.657548791405552 2.9992113201378916 389.23527795655536 663.008001330978 407.8884586172644 219.77772774221376 3.4320021669248844 3.9726311084776484 -2262.2247599242432 0.05235448205899576 23.546199573862506 -5387.976927298136 2.194236465171664e-05 0.00476782598878456 -0.09548458470166522
-4.095335720680398 -2.6762085944494194 3.0987208618425957 386.74844979611225 663.0397869802764 420.20486744423397 200.33259294647723 3.4320021669248844 3.9726311084776484 -2262.2247599242432 0.05235448205899576 23.546199573862506 -5387.976927298136 2.194236465171664e-05 0.00476782598878456 -0.09548458470166522
-4.116941808415397 -2.6958504923903326 3.1982304035472997 384.4649500317173 663.0637717756617 431.7865013068076 182.68917998950928 3.4320021669248844 3.9726311084776484 -2262.2247599242432 0.05235448205899576 23.546199573862506 -5387.976927298136 2.194236465171664e-05 0.00476782598878456 -0.09548458470166522
-4.124798567591768 -2.7184386750223832 3.2977399452520038 382.385524097248 663.0812476365754 442.6661842679605 166.7670000162907 3.4320021669248844 3.9726311084776484 -2262.2247599242432 0.05235448205899576 23.546199573862506 -5387.976927298136 2.194236465171664e-05 0.00476782598878456 -0.09548458470166522
-4.137565801253355 -2.7429910474485237 3.397249486956708 380.5107418363914 663.0934608948373 452.87591803027317 152.4870348428376 3.4320021669248844 3.9726311084776484 -2262.2247599242432 0.05235448205899576 23.546199573862506 -5387.976927298136 2.194236465171664e-05 0.00476782598878456 -0.09548458470166522
-4.157207699194268 -2.7665613249776193 3.496759028661412 378.84099750229507 663.101612294704 462.4468819380272 139.77173695340753 3.4320021669248844 3.9726311084776484 -2262.2247599242432 0.05235448205899576 23.546199573862506 -5387.976927298136 2.194236465171664e-05 0.00476782598878456 -0.09548458470166522
-4.165064458370635 -2.789149507609669 3.5962685703661164 377.3765097579744 663.1068569927811 471.40943297115155 128.54502950422466 3.4320021669248844 3.9726311084776484 -2262.2247599242432 0.05235448205899576 23.546199573862506 -5387.976927298136 2.194236465171664e-05 0.00476782598878456 -0.09548458470166522
-4.155243509400174 -2.8127197851387655 3.69577811207082 376.1173216756142 663.1103045581622 479.7931057533715 118.73230632254854 3.4320021669248844 3.9726311084776484 -2262.2247599242432 0.05235448205899576 23.546199573862506 -5387.976927298136 2.194236465171664e-05 0.00476782598878456 -0.09548458470166522
-4.147386750223811 -2.8343258728737695 3.795287653775524 375.06330073732533 663.113018972188 487.62661254475825 110.26043190388009 3.4320021669248844 3.9726311084776484 -2262.2247599242432 0.05235448205899576 23.546199573862506 -5387.976927298136 2.194236465171664e-05 0.00476782598878456 -0.09548458470166522
-4.149350940017905 -2.8569140555058214 3.894797195480228 374.21413883464993 663.1160186287889 494.9378432468511 103.05774141475558 3.4320021669248844 3.9726311084776484 -2262.2247599242432 0.05235448205899576 23.546199573862506 -5387.976927298136 2.194236465171664e-05 0.00476782598878456 -0.09548458470166522
-4.16408236347359 -2.8755738585496875 3.9943067371849326 373.5693522688525 663.1202763342008 501.75386539963074 97.0540406932123 3.4320021669248844 3.9726311084776484 -2262.2247599242432 0.05235448205899576 23.546199573862506 -5387.976927298136 2.194236465171664e-05 0.00476782598878456 -0.09548458470166522
-4.173903312444051 -2.892269471799464 4.093816278889636 373.1282817507454 663.1267193070089 508.10092418431304 92.18060624459758 3.4320021669248844 3.9726311084776484 -2262.2247599242432 0.05235448205899576 23.546199573862506 -5387.976927298136 2.194236465171664e-05 0.00476782598878456 -0.09548458470166522
-4.1719391226499525 -2.9060188003581033 4.193325820594341 372.89009240060113 663.136229178257 514.0044424203224 88.37018524901941 3.4320021669248844 3.9726311084776484 -2262.2247599242432 0.05235448205899576 23.546199573862506 -5387.976927298136 2.194236465171664e-05 0.00476782598878456 -0.09548458470166522
-4.167028648164725 -2.9178039391226513 4.292835362299044 372.8537737488514 663.1496419914547 519.4890205669217 85.55699555203319 3.4320021669248844 3.9726311084776484 -2262.2247599242432 0.05235448205899576 23.546199573862506 -5387.976927298136 2.194236465171664e-05 0.00476782598878456 -0.09548458470166522
-4.167028648164725 -2.9236965085049245 4.392344904003749 373.0181397344859 663.1677482024024 524.5784367239103 83.67672567302361 3.4320021669248844 3.9726311084776484 -2262.2247599242432 0.05235448205899576 23.546199573862506 -5387.976927298136 2.194236465171664e-05 0.00476782598878456 -0.09548458470166522
-4.167028648164725 -2.928606982990154 4.491854445708452 373.3818287072063 663.191292679352 529.2956466290634 82.66653480194509 3.4320021669248844 3.9726311084776484 -2262.2247599242432 0.05235448205899576 23.546199573862506 -5387.976927298136 2.194236465171664e-05 0.00476782598878456 -0.09548458470166522
-4.173903312444047 -2.929589077887199 4.591363987413157 373.9433034256508 663.2209747029774 533.6627836613916 82.46505279606208 3.4320021669248844 3.9726311084776484 -2262.2247599242432 0.05235448205899576 23.546199573862506 -5387.976927298136 2.194236465171664e-05 0.00476782598878456 -0.09548458470166522
-4.193545210384956 -2.9256606982990165 4.6908735291178605 374.7008510581509 663.2574479662653 537.7011588381138 83.01238018320873 3.4320021669248844 3.9726311084776484 -2262.2247599242432 0.05235448205899576 23.546199573862506 -5387.976927298136 2.194236465171664e-05 0.00476782598878456 -0.09548458470166522
-4.211222918531779 -2.9178039391226505 4.790383070822565 375.6525831829058 663.3013205747266 541.4312608181499 84.25008816551417 3.4320021669248844 3.9726311084776484 -2262.2247599242432 0.05235448205899576 23.546199573862506 -5387.976927298136 2.194236465171664e-05 0.00476782598878456 -0.09548458470166522
-4.223990152193375 -2.907982990152195 4.889892612527269 376.7964357874007 663.3531550461921 544.8727558974642 86.12121861055493 3.4320021669248844 3.9726311084776484 -2262.2247599242432 0.05235448205899576 23.546199573862506 -5387.976927298136 2.194236465171664e-05 0.00476782598878456 -0.09548458470166522
-4.2239901521933705 -2.8961978513876465 4.989402154231973 378.1301692688721 663.4134683108714 548.0444880130235 88.57028405973688 3.4320021669248844 3.9726311084776484 -2262.2247599242432 0.05235448205899576 23.546199573862506 -5387.976927298136 2.194236465171664e-05 0.00476782598878456 -0.09548458470166522
-4.219079677708146 -2.8814664279319606 5.088911695936677 379.6513684341335 663.4827317114978 550.9644787425641 91.54326772224158 3.4320021669248844 3.9726311084776484 -2262.2247599242432 0.05235448205899576 23.546199573862506 -5387.976927298136 2.194236465171664e-05 0.00476782598878456 -0.09548458470166522
-4.2151512981199675 -2.8608424350940025 5.188421237641381 381.35744249945856 663.5613710030593 553.6499272999354 94.98762348107994 3.4320021669248844 3.9726311084776484 -2262.2247599242432 0.05235448205899576 23.546199573862506 -5387.976927298136 2.194236465171664e-05 0.00476782598878456 -0.09548458470166522
-4.216133393017016 -2.8333437779767245 5.287930779346086 383.24562509107636 663.649766353039 556.1172105420846 98.85227588517591 3.4320021669248844 3.9726311084776484 -2262.2247599242432 0.05235448205899576 23.546199573862506 -5387.976927298136 2.194236465171664e-05 0.00476782598878456 -0.09548458470166522
-4.217115487914061 -2.803880931065355 5.387440321050789 385.31297424447257 663.7482523412837 558.3818829646334 103.08762015355751 3.4320021669248844 3.9726311084776484 -2262.2247599242432 0.05235448205899576 23.546199573862506 -5387.976927298136 2.194236465171664e-05 0.00476782598878456 -0.09548458470166522
-4.213187108325878 -2.767543419874665 5.486949862755493 387.55637240500073 663.8571179600549 560.4586767016444 107.64552218141034 3.4320021669248844 3.9726311084776484 -2262.2247599242432 0.05235448205899576 23.546199573862506 -5387.976927298136 2.194236465171664e-05 0.00476782598878456 -0.09548458470166522
-4.209258728737694 -2.727277529095793 5.586459404460197 389.97252642721287 663.9766066140146 562.3615015286487 112.47931853169575 3.4364010795522644 4.01933254313723 -2277.459225368257 0.052496104947842015 23.708667616133972 -5444.538783950042 2.2001720430780538e-05 0.0048144533069341576 -0.11008918902576399
-4.200419874664278 -2.6850474485228313 5.685968946164902 392.557967575558 664.1069161202104 564.1034448589198 117.54381643095985 3.4364010795522644 4.01933254313723 -2277.459225368257 0.052496104947842015 23.708667616133972 -5444.538783950042 2.2001720430780538e-05 0.0048144533069341576 -0.11008918902576399
-4.1866705461056375 -2.641835273052821 5.7854784878696055 395.3090515242948 664.2481987081046 565.6967717467342 122.79529378656298 3.4364010795522644 4.01933254313723 -2277.459225368257 0.052496104947842015 23.708667616133972 -5444.538783950042 2.2001720430780538e-05 0.0048144533069341576 -0.11008918902576399
-4.174885407341091 -2.595676812891675 5.884988029574309 398.22195835685125 664.4005610195527 567.1529248848092 128.19149916851893 3.4364010795522644 4.01933254313723 -2277.459225368257 0.052496104947842015 23.708667616133972 -5444.538783950042 2.2001720430780538e-05 0.0048144533069341576 -0.11008918902576399
-4.168992837958814 -2.547554162936439 5.984497571279014 401.29269256655243 664.5640641088394 568.4825246070977 133.69165182160214 3.4364010795522644 4.01933254313723 -2277.459225368257 0.052496104947842015 23.708667616133972 -5444.538783950042 2.2001720430780538e-05 0.0048144533069341576 -0.11008918902576399
-4.165064458370635 -2.4974673231871094 6.084007112983718 404.51708305600914 664.7387234426351 569.6953688850626 139.25644165836275 3.4364010795522644 4.01933254313723 -2277.459225368257 0.052496104947842015 23.708667616133972 -5444.538783950042 2.2001720430780538e-05 0.0048144533069341576 -0.11008918902576399
-4.1699749328558635 -2.4483625783348275 6.183516654688422 407.89078313767095 664.9245088999669 570.8004333318677 144.8480292619206 3.4364010795522644 4.01933254313723 -2277.459225368257 0.052496104947842015 23.708667616133972 -5444.538783950042 2.2001720430780538e-05 0.0048144533069341576 -0.11008918902576399
-4.174885407341091 -2.401222023276634 6.179392966722547 411.4092705336807 665.1213447723567 571.8058711995836 150.43004588689655 3.4364010795522644 4.01933254313723 -2277.459225368257 0.052496104947842015 23.708667616133972 -5444.538783950042 2.2001720430780538e-05 0.0048144533069341576 -0.11008918902576399
-4.176849597135181 -2.354081468218443 6.241542728081035 415.0678473756707 665.3291097635883 572.7190133782569 155.96759345801547 3.4364010795522644 4.01933254313723 -2277.459225368257 0.052496104947842015 23.708667616133972 -5444.538783950042 2.2001720430780538e-05 0.0048144533069341576 -0.11008918902576399
-4.18176007162041 -2.3089051029543426 6.1749147163191305 418.8616402045591 665.5476369899989 573.5463684012648 161.42724456777796 3.4364010795522644 4.01933254313723 -2277.459225368257 0.052496104947842015 23.708667616133972 -5444.538783950042 2.2001720430780538e-05 0.0048144533069341576 -0.11008918902576399
-4.1866705461056375 -2.2647108325872876 6.17252808600569 422.78559997156844 665.7767139802672 574.2936224373989 166.77704248251393 3.4364010795522644 4.01933254313723 -2277.459225368257 0.052496104947842015 23.708667616133972 -5444.538783950042 2.2001720430780538e-05 0.0048144533069341576 -0.11008918902576399
-4.191581020590866 -2.2195344673231885 6.174914716319128 426.83450203674147 666.0160826753854 574.9656392969191 171.98650113819167 3.4364010795522644 4.01933254313723 -2277.459225368257 0.052496104947842015 23.708667616133972 -5444.538783950042 2.2001720430780538e-05 0.0048144533069341576 -0.11008918902576399
-4.198455684870184 -2.172393912264996 6.138372808940686 431.00294617033796 666.2654394288911 575.5664604317863 177.02660513855517 3.4364010795522644 4.01933254313723 -2277.459225368257 0.052496104947842015 23.708667616133972 -5444.538783950042 2.2001720430780538e-05 0.0048144533069341576 -0.11008918902576399
-4.20827663384064 -2.125253357206805 6.077789917989817 435.2853565518453 666.5244350065914 576.0993049291428 181.8698097593151 3.4364010795522644 4.01933254313723 -2277.459225368257 0.052496104947842015 23.708667616133972 -5444.538783950042 2.2001720430780538e-05 0.0048144533069341576 -0.11008918902576399
-4.21024082363473 -2.0790948970456595 6.24065777255984 439.6759817704151 666.7926745868535 576.5665695194621 186.49004094814882 3.4364010795522644 4.01933254313723 -2277.459225368257 0.052496104947842015 23.708667616133972 -5444.538783950042 2.2001720430780538e-05 0.0048144533069341576 -0.11008918902576399
-4.215151298119963 -2.0319543419874675 6.179392966722451 444.16889482495026 667.0697177602997 576.9698285716586 190.8626953191124 3.4364010795522644 4.01933254313723 -2277.459225368257 0.052496104947842015 23.708667616133972 -5444.538783950042 2.2001720430780538e-05 0.0048144533069341576 -0.11008918902576399
-4.214169203222918 -1.9848137869292752 0.02083032003619785 448.75799312393065 667.3550785299958 577.3098340944853 194.9646401614882 3.4364010795522644 4.01933254313723 -2277.459225368257 0.052496104947842015 23.708667616133972 -5444.538783950042 2.2001720430780538e-05 0.0048144533069341576 -0.11008918902576399
-4.2161333930170075 -1.9357090420769922 6.243206620056332 453.4369984851801 667.6482253114445 577.586515734205 198.77421342907473 3.4364010795522644 4.01933254313723 -2277.459225368257 0.052496104947842015 23.708667616133972 -5444.538783950042 2.2001720430780538e-05 0.0048144533069341576 -0.11008918902576399
-4.221043867502236 -1.8846401074306187 6.1873261600695715 458.19945713639027 667.948580932527 577.7989807808772 202.27122375182807 3.4364010795522644 4.01933254313723 -2277.459225368257 0.052496104947842015 23.708667616133972 -5444.538783950042 2.2001720430780538e-05 0.0048144533069341576 -0.11008918902576399
-4.220061772605186 -1.833571172784244 0.019228399099776975 463.0387397146551 668.2555226334734 577.9455141602084 205.4369504242204 3.4364010795522644 4.01933254313723 -2277.459225368257 0.052496104947842015 23.708667616133972 -5444.538783950042 2.2001720430780538e-05 0.0048144533069341576 -0.11008918902576399
-4.220061772605186 -1.7825022381378706 -0.0 467.94804126711097 668.568382067031 578.0235784384422 208.25414341781288 3.4364010795522644 4.01933254313723 -2277.459225368257 0.052496104947842015 23.708667616133972 -5444.538783950042 2.2001720430780538e-05 0.0048144533069341576 -0.11008918902576399
-4.222025962399276 -1.730451208594451 6.245467354712756 472.9203812498308 668.8864452982452 578.0298138246872 210.70702336914837 3.4364010795522644 4.01933254313723 -2277.459225368257 0.052496104947842015 23.708667616133972 -5444.538783950042 2.2001720430780538e-05 0.0048144533069341576 -0.11008918902576399
-4.226936436884505 -1.6784001790510317 6.189124072551599 477.94860352913383 669.2089528045763 577.960038162535 212.78128158440813 3.4364010795522644 4.01933254313723 -2277.459225368257 0.052496104947842015 23.708667616133972 -5444.538783950042 2.2001720430780538e-05 0.0048144533069341576 -0.11008918902576399
-4.233811101163822 -1.6253670546105652 6.15427453549563 483.0253763802175 669.5350994759647 577.8092469398398 214.46408004546538 3.4364010795522644 4.01933254313723 -2277.459225368257 0.052496104947842015 23.708667616133972 -5444.538783950042 2.2001720430780538e-05 0.0048144533069341576 -0.11008918902576399
-4.250506714413605 -1.5723339301701 5.978192960365058 488.1431924884091 669.864034614613 577.5716132798698 215.74405140103772 3.4364010795522644 4.01933254313723 -2277.459225368257 0.052496104947842015 23.708667616133972 -5444.538783950042 2.2001720430780538e-05 0.0048144533069341576 -0.11008918902576399
-4.264256042972241 -1.5202829006266805 6.024933087368609 493.29436894884566 670.1948619353279 577.2404879489914 216.61129896668717 3.4364010795522644 4.01933254313723 -2277.459225368257 0.052496104947842015 23.708667616133972 -5444.538783950042 2.2001720430780538e-05 0.0048144533069341576 -0.11008918902576399
-4.283897940913154 -1.46823187108326 5.9223485241465 498.47104726562975 670.5266395650615 576.8083993524779 217.05739673646167 3.4364010795522644 4.01933254313723 -2277.459225368257 0.052496104947842015 23.708667616133972 -5444.538783950042 2.2001720430780538e-05 0.0048144533069341576 -0.11008918902576399
-4.302557743957022 -1.4171629364368865 5.932871094944164 503.66519335267367 670.8583800433844 576.2670535328798 217.07538936892524 3.4364010795522644 4.01933254313723 -2277.459225368257 0.052496104947842015 23.708667616133972 -5444.538783950042 2.2001720430780538e-05 0.0048144533069341576 -0.11008918902576399
-4.321217547000892 -1.3690402864816493 5.9132792397230105 508.8685975339322 671.1890503221584 575.6073341749143 216.65979219274595 3.4364010795522644 4.01933254313723 -2277.459225368257 0.052496104947842015 23.708667616133972 -5444.538783950042 2.2001720430780538e-05 0.0048144533069341576 -0.11008918902576399
-4.342823634735899 -1.3199355416293665 5.868678432594755 514.0728745423839 671.5175717657185 574.8193026012741 215.80659121042117 3.4364010795522644 4.01933254313723 -2277.459225368257 0.052496104947842015 23.708667616133972 -5444.538783950042 2.2001720430780538e-05 0.0048144533069341576 -0.11008918902576399
-4.363447627573856 -1.2698487018800377 5.892578263481917 519.2694635208754 671.8428201506613 573.8921977770515 214.51324309175834 3.4364010795522644 4.01933254313723 -2277.459225368257 0.052496104947842015 23.708667616133972 -5444.538783950042 2.2001720430780538e-05 0.0048144533069341576 -0.11008918902576399
-4.382107430617725 -1.2197618621307078 5.926565171228147 524.4496280219173 672.1636256661513 572.8144363022875 212.77867517760023 3.4364010795522644 4.01933254313723 -2277.459225368257 0.052496104947842015 23.708667616133972 -5444.538783950042 2.2001720430780538e-05 0.0048144533069341576 -0.11008918902576399
-4.3978209489704545 -1.1716392121754708 5.967569645140835 529.6044560071023 672.4787729136733 571.573612421751 210.60328548029065 3.4364010795522644 4.01933254313723 -2277.459225368257 0.052496104947842015 23.708667616133972 -5444.538783950042 2.2001720430780538e-05 0.0048144533069341576 -0.11008918902576399
-4.409606087735005 -1.121552372426142 6.05209463998364 534.7248598485312 672.7870009071266 570.1564980153926 207.98894268181175 3.4364010795522644 4.01933254313723 -2277.459225368257 0.052496104947842015 23.708667616133972 -5444.538783950042 2.2001720430780538e-05 0.0048144533069341576 -0.11008918902576399
-4.418444941808412 -1.0704834377797685 6.111806180790144 539.8015763273288 673.0870030727965 568.5490426064935 204.9389861319214 3.4364010795522644 4.01933254313723 -2277.459225368257 0.052496104947842015 23.708667616133972 -5444.538783950042 2.2001720430780538e-05 0.0048144533069341576 -0.11008918902576399
-4.429247985675918 -1.0174503133393031 6.082231043491424 544.8251666341675 673.3774272493756 566.7363733553793 201.45822585513815 3.4364010795522644 4.01933254313723 -2277.459225368257 0.052496104947842015 23.708667616133972 -5444.538783950042 2.2001720430780538e-05 0.0048144533069341576 -0.11008918902576399
-4.433176365264097 -0.963435094001792 6.210585853449158 549.7860163694422 673.6568756879788 564.7027950629126 197.55294254329056 3.4364010795522644 4.01933254313723 -2277.459225368257 0.052496104947842015 23.708667616133972 -5444.538783950042 2.2001720430780538e-05 0.0048144533069341576 -0.11008918902576399
-4.437104744852281 -0.9094198746642808 6.210585853449075 554.674335543008 673.9239050520773 562.4317901693285 193.23088755831122 3.4364010795522644 4.01933254313723 -2277.459225368257 0.052496104947842015 23.708667616133972 -5444.538783950042 2.2001720430780538e-05 0.0048144533069341576 -0.11008918902576399
-4.439068934646374 -0.8544225604297236 6.247486194500214 559.4801585747337 674.177026417543 559.9060187551659 188.5012829331681 3.4364010795522644 4.01933254313723 -2277.459225368257 0.052496104947842015 23.708667616133972 -5444.538783950042 2.2001720430780538e-05 0.0048144533069341576 -0.11008918902576399
-4.4429973142345585 -0.8013894359892573 6.20924626952163 564.1933442938898 674.4147052727712 557.1073185391724 183.3748213746585 3.4364010795522644 4.01933254313723 -2277.459225368257 0.052496104947842015 23.708667616133972 -5444.538783950042 2.2001720430780538e-05 0.0048144533069341576 -0.11008918902576399
-4.4429973142345585 -0.7493384064458378 -0.0 568.8035759391496 674.6353615183543 554.0167048820294 177.8636662545614 3.4364010795522644 4.01933254313723 -2277.459225368257 0.052496104947842015 23.708667616133972 -5444.538783950042 2.2001720430780538e-05 0.0048144533069341576 -0.11008918902576399
-4.43906893464637 -0.7031799462846925 0.08314123188855492 573.3003611587628 674.8373694675029 550.6143707819283 171.98145161569118 3.4364010795522644 4.01933254313723 -2277.459225368257 0.052496104947842015 23.708667616133972 -5444.538783950042 2.2001720430780538e-05 0.0048144533069341576 -0.11008918902576399
-4.437104744852285 -0.6540752014324107 0.03919560192693077 577.673032010789 675.0190578456313 546.8796868768986 165.74328217376024 3.4364010795522644 4.01933254313723 -2277.459225368257 0.052496104947842015 23.708667616133972 -5444.538783950042 2.2001720430780538e-05 0.0048144533069341576 -0.11008918902576399
-4.437104744852281 -0.6059525514771726 9.094947017729076e-14 581.9107449631556 675.1787097907436 542.7912014457397 159.16573331318796 3.4364010795522644 4.01933254313723 -2277.459225368257 0.052496104947842015 23.708667616133972 -5444.538783950042 2.2001720430780538e-05 0.0048144533069341576 -0.11008918902576399
-4.43808683974933 -0.5558657117278427 6.26395690807981 586.0024808927847 675.3145628530037 538.3266404070891 152.2668510894291 3.4364010795522644 4.01933254313723 -2277.459225368257 0.052496104947842015 23.708667616133972 -5444.538783950042 2.2001720430780538e-05 0.0048144533069341576 -0.11008918902576399
-4.432194270367052 -0.5097072515666986 0.12435499454684014 589.9370450863207 675.4248089952889 533.4629073156975 145.06615222757682 3.37734607662278 3.9394413389672214 -2222.913406577903 -0.052054582943647 23.404621646883168 -5287.639427718774 -2.181667348853594e-05 0.0047381936017348225 -0.06602671472999537
-4.42531960608773 -0.4645308863025958 0.14784936525880743 593.7030672405963 675.5075945925637 528.1760833710432 137.58462412143126 3.37734607662278 3.9394413389672214 -2222.913406577903 -0.052054582943647 23.404621646883168 -5287.639427718774 -2.181667348853594e-05 0.0047381936017348225 -0.06602671472999537
-4.414516562220237 -0.41935452103849646 0.2299044281317061 597.2890014613513 675.5610204323821 522.4414274084847 129.84472483908758 3.37734607662278 3.9394413389672214 -2222.913406577903 -0.052054582943647 23.404621646883168 -5287.639427718774 -2.181667348853594e-05 0.0047381936017348225 -0.06602671472999537
-4.403713518352732 -0.37614234556848775 0.23974310887053288 600.6831262642227 675.5831417147492 516.233375904616 121.8703831168823 3.37734607662278 3.9394413389672214 -2222.913406577903 -0.052054582943647 23.404621646883168 -5287.639427718774 -2.181667348853594e-05 0.0047381936017348225 -0.06602671472999537
-4.386035810205908 -0.332930170098479 0.3805063771124084 603.8735445744242 675.5719680518014 509.52554297586903 113.68699835985899 3.37734607662278 3.9394413389672214 -2222.913406577903 -0.052054582943647 23.404621646883168 -5287.639427718774 -2.181667348853594e-05 0.0047381936017348225 -0.06602671472999537
-4.367376007162044 -0.290700089525515 0.40763150545754967 606.8481837265717 675.5254634683952 502.2907203761861 105.32144064456224 3.37734607662278 3.9394413389672214 -2222.913406577903 -0.052054582943647 23.404621646883168 -5287.639427718774 -2.181667348853594e-05 0.0047381936017348225 -0.06602671472999537
-4.347734109221122 -0.24552372426141453 0.41012734054165545 609.5947954654985 675.4415464015692 494.5008775033057 96.80205072229728 3.37734607662278 3.9394413389672214 -2222.913406577903 -0.052054582943647 23.404621646883168 -5287.639427718774 -2.181667348853594e-05 0.0047381936017348225 -0.06602671472999537
