17 -3.6612497761862106 0.817102954341988 2.3561944901923924 -3.3931378692927443 0.7316606982990141
-3.6612497761862106 0.817102954341988 2.3561944901923924 718.212835624814 654.394033074379 494.0154131054878 104.90105605125427 3.1040195335411154 3.634174621057166 -1880.429985506604 -0.04366471486154125 21.557725020241126 -4308.650598572736 -1.8300383428977836e-05 0.004370540418168084 0.12998318028561426
-3.6484825425246155 0.8072820053715303 2.2264919530364202 717.0801213532686 653.9308239668608 495.76851016283035 120.81694853305817 3.1040195335411154 3.634174621057166 -1880.429985506604 -0.04366471486154125 21.557725020241126 -4308.650598572736 -1.8300383428977836e-05 0.004370540418168084 0.12998318028561426
-3.63571530886302 0.7974610564010748 2.22649195303631 716.0629386305809 653.3794696778059 497.4678140282631 137.21632981300354 3.1040195335411154 3.634174621057166 -1880.429985506604 -0.04366471486154125 21.557725020241126 -4308.650598572736 -1.8300383428977836e-05 0.004370540418168084 0.12998318028561426
-3.6209838854073353 0.788622202327663 2.1112158270655255 715.1493004150689 652.7640593498945 499.1621857881546 154.24852085113525 3.1040195335411154 3.634174621057166 -1880.429985506604 -0.04366471486154125 21.557725020241126 -4308.650598572736 -1.8300383428977836e-05 0.004370540418168084 0.12998318028561426
-3.604288272157561 0.781747538048343 1.961403370492644 714.3281902521849 652.1054997742176 500.8898594379425 172.0415872335434 3.1040195335411154 3.634174621057166 -1880.429985506604 -0.04366471486154125 21.557725020241126 -4308.650598572736 -1.8300383428977836e-05 0.004370540418168084 0.12998318028561426
-3.5875926589077864 0.7758549686660676 1.9100889412490463 713.5895620323718 651.421515494585 502.6784399151802 190.7023401260376 3.1040195335411154 3.634174621057166 -1880.429985506604 -0.04366471486154125 21.557725020241126 -4308.650598572736 -1.8300383428977836e-05 0.004370540418168084 0.12998318028561426
-3.5699149507609627 0.7699623992837957 1.8925468811914061 712.9243401587009 650.7266485095024 504.54490584135056 210.31633591651917 3.1040195335411154 3.634174621057166 -1880.429985506604 -0.04366471486154125 21.557725020241126 -4308.650598572736 -1.8300383428977836e-05 0.004370540418168084 0.12998318028561426
-3.552237242614139 0.766034019695611 1.7894652726689255 712.3244195505977 650.0322590023279 506.495608150959 230.94787561893463 3.1040195335411154 3.634174621057166 -1880.429985506604 -0.04366471486154125 21.557725020241126 -4308.650598572736 -1.8300383428977836e-05 0.004370540418168084 0.12998318028561426
-3.5375058191584543 0.761123545210384 1.8925468811914705 711.7826655730605 649.3465242385864 508.52627032995224 252.64000499248505 3.1040195335411154 3.634174621057166 -1880.429985506604 -0.04366471486154125 21.557725020241126 -4308.650598572736 -1.8300383428977836e-05 0.004370540418168084 0.12998318028561426
-3.52081020590868 0.7571951656222004 1.8018869939908682 711.2929140590131 648.6744396239519 510.62198746204376 275.4145140647888 3.1040195335411154 3.634174621057166 -1880.429985506604 -0.04366471486154125 21.557725020241126 -4308.650598572736 -1.8300383428977836e-05 0.004370540418168084 0.12998318028561426
-3.503132497761856 0.7532667860340191 1.789465272668745 710.8499712869525 648.0178180932999 512.7572281956673 299.27193999290466 3.1040195335411154 3.634174621057166 -1880.429985506604 -0.04366471486154125 21.557725020241126 -4308.650598572736 -1.8300383428977836e-05 0.004370540418168084 0.12998318028561426
-3.488401074306171 0.7493384064458378 1.8313987185421527 710.4496140256524 647.3752901107073 514.895832657814 324.19156312942505 3.1040195335411154 3.634174621057166 -1880.429985506604 -0.04366471486154125 21.557725020241126 -4308.650598572736 -1.8300383428977836e-05 0.004370540418168084 0.12998318028561426
-3.471705461056397 0.7473742166517461 1.6879050713617998 710.0885895527899 646.7423040866852 516.9910141825676 350.13140892982483 3.1040195335411154 3.634174621057166 -1880.429985506604 -0.04366471486154125 21.557725020241126 -4308.650598572736 -1.8300383428977836e-05 0.004370540418168084 0.12998318028561426
-3.456974037600712 0.7444279319606095 1.7681918866447481 709.7646155878901 646.1111261248589 518.9853581190109 377.028249502182 3.1040195335411154 3.634174621057166 -1880.429985506604 -0.04366471486154125 21.557725020241126 -4308.650598572736 -1.8300383428977836e-05 0.004370540418168084 0.12998318028561426
-3.442242614145027 0.741481647269473 1.7681918866447481 709.476380314678 645.4708397090435 520.8108224868774 404.7975996732712 3.1040195335411154 3.634174621057166 -1880.429985506604 -0.04366471486154125 21.557725020241126 -4308.650598572736 -1.8300383428977836e-05 0.004370540418168084 0.12998318028561426
-3.4245649059982033 0.7385353625783353 1.735945004209544 709.2235423848033 644.8073462098837 522.3887374401093 433.3337217569351 3.1040195335411154 3.634174621057166 -1880.429985506604 -0.04366471486154125 21.557725020241126 -4308.650598572736 -1.8300383428977836e-05 0.004370540418168084 0.12998318028561426
-3.4098334825425187 0.7355890778871977 1.7681918866448212 709.0067309550941 644.1033648401499 523.6298060417175 462.5096197128296 3.1040195335411154 3.634174621057166 -1880.429985506604 -0.04366471486154125 21.557725020241126 -4308.650598572736 -1.8300383428977836e-05 0.004370540418168084 0.12998318028561426
-3.3931378692927443 0.7316606982990141 1.8018869939908682 695.7304106354713 635.4145251512527 527.8077803850174 503.8205692768097 3.1040195335411154 3.634174621057166 -1880.429985506604 -0.04366471486154125 21.557725020241126 -4308.650598572736 -1.8300383428977836e-05 0.004370540418168084 0.12998318028561426
-3.37644225604297 0.7277323187108318 1.8018869939908049 702.6485778689384 639.3994708657265 529.1736651398242 502.25969529151917 3.1040195335411154 3.634174621057166 -1880.429985506604 -0.04366471486154125 21.557725020241126 -4308.650598572736 -1.8300383428977836e-05 0.004370540418168084 0.12998318028561426
-3.358764547896146 0.7238039391226493 1.7894652726688052 707.6939423084259 642.170309484005 530.4800868667662 497.75949716567993 3.1040195335411154 3.634174621057166 -1880.429985506604 -0.04366471486154125 21.557725020241126 -4308.650598572736 -1.8300383428977836e-05 0.004370540418168084 0.12998318028561426
-3.3440331244404615 0.7198755595344658 1.8313987185422942 711.0854389667511 643.8796772956848 531.7402129173279 490.81218338012695 3.1040195335411154 3.634174621057166 -1880.429985506604 -0.04366471486154125 21.557725020241126 -4308.650598572736 -1.8300383428977836e-05 0.004370540418168084 0.12998318028561426
-3.327337511190687 0.7149650850492375 1.8568477685122438 713.0308154225349 644.6716937422752 532.9664381593466 481.88147497177124 3.1040195335411154 3.634174621057166 -1880.429985506604 -0.04366471486154125 21.557725020241126 -4308.650598572736 -1.8300383428977836e-05 0.004370540418168084 0.12998318028561426
-3.307695613249774 0.7110367054610562 1.7681918866447117 713.7266322374344 644.6819618940353 534.1703849732876 471.40260648727417 3.1040195335411154 3.634174621057166 -1880.429985506604 -0.04366471486154125 21.557725020241126 -4308.650598572736 -1.8300383428977836e-05 0.004370540418168084 0.12998318028561426
-3.2880537153088607 0.7051441360787809 1.8622531212728264 713.3582624793053 644.0375683903694 535.3629031889141 459.7823238372803 3.1040195335411154 3.634174621057166 -1880.429985506604 -0.04366471486154125 21.557725020241126 -4308.650598572736 -1.8300383428977836e-05 0.004370540418168084 0.12998318028561426
-3.270376007162037 0.698269471799462 1.941687615607492 712.099890589714 642.8570837974548 536.5540701113641 447.3988859653473 3.1040195335411154 3.634174621057166 -1880.429985506604 -0.04366471486154125 21.557725020241126 -4308.650598572736 -1.8300383428977836e-05 0.004370540418168084 0.12998318028561426
-3.252698299015218 0.6894306177260502 2.034443935795804 710.1145145893097 641.2505619525909 537.7531906291842 434.60206365585327 3.1040195335411154 3.634174621057166 -1880.429985506604 -0.04366471486154125 21.557725020241126 -4308.650598572736 -1.8300383428977836e-05 0.004370540418168084 0.12998318028561426
-3.2301101163831705 0.6815738585496864 1.9055331641116864 707.5539440512657 639.3195399045944 538.9687970615923 421.7131414413452 3.1040195335411154 3.634174621057166 -1880.429985506604 -0.04366471486154125 21.557725020241126 -4308.650598572736 -1.8300383428977836e-05 0.004370540418168084 0.12998318028561426
-3.2016293643688454 0.670770814682184 1.9333405640594006 704.558801472187 637.1570386886597 540.208649225533 409.0249140262604 3.1040195335411154 3.634174621057166 -1880.429985506604 -0.04366471486154125 21.557725020241126 -4308.650598572736 -1.8300383428977836e-05 0.004370540418168084 0.12998318028561426
-3.1662739480751982 0.6580035810205909 1.917335191228795 701.2585218548775 634.8475628495216 541.4797344170511 396.80169069767 3.1040195335411154 3.634174621057166 -1880.429985506604 -0.04366471486154125 21.557725020241126 -4308.650598572736 -1.8300383428977836e-05 0.004370540418168084 0.12998318028561426
-3.130918531781555 0.6403258728737695 2.0344439357957027 697.77135181427 632.4671002626419 542.7882674746215 385.27929282188416 3.1040195335411154 3.634174621057166 -1880.429985506604 -0.04366471486154125 21.557725020241126 -4308.650598572736 -1.8300383428977836e-05 0.004370540418168084 0.12998318028561426
-3.090652641002684 0.6206839749328552 2.024640328316438 694.204351246357 630.0831226706505 544.1396906711161 374.6650538444519 3.1040195335411154 3.634174621057166 -1880.429985506604 -0.04366471486154125 21.557725020241126 -4308.650598572736 -1.8300383428977836e-05 0.004370540418168084 0.12998318028561426
-3.0523509400179027 0.6010420769919421 2.0446476632896475 690.6533920764923 627.7545848488808 545.5386738181114 365.13781929016113 3.1040195335411154 3.634174621057166 -1880.429985506604 -0.04366471486154125 21.557725020241126 -4308.650598572736 -1.8300383428977836e-05 0.004370540418168084 0.12998318028561426
-3.016013428827215 0.5774717994628465 2.1462209773301995 687.2031587362289 625.5319257974625 546.9891141951084 356.8479484319687 3.1040195335411154 3.634174621057166 -1880.429985506604 -0.04366471486154125 21.557725020241126 -4308.650598572736 -1.8300383428977836e-05 0.004370540418168084 0.12998318028561426
-2.97378334825425 0.553901521933751 2.079867215217258 683.9271481633186 623.457067668438 548.4941365756094 349.91731202602386 3.1040195335411154 3.634174621057166 -1880.429985506604 -0.04366471486154125 21.557725020241126 -4308.650598572736 -1.8300383428977836e-05 0.004370540418168084 0.12998318028561426
-2.9295890778871954 0.5293491495076095 2.0778948311872334 680.8876692056656 621.5634161829948 550.0560932457447 344.43929266929626 3.1040195335411154 3.634174621057166 -1880.429985506604 -0.04366471486154125 21.557725020241126 -4308.650598572736 -1.8300383428977836e-05 0.004370540418168084 0.12998318028561426
-2.8883410922112707 0.5038146821844222 2.1251038229963743 678.1358438134193 619.8758603930473 551.6765639707446 340.4787874221802 3.1040195335411154 3.634174621057166 -1880.429985506604 -0.04366471486154125 21.557725020241126 -4308.650598572736 -1.8300383428977836e-05 0.004370540418168084 0.12998318028561426
-2.8490572963294487 0.47631602506714305 2.1815222911841703 675.7116057872772 618.4107735753059 553.3563559949398 338.0722031593323 3.1040195335411154 3.634174621057166 -1880.429985506604 -0.04366471486154125 21.557725020241126 -4308.650598572736 -1.8300383428977836e-05 0.004370540418168084 0.12998318028561426
-2.8127197851387655 0.4488173679498651 2.21860775372207 673.6437013745308 617.1760119795799 555.0955040752888 337.22746181488037 3.1040195335411154 3.634174621057166 -1880.429985506604 -0.04366471486154125 21.557725020241126 -4308.650598572736 -1.8300383428977836e-05 0.004370540418168084 0.12998318028561426
-2.783256938227396 0.42230080572963186 2.3036114285814118 671.9496899843216 616.1709154844284 556.8932704813778 337.9239956140518 3.1040195335411154 3.634174621057166 -1880.429985506604 -0.04366471486154125 21.557725020241126 -4308.650598572736 -1.8300383428977836e-05 0.004370540418168084 0.12998318028561426
-2.753794091316022 0.3987305282005363 2.245537269018371 670.6359428167343 615.3863077759743 558.7481449022889 340.11275148391724 3.1040195335411154 3.634174621057166 -1880.429985506604 -0.04366471486154125 21.557725020241126 -4308.650598572736 -1.8300383428977836e-05 0.004370540418168084 0.12998318028561426
-2.72924171888988 0.3771244404655325 2.2924511776596423 669.6976432204247 614.804495871067 560.6578446179628 343.7161866426468 3.1040195335411154 3.634174621057166 -1880.429985506604 -0.04366471486154125 21.557725020241126 -4308.650598572736 -1.8300383428977836e-05 0.004370540418168084 0.12998318028561426
-2.7970062667860316 0.35551835273052756 4.355477044033018 669.1187877655029 614.3992701768875 562.6193143129349 348.62827229499817 3.1040195335411154 3.634174621057166 -1880.429985506604 -0.04366471486154125 21.557725020241126 -4308.650598572736 -1.8300383428977836e-05 0.004370540418168084 0.12998318028561426
-2.863788719785138 0.33784064458370616 4.411468746024281 668.8721845149994 614.1359049081802 564.6287262365222 354.71449196338654 3.1040195335411154 3.634174621057166 -1880.429985506604 -0.04366471486154125 21.557725020241126 -4308.650598572736 -1.8300383428977836e-05 0.004370540418168084 0.12998318028561426
-2.924678603401967 0.3221271262309754 4.413890048798496 668.9194542169571 613.9711580872536 566.6814800836146 361.81183981895447 3.1040195335411154 3.634174621057166 -1880.429985506604 -0.04366471486154125 21.557725020241126 -4308.650598572736 -1.8300383428977836e-05 0.004370540418168084 0.12998318028561426
-2.9796759176365275 0.3083777976723353 4.416948143240973 669.2110307216644 613.8532707691193 568.7722030282021 369.7288248538971 3.1040195335411154 3.634174621057166 -1880.429985506604 -0.04366471486154125 21.557725020241126 -4308.650598572736 -1.8300383428977836e-05 0.004370540418168084 0.12998318028561426
-3.0268164726947164 0.29757475380483395 4.4306171131113405 669.686159491539 613.7219678163528 570.894749827683 378.2454676628113 2.634233777879142 3.066718054184138 -1592.6433556720829 0.002734104704039345 20.905732931772718 -5106.254503270296 4.8736269234201366e-06 0.0036973618012087427 0.0955081071736687
-3.076903312444044 0.28775380483437624 4.473157380420998 670.2728992700577 613.5084574818611 573.0422026254237 387.11330008506775 2.634233777879142 3.066718054184138 -1592.6433556720829 0.002734104704039345 20.905732931772718 -5106.254503270296 4.8736269234201366e-06 0.0036973618012087427 0.0955081071736687
-3.117169203222915 0.27989704565801143 4.459834704606637 670.8881197571754 613.13543176651 575.2068711258471 396.0553689002991 2.634233777879142 3.066718054184138 -1592.6433556720829 0.002734104704039345 20.905732931772718 -5106.254503270296 4.8736269234201366e-06 0.0036973618012087427 0.0955081071736687
-3.14564995523724 0.27204028648164774 4.313866534718358 671.4375042319298 612.517066180706 577.38029249385 404.76623153686523 2.634233777879142 3.066718054184138 -1592.6433556720829 0.002734104704039345 20.905732931772718 -5106.254503270296 4.8736269234201366e-06 0.0036973618012087427 0.0955081071736687
-3.1652918531781533 0.2651656222023277 4.101663015995451 671.8155481219292 611.5590195655823 579.5532313920557 412.911957859993 2.634233777879142 3.066718054184138 -1592.6433556720829 0.002734104704039345 20.905732931772718 -5106.254503270296 4.8736269234201366e-06 0.0036973618012087427 0.0955081071736687
-3.169220232766337 0.2602551477170983 2.265534602991786 671.9055594205856 610.1584346294403 581.7156799957156 420.1301317214966 2.634233777879142 3.066718054184138 -1592.6433556720829 0.002734104704039345 20.905732931772718 -5106.254503270296 4.8736269234201366e-06 0.0036973618012087427 0.0955081071736687
-3.080831692032223 0.2602551477170983 3.141592653589793 671.5796580314636 608.2039374113083 583.8568579480052 426.02984726428986 2.634233777879142 3.066718054184138 -1592.6433556720829 0.002734104704039345 20.905732931772718 -5106.254503270296 4.8736269234201366e-06 0.0036973618012087427 0.0955081071736687
-2.964944494180838 0.2592730528200524 1.5792707001978694 670.6987767219543 605.5756377577782 585.9652124010026 430.1917133331299 2.634233777879142 3.066718054184138 -1592.6433556720829 0.002734104704039345 20.905732931772718 -5106.254503270296 4.8736269234201366e-06 0.0036973618012087427 0.0955081071736687
-2.855931960608771 0.26123724261414416 1.552780258240837 669.1126608848572 602.1451286673546 588.0284180119634 432.16784930229187 2.634233777879142 3.066718054184138 -1592.6433556720829 0.002734104704039345 20.905732931772718 -5106.254503270296 4.8736269234201366e-06 0.0036973618012087427 0.0955081071736687
-2.7498657117278427 0.26614771709937357 1.524533064370528 666.6598671078682 597.7754868268967 590.0333768725395 431.48188757896423 2.634233777879142 3.066718054184138 -1592.6433556720829 0.002734104704039345 20.905732931772718 -5106.254503270296 4.8736269234201366e-06 0.0036973618012087427 0.0955081071736687
-2.631032229185319 0.2740044762757384 1.504776709316223 663.1677663326263 592.3212730288506 591.9662186466157 427.62897431850433 2.634233777879142 3.066718054184138 -1592.6433556720829 0.002734104704039345 20.905732931772718 -5106.254503270296 4.8736269234201366e-06 0.0036973618012087427 0.0955081071736687
-2.5288943598925653 0.28382542524619386 1.4749371796848993 658.452539741993 585.6285306811333 593.8123004361987 420.07576608657837 2.634233777879142 3.066718054184138 -1592.6433556720829 0.002734104704039345 20.905732931772718 -5106.254503270296 4.8736269234201366e-06 0.0036973618012087427 0.0955081071736687
-2.4532730528200513 0.2956105640107422 1.4161957813636865 652.3191828131676 577.5347875356674 595.5562068596482 408.2604339122772 2.634233777879142 3.066718054184138 -1592.6433556720829 0.002734104704039345 20.905732931772718 -5106.254503270296 4.8736269234201366e-06 0.0036973618012087427 0.0955081071736687
-2.398275738585491 0.30935989256938007 1.3258176636680707 644.5615021586418 567.8690541982651 597.1817500330508 391.59265995025635 2.634233777879142 3.066718054184138 -1592.6433556720829 0.002734104704039345 20.905732931772718 -5106.254503270296 4.8736269234201366e-06 0.0036973618012087427 0.0955081071736687
-2.358991942703669 0.32507341092211195 1.190289949682463 634.9621177315712 556.4518253207207 598.6719695441425 369.4536395072937 2.634233777879142 3.066718054184138 -1592.6433556720829 0.002734104704039345 20.905732931772718 -5106.254503270296 4.8736269234201366e-06 0.0036973618012087427 0.0955081071736687
-2.3432784243509395 0.34078692927484266 0.7853981633974128 623.2924614548683 543.0950791239738 600.0091324523091 341.19607865810394 2.634233777879142 3.066718054184138 -1592.6433556720829 0.002734104704039345 20.905732931772718 -5106.254503270296 4.8736269234201366e-06 0.0036973618012087427 0.0955081071736687
-2.0761486123545265 0.31328827215756583 1.8357132632544673 609.3127769827843 527.6022771000862 601.1747333966196 306.14419853687286 2.634233777879142 3.066718054184138 -1592.6433556720829 0.002734104704039345 20.905732931772718 -5106.254503270296 4.8736269234201366e-06 0.0036973618012087427 0.0955081071736687
-1.8404458370635641 0.2857896150402867 1.838288334337785 592.7721216678619 509.76836436986923 602.1494944281876 263.59373247623444 2.634233777879142 3.066718054184138 -1592.6433556720829 0.002734104704039345 20.905732931772718 -5106.254503270296 4.8736269234201366e-06 0.0036973618012087427 0.0955081071736687
-1.6096535362578324 0.25632676812891586 1.8392886485886975 573.4083645939827 489.37976974248886 602.9133651256561 212.81192290782928 2.634233777879142 3.066718054184138 -1592.6433556720829 0.002734104704039345 20.905732931772718 -5106.254503270296 4.8736269234201366e-06 0.0036973618012087427 0.0955081071736687
