22 -1.1873527305282106 1.4436794986571162 3.34290976196443 -1.3896642793196061 -0.4164082363473599
-1.1873527305282106 1.4436794986571162 3.34290976196443 759.8623527192394 549.5082025263691 540.5230289325118 275.62568984925747 3.159477518643587 3.7080283823813707 -1907.5975452629211 -0.0453787220154199 21.98255497490822 -4214.877622162575 -1.9018743510234716e-05 0.004462156098061851 0.14814339454538186
-1.2060125335720744 1.3454700089525504 3.3293546001033514 751.3539619799558 550.14916243474 446.9231728091836 235.6358844935894 3.159477518643587 3.7080283823813707 -1907.5975452629211 -0.0453787220154199 21.98255497490822 -4214.877622162575 -1.9018743510234716e-05 0.004462156098061851 0.14814339454538186
-1.2187797672336653 1.2482426141450305 3.272158748389394 743.3036573649006 550.4579650725937 390.335734128952 217.0577665939927 3.159477518643587 3.7080283823813707 -1907.5975452629211 -0.0453787220154199 21.98255497490822 -4214.877622162575 -1.9018743510234716e-05 0.004462156098061851 0.14814339454538186
-1.2217260519247997 1.1519973142345554 3.1721953415184836 735.6604003423272 550.534650197369 362.8582718372345 215.29978682100773 3.159477518643587 3.7080283823813707 -1907.5975452629211 -0.0453787220154199 21.98255497490822 -4214.877622162575 -1.9018743510234716e-05 0.004462156098061851 0.14814339454538186
-1.2187797672336653 1.0616445837063566 3.1089955084718692 728.3737255642627 550.4675251655281 357.37715455144644 226.2171391248703 3.159477518643587 3.7080283823813707 -1907.5975452629211 -0.0453787220154199 21.98255497490822 -4214.877622162575 -1.9018743510234716e-05 0.004462156098061851 0.14814339454538186
-1.211905102954343 0.9762023276633839 3.061305838306746 721.3937408663915 550.3331649325555 367.56756073236465 246.11176083236933 3.159477518643587 3.7080283823813707 -1907.5975452629211 -0.0453787220154199 21.98255497490822 -4214.877622162575 -1.9018743510234716e-05 0.004462156098061851 0.14814339454538186
-1.2050304386750252 0.8986168307967771 3.053215867444967 714.6711272680113 550.1964120568009 387.8934786990285 271.7323325648904 3.159477518643587 3.7080283823813707 -1907.5975452629211 -0.0453787220154199 21.98255497490822 -4214.877622162575 -1.9018743510234716e-05 0.004462156098061851 0.14814339454538186
-1.2040483437779803 0.8210313339301692 3.128935101755753 708.1571389723686 550.1103766944725 413.6077063307166 300.2742782831192 3.159477518643587 3.7080283823813707 -1907.5975452629211 -0.0453787220154199 21.98255497490822 -4214.877622162575 -1.9018743510234716e-05 0.004462156098061851 0.14814339454538186
-1.2069946284691146 0.7454100268576542 3.180533996686797 701.8036033662502 550.1164366015 440.7518514022231 329.37976529449224 3.159477518643587 3.7080283823813707 -1907.5975452629211 -0.0453787220154199 21.98255497490822 -4214.877622162575 -1.9018743510234716e-05 0.004462156098061851 0.14814339454538186
-1.2089588182632043 0.6688066248880934 3.1672280621114473 695.5629210202023 550.2442371345824 466.1563314720988 357.137704230845 3.159477518643587 3.7080283823813707 -1907.5975452629211 -0.0453787220154199 21.98255497490822 -4214.877622162575 -1.9018743510234716e-05 0.004462156098061851 0.14814339454538186
-1.2148513876454818 0.5941674127126221 3.220376614578983 689.3880656883703 550.5116912497906 487.4403737857938 382.0837489962578 3.159477518643587 3.7080283823813707 -1907.5975452629211 -0.0453787220154199 21.98255497490822 -4214.877622162575 -1.9018743510234716e-05 0.004462156098061851 0.14814339454538186
-1.2246723366159429 0.5205102954341988 3.2741441858865286 683.2325843088038 550.9249795045471 503.0120153874159 403.2002969160676 3.159477518643587 3.7080283823813707 -1907.5975452629211 -0.0453787220154199 21.98255497490822 -4214.877622162575 -1.9018743510234716e-05 0.004462156098061851 0.14814339454538186
-1.2433321396598112 0.44587108325872743 3.386571316716664 677.0505970031663 551.4785500542494 512.0681031569839 419.9164885804057 3.159477518643587 3.7080283823813707 -1907.5975452629211 -0.0453787220154199 21.98255497490822 -4214.877622162575 -1.9018743510234716e-05 0.004462156098061851 0.14814339454538186
-1.2649382273948138 0.3702497761862124 3.419892312594885 670.7967970767932 552.1551186550641 514.5942935943604 432.1082079336047 3.159477518643587 3.7080283823813707 -1907.5975452629211 -0.0453787220154199 21.98255497490822 -4214.877622162575 -1.9018743510234716e-05 0.004462156098061851 0.14814339454538186
-1.2934189794091389 0.2936463742166504 3.4975503917577857 664.4264510187495 552.9256686647423 511.3650531619787 440.09808222204447 3.159477518643587 3.7080283823813707 -1907.5975452629211 -0.0453787220154199 21.98255497490822 -4214.877622162575 -1.9018743510234716e-05 0.004462156098061851 0.14814339454538186
-1.3218997314234637 0.21507878245299888 3.489359641446823 657.8953985018452 553.7494510371471 503.9436578527093 444.6554820537567 3.159477518643587 3.7080283823813707 -1907.5975452629211 -0.0453787220154199 21.98255497490822 -4214.877622162575 -1.9018743510234716e-05 0.004462156098061851 0.14814339454538186
-1.3503804834377844 0.1335649059982086 3.477730704375319 651.16005238262 554.5739843306364 494.6821936368942 446.9965213909745 3.159477518643587 3.7080283823813707 -1907.5975452629211 -0.0453787220154199 21.98255497490822 -4214.877622162575 -1.9018743510234716e-05 0.004462156098061851 0.14814339454538186
-1.3660940017905185 0.05008683974932879 3.3276508307388406 644.1773987011984 555.3350546999136 486.7215562015772 448.78405743837357 3.159477518643587 3.7080283823813707 -1907.5975452629211 -0.0453787220154199 21.98255497490822 -4214.877622162575 -1.9018743510234716e-05 0.004462156098061851 0.14814339454538186
-1.3778791405550646 -0.036337511190688676 3.2771203675752743 636.9049966816383 555.9567159018479 483.9914508908987 452.1276908069849 3.159477518643587 3.7080283823813707 -1907.5975452629211 -0.0453787220154199 21.98255497490822 -4214.877622162575 -1.9018743510234716e-05 0.004462156098061851 0.14814339454538186
-1.3896642793196106 -0.12472605192479791 3.2756158551698364 629.3009787314222 556.3512892919825 491.2103929296136 459.5837653800845 3.159477518643587 3.7080283823813707 -1907.5975452629211 -0.0453787220154199 21.98255497490822 -4214.877622162575 -1.9018743510234716e-05 0.004462156098061851 0.14814339454538186
-1.3975210384959733 -0.21998925693822718 3.224733885478206 621.3240504420828 556.4193638266297 513.8857072740793 474.1553684473038 3.159477518643587 3.7080283823813707 -1907.5975452629211 -0.0453787220154199 21.98255497490822 -4214.877622162575 -1.9018743510234716e-05 0.004462156098061851 0.14814339454538186
-1.396538943598924 -0.31819874664279413 3.1314919870044347 612.9334905884607 556.0497960624052 558.3135285973549 499.2923305556178 3.159477518643587 3.7080283823813707 -1907.5975452629211 -0.0453787220154199 21.98255497490822 -4214.877622162575 -1.9018743510234716e-05 0.004462156098061851 0.14814339454538186
-1.3896642793196061 -0.4164082363473599 3.0710030637709376 599.238952184387 557.8754560200905 539.1675780917285 551.7050740676932 3.159477518643587 3.7080283823813707 -1907.5975452629211 -0.0453787220154199 21.98255497490822 -4214.877622162575 -1.9018743510234716e-05 0.004462156098061851 0.14814339454538186
-1.3798433303491542 -0.5146177260519268 3.040924001432011 593.1896299241926 556.4524702806084 524.0724347775104 509.3898944364628 3.222466412323599 3.7715693192194286 -1952.1302827778943 0.045422895455850515 22.21213899428217 -4317.21742680505 1.9037257106391774e-05 0.004534098386506811 0.11503604843166367
-1.3660940017905139 -0.6128272157564916 3.0011100251993863 586.8233513269806 555.4808312022506 511.34503961971495 470.8691704014782 3.222466412323599 3.7715693192194286 -1952.1302827778943 0.045422895455850515 22.21213899428217 -4317.21742680505 1.9037257106391774e-05 0.004534098386506811 0.11503604843166367
-1.3552909579230126 -0.7100546105640114 3.029815612055323 580.1878427453048 554.9350267226691 500.813291119528 435.9292784004938 3.222466412323599 3.7715693192194286 -1952.1302827778943 0.045422895455850515 22.21213899428217 -4317.21742680505 1.9037257106391774e-05 0.004534098386506811 0.11503604843166367
-1.351362578334829 -0.8062999104744867 3.100378890931464 573.3293210414704 554.79008257245 492.31004470051266 404.36210415686946 3.222466412323599 3.7715693192194286 -1952.1302827778943 0.045422895455850515 22.21213899428217 -4317.21742680505 1.9037257106391774e-05 0.004534098386506811 0.11503604843166367
-1.3631477170993798 -0.9005810205908678 3.267242984199669 566.2924935886695 555.0215622751275 485.6731127075618 375.9650426778244 3.222466412323599 3.7715693192194286 -1952.1302827778943 0.045422895455850515 22.21213899428217 -4317.21742680505 1.9037257106391774e-05 0.004534098386506811 0.11503604843166367
-1.380825425246199 -0.9919158460161158 3.334804137437567 559.1205582703988 555.6055671473005 480.7452644073637 350.54099825560115 3.222466412323599 3.7715693192194286 -1952.1302827778943 0.045422895455850515 22.21213899428217 -4317.21742680505 1.9037257106391774e-05 0.004534098386506811 0.11503604843166367
-1.402431512981206 -1.080304386750224 3.381335762460281 551.8552034802269 556.5187362986471 477.37422598840203 327.89838446769863 3.222466412323599 3.7715693192194286 -1952.1302827778943 0.045422895455850515 22.21213899428217 -4317.21742680505 1.9037257106391774e-05 0.004534098386506811 0.11503604843166367
-1.4240376007162088 -1.1618182632050154 3.4006946713691772 544.5366081224347 557.7382466315321 475.4126805603737 307.8511241773376 3.222466412323599 3.7715693192194286 -1952.1302827778943 0.045422895455850515 22.21213899428217 -4317.21742680505 1.9037257106391774e-05 0.004534098386506811 0.11503604843166367
-1.4485899731423502 -1.240385854968668 3.4444775219647643 537.2034416112001 559.2418128417776 474.71826815395616 290.2186495310161 3.222466412323599 3.7715693192194286 -1952.1302827778943 0.045422895455850515 22.21213899428217 -4317.21742680505 1.9037257106391774e-05 0.004534098386506811 0.11503604843166367
-1.4800170098478138 -1.3189534467323205 3.5220990307021873 529.8928638716461 561.0076874179649 475.1535857222043 274.82590196153615 3.222466412323599 3.7715693192194286 -1952.1302827778943 0.045422895455850515 22.21213899428217 -4317.21742680505 1.9037257106391774e-05 0.004534098386506811 0.11503604843166367
-1.526175470008958 -1.3945747538048356 3.6896165700140573 522.6405253387056 563.0146606416092 476.5861871410161 261.5033321873052 3.222466412323599 3.7715693192194286 -1952.1302827778943 0.045422895455850515 22.21213899428217 -4317.21742680505 1.9037257106391774e-05 0.004534098386506811 0.11503604843166367
-1.5782264995523796 -1.4701960608773517 3.7444309638563475 515.4805669581401 565.2420605873049 478.8885832048254 250.08690020849463 3.222466412323599 3.7715693192194286 -1952.1302827778943 0.045422895455850515 22.21213899428217 -4317.21742680505 1.9037257106391774e-05 0.004534098386506811 0.11503604843166367
-1.6332238137869401 -1.5448352730528208 3.7766193889801434 508.4456201857247 567.6697531227983 481.93824163265526 240.41807531518862 3.222466412323599 3.7715693192194286 -1952.1302827778943 0.045422895455850515 22.21213899428217 -4317.21742680505 1.9037257106391774e-05 0.004534098386506811 0.11503604843166367
-1.6931316025067245 -1.6155461056401086 3.8444718625542493 501.5668069877429 570.2781419086532 485.61758706346154 232.34383607760537 3.222466412323599 3.7715693192194286 -1952.1302827778943 0.045422895455850515 22.21213899428217 -4317.21742680505 1.9037257106391774e-05 0.004534098386506811 0.11503604843166367
-1.7726812891674129 -1.6774180841539847 4.051345811533946 494.87373984081205 573.0481683985272 489.814001058694 225.71667035412975 3.222466412323599 3.7715693192194286 -1952.1302827778943 0.045422895455850515 22.21213899428217 -4317.21742680505 1.9037257106391774e-05 0.004534098386506811 0.11503604843166367
-1.8600877350044818 -1.7333974932855876 4.1427570133943075 488.3945217321161 575.961311838968 494.4198221003171 220.3945752873551 3.222466412323599 3.7715693192194286 -1952.1302827778943 0.045422895455850515 22.21213899428217 -4317.21742680505 1.9037257106391774e-05 0.004534098386506811 0.11503604843166367
-1.9553509400179088 -1.7844664279319624 4.220293763213849 482.1557461587363 578.9995892695879 499.33234559278935 216.24105730396695 3.222466412323599 3.7715693192194286 -1952.1302827778943 0.045422895455850515 22.21213899428217 -4317.21742680505 1.9037257106391774e-05 0.004534098386506811 0.11503604843166367
-2.0643634735899803 -1.8316069829901536 4.304239876629616 476.1824971284077 582.1455555232096 504.45382386341225 213.12513211613987 3.222466412323599 3.7715693192194286 -1952.1302827778943 0.045422895455850515 22.21213899428217 -4317.21742680505 1.9037257106391774e-05 0.004534098386506811 0.11503604843166367
-2.184179051029549 -1.8738370635631152 4.37352518237092 470.4983491592575 585.3823032252985 509.69146615767386 210.9213247213047 3.222466412323599 3.7715693192194286 -1952.1302827778943 0.045422895455850515 22.21213899428217 -4317.21742680505 1.9037257106391774e-05 0.004534098386506811 0.11503604843166367
-2.3079230080573057 -1.911156669650852 4.419476582859161 465.1253672798048 588.6934627946321 514.9574386455351 209.50966940261424 3.222466412323599 3.7715693192194286 -1952.1302827778943 0.045422895455850515 22.21213899428217 -4317.21742680505 1.9037257106391774e-05 0.004534098386506811 0.11503604843166367
-2.4306848701880126 -1.946512085944496 4.431977392101327 460.08410702852416 592.0632024428342 520.1688644171227 208.77570972591639 3.222466412323599 3.7715693192194286 -1952.1302827778943 0.045422895455850515 22.21213899428217 -4317.21742680505 1.9037257106391774e-05 0.004534098386506811 0.11503604843166367
-2.5495183527305363 -1.9828495971351845 4.4156332196069705 455.3936144549225 595.4762281745352 525.247823486221 208.6104985444108 3.222466412323599 3.7715693192194286 -1952.1302827778943 0.045422895455850515 22.21213899428217 -4317.21742680505 1.9037257106391774e-05 0.004534098386506811 0.11503604843166367
-2.6722802148612392 -2.0162408236347367 4.446813979200718 451.0714261182875 598.9177837873431 530.1213527854998 208.9105979949236 3.222466412323599 3.7715693192194286 -1952.1302827778943 0.045422895455850515 22.21213899428217 -4317.21742680505 1.9037257106391774e-05 0.004534098386506811 0.11503604843166367
-2.7891495076096735 -2.048649955237243 4.4418755933914715 447.1335690886481 602.3736508720758 534.7214461711701 209.57807949953713 3.222466412323599 3.7715693192194286 -1952.1302827778943 0.045422895455850515 22.21213899428217 -4317.21742680505 1.9037257106391774e-05 0.004534098386506811 0.11503604843166367
-2.882448522829011 -2.0859695613249776 4.331882603272328 443.59456094613415 605.8301488122961 538.9850544191431 210.52052376559004 3.222466412323599 3.7715693192194286 -1952.1302827778943 0.045422895455850515 22.21213899428217 -4317.21742680505 1.9037257106391774e-05 0.004534098386506811 0.11503604843166367
-2.966908683974937 -2.1223070725156674 4.306094670475041 440.4674097812094 609.2741347847477 542.8540852301521 211.6510207846295 3.222466412323599 3.7715693192194286 -1952.1302827778943 0.045422895455850515 22.21213899428217 -4317.21742680505 1.9037257106391774e-05 0.004534098386506811 0.11503604843166367
-3.048422560429728 -2.1547162041181736 4.333961602356025 437.76361419507884 612.6930037590646 546.2754032233497 212.88816983439028 3.222466412323599 3.7715693192194286 -1952.1302827778943 0.045422895455850515 22.21213899428217 -4317.21742680505 1.9037257106391774e-05 0.004534098386506811 0.11503604843166367
-3.123061772605197 -2.182214861235453 4.359398592557767 435.4931632987573 616.0746884980181 549.2008299400331 214.1560794764664 3.222466412323599 3.7715693192194286 -1952.1302827778943 0.045422895455850515 22.21213899428217 -4317.21742680505 1.9037257106391774e-05 0.004534098386506811 0.11503604843166367
-3.1967188898836216 -2.2048030438675035 4.414827255646875 433.6645367141173 619.4076595571532 551.5871438456234 215.38436755887233 3.222466412323599 3.7715693192194286 -1952.1302827778943 0.045422895455850515 22.21213899428217 -4317.21742680505 1.9037257106391774e-05 0.004534098386506811 0.11503604843166367
-3.2644834377797727 -2.2214986571172792 4.470823273289376 432.28470457319054 622.680925285269 553.3960803243099 216.5081612127833 3.222466412323599 3.7715693192194286 -1952.1302827778943 0.045422895455850515 22.21213899428217 -4317.21742680505 1.9037257106391774e-05 0.004534098386506811 0.11503604843166367
-3.3243912264995616 -2.2332837958818264 4.518147984203308 431.35912751825526 625.8840318241419 554.5943316824269 217.46809685521293 3.222466412323599 3.7715693192194286 -1952.1302827778943 0.045422895455850515 22.21213899428217 -4317.21742680505 1.9037257106391774e-05 0.004534098386506811 0.11503604843166367
-3.3842990152193457 -2.235247985675918 4.679613835980605 430.89175670209806 629.0070631083363 555.1535471496172 218.21032018878032 3.222466412323599 3.7715693192194286 -1952.1302827778943 0.045422895455850515 22.21213899428217 -4317.21742680505 1.9037257106391774e-05 0.004534098386506811 0.11503604843166367
-3.439296329453897 -2.229355416293645 4.819124653033819 430.88503378786845 632.0406408656418 555.050332874991 218.68648619949818 3.222466412323599 3.7715693192194286 -1952.1302827778943 0.045422895455850515 22.21213899428217 -4317.21742680505 1.9037257106391774e-05 0.004534098386506811 0.11503604843166367
-3.4923294538943637 -2.2185523724261427 4.913343244072787 431.3398909489915 634.9759246167669 554.2662519301521 218.85375916038174 3.222466412323599 3.7715693192194286 -1952.1302827778943 0.045422895455850515 22.21213899428217 -4317.21742680505 1.9037257106391774e-05 0.004534098386506811 0.11503604843166367
-3.548308863025969 -2.201856759176367 5.002235470296285 432.25575086910976 637.8046116754849 552.7878243091982 218.67481262725778 3.222466412323599 3.7715693192194286 -1952.1302827778943 0.045422895455850515 22.21213899428217 -4317.21742680505 1.9037257106391774e-05 0.004534098386506811 0.11503604843166367
-3.606252461951659 -2.180250671441362 5.0693009167363865 433.63052674295614 640.518937148343 550.6065269267419 218.1178294433048 3.222466412323599 3.7715693192194286 -1952.1302827778943 0.045422895455850515 22.21213899428217 -4317.21742680505 1.9037257106391774e-05 0.004534098386506811 0.11503604843166367
-3.660267681289175 -2.1556982990152207 5.139016473511535 435.4606222745206 643.1116739352583 547.7187936190749 217.1565017347457 3.222466412323599 3.7715693192194286 -1952.1302827778943 0.045422895455850515 22.21213899428217 -4317.21742680505 1.9037257106391774e-05 0.004534098386506811 0.11503604843166367
-3.714282900626686 -2.1272175470008956 5.197615972952039 437.7409316789126 645.5761327289656 544.1260151439346 215.77003091271035 3.222466412323599 3.7715693192194286 -1952.1302827778943 0.045422895455850515 22.21213899428217 -4317.21742680505 1.9037257106391774e-05 0.004534098386506811 0.11503604843166367
-3.7643697403760137 -2.0938263205013445 5.300391583932247 440.4648396813718 647.9061620150605 539.8345391810872 213.94312767637894 3.222466412323599 3.7715693192194286 -1952.1302827778943 0.045422895455850515 22.21213899428217 -4317.21742680505 1.9037257106391774e-05 0.004534098386506811 0.11503604843166367
-3.816420769919431 -2.054542524619518 5.35890212826195 443.6242215176462 650.0961480723781 534.855670333025 211.66601200425066 3.222466412323599 3.7715693192194286 -1952.1302827778943 0.045422895455850515 22.21213899428217 -4317.21742680505 1.9037257106391774e-05 0.004534098386506811 0.11503604843166367
-3.8714180841539867 -2.0093661593554177 5.40006023642343 447.2094429335848 652.1410149727744 529.2056701214751 208.93441316578537 3.222466412323599 3.7715693192194286 -1952.1302827778943 0.045422895455850515 22.21213899428217 -4317.21742680505 1.9037257106391774e-05 0.004534098386506811 0.11503604843166367
-3.9293616830796863 -1.9563330349149526 5.453568199386437 451.2093601854576 654.036224580821 522.905756991473 205.74956971162464 3.222466412323599 3.7715693192194286 -1952.1302827778943 0.045422895455850515 22.21213899428217 -4317.21742680505 1.9037257106391774e-05 0.004534098386506811 0.11503604843166367
-3.9843589973142377 -1.8983894359892577 5.5238681850729465 455.61132004030515 655.7777765542851 515.9821063081035 202.11822947917972 3.222466412323599 3.7715693192194286 -1952.1302827778943 0.045422895455850515 22.21213899428217 -4317.21742680505 1.9037257106391774e-05 0.004534098386506811 0.11503604843166367
-4.037392121754704 -1.835535362578336 5.582330899295126 460.4011597749777 657.3622083441442 508.46585036150645 198.05264959007036 3.222466412323599 3.7715693192194286 -1952.1302827778943 0.045422895455850515 22.21213899428217 -4317.21742680505 1.9037257106391774e-05 0.004534098386506811 0.11503604843166367
-4.085514771709942 -1.7677708146821847 5.66568306703251 465.5632071766595 658.7865951940039 500.3930783588439 193.57059644989204 3.222466412323599 3.7715693192194286 -1952.1302827778943 0.045422895455850515 22.21213899428217 -4317.21742680505 1.9037257106391774e-05 0.004534098386506811 0.11503604843166367
-4.125780662488813 -1.6980420769919438 5.759500646183347 471.08028054374154 660.0485501405783 491.80483643186744 188.69534575170837 3.2228232953420117 3.7657374410447333 -1952.111423676166 0.04534171302041935 22.11139736122461 -4284.8250784555385 1.9003232615431404e-05 0.004505146998474143 0.12326400694014303
-4.160153983885416 -1.6243849597135183 5.846558147366001 476.9336886838719 661.1462240138208 482.74712763365824 183.45568247174378 3.2228232953420117 3.7657374410447333 -1952.111423676166 0.04534171302041935 22.11139736122461 -4284.8250784555385 1.9003232615431404e-05 0.004505146998474143 0.12326400694014303
-4.1856884512085974 -1.5477815577439573 5.961434752783005 483.1032309157017 662.0783054364001 473.2709119381616 177.88590087171178 3.2228232953420117 3.7657374410447333 -1952.111423676166 0.04534171302041935 22.11139736122461 -4284.8250784555385 1.9003232615431404e-05 0.004505146998474143 0.12326400694014303
-4.208276633840649 -1.46823187108326 6.006516968097667 489.56719706809963 662.8440208240936 463.4321062398376 172.02580449776724 3.2228232953420117 3.7657374410447333 -1952.111423676166 0.04534171302041935 22.11139736122461 -4284.8250784555385 1.9003232615431404e-05 0.004505146998474143 0.12326400694014303
-4.219079677708155 -1.3896642793196072 6.146542144688454 496.3023674802098 663.4431343858014 453.29158435796853 165.92070618271828 3.2228232953420117 3.7657374410447333 -1952.111423676166 0.04534171302041935 22.11139736122461 -4284.8250784555385 1.9003232615431404e-05 0.004505146998474143 0.12326400694014303
-4.222025962399285 -1.3110966875559547 6.2457028704880155 503.2840130017721 663.8759481232846 442.9151770315366 159.62142804206815 3.2228232953420117 3.7657374410447333 -1952.111423676166 0.04534171302041935 22.11139736122461 -4284.8250784555385 1.9003232615431404e-05 0.004505146998474143 0.12326400694014303
-4.217115487914065 -1.2354753804834386 0.06484402755308874 510.48589499274385 664.1433018311945 432.37367191992234 153.1843014775077 3.2228232953420117 3.7657374410447333 -1952.111423676166 0.04534171302041935 22.11139736122461 -4284.8250784555385 1.9003232615431404e-05 0.004505146998474143 0.12326400694014303
-4.210240823634743 -1.1608361683079693 0.09184612626477419 517.8802653234452 664.24657309748 421.7428136066301 146.67116717563476 3.2228232953420117 3.7657374410447333 -1952.111423676166 0.04534171302041935 22.11139736122461 -4284.8250784555385 1.9003232615431404e-05 0.004505146998474143 0.12326400694014303
-4.201401969561331 -1.087179051029544 0.11942892601834862 525.437866374501 664.1876773030817 411.10330359404907 140.14937510841992 3.2228232953420117 3.7657374410447333 -1952.111423676166 0.04534171302041935 22.11139736122461 -4284.8250784555385 1.9003232615431404e-05 0.004505146998474143 0.12326400694014303
-4.186670546105646 -1.0135219337511197 0.19739555984988075 533.1279310366372 663.9690676214814 400.5408003095072 133.6917845326243 3.2228232953420117 3.7657374410447333 -1952.111423676166 0.04534171302041935 22.11139736122461 -4284.8250784555385 1.9003232615431404e-05 0.004505146998474143 0.12326400694014303
-4.172921217547002 -0.9388827215756493 0.18216831047283236 540.9181827115826 663.5937350198074 390.1459190987516 127.37676398921758 3.2228232953420117 3.7657374410447333 -1952.111423676166 0.04534171302041935 22.11139736122461 -4284.8250784555385 1.9003232615431404e-05 0.004505146998474143 0.12326400694014303
-4.161136078782456 -0.865225604297225 0.15865526218637777 548.7748353112256 663.0652082577726 380.01423223048914 121.2881913036108 3.2228232953420117 3.7657374410447333 -1952.111423676166 0.04534171302041935 22.11139736122461 -4284.8250784555385 1.9003232615431404e-05 0.004505146998474143 0.12326400694014303
-4.151315129812 -0.7925505819158465 0.1343214419529689 556.6625932573806 662.3875538880966 370.246268896386 115.51545358996373 3.2228232953420117 3.7657374410447333 -1952.111423676166 0.04534171302041935 22.11139736122461 -4284.8250784555385 1.9003232615431404e-05 0.004505146998474143 0.12326400694014303
-4.137565801253364 -0.7218397493285598 0.19204801724068318 564.5446514824871 661.5653762568836 360.9475152079249 110.1534472417552 3.2228232953420117 3.7657374410447333 -1952.111423676166 0.04534171302041935 22.11139736122461 -4284.8250784555385 1.9003232615431404e-05 0.004505146998474143 0.12326400694014303
-4.123816472694728 -0.6521110116383179 0.19468553938389996 572.3826954296674 660.6038175027643 352.2284141968703 105.30257794226054 3.2228232953420117 3.7657374410447333 -1952.111423676166 0.04534171302041935 22.11139736122461 -4284.8250784555385 1.9003232615431404e-05 0.004505146998474143 0.12326400694014303
-4.10515666965086 -0.5833643688451207 0.2650428598974625 580.1369010517956 659.5085575575504 344.20436582062393 101.0687606575666 3.2228232953420117 3.7657374410447333 -1952.111423676166 0.04534171302041935 22.11139736122461 -4284.8250784555385 1.9003232615431404e-05 0.004505146998474143 0.12326400694014303
-4.079622202327673 -0.5155998209489705 0.36035797052478263 587.7659348126326 658.285814146293 336.99572695500683 97.56341963855084 3.2228232953420117 3.7657374410447333 -1952.111423676166 0.04534171302041935 22.11139736122461 -4284.8250784555385 1.9003232615431404e-05 0.004505146998474143 0.12326400694014303
-4.049177260519254 -0.44979946284691097 0.43335384908207314 595.2269536860113 656.9423427866568 330.7278113984503 94.90348842262756 3.2228232953420117 3.7657374410447333 -1952.111423676166 0.04534171302041935 22.11139736122461 -4284.8250784555385 1.9003232615431404e-05 0.004505146998474143 0.12326400694014303
-4.011857654431518 -0.38399910474485366 0.5159255134653169 602.4756051563891 655.4854367895605 325.53088987083174 93.21140982862562 3.2228232953420117 3.7657374410447333 -1952.111423676166 0.04534171302041935 22.11139736122461 -4284.8250784555385 1.9003232615431404e-05 0.004505146998474143 0.12326400694014303
-3.970609668755602 -0.32016293643688476 0.573666668168133 609.4660272179754 653.9229272589873 321.54019001382403 92.61513596645091 3.2228232953420117 3.7657374410447333 -1952.111423676166 0.04534171302041935 22.11139736122461 -4284.8250784555385 1.9003232615431404e-05 0.004505146998474143 0.12326400694014303
-3.9293616830796863 -0.25730886302596284 0.5807563535676522 616.150848376099 652.2631830916798 318.895896391361 93.24812822439708 3.2228232953420117 3.7657374410447333 -1952.111423676166 0.04534171302041935 22.11139736122461 -4284.8250784555385 1.9003232615431404e-05 0.004505146998474143 0.12326400694014303
-3.88811369740377 -0.19445478961504098 0.5807563535676522 622.4811876461317 650.5151109775179 317.74315048672725 95.24935728032142 3.2228232953420117 3.7657374410447333 -1952.111423676166 0.04534171302041935 22.11139736122461 -4284.8250784555385 1.9003232615431404e-05 0.004505146998474143 0.12326400694014303
-3.8439194270367154 -0.13258281110116385 0.6202494859828164 628.4066545536043 648.6881553994172 318.2320507072145 98.76330309500918 3.2228232953420117 3.7657374410447333 -1952.111423676166 0.04534171302041935 22.11139736122461 -4284.8250784555385 1.9003232615431404e-05 0.004505146998474143 0.12326400694014303
-3.798743061772612 -0.07071083258728783 0.6306812983204249 633.875349134556 646.7922986332269 320.51765238156077 103.9399549147347 3.2228232953420117 3.7657374410447333 -1952.111423676166 0.04534171302041935 22.11139736122461 -4284.8250784555385 1.9003232615431404e-05 0.004505146998474143 0.12326400694014303
-3.7516025067144185 -0.009820948970457698 0.6588060361174999 638.8338619355927 644.8380607477447 324.7599677594844 110.93481127114501 3.2228232953420117 3.7657374410447333 -1952.111423676166 0.04534171302041935 22.11139736122461 -4284.8250784555385 1.9003232615431404e-05 0.004505146998474143 0.12326400694014303
-3.7015156669650864 0.049104744852281786 0.7044940642422529 643.2272740133049 642.8364996051241 331.12396600993816 119.90887997858226 3.2228232953420117 3.7657374410447333 -1952.111423676166 0.04534171302041935 22.11139736122461 -4284.8250784555385 1.9003232615431404e-05 0.004505146998474143 0.12326400694014303
-3.651428827215763 0.10803043867502239 0.7044940642421555 646.9991569350823 640.7992108601466 339.77957322844304 131.02867814071942 3.2228232953420117 3.7657374410447333 -1952.111423676166 0.04534171302041935 22.11139736122461 -4284.8250784555385 1.9003232615431404e-05 0.004505146998474143 0.12326400694014303
-3.598395702775301 0.16302775290957724 0.7672183483244547 650.0915727785905 638.7383279605565 350.9016724281246 144.46623214217834 3.2228232953420117 3.7657374410447333 -1952.111423676166 0.04534171302041935 22.11139736122461 -4284.8250784555385 1.9003232615431404e-05 0.004505146998474143 0.12326400694014303
-3.5443804834377897 0.21606087735004367 0.7945722179425498 652.4450741312467 636.6665221474686 364.670103544835 160.39907765435055 3.2228232953420117 3.7657374410447333 -1952.111423676166 0.04534171302041935 22.11139736122461 -4284.8250784555385 1.9003232615431404e-05 0.004505146998474143 0.12326400694014303
-3.48741897940914 0.26614771709937357 0.8495302783988822 653.9987040915294 634.5970024547278 381.2696634379681 179.01025963411666 3.2228232953420117 3.7657374410447333 -1952.111423676166 0.04534171302041935 22.11139736122461 -4284.8250784555385 1.9003232615431404e-05 0.004505146998474143 0.12326400694014303
