28 -2.58487376902417 -0.2523983885407357 3.291008363506271 -1.7579498657117236 -0.37908863025962425
-2.58487376902417 -0.2523983885407357 3.291008363506271 616.7294054040685 598.735144280945 670.2521555395797 253.05353977531195 3.123361451700811 3.650301112926335 -1853.0421806593833 -0.07378265224639591 21.607151328744393 -3982.7432581387297 -2.170398750539021e-05 0.00439085652994198 0.19317985633091894
-2.595676812891672 -0.31819874664279413 3.3043200282301624 612.4813483450562 599.0947956911405 662.9049049653113 258.1558580547571 3.123361451700811 3.650301112926335 -1853.0421806593833 -0.07378265224639591 21.607151328744393 -3982.7432581387297 -2.170398750539021e-05 0.00439085652994198 0.19317985633091894
-2.6045156669650833 -0.36141092211280285 3.343354997910101 609.329373350367 599.3792271512793 655.3225517617539 266.9176155850291 3.123361451700811 3.650301112926335 -1853.0421806593833 -0.07378265224639591 21.607151328744393 -3982.7432581387297 -2.170398750539021e-05 0.00439085652994198 0.19317985633091894
-2.6104082363473564 -0.3849811996418973 3.3865713167166347 607.1020974703133 599.5987832356477 647.565199429635 278.39354810118675 3.123361451700811 3.650301112926335 -1853.0421806593833 -0.07378265224639591 21.607151328744393 -3982.7432581387297 -2.170398750539021e-05 0.00439085652994198 0.19317985633091894
-2.529876454789614 -0.39676633840644565 1.708802350452435 605.6408567456529 599.7631010307814 639.6868810555898 291.7254490107298 3.123361451700811 3.650301112926335 -1853.0421806593833 -0.07378265224639591 21.607151328744393 -3982.7432581387297 -2.170398750539021e-05 0.00439085652994198 0.19317985633091894
-2.4463983885407243 -0.39971262309758326 1.5841288700890437 604.7997062252834 599.8811101356987 631.7355593158863 306.1421694532037 3.123361451700811 3.650301112926335 -1853.0421806593833 -0.07378265224639591 21.607151328744393 -3982.7432581387297 -2.170398750539021e-05 0.00439085652994198 0.19317985633091894
-2.3629203222918433 -0.3977484333034904 1.5175134752352073 604.445419951342 599.9610326619004 623.7531264699064 320.95961831510067 3.123361451700811 3.650301112926335 -1853.0421806593833 -0.07378265224639591 21.607151328744393 -3982.7432581387297 -2.170398750539021e-05 0.00439085652994198 0.19317985633091894
-2.276495971351824 -0.3928379588182621 1.4812925084432826 604.4574909750372 600.0103832343011 615.7754043661989 335.5807621255517 3.123361451700811 3.650301112926335 -1853.0421806593833 -0.07378265224639591 21.607151328744393 -3982.7432581387297 -2.170398750539021e-05 0.00439085652994198 0.19317985633091894
-2.190071620411813 -0.3879274843330349 1.4812925084432866 604.7281313408166 600.0359689893085 607.8321444354951 349.4956251755357 4.065192141345021 4.767659262780687 -2426.9003408123967 -1.0109858302908682e-15 24.37777417318253 -3326.6141757876426 -4.2241359515308004e-19 0.005712114610328956 0.22051942472468625
-2.1036472694717934 -0.3830170098478067 1.4812925084432826 605.1622720938176 600.04388957622 599.9470276962966 362.2812894061208 4.065192141345021 4.767659262780687 -2426.9003408123967 -1.0109858302908682e-15 24.37777417318253 -3326.6141757876426 -4.2241359515308004e-19 0.005712114610328956 0.22051942472468625
-2.0172229185317736 -0.3800707251566679 1.5067813489605542 605.6775632854551 600.0395371571067 592.1376647544093 373.6018945649266 4.065192141345021 4.767659262780687 -2426.9003408123967 -1.0109858302908682e-15 24.37777417318253 -3326.6141757876426 -4.2241359515308004e-19 0.005712114610328956 0.22051942472468625
-1.930798567591754 -0.37810653536257727 1.519559159391482 606.2043739631772 600.0275964066968 584.4155957982875 383.20863803476095 4.065192141345021 4.767659262780687 -2426.9003408123967 -1.0109858302908682e-15 24.37777417318253 -3326.6141757876426 -4.2241359515308004e-19 0.005712114610328956 0.22051942472468625
-1.8443742166517432 -0.3761423455684866 1.5990594096544894 606.685792173259 600.0120445114444 576.7862906088121 390.9397749826312 4.065192141345021 4.767659262780687 -2426.9003408123967 -1.0109858302908682e-15 24.37777417318253 -3326.6141757876426 -4.2241359515308004e-19 0.005712114610328956 0.22051942472468625
-1.7579498657117236 -0.3751602506714418 1.678559659917497 607.0776249598712 599.996151171159 569.2491485457867 396.7206181585789 4.065192141345021 4.767659262780687 -2426.9003408123967 -1.0109858302908682e-15 24.37777417318253 -3326.6141757876426 -4.2241359515308004e-19 0.005712114610328956 0.22051942472468625
-1.7579498657117236 -0.37417815577439595 1.7580599101805046 607.3483983781189 599.9824785983074 561.7974985581823 400.56353817880154 4.065192141345021 4.767659262780687 -2426.9003408123967 -1.0109858302908682e-15 24.37777417318253 -3326.6141757876426 -4.2241359515308004e-19 0.005712114610328956 0.22051942472468625
-1.7579498657117236 -0.37417815577439595 1.8375601604435121 607.4793574726209 599.9728815174894 554.4185991822742 402.567963257432 4.065192141345021 4.767659262780687 -2426.9003408123967 -1.0109858302908682e-15 24.37777417318253 -3326.6141757876426 -4.2241359515308004e-19 0.005712114610328956 0.22051942472468625
-1.7579498657117236 -0.3751602506714418 1.9170604107065197 607.4644662961364 599.9685071654385 547.0936385374516 402.9203793928027 4.065192141345021 4.767659262780687 -2426.9003408123967 -1.0109858302908682e-15 24.37777417318253 -3326.6141757876426 -4.2241359515308004e-19 0.005712114610328956 0.22051942472468625
-1.7579498657117236 -0.37614234556848775 1.9965606609695272 607.3104078937322 599.9697952925344 539.7977343327366 401.89433024823666 4.065192141345021 4.767659262780687 -2426.9003408123967 -1.0109858302908682e-15 24.37777417318253 -3326.6141757876426 -4.2241359515308004e-19 0.005712114610328956 0.22051942472468625
-1.7579498657117236 -0.3771244404655336 2.076060911232535 607.0365843204781 599.9764781607082 532.4999338616617 399.85041726380587 4.065192141345021 4.767659262780687 -2426.9003408123967 -1.0109858302908682e-15 24.37777417318253 -3326.6141757876426 -4.2241359515308004e-19 0.005712114610328956 0.22051942472468625
-1.7579498657117236 -0.3781065353625795 2.1555611614955423 606.6751166218892 599.9875805454794 525.1632140027359 397.2362994402647 4.065192141345021 4.767659262780687 -2426.9003408123967 -1.0109858302908682e-15 24.37777417318253 -3326.6141757876426 -4.2241359515308004e-19 0.005712114610328956 0.22051942472468625
-1.7579498657117236 -0.37908863025962536 2.23506141175855 606.2708448478952 600.0014197333367 517.7444812208414 394.58669366687536 4.065192141345021 4.767659262780687 -2426.9003408123967 -1.0109858302908682e-15 24.37777417318253 -3326.6141757876426 -4.2241359515308004e-19 0.005712114610328956 0.22051942472468625
-1.7579498657117236 -0.38007072515667123 2.3145616620215574 605.8813280537724 600.0156055251718 510.1945715676993 392.52337446808815 4.065192141345021 4.767659262780687 -2426.9003408123967 -1.0109858302908682e-15 24.37777417318253 -3326.6141757876426 -4.2241359515308004e-19 0.005712114610328956 0.22051942472468625
-1.7579498657117236 -0.381052820053716 2.394061912284565 605.5768442843109 600.0270402332535 502.45825068093836 391.75517405569553 4.065192141345021 4.767659262780687 -2426.9003408123967 -1.0109858302908682e-15 24.37777417318253 -3326.6141757876426 -4.2241359515308004e-19 0.005712114610328956 0.22051942472468625
-1.7579498657117236 -0.3820349149507619 2.4735621625475726 605.4403905970976 600.0319186826819 494.47421378595755 393.07798244059086 4.065192141345021 4.767659262780687 -2426.9003408123967 -1.0109858302908682e-15 24.37777417318253 -3326.6141757876426 -4.2241359515308004e-19 0.005712114610328956 0.22051942472468625
-1.7579498657117236 -0.3830170098478078 2.55306241281058 605.5676830383018 600.0257282110397 486.1750856912695 397.37474719434977 4.065192141345021 4.767659262780687 -2426.9003408123967 -1.0109858302908682e-15 24.37777417318253 -3326.6141757876426 -4.2241359515308004e-19 0.005712114610328956 0.22051942472468625
-1.7579498657117236 -0.3820349149507619 2.6325626630735877 606.0671566650271 600.0032486685668 477.48742078989744 405.61547376960516 4.065192141345021 4.767659262780687 -2426.9003408123967 -1.0109858302908682e-15 24.37777417318253 -3326.6141757876426 -4.2241359515308004e-19 0.005712114610328956 0.22051942472468625
-1.7579498657117236 -0.381052820053716 2.712062913336595 607.0599655220285 599.9585524180438 468.3317030672915 418.8572252318263 4.065192141345021 4.767659262780687 -2426.9003408123967 -1.0109858302908682e-15 24.37777417318253 -3326.6141757876426 -4.2241359515308004e-19 0.005712114610328956 0.22051942472468625
-1.7579498657117236 -0.3800707251566701 2.791563163599603 608.6799826668575 599.8850043349667 458.6223460920155 438.24412237107754 4.065192141345021 4.767659262780687 -2426.9003408123967 -1.0109858302908682e-15 24.37777417318253 -3326.6141757876426 -4.2241359515308004e-19 0.005712114610328956 0.22051942472468625
-1.7579498657117236 -0.37908863025962425 2.8710634138626103 606.6719602107289 599.9107251942169 520.4870746061206 498.93866251036525 4.065192141345021 4.767659262780687 -2426.9003408123967 -1.0109858302908682e-15 24.37777417318253 -3326.6141757876426 -4.2241359515308004e-19 0.005712114610328956 0.22051942472468625
-1.7579498657117236 -0.3781065353625784 2.9505636641256183 606.6656696840525 599.9129799353414 494.4669106695801 463.6790085667744 4.065192141345021 4.767659262780687 -2426.9003408123967 -1.0109858302908682e-15 24.37777417318253 -3326.6141757876426 -4.2241359515308004e-19 0.005712114610328956 0.22051942472468625
-1.7579498657117236 -0.3771244404655325 3.0300639143886254 606.659318901394 599.921777667887 474.24881824478507 432.21841056644917 4.065192141345021 4.767659262780687 -2426.9003408123967 -1.0109858302908682e-15 24.37777417318253 -3326.6141757876426 -4.2241359515308004e-19 0.005712114610328956 0.22051942472468625
-1.7579498657117236 -0.3761423455684866 3.1095641646516334 606.652943010319 599.9365420601225 459.3044642545283 404.2909308252856 4.065192141345021 4.767659262780687 -2426.9003408123967 -1.0109858302908682e-15 24.37777417318253 -3326.6141757876426 -4.2241359515308004e-19 0.005712114610328956 0.22051942472468625
-1.7579498657117236 -0.3751602506714418 3.1890644149146405 606.6465754112094 599.9567152699365 449.12434891425073 379.6390383625403 4.065192141345021 4.767659262780687 -2426.9003408123967 -1.0109858302908682e-15 24.37777417318253 -3326.6141757876426 -4.2241359515308004e-19 0.005712114610328956 0.22051942472468625
-1.7579498657117236 -0.37417815577439595 3.2685646651776485 606.640247757266 599.9817579448954 443.2178057692945 358.01360885892063 4.065192141345021 4.767659262780687 -2426.9003408123967 -1.0109858302908682e-15 24.37777417318253 -3326.6141757876426 -4.2241359515308004e-19 0.005712114610328956 0.22051942472468625
-1.7579498657117236 -0.3731960608773501 3.3480649154406557 606.6339899545064 600.0111492222131 441.11300169304013 339.17392468545586 4.065192141345021 4.767659262780687 -2426.9003408123967 -1.0109858302908682e-15 24.37777417318253 -3326.6141757876426 -4.2241359515308004e-19 0.005712114610328956 0.22051942472468625
-1.7579498657117236 -0.37417815577439595 3.4275651657036637 606.627830161766 600.0443867287613 442.35693683102727 322.8876748820767 4.065192141345021 4.767659262780687 -2426.9003408123967 -1.0109858302908682e-15 24.37777417318253 -3326.6141757876426 -4.2241359515308004e-19 0.005712114610328956 0.22051942472468625
-1.7579498657117236 -0.3751602506714418 3.5070654159666708 606.6217947906978 600.0809865810697 446.51544467918575 308.93095517903566 4.065192141345021 4.767659262780687 -2426.9003408123967 -1.0109858302908682e-15 24.37777417318253 -3326.6141757876426 -4.2241359515308004e-19 0.005712114610328956 0.22051942472468625
-1.7579498657117236 -0.37614234556848775 3.5865656662296788 606.6159085057736 600.1204833853008 453.17319204472005 297.08826797734946 4.065192141345021 4.767659262780687 -2426.9003408123967 -1.0109858302908682e-15 24.37777417318253 -3326.6141757876426 -4.2241359515308004e-19 0.005712114610328956 0.22051942472468625
-1.7579498657117236 -0.3771244404655336 3.6660659164926863 606.6101942242803 600.1624302372875 461.9336790256202 287.1525223646313 4.065192141345021 4.767659262780687 -2426.9003408123967 -1.0109858302908682e-15 24.37777417318253 -3326.6141757876426 -4.2241359515308004e-19 0.005712114610328956 0.22051942472468625
-1.7579498657117236 -0.3781065353625795 3.7455661667556934 606.604673116324 600.2063987225301 472.4192390553653 278.9250340955332 4.065192141345021 4.767659262780687 -2426.9003408123967 -1.0109858302908682e-15 24.37777417318253 -3326.6141757876426 -4.2241359515308004e-19 0.005712114610328956 0.22051942472468625
-1.7579498657117236 -0.37908863025962536 3.8250664170187014 606.5993646048275 600.251978916147 484.2710388749838 272.2155256085098 4.065192141345021 4.767659262780687 -2426.9003408123967 -1.0109858302908682e-15 24.37777417318253 -3326.6141757876426 -4.2241359515308004e-19 0.005712114610328956 0.22051942472468625
-1.7599140555058175 -0.38007072515667123 3.904566667281709 606.5942863655334 600.2987793829507 497.1490785293281 266.84212602768093 4.065192141345021 4.767659262780687 -2426.9003408123967 -1.0109858302908682e-15 24.37777417318253 -3326.6141757876426 -4.2241359515308004e-19 0.005712114610328956 0.22051942472468625
-1.7618782452999115 -0.3800707251566701 3.9840669175447165 606.589454326999 600.3464271773755 510.73219138011336 262.63137114979327 4.065192141345021 4.767659262780687 -2426.9003408123967 -1.0109858302908682e-15 24.37777417318253 -3326.6141757876426 -4.2241359515308004e-19 0.005712114610328956 0.22051942472468625
-1.7638424350940054 -0.3800707251566701 4.063567167807724 606.5848826706022 600.3945678435321 524.7180441264063 259.4182034600526 4.065192141345021 4.767659262780687 -2426.9003408123967 -1.0109858302908682e-15 24.37777417318253 -3326.6141757876426 -4.2241359515308004e-19 0.005712114610328956 0.22051942472468625
-1.765806624888095 -0.3800707251566701 4.143067418070732 606.5805838305348 600.4428654151707 538.8231367506087 257.045972103253 4.065192141345021 4.767659262780687 -2426.9003408123967 -1.0109858302908682e-15 24.37777417318253 -3326.6141757876426 -4.2241359515308004e-19 0.005712114610328956 0.22051942472468625
-1.7677708146821847 -0.37908863025962425 4.222567668333739 606.576568493809 600.4910024157016 552.7828025724739 255.3664329238236 4.065192141345021 4.767659262780687 -2426.9003408123967 -1.0109858302908682e-15 24.37777417318253 -3326.6141757876426 -4.2241359515308004e-19 0.005712114610328956 0.22051942472468625
-1.7697350044762785 -0.3781065353625784 4.302067918596746 606.5728456002532 600.5386798582003 566.3512081895024 254.23974843043834 4.065192141345021 4.767659262780687 -2426.9003408123967 -1.0109858302908682e-15 24.37777417318253 -3326.6141757876426 -4.2241359515308004e-19 0.005712114610328956 0.22051942472468625
-1.7716991942703681 -0.3771244404655325 4.381568168859754 606.5694223425157 600.5856172453659 579.3013535682112 253.5344878146425 4.065192141345021 4.767659262780687 -2426.9003408123967 -1.0109858302908682e-15 24.37777417318253 -3326.6141757876426 -4.2241359515308004e-19 0.005712114610328956 0.22051942472468625
-1.773663384064462 -0.3761423455684866 4.461068419122762 606.5663041660584 600.63155256959 591.4250719361007 253.12762695830315 4.065192141345021 4.767659262780687 -2426.9003408123967 -1.0109858302908682e-15 24.37777417318253 -3326.6141757876426 -4.2241359515308004e-19 0.005712114610328956 0.22051942472468625
-1.8620519247985667 -0.37417815577439706 4.540568669385769 606.5634947691644 600.6762423128821 602.5330298654735 252.90454840380698 4.065192141345021 4.767659262780687 -2426.9003408123967 -1.0109858302908682e-15 24.37777417318253 -3326.6141757876426 -4.2241359515308004e-19 0.005712114610328956 0.22051942472468625
-1.9504404655326761 -0.3722139659803064 4.6200689196487765 606.5609961029329 600.7194614469372 612.4547272287309 252.75904138945043 4.065192141345021 4.767659262780687 -2426.9003408123967 -1.0109858302908682e-15 24.37777417318253 -3326.6141757876426 -4.2241359515308004e-19 0.005712114610328956 0.22051942472468625
-2.036864816472687 -0.37123187108326167 4.6995691699117845 606.5588083712807 600.7610034330864 621.0384972244501 252.59330181684345 4.065192141345021 4.767659262780687 -2426.9003408123967 -1.0109858302908682e-15 24.37777417318253 -3326.6141757876426 -4.2241359515308004e-19 0.005712114610328956 0.22051942472468625
-2.1232891674127066 -0.37123187108326167 4.686753571863007 606.5569300309423 600.8006802223081 628.1515063382685 252.3179322835058 4.065192141345021 4.767659262780687 -2426.9003408123967 -1.0109858302908682e-15 24.37777417318253 -3326.6141757876426 -4.2241359515308004e-19 0.005712114610328956 0.22051942472468625
-2.2097135183527263 -0.37123187108326167 4.686753571863007 606.5553577914707 600.838322255262 633.6797544248402 251.8519420493394 3.128304102504261 3.687420238920411 -1867.4915773022713 -0.0740691857068179 21.719320844769854 -4018.1428972144827 -2.1794729877593123e-05 0.00442307283488896 0.18425008174873256
-2.296137869292746 -0.3712318710832628 4.686753571863007 606.5540866152337 600.8737784622426 637.5280745774508 251.12274705804884 3.128304102504261 3.687420238920411 -1867.4915773022713 -0.0740691857068179 21.719320844769854 -4018.1428972144827 -2.1794729877593123e-05 0.00442307283488896 0.18425008174873256
-2.3825622202327565 -0.37123187108326056 4.686753571863033 606.5531097174194 600.9069162631858 639.6201332658529 250.06616995017976 3.128304102504261 3.687420238920411 -1867.4915773022713 -0.0740691857068179 21.719320844769854 -4018.1428972144827 -2.1794729877593123e-05 0.00442307283488896 0.18425008174873256
-2.4689865711727763 -0.37123187108326167 4.686753571863007 606.552418566034 600.9376215677166 639.8984302282333 248.6264400165528 3.128304102504261 3.687420238920411 -1867.4915773022713 -0.0740691857068179 21.719320844769854 -4018.1428972144827 -2.1794729877593123e-05 0.00442307283488896 0.18425008174873256
-2.555410922112796 -0.37123187108326167 4.6900622273058845 606.552002881898 600.9657987750816 638.3242985699326 246.7561932420358 3.128304102504261 3.687420238920411 -1867.4915773022713 -0.0740691857068179 21.719320844769854 -4018.1428972144827 -2.1794729877593123e-05 0.00442307283488896 0.18425008174873256
-2.641835273052816 -0.3702497761862135 4.693370882748762 606.5518506386527 600.9913707742035 634.8779046423733 244.41647229809314 3.128304102504261 3.687420238920411 -1867.4915773022713 -0.0740691857068179 21.719320844769854 -4018.1428972144827 -2.1794729877593123e-05 0.00442307283488896 0.18425008174873256
-2.641835273052816 -0.3702497761862147 4.69667953819164 606.5519480627554 601.0142789436431 629.5582481753081 241.57672651857138 3.128304102504261 3.687420238920411 -1867.4915773022713 -0.0740691857068179 21.719320844769854 -4018.1428972144827 -2.1794729877593123e-05 0.00442307283488896 0.18425008174873256
-2.641835273052816 -0.3702497761862135 4.699988193634518 606.5522796334815 601.0344831516231 622.383162163198 238.2148119257763 3.128304102504261 3.687420238920411 -1867.4915773022713 -0.0740691857068179 21.719320844769854 -4018.1428972144827 -2.1794729877593123e-05 0.00442307283488896 0.18425008174873256
-2.641835273052816 -0.36926768128916876 4.703296849077395 606.552828082924 601.0519617560367 613.3893129546195 234.31699122022837 3.128304102504261 3.687420238920411 -1867.4915773022713 -0.0740691857068179 21.719320844769854 -4018.1428972144827 -2.1794729877593123e-05 0.00442307283488896 0.18425008174873256
-2.641835273052816 -0.3682855863921229 4.706605504520272 606.5535743959922 601.0667116043842 602.6322001665831 229.87793377693743 3.128304102504261 3.687420238920411 -1867.4915773022713 -0.0740691857068179 21.719320844769854 -4018.1428972144827 -2.1794729877593123e-05 0.00442307283488896 0.18425008174873256
-2.641835273052816 -0.3673034914950781 4.709914159963151 606.5544978104156 601.0787480338804 590.1861567720771 224.90071565657854 3.128304102504261 3.687420238920411 -1867.4915773022713 -0.0740691857068179 21.719320844769854 -4018.1428972144827 -2.1794729877593123e-05 0.00442307283488896 0.18425008174873256
-2.641835273052816 -0.36632139659803226 4.713222815406028 606.5555758167386 601.08810487134 576.1443490479141 219.39681959990412 3.128304102504261 3.687420238920411 -1867.4915773022713 -0.0740691857068179 21.719320844769854 -4018.1428972144827 -2.1794729877593123e-05 0.00442307283488896 0.18425008174873256
-2.641835273052816 -0.3653393017009864 4.7165314708489054 606.5567841583259 601.0948344332755 560.6187765523791 213.386135016568 3.128304102504261 3.687420238920411 -1867.4915773022713 -0.0740691857068179 21.719320844769854 -4018.1428972144827 -2.1794729877593123e-05 0.00442307283488896 0.18425008174873256
-2.641835273052816 -0.3643572068039416 4.719840126291783 606.5580968313564 601.0990075258142 543.740272199735 206.89695800095797 3.128304102504261 3.687420238920411 -1867.4915773022713 -0.0740691857068179 21.719320844769854 -4018.1428972144827 -2.1794729877593123e-05 0.00442307283488896 0.18425008174873256
-2.641835273052816 -0.3643572068039416 4.72314878173466 606.5594860848307 601.1007134447773 525.6585021968931 199.96599132940173 3.128304102504261 3.687420238920411 -1867.4915773022713 -0.0740691857068179 21.719320844769854 -4018.1428972144827 -2.1794729877593123e-05 0.00442307283488896 0.18425008174873256
-2.641835273052816 -0.3653393017009864 4.7264574371775385 606.560922420563 601.1000599756044 506.54196607135236 192.63834445364773 3.128304102504261 3.687420238920411 -1867.4915773022713 -0.0740691857068179 21.719320844769854 -4018.1428972144827 -2.1794729877593123e-05 0.00442307283488896 0.18425008174873256
-2.641835273052816 -0.36632139659803337 4.729766092620416 606.5623745931885 601.0971733934148 486.5779966618866 184.96753350365907 3.128304102504261 3.687420238920411 -1867.4915773022713 -0.0740691857068179 21.719320844769854 -4018.1428972144827 -2.1794729877593123e-05 0.00442307283488896 0.18425008174873256
-2.641835273052816 -0.3673034914950781 4.733074748063293 606.5638096101559 601.0921984629604 465.97276011668146 177.01548129692674 3.128304102504261 3.687420238920411 -1867.4915773022713 -0.0740691857068179 21.719320844769854 -4018.1428972144827 -2.1794729877593123e-05 0.00442307283488896 0.18425008174873256
-2.641835273052816 -0.3682855863921229 4.736383403506171 606.565192731736 601.0852984386784 444.9512559045106 168.85251731332392 3.128304102504261 3.687420238920411 -1867.4915773022713 -0.0740691857068179 21.719320844769854 -4018.1428972144827 -2.1794729877593123e-05 0.00442307283488896 0.18425008174873256
-2.641835273052816 -0.3692676812891699 4.739692058949049 606.5664874710149 601.0766550646276 423.757316801697 160.55737773422152 3.128304102504261 3.687420238920411 -1867.4915773022713 -0.0740691857068179 21.719320844769854 -4018.1428972144827 -2.1794729877593123e-05 0.00442307283488896 0.18425008174873256
-2.641835273052816 -0.3702497761862147 4.743000714391926 606.5676555938958 601.0664685745323 402.65360891260207 152.21720539405942 3.128304102504261 3.687420238920411 -1867.4915773022713 -0.0740691857068179 21.719320844769854 -4018.1428972144827 -2.1794729877593123e-05 0.00442307283488896 0.18425008174873256
-2.641835273052816 -0.3702497761862135 4.746309369834804 606.5686571191004 601.0549576917765 381.9216316342354 143.9275498231873 3.128304102504261 3.687420238920411 -1867.4915773022713 -0.0740691857068179 21.719320844769854 -4018.1428972144827 -2.1794729877593123e-05 0.00442307283488896 0.18425008174873256
-2.641835273052816 -0.3702497761862147 4.749618025277681 606.5694503181685 601.0423596294004 361.8617176748812 135.7923672311008 3.128304102504261 3.687420238920411 -1867.4915773022713 -0.0740691857068179 21.719320844769854 -4018.1428972144827 -2.1794729877593123e-05 0.00442307283488896 0.18425008174873256
-2.641835273052816 -0.3702497761862135 4.752926680720559 606.5699917154561 601.0289300900731 342.79303309321404 127.92402050085366 3.128304102504261 3.687420238920411 -1867.4915773022713 -0.0740691857068179 21.719320844769854 -4018.1428972144827 -2.1794729877593123e-05 0.00442307283488896 0.18425008174873256
-2.641835273052816 -0.36926768128916876 4.756235336163437 606.570236088138 601.0149432661674 325.05357723124325 120.44327919278294 3.128304102504261 3.687420238920411 -1867.4915773022713 -0.0740691857068179 21.719320844769854 -4018.1428972144827 -2.1794729877593123e-05 0.00442307283488896 0.18425008174873256
-2.641835273052816 -0.3682855863921229 4.759543991606314 606.5701364662054 601.0006918396521 309.0001827441156 113.4793195547536 3.128304102504261 3.687420238920411 -1867.4915773022713 -0.0740691857068179 21.719320844769854 -4018.1428972144827 -2.1794729877593123e-05 0.00442307283488896 0.18425008174873256
-2.641835273052816 -0.3673034914950781 4.762852647049192 606.5696441324692 600.9864869821922 295.0085156187415 107.16972450818866 3.128304102504261 3.687420238920411 -1867.4915773022713 -0.0740691857068179 21.719320844769854 -4018.1428972144827 -2.1794729877593123e-05 0.00442307283488896 0.18425008174873256
-2.641835273052816 -0.36632139659803226 4.766161302492069 606.5687086225546 600.9726583550855 283.4730751309544 101.66048365365714 3.128304102504261 3.687420238920411 -1867.4915773022713 -0.0740691857068179 21.719320844769854 -4018.1428972144827 -2.1794729877593123e-05 0.00442307283488896 0.18425008174873256
-2.641835273052816 -0.3653393017009864 4.769469957934947 606.5672777249074 600.9595541092931 274.80719389766455 97.10599326342344 3.128304102504261 3.687420238920411 -1867.4915773022713 -0.0740691857068179 21.719320844769854 -4018.1428972144827 -2.1794729877593123e-05 0.00442307283488896 0.18425008174873256
-2.641835273052816 -0.3643572068039416 4.772778613377825 606.5652974807897 600.9475408854432 269.4430378265679 93.6690563056618 3.128304102504261 3.687420238920411 -1867.4915773022713 -0.0740691857068179 21.719320844769854 -4018.1428972144827 -2.1794729877593123e-05 0.00442307283488896 0.18425008174873256
-2.641835273052816 -0.3643572068039416 4.776087268820702 606.5627121842817 600.9370038137768 267.8316061552614 91.52088241372257 3.128304102504261 3.687420238920411 -1867.4915773022713 -0.0740691857068179 21.719320844769854 -4018.1428972144827 -2.1794729877593123e-05 0.00442307283488896 0.18425008174873256
-2.641835273052816 -0.3653393017009864 4.7793959242635795 606.5594643822797 600.9283465142362 270.4427314288914 90.84108790103346 3.128304102504261 3.687420238920411 -1867.4915773022713 -0.0740691857068179 21.719320844769854 -4018.1428972144827 -2.1794729877593123e-05 0.00442307283488896 0.18425008174873256
-2.641835273052816 -0.36632139659803337 4.782704579706457 606.5554948745005 600.9219910963875 277.7650795057416 91.81769577693194 3.128304102504261 3.687420238920411 -1867.4915773022713 -0.0740691857068179 21.719320844769854 -4018.1428972144827 -2.1794729877593123e-05 0.00442307283488896 0.18425008174873256
-2.641835273052816 -0.3673034914950781 4.786013235149335 606.5507427134753 600.9183781594656 290.30614954419434 94.64713570103049 3.128304102504261 3.687420238920411 -1867.4915773022713 -0.0740691857068179 21.719320844769854 -4018.1428972144827 -2.1794729877593123e-05 0.00442307283488896 0.18425008174873256
-2.641835273052816 -0.3682855863921229 4.789321890592213 606.545145204555 600.9179667923436 308.59227404743433 99.53424403630197 3.128304102504261 3.687420238920411 -1867.4915773022713 -0.0740691857068179 21.719320844769854 -4018.1428972144827 -2.1794729877593123e-05 0.00442307283488896 0.18425008174873256
-2.641835273052816 -0.3692676812891699 4.79263054603509 606.5386379059069 600.9212345735796 333.16861880756915 106.69226380530745 3.128304102504261 3.687420238920411 -1867.4915773022713 -0.0740691857068179 21.719320844769854 -4018.1428972144827 -2.1794729877593123e-05 0.00442307283488896 0.18425008174873256
-2.641835273052816 -0.3702497761862147 4.795939201477967 606.5311546285166 600.9286775713463 364.59918293729424 116.34284473396838 3.128304102504261 3.687420238920411 -1867.4915773022713 -0.0740691857068179 21.719320844769854 -4018.1428972144827 -2.1794729877593123e-05 0.00442307283488896 0.18425008174873256
-2.641835273052816 -0.3702497761862135 4.799247856920846 606.5226274361871 600.9408103434889 403.4667988754809 128.7160431984812 3.128304102504261 3.687420238920411 -1867.4915773022713 -0.0740691857068179 21.719320844769854 -4018.1428972144827 -2.1794729877593123e-05 0.00442307283488896 0.18425008174873256
-2.641835273052816 -0.3702497761862147 4.802556512363723 606.5129866455391 600.9581659375272 450.37313235364854 144.05032227840275 3.128304102504261 3.687420238920411 -1867.4915773022713 -0.0740691857068179 21.719320844769854 -4018.1428972144827 -2.1794729877593123e-05 0.00442307283488896 0.18425008174873256
-2.641835273052816 -0.3702497761862135 4.8058651678066004 606.502160826012 600.9812958906114 505.93868242390454 162.59255172032863 3.128304102504261 3.687420238920411 -1867.4915773022713 -0.0740691857068179 21.719320844769854 -4018.1428972144827 -2.1794729877593123e-05 0.00442307283488896 0.18425008174873256
-2.641835273052816 -0.36926768128916876 4.809173823249478 606.4900767998586 601.0107702295336 570.802781464532 184.59800795651972 3.128304102504261 3.687420238920411 -1867.4915773022713 -0.0740691857068179 21.719320844769854 -4018.1428972144827 -2.1794729877593123e-05 0.00442307283488896 0.18425008174873256
-2.641835273052816 -0.3682855863921229 4.812482478692355 606.4766596421546 601.0471774707785 645.6235951539129 210.33037408161908 3.128304102504261 3.687420238920411 -1867.4915773022713 -0.0740691857068179 21.719320844769854 -4018.1428972144827 -2.1794729877593123e-05 0.00442307283488896 0.18425008174873256
-2.641835273052816 -0.3673034914950781 4.8157911341352335 606.4618326807904 601.0911246204287 731.0781224835664 240.06173989269882 3.128304102504261 3.687420238920411 -1867.4915773022713 -0.0740691857068179 21.719320844769854 -4018.1428972144827 -2.1794729877593123e-05 0.00442307283488896 0.18425008174873256
-2.641835273052816 -0.36632139659803226 4.819099789578111 606.4455174964735 601.1432371742958 827.8621957655996 274.0726018520072 3.128304102504261 3.687420238920411 -1867.4915773022713 -0.0740691857068179 21.719320844769854 -4018.1428972144827 -2.1794729877593123e-05 0.00442307283488896 0.18425008174873256
-2.641835273052816 -0.3653393017009864 4.822408445020988 606.427633922732 601.2041591177949 936.6904806252569 312.6518631009385 3.128304102504261 3.687420238920411 -1867.4915773022713 -0.0740691857068179 21.719320844769854 -4018.1428972144827 -2.1794729877593123e-05 0.00442307283488896 0.18425008174873256
