26 -3.325373321396593 -0.8652256042972262 1.1583858851975466 -2.806827215756488 -0.003928379588182409
-3.325373321396593 -0.8652256042972262 1.1583858851975466 556.3187680635601 631.3704037666321 729.4693781305104 285.6901856493205 3.1121032515017077 3.6488665871399824 -1845.875587221023 -0.04351916499696423 21.58898374961654 -4045.193018219201 -1.82393818092893e-05 0.004394343725854991 0.1801136079340276
-3.2860895255147664 -0.8465658012533588 1.127347990375163 558.1339257396758 629.853044513613 730.5981727088802 283.84580015484244 3.1121032515017077 3.6488665871399824 -1845.875587221023 -0.04351916499696423 21.58898374961654 -4045.193018219201 -1.82393818092893e-05 0.004394343725854991 0.1801136079340276
-3.243859444941806 -0.8259418084153998 1.1164942401015512 560.2389120869339 627.9705976434052 731.7583234030753 282.63517086114734 3.1121032515017077 3.6488665871399824 -1845.875587221023 -0.04351916499696423 21.58898374961654 -4045.193018219201 -1.82393818092893e-05 0.004394343725854991 0.1801136079340276
-3.196718889883617 -0.8013894359892595 1.0906212971913651 562.596613924019 625.8388217352331 732.9424672299065 282.0968756750226 3.1121032515017077 3.6488665871399824 -1845.875587221023 -0.04351916499696423 21.58898374961654 -4045.193018219201 -1.82393818092893e-05 0.004394343725854991 0.1801136079340276
-3.1397573858549714 -0.7768370635631169 1.1638255414260916 565.1722907163203 623.5624081976712 734.1441756989807 282.26662052609026 3.1121032515017077 3.6488665871399824 -1845.875587221023 -0.04351916499696423 21.58898374961654 -4045.193018219201 -1.82393818092893e-05 0.004394343725854991 0.1801136079340276
-3.076903312444044 -0.7522846911369755 1.1983978801181714 567.9335745843127 621.2349812760949 735.3579548229463 283.17723934073 3.1121032515017077 3.6488665871399824 -1845.875587221023 -0.04351916499696423 21.58898374961654 -4045.193018219201 -1.82393818092893e-05 0.004394343725854991 0.1801136079340276
-3.0169955237242556 -0.726750223813787 1.1678847359413835 570.8504703175277 618.939098149538 736.579245110508 284.85869406629354 3.1121032515017077 3.6488665871399824 -1845.875587221023 -0.04351916499696423 21.58898374961654 -4045.193018219201 -1.82393818092893e-05 0.004394343725854991 0.1801136079340276
-2.959051924798556 -0.699251566696509 1.1276937718275328 573.895355370827 616.7462488822639 737.8044215654954 287.3380746562034 3.1121032515017077 3.6488665871399824 -1845.875587221023 -0.04351916499696423 21.58898374961654 -4045.193018219201 -1.82393818092893e-05 0.004394343725854991 0.1801136079340276
-2.9060188003580945 -0.6688066248880945 1.0496581833107619 577.0429798485711 614.7168563380837 739.0307936933823 290.63959906436503 3.1121032515017077 3.6488665871399824 -1845.875587221023 -0.04351916499696423 21.58898374961654 -4045.193018219201 -1.82393818092893e-05 0.004394343725854991 0.1801136079340276
-2.862806624888089 -0.6363974932855871 0.9272952180015627 580.2704665120691 612.9002763442695 740.2566054966301 294.78461327403784 3.1121032515017077 3.6488665871399824 -1845.875587221023 -0.04351916499696423 21.58898374961654 -4045.193018219201 -1.82393818092893e-05 0.004394343725854991 0.1801136079340276
-2.824504923903303 -0.6000599820948973 0.8117078806504342 583.5573107907549 611.3347975201905 741.4810354718938 299.79159124568105 3.1121032515017077 3.6488665871399824 -1845.875587221023 -0.04351916499696423 21.58898374961654 -4045.193018219201 -1.82393818092893e-05 0.004394343725854991 0.1801136079340276
-2.7911136974037585 -0.5627403760071616 0.729899658151603 586.8853807803243 610.0476414449513 742.7041966170073 305.6761349895969 3.1121032515017077 3.6488665871399824 -1845.875587221023 -0.04351916499696423 21.58898374961654 -4045.193018219201 -1.82393818092893e-05 0.004394343725854991 0.1801136079340276
-2.765579230080572 -0.5254207699194271 0.6000502134017428 590.2389172185212 609.0549625307322 743.9271364295855 312.4509744886309 3.1121032515017077 3.6488665871399824 -1845.875587221023 -0.04351916499696423 21.58898374961654 -4045.193018219201 -1.82393818092893e-05 0.004394343725854991 0.1801136079340276
-2.74495523724261 -0.49104744852283017 0.5404195002706749 593.6045335074887 608.3618480674922 745.1518369009718 320.12596776522696 3.1121032515017077 3.6488665871399824 -1845.875587221023 -0.04351916499696423 21.58898374961654 -4045.193018219201 -1.82393818092893e-05 0.004394343725854991 0.1801136079340276
-2.739062667860337 -0.45569203222918625 0.16514867741460124 596.9712157268077 607.9623182229698 746.3812145190313 328.7081008218229 3.1121032515017077 3.6488665871399824 -1845.875587221023 -0.04351916499696423 21.58898374961654 -4045.193018219201 -1.82393818092893e-05 0.004394343725854991 0.1801136079340276
-2.7420089525514757 -0.4193545210384976 6.2022812080243055 600.3303225962445 607.8393260277808 747.6191202751361 338.20148770231754 3.1121032515017077 3.6488665871399824 -1845.875587221023 -0.04351916499696423 21.58898374961654 -4045.193018219201 -1.82393818092893e-05 0.004394343725854991 0.1801136079340276
-2.7469194270367083 -0.382034914950763 6.15235791110541 603.6755855018273 607.9647574312985 748.870339655783 348.60737042408437 3.1121032515017077 3.6488665871399824 -1845.875587221023 -0.04351916499696423 21.58898374961654 -4045.193018219201 -1.82393818092893e-05 0.004394343725854991 0.1801136079340276
-2.7518299015219276 -0.3456974037600721 6.148863865226865 607.0031084865332 608.2994312010705 750.1405926402658 359.92411904223263 3.1121032515017077 3.6488665871399824 -1845.875587221023 -0.04351916499696423 21.58898374961654 -4045.193018219201 -1.82393818092893e-05 0.004394343725854991 0.1801136079340276
-2.7596866606982946 -0.3113240823634729 6.058474138764901 610.3113682596013 608.7930990383029 751.4365337146446 372.1472316151485 3.1121032515017077 3.6488665871399824 -1845.875587221023 -0.04351916499696423 21.58898374961654 -4045.193018219201 -1.82393818092893e-05 0.004394343725854991 0.1801136079340276
-2.77245389435989 -0.27596866606983017 5.936646442745592 613.6012141881511 609.3844454959035 752.7657518568449 385.2693342026323 3.1121032515017077 3.6488665871399824 -1845.875587221023 -0.04351916499696423 21.58898374961654 -4045.193018219201 -1.82393818092893e-05 0.004394343725854991 0.1801136079340276
-2.7852211280214854 -0.24159534467323213 5.927549422878781 616.8758682962507 610.0010879784822 754.1367705445737 399.2801808780059 3.1121032515017077 3.6488665871399824 -1845.875587221023 -0.04351916499696423 21.58898374961654 -4045.193018219201 -1.82393818092893e-05 0.004394343725854991 0.1801136079340276
-2.8009346463742153 -0.20820411817367773 5.843342724363895 620.14092526678 610.5595767945051 755.5590477497317 414.16665372624993 3.1121032515017077 3.6488665871399824 -1845.875587221023 -0.04351916499696423 21.58898374961654 -4045.193018219201 -1.82393818092893e-05 0.004394343725854991 0.1801136079340276
-2.8117376902417166 -0.1738307967770808 5.9786744239774885 623.4043524442241 610.9653951227665 757.0429759481922 429.91276283655316 3.1121032515017077 3.6488665871399824 -1845.875587221023 -0.04351916499696423 21.58898374961654 -4045.193018219201 -1.82393818092893e-05 0.004394343725854991 0.1801136079340276
-2.8195944494180836 -0.13651119068934625 6.075689080744335 626.6764898393303 611.1129590533674 758.599882110022 446.49964631162584 3.1121032515017077 3.6488665871399824 -1845.875587221023 -0.04351916499696423 21.58898374961654 -4045.193018219201 -1.82393818092893e-05 0.004394343725854991 0.1801136079340276
-2.820576544315128 -0.09624529991047405 6.25879989800689 629.9700501123443 610.8856174647808 760.24202770181 463.90557026769966 3.1121032515017077 3.6488665871399824 -1845.875587221023 -0.04351916499696423 21.58898374961654 -4045.193018219201 -1.82393818092893e-05 0.004394343725854991 0.1801136079340276
-2.8146839749328554 -0.051068934646374665 0.1297025371558952 633.3001185916364 610.1556521952152 761.9826086913235 482.1059288159013 3.1121032515017077 3.6488665871399824 -1845.875587221023 -0.04351916499696423 21.58898374961654 -4045.193018219201 -1.82393818092893e-05 0.004394343725854991 0.1801136079340276
-2.806827215756488 -0.003928379588182409 0.1651486774146614 644.7639707062917 614.3536583036184 765.5694800089113 496.6764541384764 3.1121032515017077 3.6488665871399824 -1845.875587221023 -0.04351916499696423 21.58898374961654 -4045.193018219201 -1.82393818092893e-05 0.004394343725854991 0.1801136079340276
-2.7989704565801254 0.048122649955237025 0.1498124565728483 647.5134717876499 612.8799915353302 767.0072718649171 499.3904244690202 3.1121032515017077 3.6488665871399824 -1845.875587221023 -0.04351916499696423 21.58898374961654 -4045.193018219201 -1.82393818092893e-05 0.004394343725854991 0.1801136079340276
-2.7881674127126197 0.10115577439570123 0.20095426368816663 650.3992013322277 611.3616631233599 768.501551035326 501.1467365422286 3.1121032515017077 3.6488665871399824 -1845.875587221023 -0.04351916499696423 21.58898374961654 -4045.193018219201 -1.82393818092893e-05 0.004394343725854991 0.1801136079340276
-2.767543419874662 0.15517099373321241 0.36473481426439885 653.4158442173066 609.8082346590236 770.0314170569181 501.99545097956434 3.1121032515017077 3.6488665871399824 -1845.875587221023 -0.04351916499696423 21.58898374961654 -4045.193018219201 -1.82393818092893e-05 0.004394343725854991 0.1801136079340276
-2.739062667860337 0.20722202327663183 0.500667724874753 656.5580004285293 608.2289398235735 771.5769072198309 501.98560139909387 3.1121032515017077 3.6488665871399824 -1845.875587221023 -0.04351916499696423 21.58898374961654 -4045.193018219201 -1.82393818092893e-05 0.004394343725854991 0.1801136079340276
-2.7076356311548775 0.25338048343777825 0.5977583915930511 659.8201850621408 606.6326843849383 773.1189965810627 501.1651944075711 3.1121032515017077 3.6488665871399824 -1845.875587221023 -0.04351916499696423 21.58898374961654 -4045.193018219201 -1.82393818092893e-05 0.004394343725854991 0.1801136079340276
-2.6762085944494185 0.2965926589077881 0.6287962864153961 663.1968283226597 605.0280461995862 774.639597945381 499.58120960649103 3.1121032515017077 3.6488665871399824 -1845.875587221023 -0.04351916499696423 21.58898374961654 -4045.193018219201 -1.82393818092893e-05 0.004394343725854991 0.1801136079340276
-2.644781557743959 0.3398048343777979 0.6287962864153961 666.6822755245958 603.4232752111275 776.1215618727729 497.27959958231077 3.1121032515017077 3.6488665871399824 -1845.875587221023 -0.04351916499696423 21.58898374961654 -4045.193018219201 -1.82393818092893e-05 0.004394343725854991 0.1801136079340276
-2.6153187108325895 0.3830170098478067 0.5880026035475675 670.2707870915765 601.8262934521772 777.5486766840331 494.3052899129689 3.1121032515017077 3.6488665871399824 -1845.875587221023 -0.04351916499696423 21.58898374961654 -4045.193018219201 -1.82393818092893e-05 0.004394343725854991 0.1801136079340276
-2.5858558639212195 0.42328290062667884 0.6202494859828164 673.9565385570168 600.2446950438898 778.9056684514508 490.7021791716106 3.1121032515017077 3.6488665871399824 -1845.875587221023 -0.04351916499696423 21.58898374961654 -4045.193018219201 -1.82393818092893e-05 0.004394343725854991 0.1801136079340276
-2.5593393017009842 0.45863831692032053 0.6304014214735788 677.7336205632746 598.6857461940963 780.1782010076568 486.51313892239705 3.1121032515017077 3.6488665871399824 -1845.875587221023 -0.04351916499696423 21.58898374961654 -4045.193018219201 -1.82393818092893e-05 0.004394343725854991 0.1801136079340276
-2.52693017009848 0.48908325872873726 0.8007815651779773 681.5960388620151 597.1563851993997 781.3528759358451 481.78001371538267 3.1121032515017077 3.6488665871399824 -1845.875587221023 -0.04351916499696423 21.58898374961654 -4045.193018219201 -1.82393818092893e-05 0.004394343725854991 0.1801136079340276
-2.489610564010739 0.5224744852282905 0.8264709419879697 685.5377143148071 595.6632224449422 782.4172325781547 476.54362109908834 3.161223441445887 3.662751137118298 -1872.4529624117881 0.043688377526262 21.636651014042197 -4101.978893086157 1.831030072349613e-05 0.004398969659870466 0.16250083711949825
-2.451308863025962 0.5578299015219333 0.8117078806503485 689.5524828921916 594.2125404018443 783.359748034738 470.8437516060658 3.161223441445887 3.662751137118298 -1872.4529624117881 0.043688377526262 21.636651014042197 -4101.978893086157 1.831030072349613e-05 0.004398969659870466 0.16250083711949825
-2.4159534467323143 0.5971136974037596 0.720554135844289 693.634095674337 592.810293631861 784.169837155845 464.71916876127943 3.161223441445887 3.662751137118298 -1872.4529624117881 0.043688377526262 21.636651014042197 -4101.978893086157 1.831030072349613e-05 0.004398969659870466 0.16250083711949825
-2.371759176365264 0.6452363473589956 0.7328151017864677 697.7762188502529 591.4621087834239 784.8378525516018 458.2076090844348 3.161223441445887 3.662751137118298 -1872.4529624117881 0.043688377526262 21.636651014042197 -4101.978893086157 1.831030072349613e-05 0.004398969659870466 0.16250083711949825
-2.335421665174572 0.6963052820053702 0.6094585379449591 701.9724337193329 590.1732845930383 785.3550845873542 451.34578208625317 3.161223441445887 3.662751137118298 -1872.4529624117881 0.043688377526262 21.636651014042197 -4101.978893086157 1.831030072349613e-05 0.004398969659870466 0.16250083711949825
-2.2872990152193386 0.7513025962399296 0.7100692725690478 706.2162366891862 588.948791886447 785.7137613855302 444.1693702591583 3.161223441445887 3.662751137118298 -1872.4529624117881 0.043688377526262 21.636651014042197 -4101.978893086157 1.831030072349613e-05 0.004398969659870466 0.16250083711949825
-2.237212175470011 0.8043357206803926 0.7568345055587026 710.5010392778495 587.7932735746726 785.9070488214493 436.7130290977657 3.161223441445887 3.662751137118298 -1872.4529624117881 0.043688377526262 21.636651014042197 -4101.978893086157 1.831030072349613e-05 0.004398969659870466 0.16250083711949825
-2.190071620411813 0.8563867502238143 0.7359335947959059 714.8201681119244 586.7110446591396 785.9290505307727 429.0103870835155 3.161223441445887 3.662751137118298 -1872.4529624117881 0.043688377526262 21.636651014042197 -4101.978893086157 1.831030072349613e-05 0.004398969659870466 0.16250083711949825
-2.1399847806624854 0.9094198746642808 0.756834505558671 719.1668649277271 585.7060922295786 785.7748078987934 421.0940456883982 3.161223441445887 3.662751137118298 -1872.4529624117881 0.043688377526262 21.636651014042197 -4101.978893086157 1.831030072349613e-05 0.004398969659870466 0.16250083711949825
-2.0977547000895247 0.9634350940017908 0.6635557263775104 723.5342865711573 584.782075461233 785.4403000706807 412.99557937541977 3.161223441445887 3.662751137118298 -1872.4529624117881 0.043688377526262 21.636651014042197 -4101.978893086157 1.831030072349613e-05 0.004398969659870466 0.16250083711949825
-2.0437394807520137 1.0125398388540736 0.8329812666744317 727.9155049973342 583.9423256204464 784.9224439477548 404.7455355958082 3.161223441445887 3.662751137118298 -1872.4529624117881 0.043688377526262 21.636651014042197 -4101.978893086157 1.831030072349613e-05 0.004398969659870466 0.16250083711949825
-1.9808854073410906 1.0606624888093108 0.9173699856141437 732.3035072705825 583.1898460593075 784.2190941870213 396.3734348011203 3.161223441445887 3.662751137118298 -1872.4529624117881 0.043688377526262 21.636651014042197 -4101.978893086157 1.831030072349613e-05 0.004398969659870466 0.16250083711949825
-1.9465120859444927 1.1097672336615925 0.6107259643892193 736.6911955647229 582.5273122191429 783.3290432007052 387.90777041902766 3.161223441445887 3.662751137118298 -1872.4529624117881 0.043688377526262 21.636651014042197 -4101.978893086157 1.831030072349613e-05 0.004398969659870466 0.16250083711949825
-1.9062461951656215 1.1569077887197847 0.7069080607600984 741.071387162985 581.95707162912 782.2520211543888 379.37600888870656 3.161223441445887 3.662751137118298 -1872.4529624117881 0.043688377526262 21.636651014042197 -4101.978893086157 1.831030072349613e-05 0.004398969659870466 0.16250083711949825
-1.8826759176365202 1.205030438675023 0.455451071250976 745.4368144582404 581.4811439055484 780.9886959744617 370.80458961753175 3.161223441445887 3.662751137118298 -1872.4529624117881 0.043688377526262 21.636651014042197 -4101.978893086157 1.831030072349613e-05 0.004398969659870466 0.16250083711949825
-1.8767833482542517 1.2511888988361681 0.12697278961396652 749.780124952129 581.1012207539752 779.5406733369455 362.21892502112314 3.161223441445887 3.662751137118298 -1872.4529624117881 0.043688377526262 21.636651014042197 -4101.978893086157 1.831030072349613e-05 0.004398969659870466 0.16250083711949825
-1.8649982094896966 1.2983294538943593 0.24497866312700906 754.0938812561653 580.8186659677885 777.9104966823943 353.64340049633756 3.161223441445887 3.662751137118298 -1872.4529624117881 0.043688377526262 21.636651014042197 -4101.978893086157 1.831030072349613e-05 0.004398969659870466 0.16250083711949825
-1.8591056401074282 1.3454700089525504 0.12435499454665067 758.370561091273 580.6345154282171 776.1016472009942 345.10137443291023 3.161223441445887 3.662751137118298 -1872.4529624117881 0.043688377526262 21.636651014042197 -4101.978893086157 1.831030072349613e-05 0.004398969659870466 0.16250083711949825
-1.8610698299015176 1.3945747538048356 6.243206620056334 762.6025572873914 580.5494771040976 774.1185438372195 336.6151782181114 3.161223441445887 3.662751137118298 -1872.4529624117881 0.043688377526262 21.636651014042197 -4101.978893086157 1.831030072349613e-05 0.004398969659870466 0.16250083711949825
-1.869908683974934 1.4436794986571173 6.105092368948279 766.7821777840873 580.5639310528059 771.9665432982147 328.20611622184515 3.161223441445887 3.662751137118298 -1872.4529624117881 0.043688377526262 21.636651014042197 -4101.978893086157 1.831030072349613e-05 0.004398969659870466 0.16250083711949825
-1.8924968666069812 1.4937663384064461 5.859516385302117 770.9016456302197 580.6779294193257 769.6519400402904 319.89446581248194 3.161223441445887 3.662751137118298 -1872.4529624117881 0.043688377526262 21.636651014042197 -4101.978893086157 1.831030072349613e-05 0.004398969659870466 0.16250083711949825
-1.9327627573858523 1.542871083258728 5.596367657420941 774.9530989841442 580.8911964369472 767.181966281496 311.6994773359038 3.161223441445887 3.662751137118298 -1872.4529624117881 0.043688377526262 21.636651014042197 -4101.978893086157 1.831030072349613e-05 0.004398969659870466 0.16250083711949825
-1.9553509400179043 1.5890295434198731 5.8280844986113545 778.9285911134066 581.2031284268014 764.5647919904441 303.6393741494976 3.161223441445887 3.662751137118298 -1872.4529624117881 0.043688377526262 21.636651014042197 -4101.978893086157 1.831030072349613e-05 0.004398969659870466 0.16250083711949825
-2.0034735899731424 1.632241718889883 5.444075414478906 782.8200903951947 581.6127937994897 761.809524893295 295.73135258303955 3.161223441445887 3.662751137118298 -1872.4529624117881 0.043688377526262 21.636651014042197 -4101.978893086157 1.831030072349613e-05 0.004398969659870466 0.16250083711949825
-2.021151298119966 1.6764359892569376 5.902678930067187 786.6194803160615 582.1189330511261 758.9262104728259 287.9915819671005 3.161223441445887 3.662751137118298 -1872.4529624117881 0.043688377526262 21.636651014042197 -4101.978893086157 1.831030072349613e-05 0.004398969659870466 0.16250083711949825
-2.0525783348254256 1.7137555953446746 5.831742169567976 790.3185594713577 582.7199587682262 755.9258319670334 280.43520462187007 3.161223441445887 3.662751137118298 -1872.4529624117881 0.043688377526262 21.636651014042197 -4101.978893086157 1.831030072349613e-05 0.004398969659870466 0.16250083711949825
-2.099718889883614 1.7481289167412715 5.760805409068765 793.9090415668034 583.4139556223527 752.8203103742562 273.076335855294 3.161223441445887 3.662751137118298 -1872.4529624117881 0.043688377526262 21.636651014042197 -4101.978893086157 1.831030072349613e-05 0.004398969659870466 0.16250083711949825
-2.1409668755595304 1.7834843330349153 5.689868648569554 797.3825554165087 584.1986803773325 749.6225044392049 265.9280639705248 3.161223441445887 3.662751137118298 -1872.4529624117881 0.043688377526262 21.636651014042197 -4101.978893086157 1.831030072349613e-05 0.004398969659870466 0.16250083711949825
-2.1773043867502175 1.8178576544315121 5.618931888070344 800.7306449448079 585.0715618815739 746.3462106729858 259.0024502594024 3.161223441445887 3.662751137118298 -1872.4529624117881 0.043688377526262 21.636651014042197 -4101.978893086157 1.831030072349613e-05 0.004398969659870466 0.16250083711949825
-2.207749328558637 1.8512488809310643 5.5479951275711334 803.9447691846726 586.0297010731883 743.0061633363366 252.31052900617942 3.161223441445887 3.662751137118298 -1872.4529624117881 0.043688377526262 21.636651014042197 -4101.978893086157 1.831030072349613e-05 0.004398969659870466 0.16250083711949825
-2.2440868397493285 1.8846401074306176 5.477058367071923 807.0163022791385 587.069870976964 739.6180344456807 245.86230747960508 3.161223441445887 3.662751137118298 -1872.4529624117881 0.043688377526262 21.636651014042197 -4101.978893086157 1.831030072349613e-05 0.004398969659870466 0.16250083711949825
-2.2774780662488774 1.9150850492390321 5.406121606572712 809.9365334801987 588.1885167071596 736.1984337731265 239.6667659515515 3.161223441445887 3.662751137118298 -1872.4529624117881 0.043688377526262 21.636651014042197 -4101.978893086157 1.831030072349613e-05 0.004398969659870466 0.16250083711949825
-2.304976723366153 1.9435658012533572 5.335184846073501 812.6966671493865 589.3817554649431 732.76490885159 233.73185767512769 3.161223441445887 3.662751137118298 -1872.4529624117881 0.043688377526262 21.636651014042197 -4101.978893086157 1.831030072349613e-05 0.004398969659870466 0.16250083711949825
-2.327564905998205 1.9730286481647268 5.264248085574291 815.2878227574693 590.6453765411861 729.3359449622221 228.06450889725238 3.161223441445887 3.662751137118298 -1872.4529624117881 0.043688377526262 21.636651014042197 -4101.978893086157 1.831030072349613e-05 0.004398969659870466 0.16250083711949825
-2.365866606982982 1.9975810205908684 5.19331132507508 817.701034884507 591.9748413127381 725.9309651535004 222.67061886005104 3.161223441445887 3.662751137118298 -1872.4529624117881 0.043688377526262 21.636651014042197 -4101.978893086157 1.831030072349613e-05 0.004398969659870466 0.16250083711949825
-2.3923831692032134 2.0240975828111014 5.122374564575869 819.9272532203322 593.3652832456864 722.570330215618 217.555059784092 3.161223441445887 3.662751137118298 -1872.4529624117881 0.043688377526262 21.636651014042197 -4101.978893086157 1.831030072349613e-05 0.004398969659870466 0.16250083711949825
-2.421846016114583 2.050614145031335 5.0514378040766585 821.9573425641283 594.8115078939591 719.2753387060948 212.72167690098286 3.161223441445887 3.662751137118298 -1872.4529624117881 0.043688377526262 21.636651014042197 -4101.978893086157 1.831030072349613e-05 0.004398969659870466 0.16250083711949825
-2.463094001790503 2.069273948075201 4.980501043577448 823.782082824182 596.3079928988591 716.0682269302197 208.17328841006383 3.161223441445887 3.662751137118298 -1872.4529624117881 0.043688377526262 21.636651014042197 -4101.978893086157 1.831030072349613e-05 0.004398969659870466 0.16250083711949825
-2.501395702775294 2.083023276633839 4.909564283078237 825.3921690179559 597.848887991393 712.9721689573489 203.91168552450836 3.161223441445887 3.662751137118298 -1872.4529624117881 0.043688377526262 21.636651014042197 -4101.978893086157 1.831030072349613e-05 0.004398969659870466 0.16250083711949825
-2.5367511190689367 2.092844225604295 4.838627522579027 826.7782112728601 599.4280149883125 710.0112766013481 199.93763243034482 3.161223441445887 3.662751137118298 -1872.4529624117881 0.043688377526262 21.636651014042197 -4101.978893086157 1.831030072349613e-05 0.004398969659870466 0.16250083711949825
-2.5770170098478076 2.097754700089526 4.767690762079816 827.9307348254515 601.0388677963056 707.2105994452722 196.2508663116023 3.161223441445887 3.662751137118298 -1872.4529624117881 0.043688377526262 21.636651014042197 -4101.978893086157 1.831030072349613e-05 0.004398969659870466 0.16250083711949825
-2.5239838854073366 2.1016830796777084 4.696754001580605 828.8401800216379 602.6746124094352 704.5961248176172 192.85009734658524 3.161223441445887 3.662751137118298 -1872.4529624117881 0.043688377526262 21.636651014042197 -4101.978893086157 1.831030072349613e-05 0.004398969659870466 0.16250083711949825
-2.470950760966875 2.1036472694718 4.6258172410813945 829.4969023166632 604.3280869100709 702.1947778104804 189.73300869995728 3.161223441445887 3.662751137118298 -1872.4529624117881 0.043688377526262 21.636651014042197 -4101.978893086157 1.831030072349613e-05 0.004398969659870466 0.16250083711949825
-2.417917636526404 2.1016830796777106 4.554880480582184 829.8911722751654 605.9918014674913 700.0344212632626 186.89625653112307 3.161223441445887 3.662751137118298 -1872.4529624117881 0.043688377526262 21.636651014042197 -4101.978893086157 1.831030072349613e-05 0.004398969659870466 0.16250083711949825
-2.3589919427036645 2.0957905102954353 4.483943720082973 830.0131755710754 607.6579383402131 698.1438557798974 184.33546998584643 3.161223441445887 3.662751137118298 -1872.4529624117881 0.043688377526262 21.636651014042197 -4101.978893086157 1.831030072349613e-05 0.004398969659870466 0.16250083711949825
-2.2990841539838804 2.084987466427934 4.413006959583763 829.853012988111 609.3183518750593 696.5528197162785 182.04525120323524 4.1127473612145415 4.791340789422732 -2431.3912478587085 -0.057608237527760786 24.44423090922352 -3205.859696093639 -1.962801960059995e-05 0.005782831265406812 0.24420490806302847
-2.2342658907788677 2.0692739480752023 4.342070199084552 829.4007004192099 610.964568504598 695.2919891788624 180.01917531201616 4.1127473612145415 4.791340789422732 -2431.3912478587085 -0.057608237527760786 24.44423090922352 -3205.859696093639 -1.962801960059995e-05 0.005782831265406812 0.24420490806302847
-2.160608773500448 2.0525783348254256 4.271133438585341 828.6461688660347 612.5877867534291 694.3929780400358 178.24979044031352 4.1127473612145415 4.791340789422732 -2431.3912478587085 -0.057608237527760786 24.44423090922352 -3205.859696093639 -1.962801960059995e-05 0.005782831265406812 0.24420490806302847
-2.0849874664279295 2.035882721575651 4.20019667808613 827.5792644404282 614.1788772291038 693.8883379218169 176.7286176905036 4.1127473612145415 4.791340789422732 -2431.3912478587085 -0.057608237527760786 24.44423090922352 -3205.859696093639 -1.962801960059995e-05 0.005782831265406812 0.24420490806302847
-2.0113303491495094 2.015258728737693 4.12925991758692 826.1897483635548 615.7283826321363 693.811558204703 175.4461511722766 4.1127473612145415 4.791340789422732 -2431.3912478587085 -0.057608237527760786 24.44423090922352 -3205.859696093639 -1.962801960059995e-05 0.005782831265406812 0.24420490806302847
-1.9298164726947227 1.992670546105641 4.05832315708771 824.4672969656967 617.2265177483205 694.1970660220832 174.3918579770252 4.1127473612145415 4.791340789422732 -2431.3912478587085 -0.057608237527760786 24.44423090922352 -3205.859696093639 -1.962801960059995e-05 0.005782831265406812 0.24420490806302847
-1.9435658012533539 1.9641897940913162 3.9873863965884984 822.4015016864287 618.6631694512907 695.080226267688 173.5541781904176 4.1127473612145415 4.791340789422732 -2431.3912478587085 -0.057608237527760786 24.44423090922352 -3205.859696093639 -1.962801960059995e-05 0.005782831265406812 0.24420490806302847
-1.957315129811994 1.9307985675917652 3.916449636089288 819.981869074807 620.0278967046179 696.4973415876739 172.92052489053458 4.1127473612145415 4.791340789422732 -2431.3912478587085 -0.057608237527760786 24.44423090922352 -3205.859696093639 -1.962801960059995e-05 0.005782831265406812 0.24420490806302847
-1.971064458370634 1.8934789615040306 3.845512875590077 817.1978207896318 621.3099305573851 698.4856523829512 172.4772841418162 4.1127473612145415 4.791340789422732 -2431.3912478587085 -0.057608237527760786 24.44423090922352 -3205.859696093639 -1.962801960059995e-05 0.005782831265406812 0.24420490806302847
-1.9857958818263233 1.8522309758281126 3.7745761150908668 814.0386935985443 622.4981741497759 701.0833368133754 172.20981500670314 4.1127473612145415 4.791340789422732 -2431.3912478587085 -0.057608237527760786 24.44423090922352 -3205.859696093639 -1.962801960059995e-05 0.005782831265406812 0.24420490806302847
-2.0005273052820036 1.8090188003581027 3.703639354591656 810.493739378886 623.5812027074862 704.3295107916929 172.10244952701032 4.1127473612145415 4.791340789422732 -2431.3912478587085 -0.057608237527760786 24.44423090922352 -3205.859696093639 -1.962801960059995e-05 0.005782831265406812 0.24420490806302847
-2.0132945389436037 1.7628603401969563 3.632702594092445 806.5521251171594 624.5472635442857 708.264227991458 172.1384927490726 4.1127473612145415 4.791340789422732 -2431.3912478587085 -0.057608237527760786 24.44423090922352 -3205.859696093639 -1.962801960059995e-05 0.005782831265406812 0.24420490806302847
-2.0290080572963287 1.7137555953446746 3.5617658335932343 802.2029329093348 625.3842760652769 712.9284798372537 172.30022269953042 4.1127473612145415 4.791340789422732 -2431.3912478587085 -0.057608237527760786 24.44423090922352 -3205.859696093639 -1.962801960059995e-05 0.005782831265406812 0.24420490806302847
-2.0466857654431525 1.6597403760071634 3.490829073094024 797.4351599612128 626.0798317580484 718.3641955144703 172.56889040442184 4.1127473612145415 4.791340789422732 -2431.3912478587085 -0.057608237527760786 24.44423090922352 -3205.859696093639 -1.962801960059995e-05 0.005782831265406812 0.24420490806302847
-2.0623992837958776 1.6047430617726062 3.419892312594813 792.2377185873193 626.6211942033842 724.6142419553362 172.9247198733501 4.1127473612145415 4.791340789422732 -2431.3912478587085 -0.057608237527760786 24.44423090922352 -3205.859696093639 -1.962801960059995e-05 0.005782831265406812 0.24420490806302847
-2.0781128021486115 1.5467994628469126 3.40640998349564 786.5994362116471 626.9952990668826 731.7224238566123 173.3469081115909 4.1127473612145415 4.791340789422732 -2431.3912478587085 -0.057608237527760786 24.44423090922352 -3205.859696093639 -1.962801960059995e-05 0.005782831265406812 0.24420490806302847
-2.093826320501337 1.4878737690241732 3.402195045337049 780.5090553679329 627.188754103845 739.7334836693481 173.81362511683255 4.1127473612145415 4.791340789422732 -2431.3912478587085 -0.057608237527760786 24.44423090922352 -3205.859696093639 -1.962801960059995e-05 0.005782831265406812 0.24420490806302847
-2.1124861235452097 1.4289480752014336 3.4482689729915585 773.9552336991183 627.1878391571809 748.6931015965529 174.3020138735883 4.1127473612145415 4.791340789422732 -2431.3912478587085 -0.057608237527760786 24.44423090922352 -3205.859696093639 -1.962801960059995e-05 0.005782831265406812 0.24420490806302847
-2.130163831692024 1.3700223813786943 3.433049448067549 766.9265439576702 626.978506158106 758.6478956034407 174.78819035971537 4.1127473612145415 4.791340789422732 -2431.3912478587085 -0.057608237527760786 24.44423090922352 -3205.859696093639 -1.962801960059995e-05 0.005782831265406812 0.24420490806302847
-2.1498057296329374 1.3110966875559547 3.4633432079864352 759.4114740046789 626.5463791240472 769.6454214020632 175.24724354129285 4.1127473612145415 4.791340789422732 -2431.3912478587085 -0.057608237527760786 24.44423090922352 -3205.859696093639 -1.962801960059995e-05 0.005782831265406812 0.24420490806302847
-2.1665013428827207 1.25315308863026 3.422129445328225 751.398426811822 625.8767541630659 781.7341724741273 175.65323537494987 4.1127473612145415 4.791340789422732 -2431.3912478587085 -0.057608237527760786 24.44423090922352 -3205.859696093639 -1.962801960059995e-05 0.005782831265406812 0.24420490806302847
-2.182214861235455 1.197173679498658 3.415251974671946 742.8757204594294 624.954599470133 794.9635800388642 175.97920081671327 4.1127473612145415 4.791340789422732 -2431.3912478587085 -0.057608237527760786 24.44423090922352 -3205.859696093639 -1.962801960059995e-05 0.005782831265406812 0.24420490806302847
