22 -1.7314333034915015 0.30248522829006225 1.697769116408973 -0.8662076991942731 1.2502068039391234
-1.7314333034915015 0.30248522829006225 1.697769116408973 669.7437580608384 575.9208706774536 713.0408112034784 282.8101225936698 3.316759074344307 3.8530130791820065 -2107.1243998596065 0.048839276904932866 22.832771948016962 -4892.802848121601 2.0469101804246806e-05 0.0046321776725010266 0.0032866289996143568
-1.691167412712626 0.3034673231871081 1.5464109176221748 669.6333468849698 574.5450341110361 719.6229870308744 292.06699875827326 3.316759074344307 3.8530130791820065 -2107.1243998596065 0.048839276904932866 22.832771948016962 -4892.802848121601 2.0469101804246806e-05 0.0046321776725010266 0.0032866289996143568
-1.6499194270367101 0.31034198746642927 1.405647649380226 669.8620203279715 573.1546773687153 726.0458119546529 301.3965433236226 3.316759074344307 3.8530130791820065 -2107.1243998596065 0.048839276904932866 22.832771948016962 -4892.802848121601 2.0469101804246806e-05 0.0046321776725010266 0.0032866289996143568
-1.6057251566696555 0.3240913160250672 1.2691772805286845 670.4267427735394 571.7532880289593 732.2783687134506 310.7562459967521 3.316759074344307 3.8530130791820065 -2107.1243998596065 0.048839276904932866 22.832771948016962 -4892.802848121601 2.0469101804246806e-05 0.0046321776725010266 0.0032866289996143568
-1.5605487914055516 0.3437332139659792 1.1606689862534554 671.3234714805876 570.3443739547913 738.2908942357171 320.1036093841831 3.316759074344307 3.8530130791820065 -2107.1243998596065 0.048839276904932866 22.832771948016962 -4892.802848121601 2.0469101804246806e-05 0.0046321776725010266 0.0032866289996143568
-1.5094798567591792 0.36926768128916654 1.107148717794073 672.5471565836269 568.931463293786 744.0547796393075 329.3961489921421 3.316759074344307 3.8530130791820065 -2107.1243998596065 0.048839276904932866 22.832771948016962 -4892.802848121601 2.0469101804246806e-05 0.0046321776725010266 0.0032866289996143568
-1.4643034914950752 0.39971262309758215 0.977793764913404 674.091741092554 567.5181044780718 749.5425702318316 338.5913932264011 3.316759074344307 3.8530130791820065 -2107.1243998596065 0.048839276904932866 22.832771948016962 -4892.802848121601 2.0469101804246806e-05 0.0046321776725010266 0.0032866289996143568
-1.419127126230976 0.43506803939122496 0.9067501639682146 675.9501608924838 566.1078662243287 754.7279655105376 347.64688339229906 3.316759074344307 3.8530130791820065 -2107.1243998596065 0.048839276904932866 22.832771948016962 -4892.802848121601 2.0469101804246806e-05 0.0046321776725010266 0.0032866289996143568
-1.3739507609668766 0.4743518352730524 0.8550527371259926 678.1143447441282 564.7043375337887 759.5858191621664 356.5201736948875 3.316759074344307 3.8530130791820065 -2107.1243998596065 0.048839276904932866 22.832771948016962 -4892.802848121601 2.0469101804246806e-05 0.0046321776725010266 0.0032866289996143568
-1.331720680393916 0.5185461056401082 0.7626748025557629 680.575214283519 563.311127692238 764.0921390632284 365.1688312386905 3.316759074344307 3.8530130791820065 -2107.1243998596065 0.048839276904932866 22.832771948016962 -4892.802848121601 2.0469101804246806e-05 0.0046321776725010266 0.0032866289996143568
-1.2953831692032285 0.566668755595344 0.64675842626328 683.3226840220668 561.931866270015 768.2240872797702 373.55043602788646 3.316759074344307 3.8530130791820065 -2107.1243998596065 0.048839276904932866 22.832771948016962 -4892.802848121601 2.0469101804246806e-05 0.0046321776725010266 0.0032866289996143568
-1.2551172784243574 0.6187197851387646 0.6584253737833524 686.3456613465896 560.5702031220083 771.9599800675642 381.6225809662574 3.316759074344307 3.8530130791820065 -2107.1243998596065 0.048839276904932866 22.832771948016962 -4892.802848121601 2.0469101804246806e-05 0.0046321776725010266 0.0032866289996143568
-1.2158334825425265 0.6746991942703664 0.6119024344347258 689.6320465194149 559.2298083876633 775.2792878718028 389.3428718571813 3.316759074344307 3.8530130791820065 -2107.1243998596065 0.048839276904932866 22.832771948016962 -4892.802848121601 2.0469101804246806e-05 0.0046321776725010266 0.0032866289996143568
-1.1755675917636599 0.7316606982990141 0.6153395418053329 693.1687326781102 557.9143724909748 778.1626353275205 396.6689274036544 3.316759074344307 3.8530130791820065 -2107.1243998596065 0.048839276904932866 22.832771948016962 -4892.802848121601 2.0469101804246806e-05 0.0046321776725010266 0.0032866289996143568
-1.1421763652641066 0.7915684870187985 0.5084893240797076 696.9416058357092 556.6276061404903 780.5918012592738 403.5583792082107 3.316759074344307 3.8530130791820065 -2107.1243998596065 0.048839276904932866 22.832771948016962 -4892.802848121601 2.0469101804246806e-05 0.0046321776725010266 0.0032866289996143568
-1.1146777081468309 0.8514762757385849 0.43032661312251347 700.9355448807182 555.3732403293127 782.5497186812427 409.9688717730096 3.316759074344307 3.8530130791820065 -2107.1243998596065 0.048839276904932866 22.832771948016962 -4892.802848121601 2.0469101804246806e-05 0.0046321776725010266 0.0032866289996143568
-1.0842327663384164 0.9104019695613244 0.4768918676655232 705.1344215768986 554.1550263350953 784.0204747972748 415.8580624998722 3.316759074344307 3.8530130791820065 -2107.1243998596065 0.048839276904932866 22.832771948016962 -4892.802848121601 2.0469101804246806e-05 0.0046321776725010266 0.0032866289996143568
-1.0469131602506752 0.9703097582811098 0.5571243901594691 709.5211005634701 552.9767357200424 784.9893110007688 421.1836216901211 3.316759074344307 3.8530130791820065 -2107.1243998596065 0.048839276904932866 22.832771948016962 -4892.802848121601 2.0469101804246806e-05 0.0046321776725010266 0.0032866289996143568
-1.0164682184422607 1.0282533572068033 0.48377911713119814 714.0774393551328 551.8421603309159 785.4426228747907 425.9032325447406 3.316759074344307 3.8530130791820065 -2107.1243998596065 0.048839276904932866 22.832771948016962 -4892.802848121601 2.0469101804246806e-05 0.0046321776725010266 0.0032866289996143568
-0.9830769919427118 1.0852148612354522 0.530215772776578 718.7842883418707 550.7551122990237 785.3679601921176 429.97459116428945 3.316759074344307 3.8530130791820065 -2107.1243998596065 0.048839276904932866 22.832771948016962 -4892.802848121601 2.0469101804246806e-05 0.0046321776725010266 0.0032866289996143568
-0.9428111011638407 1.1411942703670552 0.6235607321590111 723.6214907891772 549.7194240402321 784.7540269149904 433.35540654898796 3.316759074344307 3.8530130791820065 -2107.1243998596065 0.048839276904932866 22.832771948016962 -4892.802848121601 2.0469101804246806e-05 0.0046321776725010266 0.0032866289996143568
-0.9035273052820099 1.1961915846016122 0.6202494859828733 728.567882837895 548.7389482549568 783.5906811953027 436.00340059850714 3.316759074344307 3.8530130791820065 -2107.1243998596065 0.048839276904932866 22.832771948016962 -4892.802848121601 2.0469101804246806e-05 0.0046321776725010266 0.0032866289996143568
-0.8662076991942731 1.2502068039391234 0.6045985900934993 732.1332728305715 547.8066158166912 780.8426466451492 430.4589843246504 3.316759074344307 3.8530130791820065 -2107.1243998596065 0.048839276904932866 22.832771948016962 -4892.802848121601 2.0469101804246806e-05 0.0046321776725010266 0.0032866289996143568
-0.8357627573858586 1.3052041181736804 0.505581054874191 738.2257222940098 546.9913294682337 779.1488811915042 437.083688648534 3.2671951245997715 3.8242707847482147 -2075.2811790630367 -0.048547830486968674 22.67309866455379 -4791.723445997546 -2.034695326360801e-05 0.004596557263145913 0.032629160281857875
-0.8013894359892606 1.3592193375111916 0.5667292175235064 744.1197024379508 546.207860428316 776.808890930377 441.1871551935328 3.2671951245997715 3.8242707847482147 -2075.2811790630367 -0.048547830486968674 22.67309866455379 -4791.723445997546 -2.034695326360801e-05 0.004596557263145913 0.032629160281857875
-0.7719265890778908 1.4132345568487006 0.4993467216801475 749.7946019222727 545.4726042042603 773.7861786274007 442.9027080857195 3.2671951245997715 3.8242707847482147 -2075.2811790630367 -0.048547830486968674 22.67309866455379 -4791.723445997546 -2.034695326360801e-05 0.004596557263145913 0.032629160281857875
-0.7483563115487986 1.4672497761862118 0.4114562434136467 755.2341672730399 544.8001848869608 770.0540978547651 442.3713607417885 3.2671951245997715 3.8242707847482147 -2075.2811790630367 -0.048547830486968674 22.67309866455379 -4791.723445997546 -2.034695326360801e-05 0.004596557263145913 0.032629160281857875
-0.7385353625783421 1.5183187108325877 0.18998828791871006 760.4265028847731 544.2034551515244 765.5958529876079 439.74181586678606 3.2671951245997715 3.8242707847482147 -2075.2811790630367 -0.048547830486968674 22.67309866455379 -4791.723445997546 -2.034695326360801e-05 0.004596557263145913 0.032629160281857875
-0.7355890778871989 1.5684055505819152 0.058755822715848144 765.3640710188192 543.6934962563973 760.4044992057607 435.17046545638004 3.2671951245997715 3.8242707847482147 -2075.2811790630367 -0.048547830486968674 22.67309866455379 -4791.723445997546 -2.034695326360801e-05 0.004596557263145913 0.032629160281857875
-0.732642793196069 1.6165282005371535 0.06114816264915214 770.0436918041669 543.2796180439473 754.4829424927011 428.82139079621993 3.2671951245997715 3.8242707847482147 -2075.2811790630367 -0.048547830486968674 22.67309866455379 -4791.723445997546 -2.034695326360801e-05 0.004596557263145913 0.032629160281857875
-0.732642793196069 1.6636687555953447 -0.0 774.4665432376205 542.9693589407543 747.8439396359026 420.86636246193666 3.2671951245997715 3.8242707847482147 -2075.2811790630367 -0.048547830486968674 22.67309866455379 -4791.723445997546 -2.034695326360801e-05 0.004596557263145913 0.032629160281857875
-0.732642793196069 1.7127735004476274 -0.0 778.6381611831603 542.7684859563888 740.5100982279982 411.484840318677 3.2671951245997715 3.8242707847482147 -2075.2811790630367 -0.048547830486968674 22.67309866455379 -4791.723445997546 -2.034695326360801e-05 0.004596557263145913 0.032629160281857875
-0.732642793196069 1.7599140555058186 -0.0 782.568439371651 542.6809946852445 732.5138766643358 400.8639735210454 3.2671951245997715 3.8242707847482147 -2075.2811790630367 -0.048547830486968674 22.67309866455379 -4791.723445997546 -2.034695326360801e-05 0.004596557263145913 0.032629160281857875
-0.7326427931960601 1.806072515666965 1.9350951101551478e-13 786.2716294022393 542.7091093045892 723.8975841451902 389.1986005146173 3.2671951245997715 3.8242707847482147 -2075.2811790630367 -0.048547830486968674 22.67309866455379 -4791.723445997546 -2.034695326360801e-05 0.004596557263145913 0.032629160281857875
-0.7365711727842436 1.8532130707251562 6.2000440752911254 789.7663407410728 542.8532825761649 714.7133806739002 376.69124903337797 3.2671951245997715 3.8242707847482147 -2075.2811790630367 -0.048547830486968674 22.67309866455379 -4791.723445997546 -2.034695326360801e-05 0.004596557263145913 0.032629160281857875
-0.7395174574753779 1.9003536257833473 6.220766497183685 793.0755407219985 543.1121958452568 705.0232770608272 363.55213610234205 3.2671951245997715 3.8242707847482147 -2075.2811790630367 -0.048547830486968674 22.67309866455379 -4791.723445997546 -2.034695326360801e-05 0.004596557263145913 0.032629160281857875
-0.7434458370635658 1.9474941808415385 6.200044075291031 796.2265545462142 543.4827590408095 694.899134916719 349.9991680367384 3.2671951245997715 3.8242707847482147 -2075.2811790630367 -0.048547830486968674 22.67309866455379 -4791.723445997546 -2.034695326360801e-05 0.004596557263145913 0.032629160281857875
-0.7473742166517494 1.9975810205908684 6.204914166658293 799.2510652820929 543.9601106759219 684.4226666586474 336.2579404389253 3.2671951245997715 3.8242707847482147 -2075.2811790630367 -0.048547830486968674 22.67309866455379 -4791.723445997546 -2.034695326360801e-05 0.004596557263145913 0.032629160281857875
-0.7483563115487941 2.0486499552372406 6.263956908079896 802.1851138663478 544.5376178472361 673.685435506748 322.56173820525873 3.2671951245997715 3.8242707847482147 -2075.2811790630367 -0.048547830486968674 22.67309866455379 -4791.723445997546 -2.034695326360801e-05 0.004596557263145913 0.032629160281857875
-0.7552309758281164 2.102665174574752 6.1565931798995654 805.0690991016454 545.2068762353156 662.7888554863166 309.1515355182346 3.2671951245997715 3.8242707847482147 -2075.2811790630367 -0.048547830486968674 22.67309866455379 -4791.723445997546 -2.034695326360801e-05 0.004596557263145913 0.032629160281857875
-0.7729086839749356 2.1556982990152185 5.961434752782995 807.9477776591666 545.9577101044124 651.8441914259456 296.27599585196003 3.2671951245997715 3.8242707847482147 -2075.2811790630367 -0.048547830486968674 22.67309866455379 -4791.723445997546 -2.034695326360801e-05 0.004596557263145913 0.032629160281857875
-0.797461056401077 2.207749328558638 5.8424344594001605 810.8702640777337 546.7781723027583 640.9725589585723 284.1914719705237 3.2671951245997715 3.8242707847482147 -2075.2811790630367 -0.048547830486968674 22.67309866455379 -4791.723445997546 -2.034695326360801e-05 0.004596557263145913 0.032629160281857875
-0.8288880931065363 2.2607824529991043 5.748230233393522 813.8900307629374 547.6545442622737 630.3049245221773 273.1620059274137 3.2671951245997715 3.8242707847482147 -2075.2811790630367 -0.048547830486968674 22.67309866455379 -4791.723445997546 -2.034695326360801e-05 0.004596557263145913 0.032629160281857875
-0.8603151298120001 2.3138155774395686 5.748230233393441 817.064907988417 548.5713359988004 619.9821053557098 263.45932906563394 3.2671951245997715 3.8242707847482147 -2075.2811790630367 -0.048547830486968674 22.67309866455379 -4791.723445997546 -2.034695326360801e-05 0.004596557263145913 0.032629160281857875
-0.8956705461056473 2.3629203222918513 5.659162254202782 820.4570838943473 549.511286111956 610.1547695066547 255.3628620185773 3.2671951245997715 3.8242707847482147 -2075.2811790630367 -0.048547830486968674 22.67309866455379 -4791.723445997546 -2.034695326360801e-05 0.004596557263145913 0.032629160281857875
-0.9339722470904289 2.412025067144134 5.620759013346424 824.1331044893013 550.4553617849015 600.9834358240478 249.15971470967634 3.2671951245997715 3.8242707847482147 -2075.2811790630367 -0.048547830486968674 22.67309866455379 -4791.723445997546 -2.034695326360801e-05 0.004596557263145913 0.032629160281857875
-0.9752202327663492 2.4591656222023253 5.564355307557925 828.1638736487948 551.3827587850683 592.6384739596397 245.14468635123922 3.2671951245997715 3.8242707847482147 -2075.2811790630367 -0.048547830486968674 22.67309866455379 -4791.723445997546 -2.034695326360801e-05 0.004596557263145913 0.032629160281857875
-1.0125398388540816 2.50335989256938 5.581925384313344 832.624653115985 552.2709014632565 585.3001043727854 243.6202654466615 3.2671951245997715 3.8242707847482147 -2075.2811790630367 -0.048547830486968674 22.67309866455379 -4791.723445997546 -2.034695326360801e-05 0.004596557263145913 0.032629160281857875
-1.0459310653536302 2.545589973142345 5.614142308989085 837.5950625016121 553.0954427543911 579.1583983248565 244.89662978815613 3.2671951245997715 3.8242707847482147 -2075.2811790630367 -0.048547830486968674 22.67309866455379 -4791.723445997546 -2.034695326360801e-05 0.004596557263145913 0.032629160281857875
-1.0734297224709106 2.5858558639212164 5.6840099841932386 843.1590792837087 553.8302641770861 574.4132778818021 249.29164645879064 3.2671951245997715 3.8242707847482147 -2075.2811790630367 -0.048547830486968674 22.67309866455379 -4791.723445997546 -2.034695326360801e-05 0.004596557263145913 0.032629160281857875
-1.0970000000000073 2.6271038495971344 5.764039192933051 849.4050388073083 554.447475833731 571.2745159127517 257.13087183004245 3.2671951245997715 3.8242707847482147 -2075.2811790630367 -0.048547830486968674 22.67309866455379 -4791.723445997546 -2.034695326360801e-05 0.004596557263145913 0.032629160281857875
-1.1166418979409205 2.664423455684871 5.798707378142582 856.4256342854351 554.917416410608 569.9617360926932 268.74755156436004 3.2671951245997715 3.8242707847482147 -2075.2811790630367 -0.048547830486968674 22.67309866455379 -4791.723445997546 -2.034695326360801e-05 0.004596557263145913 0.032629160281857875
-1.1333375111906947 2.697814682184424 5.819537698178833 864.3179167987546 555.2086531777459 570.7044128982816 284.4826206144644 3.2671951245997715 3.8242707847482147 -2075.2811790630367 -0.048547830486968674 22.67309866455379 -4791.723445997546 -2.034695326360801e-05 0.004596557263145913 0.032629160281857875
