29 -3.6828558639212132 -1.3405595344673245 3.0976648865129435 -3.459920322291851 -3.528666965085049
-3.6828558639212132 -1.3405595344673245 3.0976648865129435 507.89387811858614 643.0724684172965 577.7500000006985 264.5378595224756 3.1867632384214173 3.713484076615955 -1905.584753649886 0.044547115357820306 21.863190702789023 -4167.9109188731245 1.8670207610150943e-05 0.004449059253833825 0.1482307967434062
-3.6838379588182626 -1.4309122649955244 3.1524617907671026 499.1727329307323 642.754795782781 564.2398917670653 292.18983614831814 3.1867632384214173 3.713484076615955 -1905.584753649886 0.044547115357820306 21.863190702789023 -4167.9109188731245 1.8670207610150943e-05 0.004449059253833825 0.1482307967434062
-3.6848200537153075 -1.5202829006266783 3.152581222272517 490.60423170629656 642.5957475220239 551.3869667283725 316.24167301680427 3.1867632384214173 3.713484076615955 -1905.584753649886 0.044547115357820306 21.863190702789023 -4167.9109188731245 1.8670207610150943e-05 0.004449059253833825 0.1482307967434062
-3.6848200537153075 -1.6086714413607885 3.141592653589793 482.17110815689375 642.5834417243786 539.1057319820975 336.9275277390698 3.1867632384214173 3.713484076615955 -1905.584753649886 0.044547115357820306 21.863190702789023 -4167.9109188731245 1.8670207610150943e-05 0.004449059253833825 0.1482307967434062
-3.6848200537153075 -1.695095792300806 3.141592653589793 473.8581465634634 642.7049645278348 527.314503700909 354.4851616455853 3.1867632384214173 3.713484076615955 -1905.584753649886 0.044547115357820306 21.863190702789023 -4167.9109188731245 1.8670207610150943e-05 0.004449059253833825 0.1482307967434062
-3.687766338406442 -1.778573858549687 3.176872127183352 465.65218177548377 642.9463701189306 515.9354071331036 369.1559397859528 3.1867632384214173 3.713484076615955 -1905.584753649886 0.044547115357820306 21.863190702789023 -4167.9109188731245 1.8670207610150943e-05 0.004449059253833825 0.1482307967434062
-3.694641002685764 -1.8600877350044773 3.225730894120996 457.54209921191796 643.2926807326803 504.894376602635 381.18483092903625 3.1867632384214173 3.713484076615955 -1905.584753649886 0.044547115357820306 21.863190702789023 -4167.9109188731245 1.8670207610150943e-05 0.004449059253833825 0.1482307967434062
-3.7074082363473595 -1.9416016114592665 3.2969569074413485 449.5188348603697 643.7278866527122 494.12115550914314 390.82040756288916 3.1867632384214173 3.713484076615955 -1905.584753649886 0.044547115357820306 21.863190702789023 -4167.9109188731245 1.8670207610150943e-05 0.004449059253833825 0.1482307967434062
-3.72017547000895 -2.020169203222919 3.30268455812734 441.57537527766544 644.2349462111742 483.5492963277211 398.3148458948417 3.1867632384214173 3.713484076615955 -1905.584753649886 0.044547115357820306 21.863190702789023 -4167.9109188731245 1.8670207610150943e-05 0.004449059253833825 0.1482307967434062
-3.7349068934646352 -2.098736794986572 3.326940603585488 433.7067575895926 644.7957857887195 473.11616060932283 403.9239258513262 3.1867632384214173 3.713484076615955 -1905.584753649886 0.044547115357820306 21.863190702789023 -4167.9109188731245 1.8670207610150943e-05 0.004449059253833825 0.1482307967434062
-3.7516025067144096 -2.1773043867502246 3.3509780465432666 425.91006949089933 645.3912998146225 462.762918980181 407.9070310781972 3.1867632384214173 3.713484076615955 -1905.584753649886 0.044547115357820306 21.863190702789023 -4167.9109188731245 1.8670207610150943e-05 0.004449059253833825 0.1482307967434062
-3.7633876454789554 -2.255871978513877 3.290482601199268 418.18444924536743 646.0013507666226 452.43455114247627 410.527148940193 3.1867632384214173 3.713484076615955 -1905.584753649886 0.044547115357820306 21.863190702789023 -4167.9109188731245 1.8670207610150943e-05 0.004449059253833825 0.1482307967434062
-3.770262309758278 -2.33443957027753 3.2288703665392884 410.53108568576863 646.6047691710883 442.0798458738136 412.0508705216489 3.1867632384214173 3.713484076615955 -1905.584753649886 0.044547115357820306 21.863190702789023 -4167.9109188731245 1.8670207610150943e-05 0.004449059253833825 0.1482307967434062
-3.7830295434198686 -2.4110429722470905 3.3067413310043867 402.9532182140538 647.1793536028672 431.6514010273386 412.74839062581304 3.1867632384214173 3.713484076615955 -1905.584753649886 0.044547115357820306 21.863190702789023 -4167.9109188731245 1.8670207610150943e-05 0.004449059253833825 0.1482307967434062
-3.7997251566696475 -2.485682184422562 3.3616543562233887 395.45613680077076 647.7018706853305 421.1056235321739 412.8935077753995 3.1867632384214173 3.713484076615955 -1905.584753649886 0.044547115357820306 21.863190702789023 -4167.9109188731245 1.8670207610150943e-05 0.004449059253833825 0.1482307967434062
-3.816420769919422 -2.5583572068039406 3.3674043351331258 388.0471819859813 648.1480550904744 410.40272939251736 412.7636242120643 3.1867632384214173 3.713484076615955 -1905.584753649886 0.044547115357820306 21.863190702789023 -4167.9109188731245 1.8670207610150943e-05 0.004449059253833825 0.1482307967434062
-3.8282059086839726 -2.632014324082365 3.3002479157762297 380.735744878446 648.4926095387818 399.5067436886602 412.63974589701684 3.1867632384214173 3.713484076615955 -1905.584753649886 0.044547115357820306 21.863190702789023 -4167.9109188731245 1.8670207610150943e-05 0.004449059253833825 0.1482307967434062
-3.8350805729632946 -2.704689346463743 3.23590660491701 373.5332671559154 648.7092047992774 388.3855005761434 412.80648251029197 3.1867632384214173 3.713484076615955 -1905.584753649886 0.044547115357820306 21.863190702789023 -4167.9109188731245 1.8670207610150943e-05 0.004449059253833825 0.1482307967434062
-3.8370447627573845 -2.7793285586392136 3.167902370842691 366.4532410653337 648.770479689545 377.0106432866014 413.5520474514633 3.1867632384214173 3.713484076615955 -1905.584753649886 0.044547115357820306 21.863190702789023 -4167.9109188731245 1.8670207610150943e-05 0.004449059253833825 0.1482307967434062
-3.833116383169201 -2.852003581020592 3.0875911532138125 359.5112094224751 648.6480410757686 365.35762412656914 415.1682578392647 3.1867632384214173 3.713484076615955 -1905.584753649886 0.044547115357820306 21.863190702789023 -4167.9109188731245 1.8670207610150943e-05 0.004449059253833825 0.1482307967434062
-3.822313339301695 -2.9236965085049245 2.9920329137160406 352.72476561233634 648.312463872553 353.4057044789661 417.9505345115176 3.1867632384214173 3.713484076615955 -1905.584753649886 0.044547115357820306 21.863190702789023 -4167.9109188731245 1.8670207610150943e-05 0.004449059253833825 0.1482307967434062
-3.803653536257831 -2.9944073410922125 2.883585411725887 346.1135535886424 647.7332910431687 341.1379548017576 422.19790202530567 3.1867632384214173 3.713484076615955 -1905.584753649886 0.044547115357820306 21.863190702789023 -4167.9109188731245 1.8670207610150943e-05 0.004449059253833825 0.1482307967434062
-3.7859758281110074 -3.0611897940913178 2.882821761626073 339.6992678743554 646.8790335993363 328.54125462885713 428.2129886570183 3.1867632384214173 3.713484076615955 -1905.584753649886 0.044547115357820306 21.863190702789023 -4167.9109188731245 1.8670207610150943e-05 0.004449059253833825 0.1482307967434062
-3.7574950760966868 -3.127972247090422 2.738477064371137 333.5056535613403 645.7171706013651 315.60629256948596 436.3020264021907 3.1867632384214173 3.713484076615955 -1905.584753649886 0.044547115357820306 21.863190702789023 -4167.9109188731245 1.8670207610150943e-05 0.004449059253833825 0.1482307967434062
-3.72017547000895 -3.194754700089527 2.6320003887808476 327.55850631049543 644.2141491581533 302.3275663087552 446.77485097551835 3.1867632384214173 3.713484076615955 -1905.584753649886 0.044547115357820306 21.863190702789023 -4167.9109188731245 1.8670207610150943e-05 0.004449059253833825 0.1482307967434062
-3.6749991047448507 -3.2674297224709057 2.5854264234693476 321.88567235172377 642.3353844270496 288.7033826072293 459.94490181108995 3.1867632384214173 3.713484076615955 -1905.584753649886 0.044547115357820306 21.863190702789023 -4167.9109188731245 1.8670207610150943e-05 0.004449059253833825 0.1482307967434062
-3.622948075201429 -3.337158460161147 2.5070398518132677 316.5170484838891 640.0452596139621 274.73585730121704 476.1292220620526 3.1867632384214173 3.713484076615955 -1905.584753649886 0.044547115357820306 21.863190702789023 -4167.9109188731245 1.8670207610150943e-05 0.004449059253833825 0.1482307967434062
-3.570897045658012 -3.402958818263205 2.4795321910920904 311.4845820750488 637.3071259734352 260.4309153027425 495.64845860080095 3.1867632384214173 3.713484076615955 -1905.584753649886 0.044547115357820306 21.863190702789023 -4167.9109188731245 1.8670207610150943e-05 0.004449059253833825 0.1482307967434062
-3.5158997314234517 -3.466794986571173 2.4379788708103107 306.822271062003 634.0833028085217 245.7982905988174 518.8268620189483 3.1867632384214173 3.713484076615955 -1905.584753649886 0.044547115357820306 21.863190702789023 -4167.9109188731245 1.8670207610150943e-05 0.004449059253833825 0.1482307967434062
-3.459920322291851 -3.528666965085049 2.4139813209632965 304.4601035017404 635.5288484691882 79.3687535392819 506.95157144090626 3.1867632384214173 3.713484076615955 -1905.584753649886 0.044547115357820306 21.863190702789023 -4167.9109188731245 1.8670207610150943e-05 0.004449059253833825 0.1482307967434062
-3.3980483437779725 -3.590538943598926 2.364068343216429 297.40853318339214 631.9415889777738 120.71801675367169 465.83748356456636 3.19547805296116 3.7130837620231256 -1910.1158961718118 0.04458422880885464 21.905444209199143 -4181.430907427029 1.868576228367757e-05 0.004461204503396856 0.14480101372123105
-3.3361763652640986 -3.64848254252462 2.331809081019648 291.350659562042 628.4872452940872 159.192552679684 427.709187177883 3.19547805296116 3.7130837620231256 -1910.1158961718118 0.04458422880885464 21.905444209199143 -4181.430907427029 1.868576228367757e-05 0.004461204503396856 0.14480101372123105
-3.2762685765443145 -3.704461951656223 2.330989744865407 286.2331075069669 625.1678630088027 194.95171766297426 392.44109436060535 3.19547805296116 3.7130837620231256 -1910.1158961718118 0.04458422880885464 21.905444209199143 -4181.430907427029 1.868576228367757e-05 0.004461204503396856 0.14480101372123105
-3.2065398388540736 -3.761423455684872 2.264147641328952 282.0037828455679 621.9852963254416 228.1503945569275 359.9099750483292 3.19547805296116 3.7130837620231256 -1910.1158961718118 0.04458422880885464 21.905444209199143 -4181.430907427029 1.868576228367757e-05 0.004461204503396856 0.14480101372123105
-3.13091853178156 -3.8144565801253374 2.1910458127777344 278.6118723624095 618.941208060478 258.9389927161392 329.99495703255525 3.19547805296116 3.7130837620231256 -1910.1158961718118 0.04458422880885464 21.905444209199143 -4181.430907427029 1.868576228367757e-05 0.004461204503396856 0.14480101372123105
-3.052350940017907 -3.8615971351835285 2.120356340321274 276.00784380020923 616.037069643251 287.4634480010718 302.5775259594084 3.19547805296116 3.7130837620231256 -1910.1158961718118 0.04458422880885464 21.905444209199143 -4181.430907427029 1.868576228367757e-05 0.004461204503396856 0.14480101372123105
-2.9836042972247068 -3.903827215756492 2.121653861326585 274.14344585931394 613.2741611160072 313.86522277630866 277.5415253311512 3.19547805296116 3.7130837620231256 -1910.1158961718118 0.04458422880885464 21.905444209199143 -4181.430907427029 1.868576228367757e-05 0.004461204503396856 0.14480101372123105
-2.9168218442256046 -3.9431110116383183 2.1025203940537196 272.97170819801977 610.6535711338547 338.2813059105538 254.77315650542732 3.19547805296116 3.7130837620231256 -1910.1158961718118 0.04458422880885464 21.905444209199143 -4181.430907427029 1.868576228367757e-05 0.004461204503396856 0.14480101372123105
-2.8520035810205875 -3.9755201432408245 2.034443935795675 272.44694143225206 608.1761969648142 360.8442127772141 234.16097869543592 3.19547805296116 3.7130837620231256 -1910.1158961718118 0.04458422880885464 21.905444209199143 -4181.430907427029 1.868576228367757e-05 0.004461204503396856 0.14480101372123105
-2.7920957923008034 -4.002036705461058 1.987498587534307 272.5247371356527 605.8427444898098 381.6819852539338 215.59590896882582 3.19547805296116 3.7130837620231256 -1910.1158961718118 0.04458422880885464 21.905444209199143 -4181.430907427029 1.868576228367757e-05 0.004461204503396856 0.14480101372123105
-2.7370984780662475 -4.020696508504926 1.897894423800709 273.16196783966734 603.6537282026366 400.91819172224496 198.9712222503149 3.19547805296116 3.7130837620231256 -1910.1158961718118 0.04458422880885464 21.905444209199143 -4181.430907427029 1.868576228367757e-05 0.004461204503396856 0.14480101372123105
-2.684065353625781 -4.032481647269474 1.789465272668833 274.31678703366197 601.6094712099857 418.6719270682661 184.18255131912883 3.19547805296116 3.7130837620231256 -1910.1158961718118 0.04458422880885464 21.905444209199143 -4181.430907427029 1.868576228367757e-05 0.004461204503396856 0.14480101372123105
-2.6280859444941758 -4.038374216651747 1.6756732655251096 275.948629164428 599.7101052314556 435.0578126832843 171.12788680987433 3.19547805296116 3.7130837620231256 -1910.1158961718118 0.04458422880885464 21.905444209199143 -4181.430907427029 1.868576228367757e-05 0.004461204503396856 0.14480101372123105
-2.5760349149507586 -4.036410026857656 1.5330783743280325 278.0182096369681 597.9555705995062 450.1859964620089 159.70757721329574 3.19547805296116 3.7130837620231256 -1910.1158961718118 0.04458422880885464 21.905444209199143 -4181.430907427029 1.868576228367757e-05 0.004461204503396856 0.14480101372123105
-2.5269301700984754 -4.02855326768129 1.412141064608493 280.4875248137396 596.3456162595376 464.16215280338656 149.82432887528557 3.19547805296116 3.7130837620231256 -1910.1158961718118 0.04458422880885464 21.905444209199143 -4181.430907427029 1.868576228367757e-05 0.004461204503396856 0.14480101372123105
-2.479789615040282 -4.009893464637423 1.1938870564700825 283.31985201503267 594.8797997697802 477.0874826111831 141.38320599665167 3.19547805296116 3.7130837620231256 -1910.1158961718118 0.04458422880885464 21.905444209199143 -4181.430907427029 1.868576228367757e-05 0.004461204503396856 0.14480101372123105
-2.4326490599820887 -3.98337690241719 1.0584068664841768 286.4797495189414 593.557487301412 489.0587132930523 134.29163063463056 3.19547805296116 3.7130837620231256 -1910.1158961718118 0.04458422880885464 21.905444209199143 -4181.430907427029 1.868576228367757e-05 0.004461204503396856 0.14480101372123105
-2.388454789615034 -3.948021486123546 0.8960553845713409 289.9330565612472 592.3778536384852 500.16809876216576 128.45938270160696 3.19547805296116 3.7130837620231256 -1910.1158961718118 0.04458422880885464 21.905444209199143 -4181.430907427029 1.868576228367757e-05 0.004461204503396856 0.14480101372123105
-2.353099373321396 -3.905791405550583 0.6970213772525301 293.64689333576825 591.3398821779083 510.50341943465173 123.79859996493906 3.19547805296116 3.7130837620231256 -1910.1158961718118 0.04458422880885464 21.905444209199143 -4181.430907427029 1.868576228367757e-05 0.004461204503396856 0.14480101372123105
-2.317743957027753 -3.857668755595346 0.6336330080697353 297.5896609936317 590.4423649295459 520.1479822314577 120.22377804777352 3.19547805296116 3.7130837620231256 -1910.1158961718118 0.04458422880885464 21.905444209199143 -4181.430907427029 1.868576228367757e-05 0.004461204503396856 0.14480101372123105
-2.2902452999104774 -3.8036535362578343 0.4708938589806597 301.7310416442633 589.6839025161025 529.1806205778848 117.65177042939467 3.19547805296116 3.7130837620231256 -1910.1158961718118 0.04458422880885464 21.905444209199143 -4181.430907427029 1.868576228367757e-05 0.004461204503396856 0.14480101372123105
-2.271585496866609 -3.7447278424350956 0.30667631940169926 306.04199835436884 589.0629041732045 537.6756944042863 116.00178844330367 3.19547805296116 3.7130837620231256 -1910.1158961718118 0.04458422880885464 21.905444209199143 -4181.430907427029 1.868576228367757e-05 0.004461204503396856 0.14480101372123105
-2.2568540734109197 -3.683837958818265 0.2373742469732405 310.4947751487198 588.5775877493506 545.7030901442049 115.195401279605 3.19547805296116 3.7130837620231256 -1910.1158961718118 0.04458422880885464 21.905444209199143 -4181.430907427029 1.868576228367757e-05 0.004461204503396856 0.14480101372123105
-2.253907788719781 -3.6200017905102966 0.04612111601453873 315.06289700971683 588.2259797059523 553.3282207356533 115.15653598308563 3.19547805296116 3.7130837620231256 -1910.1158961718118 0.04458422880885464 21.905444209199143 -4181.430907427029 1.868576228367757e-05 0.004461204503396856 0.14480101372123105
-2.2558719785138748 -3.555183527305283 6.25289154726077 319.72116987768095 588.0059151172791 560.6120256223949 115.81147745478665 3.19547805296116 3.7130837620231256 -1910.1158961718118 0.04458422880885464 21.905444209199143 -4181.430907427029 1.868576228367757e-05 0.004461204503396856 0.14480101372123105
-2.266675022381376 -3.49036526410027 6.118036629764972 324.4456806505914 587.9150376705365 567.6109707508003 117.0888684503152 3.19547805296116 3.7130837620231256 -1910.1158961718118 0.04458422880885464 21.905444209199143 -4181.430907427029 1.868576228367757e-05 0.004461204503396856 0.14480101372123105
-2.277478066248882 -3.428493285586393 6.110324700392385 329.2137971840275 587.9507996657812 574.3770485719433 118.91970958112506 3.19547805296116 3.7130837620231256 -1910.1158961718118 0.04458422880885464 21.905444209199143 -4181.430907427029 1.868576228367757e-05 0.004461204503396856 0.14480101372123105
-2.2853348254252492 -3.370549686660699 6.148414022701826 334.00416829180904 588.1104620160113 580.9577780425316 121.23735931480769 3.19547805296116 3.7130837620231256 -1910.1158961718118 0.04458422880885464 21.905444209199143 -4181.430907427029 1.868576228367757e-05 0.004461204503396856 0.14480101372123105
-2.2902452999104774 -3.316534467323188 6.192525419978841 338.7967237450357 588.3910942470575 587.3962046225788 123.97753397357883 3.19547805296116 3.7130837620231256 -1910.1158961718118 0.04458422880885464 21.905444209199143 -4181.430907427029 1.868576228367757e-05 0.004461204503396856 0.14480101372123105
-2.29810205908684 -3.2654655326768136 6.130535978784372 343.57267427281477 588.7895744976922 593.7309002756374 127.0783077350934 3.19547805296116 3.7130837620231256 -1910.1158961718118 0.04458422880885464 21.905444209199143 -4181.430907427029 1.868576228367757e-05 0.004461204503396856 0.14480101372123105
-2.31185138764548 -3.215378692927485 6.015274884756231 348.3145115619409 589.302589519546 599.9959634713596 130.48011263320222 3.19547805296116 3.7130837620231256 -1910.1158961718118 0.04458422880885464 21.905444209199143 -4181.430907427029 1.868576228367757e-05 0.004461204503396856 0.14480101372123105
-2.327564905998205 -3.1682381378692943 5.96143475278304 353.006008257129 589.9266346771583 606.2210191829363 134.1257385564386 3.19547805296116 3.7130837620231256 -1910.1158961718118 0.04458422880885464 21.905444209199143 -4181.430907427029 1.868576228367757e-05 0.004461204503396856 0.14480101372123105
-2.350153088630257 -3.1201154879140574 5.844326008216047 357.6322179606941 590.6580139479593 612.43121888733 137.96033324947348 3.19547805296116 3.7130837620231256 -1910.1158961718118 0.04458422880885464 21.905444209199143 -4181.430907427029 1.868576228367757e-05 0.004461204503396856 0.14480101372123105
-2.3747054610563985 -3.071992837958819 5.811407795998844 362.17947523260955 591.4928399222699 618.6472405671375 141.9314023120096 3.19547805296116 3.7130837620231256 -1910.1158961718118 0.04458422880885464 21.905444209199143 -4181.430907427029 1.868576228367757e-05 0.004461204503396856 0.14480101372123105
-2.4051504028648174 -3.023870188003582 5.719101586129874 366.6353955910017 592.4270338032948 624.8852887081448 145.98880919947987 3.19547805296116 3.7130837620231256 -1910.1158961718118 0.04458422880885464 21.905444209199143 -4181.430907427029 1.868576228367757e-05 0.004461204503396856 0.14480101372123105
-2.4375595344673218 -2.975747538048345 5.69048790244456 370.98887551150983 593.4563254071454 631.1570943004917 150.08477522269823 3.19547805296116 3.7130837620231256 -1910.1158961718118 0.04458422880885464 21.905444209199143 -4181.430907427029 1.868576228367757e-05 0.004461204503396856 0.14480101372123105
-2.4729149507609645 -2.925660698299015 5.668522355257445 375.2300924275187 594.5762531628206 637.4699148399523 154.17387954791775 3.19547805296116 3.7130837620231256 -1910.1158961718118 0.04458422880885464 21.905444209199143 -4181.430907427029 1.868576228367757e-05 0.004461204503396856 0.14480101372123105
-2.5112166517457415 -2.873609668755596 5.648802486703538 379.35050473033334 595.7821641121973 643.8265343254898 158.21305919688893 3.19547805296116 3.7130837620231256 -1910.1158961718118 0.04458422880885464 21.905444209199143 -4181.430907427029 1.868576228367757e-05 0.004461204503396856 0.14480101372123105
-2.5544288272157556 -2.819594449418086 5.608444364955963 383.3428517685679 597.0692139100702 650.2252632600721 162.16160904691787 3.19547805296116 3.7130837620231256 -1910.1158961718118 0.04458422880885464 21.905444209199143 -4181.430907427029 1.868576228367757e-05 0.004461204503396856 0.14480101372123105
-2.5976410026857613 -2.7655792300805744 5.608444364956074 387.2011538494553 598.4323668241177 656.6599386524176 165.98118183016777 3.19547805296116 3.7130837620231256 -1910.1158961718118 0.04458422880885464 21.905444209199143 -4181.430907427029 1.868576228367757e-05 0.004461204503396856 0.14480101372123105
-2.6379068934646366 -2.7115640107430634 5.642599642021034 390.92071223721723 599.8663957348781 663.1199240144342 169.63578813552158 3.19547805296116 3.7130837620231256 -1910.1158961718118 0.04458422880885464 21.905444209199143 -4181.430907427029 1.868576228367757e-05 0.004461204503396856 0.14480101372123105
-2.6752264995523736 -2.659512981199644 5.6699779583050525 394.4981091543741 601.365882135824 669.5901093626162 173.09179640648654 3.19547805296116 3.7130837620231256 -1910.1158961718118 0.04458422880885464 21.905444209199143 -4181.430907427029 1.868576228367757e-05 0.004461204503396856 0.14480101372123105
-2.709599820948972 -2.610408236347361 5.681730600319315 397.93120778060984 602.9252161333097 676.0509112186264 176.31793294206727 3.19547805296116 3.7130837620231256 -1910.1158961718118 0.04458422880885464 21.905444209199143 -4181.430907427029 1.868576228367757e-05 0.004461204503396856 0.14480101372123105
-2.746919427036704 -2.5642497761862146 5.613546361502991 401.21915225384873 604.538596446575 682.478272606968 179.2852818967658 3.19547805296116 3.7130837620231256 -1910.1158961718118 0.04458422880885464 21.905444209199143 -4181.430907427029 1.868576228367757e-05 0.004461204503396856 0.14480101372123105
-2.786203222918526 -2.52005550581916 5.567441717510765 404.36236767008086 606.2000304077246 688.8436630576616 181.9672852808144 3.19547805296116 3.7130837620231256 -1910.1158961718118 0.04458422880885464 21.905444209199143 -4181.430907427029 1.868576228367757e-05 0.004461204503396856 0.14480101372123105
-2.8254870188003522 -2.4807717099373336 5.510132195626365 407.3625600821688 607.90333396184 695.114078604849 184.33974295976805 3.1972658935845577 3.709750446279854 -1909.995274217713 0.044553099205431504 21.869562358104485 -4169.957849490367 1.8672715509401396e-05 0.004450895667784501 0.147708180640168
-2.864770814682178 -2.4454162936436896 5.45884580068509 410.2227165014483 609.6421316667638 701.2520417870255 186.3808126542135 3.1972658935845577 3.709750446279854 -1909.995274217713 0.044553099205431504 21.869562358104485 -4169.957849490367 1.8672715509401396e-05 0.004450895667784501 0.147708180640168
-2.906018800358099 -2.4149713518352742 5.363465701829145 412.9471048967389 611.4098566933699 707.2156016461086 188.0710099414573 3.1972658935845577 3.709750446279854 -1909.995274217713 0.044553099205431504 21.869562358104485 -4169.957849490367 1.8672715509401396e-05 0.004450895667784501 0.147708180640168
-2.9472667860340147 -2.389436884512087 5.283726460218344 415.54127419469296 613.1997508253371 712.958333730232 189.39320825302275 3.1972658935845577 3.709750446279854 -1909.995274217713 0.044553099205431504 21.869562358104485 -4169.957849490367 1.8672715509401396e-05 0.004450895667784501 0.147708180640168
-2.988514771709935 -2.3688128916741267 5.1949022754071486 418.01205427979585 615.0048644592316 718.4293400899041 190.33263887598878 3.1972658935845577 3.709750446279854 -1909.995274217713 0.044553099205431504 21.869562358104485 -4169.957849490367 1.8672715509401396e-05 0.004450895667784501 0.147708180640168
-3.034673231871079 -2.3511351835273064 5.096558344777278 420.3675559942203 616.818056604583 723.5732492815005 190.87689095403766 3.1972658935845577 3.709750446279854 -1909.995274217713 0.044553099205431504 21.869562358104485 -4169.957849490367 1.8672715509401396e-05 0.004450895667784501 0.147708180640168
-3.0837779767233617 -2.33443957027753 5.040127487165253 422.6171711378847 618.631994883759 728.3302163644694 191.0159114850685 3.1972658935845577 3.709750446279854 -1909.995274217713 0.044553099205431504 21.869562358104485 -4169.957849490367 1.8672715509401396e-05 0.004450895667784501 0.147708180640168
-3.134846911369739 -2.317743957027754 5.028359252337642 424.7715724685113 620.4391555319944 732.6359229041263 190.74200532288523 3.1972658935845577 3.709750446279854 -1909.995274217713 0.044553099205431504 21.869562358104485 -4169.957849490367 1.8672715509401396e-05 0.004450895667784501 0.147708180640168
-3.182969561324977 -2.3000662488809316 5.064433294700113 426.8427137017716 622.2318233974966 736.4215769683942 190.04983517725486 3.1972658935845577 3.709750446279854 -1909.995274217713 0.044553099205431504 21.869562358104485 -4169.957849490367 1.8672715509401396e-05 0.004450895667784501 0.147708180640168
-3.2310922112802105 -2.2823885407341105 5.064433294700123 428.8438295106462 624.0020919412873 739.6139131309465 188.93642161251046 3.1972658935845577 3.709750446279854 -1909.995274217713 0.044553099205431504 21.869562358104485 -4169.957849490367 1.8672715509401396e-05 0.004450895667784501 0.147708180640168
-3.2743043867502206 -2.263728737690243 5.120020485842304 430.7894355263852 625.7418632373283 742.1351924691116 187.4011430493556 3.1972658935845577 3.709750446279854 -1909.995274217713 0.044553099205431504 21.869562358104485 -4169.957849490367 1.8672715509401396e-05 0.004450895667784501 0.147708180640168
-3.318498657117275 -2.24408683974933 5.130613309963919 432.69532833766425 627.442847972452 743.9032025643392 185.44573576311814 3.1972658935845577 3.709750446279854 -1909.995274217713 0.044553099205431504 21.869562358104485 -4169.957849490367 1.8672715509401396e-05 0.004450895667784501 0.147708180640168
-3.357782452999106 -2.2244449418084167 5.1760365893854505 434.57858549122466 629.0965654463798 744.8312575037125 183.07429388561286 3.1972658935845577 3.709750446279854 -1909.995274217713 0.044553099205431504 21.869562358104485 -4169.957849490367 1.8672715509401396e-05 0.004450895667784501 0.147708180640168
-3.3951020590868337 -2.202838854073412 5.237184752034889 436.4575654910004 630.6943435717385 744.8281978769228 180.29326940287137 3.1972658935845577 3.709750446279854 -1909.995274217713 0.044553099205431504 21.869562358104485 -4169.957849490367 1.8672715509401396e-05 0.004450895667784501 0.147708180640168
-3.43438585496866 -2.1763222918531797 5.306138647095449 438.3519077996607 632.2273188740546 743.7983907788293 177.11147215776145 3.1972658935845577 3.709750446279854 -1909.995274217713 0.044553099205431504 21.869562358104485 -4169.957849490367 1.8672715509401396e-05 0.004450895667784501 0.147708180640168
-3.4677770814682134 -2.147841539838856 5.418588072812669 440.2825328366016 633.686436491711 741.6417298094602 173.5400698474259 3.1972658935845577 3.709750446279854 -1909.995274217713 0.044553099205431504 21.869562358104485 -4169.957849490367 1.8672715509401396e-05 0.004450895667784501 0.147708180640168
-3.4992041181736773 -2.1154324082363494 5.513170545562684 442.2716419796343 635.0624501760303 738.2536350719165 169.59258802537806 3.1972658935845577 3.709750446279854 -1909.995274217713 0.044553099205431504 21.869562358104485 -4169.957849490367 1.8672715509401396e-05 0.004450895667784501 0.147708180640168
-3.527684870188002 -2.0810590868397503 5.591263924940728 444.34271756437374 636.3459222911806 733.5250531730708 165.28491009987192 3.1972658935845577 3.709750446279854 -1909.995274217713 0.044553099205431504 21.869562358104485 -4169.957849490367 1.8672715509401396e-05 0.004450895667784501 0.147708180640168
-3.556165622202327 -2.04275738585497 5.643799401493395 446.52052288348204 637.5272238142479 727.3424572269432 160.63527733500814 3.1972658935845577 3.709750446279854 -1909.995274217713 0.044553099205431504 21.869562358104485 -4169.957849490367 1.8672715509401396e-05 0.004450895667784501 0.147708180640168
-3.579735899731424 -1.9995452103849611 5.783838585499438 448.831102188502 638.5965343352345 719.5878468492301 155.66428885096684 3.1972658935845577 3.709750446279854 -1909.995274217713 0.044553099205431504 21.869562358104485 -4169.957849490367 1.8672715509401396e-05 0.004450895667784501 0.147708180640168
-3.6033061772605204 -1.95240465532677 5.819537698178761 451.3017806877033 639.5438420569662 710.1387481606798 150.39490162214497 3.1972658935845577 3.709750446279854 -1909.995274217713 0.044553099205431504 21.869562358104485 -4169.957849490367 1.8672715509401396e-05 0.004450895667784501 0.147708180640168
-3.624912264995523 -1.90231781557744 5.875929459104779 453.96116454777075 640.358943795216 698.8682137875585 144.85243047907716 3.1972658935845577 3.709750446279854 -1909.995274217713 0.044553099205431504 21.869562358104485 -4169.957849490367 1.8672715509401396e-05 0.004450895667784501 0.147708180640168
-3.6465183527305256 -1.849284691136975 5.8963095894485855 456.8391408928437 641.0314449786547 685.6448228581576 139.06454810785362 3.1972658935845577 3.709750446279854 -1909.995274217713 0.044553099205431504 21.869562358104485 -4169.957849490367 1.8672715509401396e-05 0.004450895667784501 0.147708180640168
-3.6632139659803045 -1.7942873769024177 5.988455201970165 459.9668778052437 641.5507596487969 670.3326810068684 133.06128505035304 3.1972658935845577 3.709750446279854 -1909.995274217713 0.044553099205431504 21.869562358104485 -4169.957849490367 1.8672715509401396e-05 0.004450895667784501 0.147708180640168
-3.6720528200537164 -1.7402721575649065 6.120986473716187 463.37682432407746 641.9061104600769 652.7914203729015 126.87502970296191 3.1972658935845577 3.709750446279854 -1909.995274217713 0.044553099205431504 21.869562358104485 -4169.957849490367 1.8672715509401396e-05 0.004450895667784501 0.147708180640168
-3.674017009847806 -1.6862569382273964 6.246837686160598 467.1027104475361 642.086528679858 632.8761995983077 120.54052831802983 3.1972658935845577 3.709750446279854 -1909.995274217713 0.044553099205431504 21.869562358104485 -4169.957849490367 1.8672715509401396e-05 0.004450895667784501 0.147708180640168
-3.6681244404655287 -1.6351880035810218 0.11487660541696718 471.1795471308578 642.0808541882852 610.4377038292587 114.094885003753 3.1972658935845577 3.709750446279854 -1909.995274217713 0.044553099205431504 21.869562358104485 -4169.957849490367 1.8672715509401396e-05 0.004450895667784501 0.147708180640168
-3.658303491495072 -1.586083258728739 0.19739555984988075 475.64362628685194 641.8777354785525 585.3221447184915 107.57756172330119 3.1972658935845577 3.709750446279854 -1909.995274217713 0.044553099205431504 21.869562358104485 -4169.957849490367 1.8672715509401396e-05 0.004450895667784501 0.147708180640168
-3.6435720680393873 -1.5389427036705479 0.3028848683749741 480.53252078659716 641.4656296566154 557.3712604213506 101.03037829580717 3.1972658935845577 3.709750446279854 -1909.995274217713 0.044553099205431504 21.869562358104485 -4169.957849490367 1.8672715509401396e-05 0.004450895667784501 0.147708180640168
-3.6288406445837023 -1.4947484333034933 0.3217505543966422 485.8850844586559 640.8328024413731 526.4223155974178 94.49751239549369 3.1972658935845577 3.709750446279854 -1909.995274217713 0.044553099205431504 21.869562358104485 -4169.957849490367 1.8672715509401396e-05 0.004450895667784501 0.147708180640168
-3.611162936436883 -1.454482542524621 0.41368921327880553 491.7414520891907 639.9673281646319 492.3081014112104 88.02549955167342 3.1972658935845577 3.709750446279854 -1909.995274217713 0.044553099205431504 21.869562358104485 -4169.957849490367 1.8672715509401396e-05 0.004450895667784501 0.147708180640168
-3.5875926589077864 -1.4171629364368865 0.5633162614919907 498.1430394227791 638.857089771047 454.85693553253077 81.66323314968031 3.1972658935845577 3.709750446279854 -1909.995274217713 0.044553099205431504 21.869562358104485 -4169.957849490367 1.8672715509401396e-05 0.004450895667784501 0.147708180640168
-3.5542014324082287 -1.3837717099373332 0.7853981633975152 505.1325431611913 637.4897788181934 413.89266213274095 75.46196443110239 3.1972658935845577 3.709750446279854 -1909.995274217713 0.044553099205431504 21.869562358104485 -4169.957849490367 1.8672715509401396e-05 0.004450895667784501 0.147708180640168
-3.517863921217541 -1.3533267681289176 0.8734055369251613 512.7539409638266 635.852895476557 369.23465189069975 69.47530249127885 3.1972658935845577 3.709750446279854 -1909.995274217713 0.044553099205431504 21.869562358104485 -4169.957849490367 1.8672715509401396e-05 0.004450895667784501 0.147708180640168
-3.4766159355416297 -1.3258281110116383 0.9827937232472479 521.0524914485286 633.9337485294491 320.6978019870585 63.759214282094035 3.1972658935845577 3.709750446279854 -1909.995274217713 0.044553099205431504 21.869562358104485 -4169.957849490367 1.8672715509401396e-05 0.004450895667784501 0.147708180640168
-3.430457475380481 -1.3002936436884522 1.0655061386955416 530.0747341904789 631.7194553731406 268.09253610891756 58.37202461034758 3.1972658935845577 3.709750446279854 -1909.995274217713 0.044553099205431504 21.869562358104485 -4169.957849490367 1.8672715509401396e-05 0.004450895667784501 0.147708180640168
-3.3842990152193413 -1.2767233661593556 1.0986743443910496 539.8684897223429 629.1969420168061 211.22480444645043 53.37441613955889 3.1972658935845577 3.709750446279854 -1909.995274217713 0.044553099205431504 21.869562358104485 -4169.957849490367 1.8672715509401396e-05 0.004450895667784501 0.147708180640168
