24 -0.4989042076991961 -1.1883348254252464 3.5586418955782793 -1.6008146821844182 -3.2026114592658916
-0.4989042076991961 -1.1883348254252464 3.5586418955782793 552.8814046680927 541.1988516151905 598.8867336958647 282.3293197154999 3.506333048640599 4.08029324864042 -2363.705240935893 0.05456536185978767 24.077851119395405 -5631.254183101068 2.2868969765208493e-05 0.00488395778210328 -0.14700119291695316
-0.5322954341987449 -1.2659203222918531 3.5480111562459005 546.7353845611215 541.7146720290184 589.0754435062408 292.79348373413086 3.506333048640599 4.08029324864042 -2363.705240935893 0.05456536185978767 24.077851119395405 -5631.254183101068 2.2868969765208493e-05 0.00488395778210328 -0.14700119291695316
-0.5735434198746563 -1.343505819158461 3.6302350562094516 540.7761568129063 542.5977681800723 579.5130435824394 301.7176959514618 3.506333048640599 4.08029324864042 -2363.705240935893 0.05456536185978767 24.077851119395405 -5631.254183101068 2.2868969765208493e-05 0.00488395778210328 -0.14700119291695316
-0.6147914055505767 -1.419127126230976 3.640939375269954 534.9259652346373 543.7630483955145 570.0378027260303 309.794669508934 3.506333048640599 4.08029324864042 -2363.705240935893 0.05456536185978767 24.077851119395405 -5631.254183101068 2.2868969765208493e-05 0.00488395778210328 -0.14700119291695316
-0.6629140555058147 -1.4947484333034922 3.7083218711133052 529.1158501952887 545.133895650506 560.5101962387562 317.6207195520401 3.506333048640599 4.08029324864042 -2363.705240935893 0.05456536185978767 24.077851119395405 -5631.254183101068 2.2868969765208493e-05 0.00488395778210328 -0.14700119291695316
-0.7110367054610529 -1.571351835273054 3.7024934608421693 523.2856484204531 546.6421676948667 550.8129042387009 325.695760011673 3.506333048640599 4.08029324864042 -2363.705240935893 0.05456536185978767 24.077851119395405 -5631.254183101068 2.2868969765208493e-05 0.00488395778210328 -0.14700119291695316
-0.7621056401074298 -1.647955237242615 3.7295952571373876 517.3839931413531 548.2281968817115 540.8508137464523 334.423308134079 3.506333048640599 4.08029324864042 -2363.705240935893 0.05456536185978767 24.077851119395405 -5631.254183101068 2.2868969765208493e-05 0.00488395778210328 -0.14700119291695316
-0.8171029543419858 -1.724558639212177 3.7642634423468486 511.3683140799403 549.8407903760672 530.5510169565678 344.1104807853699 3.506333048640599 4.08029324864042 -2363.705240935893 0.05456536185978767 24.077851119395405 -5631.254183101068 2.2868969765208493e-05 0.00488395778210328 -0.14700119291695316
-0.875046553267676 -1.8021441360787849 3.78306536759899 505.20483742654324 551.4372300207615 519.8628122806549 354.96799623966217 3.506333048640599 4.08029324864042 -2363.705240935893 0.05456536185978767 24.077851119395405 -5631.254183101068 2.2868969765208493e-05 0.00488395778210328 -0.14700119291695316
-0.9369185317815543 -1.8807117278424363 3.808665034481729 498.86858578026295 552.983272396028 508.75770378112793 367.11017394065857 3.506333048640599 4.08029324864042 -2363.705240935893 0.05456536185978767 24.077851119395405 -5631.254183101068 2.2868969765208493e-05 0.00488395778210328 -0.14700119291695316
-0.998790510295428 -1.9592793196060878 3.808665034481694 492.34337832033634 554.4531487300992 497.2294016033411 380.55493462085724 3.506333048640599 4.08029324864042 -2363.705240935893 0.05456536185978767 24.077851119395405 -5631.254183101068 2.2868969765208493e-05 0.00488395778210328 -0.14700119291695316
-1.0567341092211227 -2.041775290957924 3.7539147858173907 485.6218305900693 555.8295650854707 485.2938215434551 395.2237993478775 3.506333048640599 4.08029324864042 -2363.705240935893 0.05456536185978767 24.077851119395405 -5631.254183101068 2.2868969765208493e-05 0.00488395778210328 -0.14700119291695316
-1.1068209489704592 -2.1262354521038507 3.6768664016800217 478.70535461604595 557.10370208323 472.98908545076847 410.9418910741806 3.506333048640599 4.08029324864042 -2363.705240935893 0.05456536185978767 24.077851119395405 -5631.254183101068 2.2868969765208493e-05 0.00488395778210328 -0.14700119291695316
-1.1470868397493303 -2.2165881826320506 3.5608250473436827 471.60415890812874 558.275215215981 460.37552070617676 427.4379332065582 3.506333048640599 4.08029324864042 -2363.705240935893 0.05456536185978767 24.077851119395405 -5631.254183101068 2.2868969765208493e-05 0.00488395778210328 -0.14700119291695316
-1.1765496866607001 -2.3098871978513884 3.4474715249946453 464.3372484818101 559.3522345870733 447.53566114604473 444.34425020217896 3.506333048640599 4.08029324864042 -2363.705240935893 0.05456536185978767 24.077851119395405 -5631.254183101068 2.2868969765208493e-05 0.00488395778210328 -0.14700119291695316
-1.2089588182631998 -2.4051504028648174 3.4695159690911477 456.932424724102 560.3513650149107 434.57424584031105 461.1967684030533 3.506333048640599 4.08029324864042 -2363.705240935893 0.05456536185978767 24.077851119395405 -5631.254183101068 2.2868969765208493e-05 0.00488395778210328 -0.14700119291695316
-1.2374395702775247 -2.5013957027752918 3.429300637138081 449.4262856245041 561.2976860553026 421.61822022497654 477.4350138902664 3.506333048640599 4.08029324864042 -2363.705240935893 0.05456536185978767 24.077851119395405 -5631.254183101068 2.2868969765208493e-05 0.00488395778210328 -0.14700119291695316
-1.2688666069829795 -2.598623097582813 3.454224919669179 441.8642254769802 562.2247520238161 408.81673519313335 492.40211498737335 3.506333048640599 4.08029324864042 -2363.705240935893 0.05456536185978767 24.077851119395405 -5631.254183101068 2.2868969765208493e-05 0.00488395778210328 -0.14700119291695316
-1.3042220232766313 -2.693886302596241 3.4969696717302194 434.3004351630807 563.1745918914676 396.34114779531956 505.34479999542236 3.506333048640599 4.08029324864042 -2363.705240935893 0.05456536185978767 24.077851119395405 -5631.254183101068 2.2868969765208493e-05 0.00488395778210328 -0.14700119291695316
-1.3454700089525515 -2.7842390331244418 3.5698568064664706 426.79790199548006 564.1977093592286 384.38502076268196 515.4133993387222 3.506333048640599 4.08029324864042 -2363.705240935893 0.05456536185978767 24.077851119395405 -5631.254183101068 2.2868969765208493e-05 0.00488395778210328 -0.14700119291695316
-1.3896642793196061 -2.871645478961505 3.609724537465416 419.4284097403288 565.3530828207731 373.16412284970284 521.6618432998657 3.506333048640599 4.08029324864042 -2363.705240935893 0.05456536185978767 24.077851119395405 -5631.254183101068 2.2868969765208493e-05 0.00488395778210328 -0.14700119291695316
-1.4348406445837056 -2.956105640107432 3.632756251876044 412.2725386470556 566.7081654593349 362.9164284616709 523.0476647615433 3.506333048640599 4.08029324864042 -2363.705240935893 0.05456536185978767 24.077851119395405 -5631.254183101068 2.2868969765208493e-05 0.00488395778210328 -0.14700119291695316
-1.485909579230078 -3.038601611459267 3.69590014979133 405.4196654483676 568.3388850167394 353.90211822092533 518.4319962263107 3.506333048640599 4.08029324864042 -2363.705240935893 0.05456536185978767 24.077851119395405 -5631.254183101068 2.2868969765208493e-05 0.00488395778210328 -0.14700119291695316
-1.5399247985675892 -3.1210975828111023 3.721308154033473 398.9679633304477 570.329644151032 346.40357817709446 506.5795718431473 3.506333048640599 4.08029324864042 -2363.705240935893 0.05456536185978767 24.077851119395405 -5631.254183101068 2.2868969765208493e-05 0.00488395778210328 -0.14700119291695316
-1.6008146821844182 -3.2026114592658916 3.7831632628507776 391.9056878294796 572.4693177812151 300.2344540953636 482.20164319872856 3.506333048640599 4.08029324864042 -2363.705240935893 0.05456536185978767 24.077851119395405 -5631.254183101068 2.2868969765208493e-05 0.00488395778210328 -0.14700119291695316
-1.6577761862130682 -3.2860895255147726 3.7403765105557905 383.9792816247791 573.6648181218188 275.878548681736 459.6409839987755 3.506333048640599 4.08029324864042 -2363.705240935893 0.05456536185978767 24.077851119395405 -5631.254183101068 2.2868969765208493e-05 0.00488395778210328 -0.14700119291695316
-1.721612354521036 -3.3695675917636536 3.7944392846905672 376.26492855884135 575.0355060530128 259.71058839559555 439.7946412861347 3.506333048640599 4.08029324864042 -2363.705240935893 0.05456536185978767 24.077851119395405 -5631.254183101068 2.2868969765208493e-05 0.00488395778210328 -0.14700119291695316
-1.7815201432408156 -3.4540277529095804 3.758534544137285 368.7499029096216 576.5734945418662 250.6407189965248 422.2430776655674 3.506333048640599 4.08029324864042 -2363.705240935893 0.05456536185978767 24.077851119395405 -5631.254183101068 2.2868969765208493e-05 0.00488395778210328 -0.14700119291695316
-1.8443742166517432 -3.5365237242614156 3.7926693750343152 361.4229848217219 578.2707795414608 247.64306610822678 406.5973346531391 3.506333048640599 4.08029324864042 -2363.705240935893 0.05456536185978767 24.077851119395405 -5631.254183101068 2.2868969765208493e-05 0.00488395778210328 -0.14700119291695316
-1.900353625783344 -3.6190196956132508 3.7377917948872597 354.2744602393359 580.1192399919382 249.75573468208313 392.4990331232548 3.506333048640599 4.08029324864042 -2363.705240935893 0.05456536185978767 24.077851119395405 -5631.254183101068 2.2868969765208493e-05 0.00488395778210328 -0.14700119291695316
-1.9582972247090387 -3.698569382273949 3.771122615588925 347.2961209639907 582.1106378168333 256.0808107852936 379.62037271261215 3.5174449326577575 4.081010213788624 -2369.8252998176954 0.054602717553626424 24.11800032839588 -5645.339703851285 2.288462596547642e-05 0.004895487612267464 -0.15065330155191062
-2.0191871083258723 -3.776154879140556 3.807002606910909 340.48126464150846 584.2366179275559 265.78435987234116 367.66413256525993 3.5174449326577575 4.081010213788624 -2369.8252998176954 0.054602717553626424 24.11800032839588 -5645.339703851285 2.288462596547642e-05 0.004895487612267464 -0.15065330155191062
-2.0800769919427013 -3.8527582811101175 3.8131988098435183 333.824694737792 586.4887082193745 278.09642761945724 356.36367043852806 3.5174449326577575 4.081010213788624 -2369.8252998176954 0.054602717553626424 24.11800032839588 -5645.339703851285 2.288462596547642e-05 0.004895487612267464 -0.15065330155191062
-2.1507878245299867 -3.9234691136974047 3.9269908169872294 327.32272056490183 588.8583195739775 292.31103986501694 345.48292338848114 3.5174449326577575 4.081010213788624 -2369.8252998176954 0.054602717553626424 24.11800032839588 -5645.339703851285 2.288462596547642e-05 0.004895487612267464 -0.15065330155191062
-2.2234628469113664 -3.9912336615935553 3.9619416135178978 320.9731572791934 591.3367458595894 307.7862018942833 334.8164077103138 3.5174449326577575 4.081010213788624 -2369.8252998176954 0.054602717553626424 24.11800032839588 -5645.339703851285 2.288462596547642e-05 0.004895487612267464 -0.15065330155191062
-2.3049767233661576 -4.0501593554162945 4.0864641864359115 314.77532587759197 593.9151639291667 323.943899333477 324.18921861052513 3.5174449326577575 4.081010213788624 -2369.8252998176954 0.054602717553626424 24.11800032839588 -5645.339703851285 2.288462596547642e-05 0.004895487612267464 -0.15065330155191062
-2.3884547896150385 -4.104174574753806 4.138084150209988 308.73005318269134 596.5846336209215 340.27009868621826 313.4570304453373 3.5174449326577575 4.081010213788624 -2369.8252998176954 0.054602717553626424 24.11800032839588 -5645.339703851285 2.288462596547642e-05 0.004895487612267464 -0.15065330155191062
-2.473897045658014 -4.153279319606089 4.190770683288317 302.8396718557924 599.3360977601842 356.3147450685501 302.5060966014862 3.5174449326577575 4.081010213788624 -2369.8252998176954 0.054602717553626424 24.11800032839588 -5645.339703851285 2.288462596547642e-05 0.004895487612267464 -0.15065330155191062
-2.561303491495078 -4.199437779767234 4.22652280605717 297.1080204155296 602.1603821575409 371.69176506996155 291.2532495856285 3.5174449326577575 4.081010213788624 -2369.8252998176954 0.054602717553626424 24.11800032839588 -5645.339703851285 2.288462596547642e-05 0.004895487612267464 -0.15065330155191062
-2.6536204118173665 -4.242649955237243 4.274597676743131 291.54044319316745 605.0481956074364 386.07906383275986 279.64590111374855 3.5174449326577575 4.081010213788624 -2369.8252998176954 0.054602717553626424 24.11800032839588 -5645.339703851285 2.288462596547642e-05 0.004895487612267464 -0.15065330155191062
-2.74299104744852 -4.285862130707253 4.2620149280680515 286.1437903698534 607.990129892889 399.2185274362564 267.6620418727398 3.5174449326577575 4.081010213788624 -2369.8252998176954 0.054602717553626424 24.11800032839588 -5645.339703851285 2.288462596547642e-05 0.004895487612267464 -0.15065330155191062
-2.834325872873768 -4.328092211280215 4.279299541661395 280.92641797475517 610.9766597809503 410.91602206230164 255.31024158000946 3.5174449326577575 4.081010213788624 -2369.8252998176954 0.054602717553626424 24.11800032839588 -5645.339703851285 2.288462596547642e-05 0.004895487612267464 -0.15065330155191062
-2.927624888093106 -4.366393912264996 4.3228412583246545 275.89818785712123 613.9981430247426 421.04139363765717 242.6296490430832 3.5174449326577575 4.081010213788624 -2369.8252998176954 0.054602717553626424 24.11800032839588 -5645.339703851285 2.288462596547642e-05 0.004895487612267464 -0.15065330155191062
-3.019941808415399 -4.39978513876455 4.365327376845199 271.0704677142203 617.044820362411 429.52846801280975 229.68999248743057 3.5174449326577575 4.081010213788624 -2369.8252998176954 0.054602717553626424 24.11800032839588 -5645.339703851285 2.288462596547642e-05 0.004895487612267464 -0.15065330155191062
-3.1112766338406423 -4.4282658907788734 4.410116481804569 266.45613107457757 620.1068155191606 436.3750514984131 216.5915786921978 3.5174449326577575 4.081010213788624 -2369.8252998176954 0.054602717553626424 24.11800032839588 -5645.339703851285 2.288462596547642e-05 0.004895487612267464 -0.15065330155191062
-3.198683079677702 -4.455764547896152 4.407585955794439 262.0695573259145 623.1741352048703 441.6429298520088 203.46529406309128 3.5174449326577575 4.081010213788624 -2369.8252998176954 0.054602717553626424 24.11800032839588 -5645.339703851285 2.288462596547642e-05 0.004895487612267464 -0.15065330155191062
-3.282161145926592 -4.482281110116385 4.404821871979388 257.92663167230785 626.2366691153729 445.4578692317009 190.47260373830795 3.5174449326577575 4.081010213788624 -2369.8252998176954 0.054602717553626424 24.11800032839588 -5645.339703851285 2.288462596547642e-05 0.004895487612267464 -0.15065330155191062
-3.3646571172784236 -4.505851387645481 4.434089321379563 254.04474515281618 629.2841899325722 448.00961607694626 177.80555200576782 3.5174449326577575 4.081010213788624 -2369.8252998176954 0.054602717553626424 24.11800032839588 -5645.339703851285 2.288462596547642e-05 0.004895487612267464 -0.15065330155191062
-3.443224709042081 -4.528439570277531 4.432439157860919 250.44279466196895 632.3063533229288 449.55189633369446 165.68676236271858 3.5174449326577575 4.081010213788624 -2369.8252998176954 0.054602717553626424 24.11800032839588 -5645.339703851285 2.288462596547642e-05 0.004895487612267464 -0.15065330155191062
-3.5198281110116394 -4.54906356311549 4.449394248703759 247.14118292741477 635.2926979400218 450.4024159312248 154.36943736672401 3.5174449326577575 4.081010213788624 -2369.8252998176954 0.054602717553626424 24.11800032839588 -5645.339703851285 2.288462596547642e-05 0.004895487612267464 -0.15065330155191062
-3.592503133393019 -4.5657591763652645 4.486577298841346 244.1618185043335 638.232645421871 450.9428616166115 144.1373583972454 3.5174449326577575 4.081010213788624 -2369.8252998176954 0.054602717553626424 24.11800032839588 -5645.339703851285 2.288462596547642e-05 0.004895487612267464 -0.15065330155191062
-3.6641960608773494 -4.575580125335722 4.576250019531544 241.5281158015132 641.1155003937893 451.6188995242119 135.3048863708973 3.5174449326577575 4.081010213788624 -2369.8252998176954 0.054602717553626424 24.11800032839588 -5645.339703851285 2.288462596547642e-05 0.004895487612267464 -0.15065330155191062
-3.735888988361684 -4.58049059982095 4.6440026367941805 239.26499505713582 643.9304504650063 452.9401755928993 128.21696111559868 3.5174449326577575 4.081010213788624 -2369.8252998176954 0.054602717553626424 24.11800032839588 -5645.339703851285 2.288462596547642e-05 0.004895487612267464 -0.15065330155191062
-3.80659982094897 -4.58049059982095 4.712388980384682 237.39888234995306 646.6665662315208 455.48031651973724 123.24910125136375 3.5174449326577575 4.081010213788624 -2369.8252998176954 0.054602717553626424 24.11800032839588 -5645.339703851285 2.288462596547642e-05 0.004895487612267464 -0.15065330155191062
-3.876328558639211 -4.575580125335723 4.7826954445033145 235.95770958811045 649.3128012748784 459.87692868709564 120.80740493535995 3.5174449326577575 4.081010213788624 -2369.8252998176954 0.054602717553626424 24.11800032839588 -5645.339703851285 2.288462596547642e-05 0.004895487612267464 -0.15065330155191062
-3.9460572963294513 -4.566741271262311 4.838477075449294 234.9709145296365 651.8579921621713 466.83159852027893 121.3285491168499 3.5174449326577575 4.081010213788624 -2369.8252998176954 0.054602717553626424 24.11800032839588 -5645.339703851285 2.288462596547642e-05 0.004895487612267464 -0.15065330155191062
-4.012839749328562 -4.552991942703672 4.915434197638133 234.4694407787174 654.2908584460965 477.10989248752594 125.2797900736332 3.5174449326577575 4.081010213788624 -2369.8252998176954 0.054602717553626424 24.11800032839588 -5645.339703851285 2.288462596547642e-05 0.004895487612267464 -0.15065330155191062
-4.078640107430616 -4.533350044762759 5.002475912705735 234.48573774658144 656.6000026648398 491.5413571000099 133.1589629650116 3.5174449326577575 4.081010213788624 -2369.8252998176954 0.054602717553626424 24.11800032839588 -5645.339703851285 2.288462596547642e-05 0.004895487612267464 -0.15065330155191062
-4.141494180841538 -4.508797672336617 5.084787427061447 235.05376071110368 658.7739103435306 511.0195183157921 145.49448212981224 3.5174449326577575 4.081010213788624 -2369.8252998176954 0.054602717553626424 24.11800032839588 -5645.339703851285 2.288462596547642e-05 0.004895487612267464 -0.15065330155191062
-4.200419874664274 -4.478352730528202 5.1892808480502515 236.20897078327835 660.8009499910404 536.5018835067749 162.8453409075737 3.5174449326577575 4.081010213788624 -2369.8252998176954 0.054602717553626424 24.11800032839588 -5645.339703851285 2.288462596547642e-05 0.004895487612267464 -0.15065330155191062
