19 -4.174885407341091 2.104629364368846 0.449759613069725 -4.173903312444042 3.085742166517457
-4.174885407341091 2.104629364368846 0.449759613069725 845.5549453496933 668.4427512288094 769.8036063909531 166.1069700717926 3.1546450975309246 3.7028586183766876 -1878.9727261195708 0.04373841592075307 21.767153654979648 -4143.715051234278 1.8331272389251147e-05 0.004436479433204591 0.1519344429543928
-4.159171888988357 2.1380205908683947 0.43984258281586497 851.0837188363075 667.8929406255484 762.7591404914856 173.02963840961456 3.1546450975309246 3.7028586183766876 -1878.9727261195708 0.04373841592075307 21.767153654979648 -4143.715051234278 1.8331272389251147e-05 0.004436479433204591 0.1519344429543928
-4.146404655326771 2.1753401969561317 0.32962440742055665 856.9533675312996 667.2433136403561 757.6249604225159 179.8070788383484 3.1546450975309246 3.7028586183766876 -1878.9727261195708 0.04373841592075307 21.767153654979648 -4143.715051234278 1.8331272389251147e-05 0.004436479433204591 0.1519344429543928
-4.133637421665176 2.2165881826320497 0.3001711708301485 862.9536395072937 666.5682303607464 754.6461455821991 186.83572578430176 3.1546450975309246 3.7028586183766876 -1878.9727261195708 0.04373841592075307 21.767153654979648 -4143.715051234278 1.8331272389251147e-05 0.004436479433204591 0.1519344429543928
-4.118905998209491 2.262746642793195 0.31521469975071686 868.9139853715897 665.9303916245699 753.9836715459824 194.45645916461945 3.1546450975309246 3.7028586183766876 -1878.9727261195708 0.04373841592075307 21.767153654979648 -4143.715051234278 1.8331272389251147e-05 0.004436479433204591 0.1519344429543928
-4.106138764547896 2.313815577439571 0.2495869254370117 874.7035613656044 665.3808398991823 755.7144058942795 202.9546047449112 3.1546450975309246 3.7028586183766876 -1878.9727261195708 0.04373841592075307 21.767153654979648 -4143.715051234278 1.8331272389251147e-05 0.004436479433204591 0.1519344429543928
-4.098282005371528 2.367830796777083 0.14707835538843303 880.2312268018723 664.95895794034 759.831111907959 212.55993235111237 3.1546450975309246 3.7028586183766876 -1878.9727261195708 0.04373841592075307 21.767153654979648 -4143.715051234278 1.8331272389251147e-05 0.004436479433204591 0.1519344429543928
-4.094353625783345 2.420863921217546 0.07532889082836104 885.4455455541611 664.692470446229 766.2424478530884 223.44665777683258 3.1546450975309246 3.7028586183766876 -1878.9727261195708 0.04373841592075307 21.767153654979648 -4143.715051234278 1.8331272389251147e-05 0.004436479433204591 0.1519344429543928
-4.092389435989255 2.4738970456580125 0.03771795246682865 890.3347848057747 664.5974423587322 774.7729674577713 235.73344099521637 3.1496693522427535 3.665780496561391 -1864.433206657342 0.04365155801111387 21.6553686991932 -4107.896031419814 1.8294869241875037e-05 0.004404335082313364 0.16102008435707196
-4.093371530886305 2.525948075201433 6.263956908079809 894.9269164204597 664.6782804578543 785.1631156206131 249.48338878154755 3.1496693522427535 3.665780496561391 -1864.433206657342 0.04365155801111387 21.6553686991932 -4107.896031419814 1.8294869241875037e-05 0.004404335082313364 0.16102008435707196
-4.098282005371533 2.5770170098478054 6.185458399820866 899.2896161675453 664.9277319014072 797.0692356824875 264.7040523290634 3.1496693522427535 3.665780496561391 -1864.433206657342 0.04365155801111387 21.6553686991932 -4107.896031419814 1.8294869241875037e-05 0.004404335082313364 0.16102008435707196
-4.107120859444936 2.628085944494179 6.108513108171499 903.5302634835243 665.3268856108189 810.0635635852814 281.3474270105362 3.1496693522427535 3.665780496561391 -1864.433206657342 0.04365155801111387 21.6553686991932 -4107.896031419814 1.8294869241875037e-05 0.004404335082313364 0.16102008435707196
-4.117923903312446 2.6791548791405546 6.070753286670696 907.7959423065186 665.8451706320047 823.6342307329178 299.3099550008774 3.1496693522427535 3.665780496561391 -1864.433206657342 0.04365155801111387 21.6553686991932 -4107.896031419814 1.8294869241875037e-05 0.004404335082313364 0.16102008435707196
-4.131673231871086 2.7312059086839753 6.020190575498653 912.2734404206276 666.4403583407402 837.1852614879608 318.4325227737427 3.1496693522427535 3.665780496561391 -1864.433206657342 0.04365155801111387 21.6553686991932 -4107.896031419814 1.8294869241875037e-05 0.004404335082313364 0.16102008435707196
-4.147386750223811 2.7832569382273946 5.989998410621796 917.1892496347427 667.0585597753525 850.0365779399872 338.5004622936249 3.1496693522427535 3.665780496561391 -1864.433206657342 0.04365155801111387 21.6553686991932 -4107.896031419814 1.8294869241875037e-05 0.004404335082313364 0.16102008435707196
-4.161136078782447 2.836290062667861 6.029511211041011 922.8095655441284 667.6342284530401 861.4239937067032 359.24355030059814 3.1496693522427535 3.665780496561391 -1864.433206657342 0.04365155801111387 21.6553686991932 -4107.896031419814 1.8294869241875037e-05 0.004404335082313364 0.16102008435707196
-4.168992837958819 2.891287376902419 6.141288252575315 929.4402877688408 668.0901578068733 870.4992176294327 380.3360096216202 3.1496693522427535 3.665780496561391 -1864.433206657342 0.04365155801111387 21.6553686991932 -4107.896031419814 1.8294869241875037e-05 0.004404335082313364 0.16102008435707196
-4.172921217547002 2.9521772605192482 6.218758467754016 937.4270206689835 668.3374829739332 876.3298553228378 401.3965071439743 3.1496693522427535 3.665780496561391 -1864.433206657342 0.04365155801111387 21.6553686991932 -4107.896031419814 1.8294869241875037e-05 0.004404335082313364 0.16102008435707196
-4.174885407341091 3.016995523724261 6.252891547260838 947.1550717353821 668.2756799310446 877.899404168129 421.98815512657166 3.1496693522427535 3.665780496561391 -1864.433206657342 0.04365155801111387 21.6553686991932 -4107.896031419814 1.8294869241875037e-05 0.004404335082313364 0.16102008435707196
-4.173903312444042 3.085742166517457 0.014284742587448591 960.4385060090572 667.3285320710274 574.4649854153395 312.91098210960627 3.1496693522427535 3.665780496561391 -1864.433206657342 0.04365155801111387 21.6553686991932 -4107.896031419814 1.8294869241875037e-05 0.004404335082313364 0.16102008435707196
-4.168992837958814 3.156452999104745 0.06933313368820815 965.1203371195588 667.5731711678673 645.6268049180508 340.1947179585695 3.1496693522427535 3.665780496561391 -1864.433206657342 0.04365155801111387 21.6553686991932 -4107.896031419814 1.8294869241875037e-05 0.004404335082313364 0.16102008435707196
-4.162118173679496 3.2281459265890797 0.09559811866381332 969.8658032380044 667.7455063185189 710.4359064549208 364.6576167717576 3.1496693522427535 3.665780496561391 -1864.433206657342 0.04365155801111387 21.6553686991932 -4107.896031419814 1.8294869241875037e-05 0.004404335082313364 0.16102008435707196
-4.153279319606089 3.2998388540734123 0.12266865550440838 974.6667950674891 667.846400823968 769.1550160199404 386.4260793030262 3.1496693522427535 3.665780496561391 -1864.433206657342 0.04365155801111387 21.6553686991932 -4107.896031419814 1.8294869241875037e-05 0.004404335082313364 0.16102008435707196
-4.141494180841538 3.3715317815577426 0.16292645885041512 979.5152745349333 667.8767483520205 822.0423026680946 405.6241722404957 3.1496693522427535 3.665780496561391 -1864.433206657342 0.04365155801111387 21.6553686991932 -4107.896031419814 1.8294869241875037e-05 0.004404335082313364 0.16102008435707196
-4.131673231871077 3.4412605192479835 0.1399246705741823 984.4032747913152 667.8374729367788 869.3513789027929 422.37362825125456 3.1496693522427535 3.665780496561391 -1864.433206657342 0.04365155801111387 21.6553686991932 -4107.896031419814 1.8294869241875037e-05 0.004404335082313364 0.16102008435707196
-4.121852282900621 3.509025067144135 0.14392544938821444 989.3229002095759 667.7295289796893 911.3313005566597 436.7938459664583 3.1496693522427535 3.665780496561391 -1864.433206657342 0.04365155801111387 21.6553686991932 -4107.896031419814 1.8294869241875037e-05 0.004404335082313364 0.16102008435707196
-4.116941808415397 3.5738433303491495 0.07561314323675979 994.26632638718 667.5539012483205 948.226566657424 449.0018900036812 3.1496693522427535 3.665780496561391 -1864.433206657342 0.04365155801111387 21.6553686991932 -4107.896031419814 1.8294869241875037e-05 0.004404335082313364 0.16102008435707196
-4.116941808415401 3.6347332139659785 6.2831853071795125 999.225800146116 667.3116048776428 980.2771196365356 459.11249089986086 3.1496693522427535 3.665780496561391 -1864.433206657342 0.04365155801111387 21.6553686991932 -4107.896031419814 1.8294869241875037e-05 0.004404335082313364 0.16102008435707196
-4.1159597135183565 3.692676812891673 0.01694752980638924 1004.193639529869 667.0036853684578 1007.7183451503515 467.2380451709032 3.1496693522427535 3.665780496561391 -1864.433206657342 0.04365155801111387 21.6553686991932 -4107.896031419814 1.8294869241875037e-05 0.004404335082313364 0.16102008435707196
-4.115959713518352 3.748656222023276 7.978023699762465e-14 1009.1622338087764 666.6312185894349 1030.7810723036528 473.4886153265834 3.1496693522427535 3.665780496561391 -1864.433206657342 0.04365155801111387 21.6553686991932 -4107.896031419814 1.8294869241875037e-05 0.004404335082313364 0.16102008435707196
-4.115959713518352 3.803653536257832 -0.0 1014.1240434735082 666.1953107752488 1049.6915735006332 477.9719298481941 3.1496693522427535 3.665780496561391 -1864.433206657342 0.04365155801111387 21.6553686991932 -4107.896031419814 1.8294869241875037e-05 0.004404335082313364 0.16102008435707196
-4.115959713518352 3.8566866606982986 -0.0 1019.0716002394911 665.6970985273947 1064.671564206481 480.79338309168816 3.1496693522427535 3.665780496561391 -1864.433206657342 0.04365155801111387 21.6553686991932 -4107.896031419814 1.8294869241875037e-05 0.004404335082313364 0.16102008435707196
-4.1110492390331235 3.908737690241718 0.09406123462798714 1023.997507047141 665.1377488143626 1075.938203588128 482.05603551864624 3.1496693522427535 3.665780496561391 -1864.433206657342 0.04365155801111387 21.6553686991932 -4107.896031419814 1.8294869241875037e-05 0.004404335082313364 0.16102008435707196
-4.106138764547896 3.957842435094001 0.09966865249116202 1028.894438059302 664.5184589711134 1083.7040938138962 481.86061342060566 3.1496693522427535 3.665780496561391 -1864.433206657342 0.04365155801111387 21.6553686991932 -4107.896031419814 1.8294869241875037e-05 0.004404335082313364 0.16102008435707196
-4.097299910474488 4.005965085049237 0.18164882999994506 1033.7551386603154 663.840456699545 1088.1772805154324 480.30550914257765 3.1496693522427535 3.665780496561391 -1864.433206657342 0.04365155801111387 21.6553686991932 -4107.896031419814 1.8294869241875037e-05 0.004404335082313364 0.16102008435707196
-4.088461056401076 4.051141450313341 0.19321148384781017 1038.5724254634697 663.1050000679679 1089.5612525492907 477.4867809712887 3.1496693522427535 3.665780496561391 -1864.433206657342 0.04365155801111387 21.6553686991932 -4107.896031419814 1.8294869241875037e-05 0.004404335082313364 0.16102008435707196
-4.075693822739481 4.094353625783349 0.28728145339718064 1043.3391863009892 662.3133775119786 1088.0549422502518 473.4981531649828 3.1496693522427535 3.665780496561391 -1864.433206657342 0.04365155801111387 21.6553686991932 -4107.896031419814 1.8294869241875037e-05 0.004404335082313364 0.16102008435707196
-4.057034019695613 4.136583706356311 0.41606450572384435 1048.0483802303206 661.46690783347 1083.8527250438929 468.43101589381695 3.1496693522427535 3.665780496561391 -1864.433206657342 0.04365155801111387 21.6553686991932 -4107.896031419814 1.8294869241875037e-05 0.004404335082313364 0.16102008435707196
-4.037392121754699 4.176849597135185 0.453844001521497 1052.6930375329684 660.56694020133 1077.144419774413 462.3744253963232 3.1496693522427535 3.665780496561391 -1864.433206657342 0.04365155801111387 21.6553686991932 -4107.896031419814 1.8294869241875037e-05 0.004404335082313364 0.16102008435707196
-4.016768128916737 4.215151298119964 0.4939413689196681 1057.266259713564 659.6148541511502 1068.1152887046337 455.4151037335396 3.1496693522427535 3.665780496561391 -1864.433206657342 0.04365155801111387 21.6553686991932 -4107.896031419814 1.8294869241875037e-05 0.004404335082313364 0.16102008435707196
-3.996144136078779 4.248542524619517 0.5532943253222613 1061.7612194998655 658.6120595850516 1056.9460372179747 447.637439109385 3.1496693522427535 3.665780496561391 -1864.433206657342 0.04365155801111387 21.6553686991932 -4107.896031419814 1.8294869241875037e-05 0.004404335082313364 0.16102008435707196
-3.9735559534467226 4.278987466427932 0.6383198080091923 1066.1711608443875 657.55999677215 1043.8128141462803 439.12348552793264 3.1496693522427535 3.665780496561391 -1864.433206657342 0.04365155801111387 21.6553686991932 -4107.896031419814 1.8294869241875037e-05 0.004404335082313364 0.16102008435707196
-3.94900358102059 4.309432408236348 0.6786624907481134 1070.489398923004 656.4601363480906 1028.887211471796 429.95296304672956 3.1496693522427535 3.665780496561391 -1864.433206657342 0.04365155801111387 21.6553686991932 -4107.896031419814 1.8294869241875037e-05 0.004404335082313364 0.16102008435707196
-3.9146302596239924 4.343805729632944 0.7853981633974808 1074.7093201330863 655.3139793153969 1012.3362648040056 420.20325767993927 3.1496693522427535 3.665780496561391 -1864.433206657342 0.04365155801111387 21.6553686991932 -4107.896031419814 1.8294869241875037e-05 0.004404335082313364 0.16102008435707196
-3.8704359892569378 4.381125335720679 0.8695364039286252 1078.8243821000215 654.1230570435873 994.3224526941776 409.9494213908911 3.1496693522427535 3.665780496561391 -1864.433206657342 0.04365155801111387 21.6553686991932 -4107.896031419814 1.8294869241875037e-05 0.004404335082313364 0.16102008435707196
-3.812492390331243 4.425319606087736 0.9192091408720221 1082.828113669064 652.8889312683605 975.0036972612143 399.2641720995307 3.1496693522427535 3.665780496561391 -1864.433206657342 0.04365155801111387 21.6553686991932 -4107.896031419814 1.8294869241875037e-05 0.004404335082313364 0.16102008435707196
-3.7614234556848705 4.466567591763652 0.8913825213870523 1086.7141149102245 651.6131940924679 954.5333638042212 388.2178937494755 3.1496693522427535 3.665780496561391 -1864.433206657342 0.04365155801111387 21.6553686991932 -4107.896031419814 1.8294869241875037e-05 0.004404335082313364 0.16102008435707196
-3.718211280214861 4.505851387645477 0.832981266674442 1090.4760571180377 650.2974679856561 933.0602610260248 376.8786361590028 3.1496693522427535 3.665780496561391 -1864.433206657342 0.04365155801111387 21.6553686991932 -4107.896031419814 1.8294869241875037e-05 0.004404335082313364 0.16102008435707196
-3.6828558639212177 4.5441530886302575 0.7454194762741632 1094.1076828076039 648.943405783677 910.7286408096552 365.312115162611 3.1496693522427535 3.665780496561391 -1864.433206657342 0.04365155801111387 21.6553686991932 -4107.896031419814 1.8294869241875037e-05 0.004404335082313364 0.16102008435707196
-3.655357206803942 4.582454789615041 0.6556956262414968 1097.6028057225049 647.5526906898594 887.6781985908747 353.5817125737667 3.1496693522427535 3.665780496561391 -1864.433206657342 0.04365155801111387 21.6553686991932 -4107.896031419814 1.8294869241875037e-05 0.004404335082313364 0.16102008435707196
-3.615091316025071 4.623702775290959 0.7971623265472227 1100.955310825957 646.1270362738287 864.044072881341 341.7484761700034 3.1496693522427535 3.665780496561391 -1864.433206657342 0.04365155801111387 21.6553686991932 -4107.896031419814 1.8294869241875037e-05 0.004404335082313364 0.16102008435707196
-3.5748254252461997 4.665932855863922 0.7853981633974747 1104.1591543066315 644.6681864720886 839.9568456113338 329.87111961096525 3.1496693522427535 3.665780496561391 -1864.433206657342 0.04365155801111387 21.6553686991932 -4107.896031419814 1.8294869241875037e-05 0.004404335082313364 0.16102008435707196
-3.5414341987466464 4.710127126230977 0.6747409422235403 1107.2083635758609 643.177915587381 815.5425419360399 318.0060226544738 3.1496693522427535 3.665780496561391 -1864.433206657342 0.04365155801111387 21.6553686991932 -4107.896031419814 1.8294869241875037e-05 0.004404335082313364 0.16102008435707196
-3.5178639212175544 4.752357206803942 0.5438324563020881 1110.0970372701995 641.6580282901414 790.9226304292679 306.2072309181094 3.1266942483428024 3.6630370983179175 -1854.2308447762066 -1.579647033092982e-15 21.71475193300848 -4113.505178389657 -5.863727708149936e-19 0.004418515843328106 0.16298432243666133
-3.5011683079677756 4.794587287376902 0.4160645057238639 1112.8193452467676 640.1103596169851 766.2140229940414 294.52645605802536 3.1266942483428024 3.6630370983179175 -1854.2308447762066 -1.579647033092982e-15 21.71475193300848 -4113.505178389657 -5.863727708149936e-19 0.004418515843328106 0.16298432243666133
-3.495275738585507 4.832888988361681 0.2023216283782435 1115.3695285909344 638.5367749712314 741.5290747880936 283.01307559013367 3.1266942483428024 3.6630370983179175 -1854.2308447762066 -1.579647033092982e-15 21.71475193300848 -4113.505178389657 -5.863727708149936e-19 0.004418515843328106 0.16298432243666133
-3.479562220232773 4.877083258728734 0.38050637711241714 1117.7418996067718 636.9391701230197 716.9755841940641 271.71413315832615 3.1266942483428024 3.6630370983179175 -1854.2308447762066 -1.579647033092982e-15 21.71475193300848 -4113.505178389657 -5.863727708149936e-19 0.004418515843328106 0.16298432243666133
-3.449117278424354 4.926188003581019 0.5833730069938604 1119.9308418256696 635.319471209019 692.6567930877209 260.6743381842971 3.1266942483428024 3.6630370983179175 -1854.2308447762066 -1.579647033092982e-15 21.71475193300848 -4113.505178389657 -5.863727708149936e-19 0.004418515843328106 0.16298432243666133
-3.404923008057304 4.97823903312444 0.7254700082762042 1121.930810001213 633.6796347334748 668.6713865399361 249.9360662549734 3.1266942483428024 3.6630370983179175 -1854.2308447762066 -1.579647033092982e-15 21.71475193300848 -4113.505178389657 -5.863727708149936e-19 0.004418515843328106 0.16298432243666133
-3.350907788719788 5.03029006266786 0.803914565465503 1123.7363301096484 632.0216475662892 645.1134929060936 239.5393587127328 3.1266942483428024 3.6630370983179175 -1854.2308447762066 -1.579647033092982e-15 21.71475193300848 -4113.505178389657 -5.863727708149936e-19 0.004418515843328106 0.16298432243666133
-3.3086777081468273 5.081358997314235 0.6909432280023662 1125.3419993522111 630.3475269447663 622.0726840049028 229.52192305028439 3.1266942483428024 3.6630370983179175 -1854.2308447762066 -1.579647033092982e-15 21.71475193300848 -4113.505178389657 -5.863727708149936e-19 0.004418515843328106 0.16298432243666133
-3.2713581020590907 5.12948164726947 0.6596287426369573 1126.742486154195 628.6593204729143 599.6339748352766 219.91913256794214 3.1266942483428024 3.6630370983179175 -1854.2308447762066 -1.579647033092982e-15 21.71475193300848 -4113.505178389657 -5.863727708149936e-19 0.004418515843328106 0.16298432243666133
-3.236002685765448 5.172693822739478 0.6857295109062891 1127.9325301633216 626.959106120863 577.8778237253428 210.7640266865492 3.1266942483428024 3.6630370983179175 -1854.2308447762066 -1.579647033092982e-15 21.71475193300848 -4113.505178389657 -5.863727708149936e-19 0.004418515843328106 0.16298432243666133
-3.205557743957038 5.209031333930168 0.6973907898696148 1128.906942250207 625.2489922265522 556.8801323324442 202.087310642004 3.1266942483428024 3.6630370983179175 -1854.2308447762066 -1.579647033092982e-15 21.71475193300848 -4113.505178389657 -5.863727708149936e-19 0.004418515843328106 0.16298432243666133
-3.1800232766338516 5.237512085944493 0.7309067071566842 1129.6606045118533 623.5311174935778 536.7122456878424 193.9173557832837 3.1266942483428024 3.6630370983179175 -1854.2308447762066 -1.579647033092982e-15 21.71475193300848 -4113.505178389657 -5.863727708149936e-19 0.004418515843328106 0.16298432243666133
-3.152524619516576 5.262064458370633 0.8419416003422625 1130.1884702655952 621.8076509931125 517.4409520924091 186.2801992893219 3.1266942483428024 3.6630370983179175 -1854.2308447762066 -1.579647033092982e-15 21.71475193300848 -4113.505178389657 -5.863727708149936e-19 0.004418515843328106 0.16298432243666133
-3.1230617726052015 5.2826884512085925 0.9600703624057287 1130.4855640563183 620.0807921626838 499.1284830272198 179.19954438507557 3.1266942483428024 3.6630370983179175 -1854.2308447762066 -1.579647033092982e-15 21.71475193300848 -4113.505178389657 -5.863727708149936e-19 0.004418515843328106 0.16298432243666133
-3.097527305282011 5.295455684870188 1.1071487177940904 1130.546981648542 618.3527708067559 481.83251348137856 172.69676019251347 3.1266942483428024 3.6630370983179175 -1854.2308447762066 -1.579647033092982e-15 21.71475193300848 -4113.505178389657 -5.863727708149936e-19 0.004418515843328106 0.16298432243666133
-3.0749391226499636 5.304294538943597 1.1978086049948469 1130.367890032474 616.6258470956818 465.606161698699 166.79088193923235 3.1266942483428024 3.6630370983179175 -1854.2308447762066 -1.579647033092982e-15 21.71475193300848 -4113.505178389657 -5.863727708149936e-19 0.004418515843328106 0.16298432243666133
-3.049404655326773 5.309205013428826 1.3808080388762067 1129.9435274221469 614.9023115683231 450.4979892373085 161.4986106455326 3.1266942483428024 3.6630370983179175 -1854.2308447762066 -1.579647033092982e-15 21.71475193300848 -4113.505178389657 -5.863727708149936e-19 0.004418515843328106 0.16298432243666133
-3.018959713518363 5.312151298119964 1.4743225516122347 1129.269203254953 613.1844851286733 436.5520008802414 156.83431342244148 3.1266942483428024 3.6630370983179175 -1854.2308447762066 -1.579647033092982e-15 21.71475193300848 -4113.505178389657 -5.863727708149936e-19 0.004418515843328106 0.16298432243666133
-2.9777117278424425 5.315097582811103 1.4994888620095679 1128.3402981897816 611.4747190475464 423.807644829154 152.8100232258439 3.1266942483428024 3.6630370983179175 -1854.2308447762066 -1.579647033092982e-15 21.71475193300848 -4113.505178389657 -5.863727708149936e-19 0.004418515843328106 0.16298432243666133
-2.925660698299021 5.314115487914059 1.5896620128165495 1127.1522641126066 609.7753949640319 412.29981257021427 149.43543914705515 3.1266942483428024 3.6630370983179175 -1854.2308447762066 -1.579647033092982e-15 21.71475193300848 -4113.505178389657 -5.863727708149936e-19 0.004418515843328106 0.16298432243666133
-2.8637887197851426 5.313133393017009 1.586668009786744 1125.700624132296 608.0889248824096 402.05883879959583 146.71792606264353 3.1266942483428024 3.6630370983179175 -1854.2308447762066 -1.579647033092982e-15 21.71475193300848 -4113.505178389657 -5.863727708149936e-19 0.004418515843328106 0.16298432243666133
-2.7960241718889955 5.310187108325873 1.6142472221864232 1123.9809725785162 606.4177511740127 393.1105017513037 144.66251495480537 3.1266942483428024 3.6630370983179175 -1854.2308447762066 -1.579647033092982e-15 21.71475193300848 -4113.505178389657 -5.863727708149936e-19 0.004418515843328106 0.16298432243666133
-2.7282596239928445 5.303312444046555 1.6718996985311678 1121.9889750068542 604.7643465774017 385.4760228097439 143.27190270274878 3.1266942483428024 3.6630370983179175 -1854.2308447762066 -1.579647033092982e-15 21.71475193300848 -4113.505178389657 -5.863727708149936e-19 0.004418515843328106 0.16298432243666133
-2.6614771709937424 5.291527305282006 1.7454685258031497 1119.7203681978863 603.1312141976668 379.17206659913063 142.54645210504532 3.1266942483428024 3.6630370983179175 -1854.2308447762066 -1.579647033092982e-15 21.71475193300848 -4113.505178389657 -5.863727708149936e-19 0.004418515843328106 0.16298432243666133
-2.5976410026857746 5.27483169203223 1.826604891410275 1117.170960152289 601.5208875062526 374.2107413113117 142.48419205844402 3.1266942483428024 3.6630370983179175 -1854.2308447762066 -1.579647033092982e-15 21.71475193300848 -4113.505178389657 -5.863727708149936e-19 0.004418515843328106 0.16298432243666133
-2.540679498657125 5.250279319606088 1.9777671121636564 1114.3366300973576 599.9359303418896 370.5995982289314 143.08081728965044 3.1266942483428024 3.6630370983179175 -1854.2308447762066 -1.579647033092982e-15 21.71475193300848 -4113.505178389657 -5.863727708149936e-19 0.004418515843328106 0.16298432243666133
-2.4915747538048416 5.219834377797672 2.125792054133503 1111.2133284821175 598.3789369094884 368.3416319936514 144.3296885713935 3.1266942483428024 3.6630370983179175 -1854.2308447762066 -1.579647033092982e-15 21.71475193300848 -4113.505178389657 -5.863727708149936e-19 0.004418515843328106 0.16298432243666133
-2.445416293643693 5.182514771709937 2.25070518166722 1107.7970769798849 596.8525317813619 367.43528059124947 146.2218326255679 3.1266942483428024 3.6630370983179175 -1854.2308447762066 -1.579647033092982e-15 21.71475193300848 -4113.505178389657 -5.863727708149936e-19 0.004418515843328106 0.16298432243666133
-2.407114592658916 5.1363563115487905 2.448950810380539 1104.0839684894308 595.3593698963523 367.87442530691624 148.7459421083331 3.1266942483428024 3.6630370983179175 -1854.2308447762066 -1.579647033092982e-15 21.71475193300848 -4113.505178389657 -5.863727708149936e-19 0.004418515843328106 0.16298432243666133
-2.371759176365273 5.085287376902416 2.536047989984839 1100.0701671298593 593.9021365591907 369.64839082956314 151.888375736773 3.1266942483428024 3.6630370983179175 -1854.2308447762066 -1.579647033092982e-15 21.71475193300848 -4113.505178389657 -5.863727708149936e-19 0.004418515843328106 0.16298432243666133
-2.332475380483447 5.031272157564905 2.5127963671743605 1095.7519082454965 592.4835474430001 372.7419449388981 155.63315800577402 3.1266942483428024 3.6630370983179175 -1854.2308447762066 -1.579647033092982e-15 21.71475193300848 -4113.505178389657 -5.863727708149936e-19 0.004418515843328106 0.16298432243666133
-2.2971199641897995 4.974310653536257 2.586098918324201 1091.1254984047264 591.1063485862687 377.13529896736145 159.96197959035635 3.1266942483428024 3.6630370983179175 -1854.2308447762066 -1.579647033092982e-15 21.71475193300848 -4113.505178389657 -5.863727708149936e-19 0.004418515843328106 0.16298432243666133
-2.263728737690246 4.913420769919428 2.6399885994006493 1086.1873153992929 589.7733163947123 382.8041074424982 164.85419695824385 3.1266942483428024 3.6630370983179175 -1854.2308447762066 -1.579647033092982e-15 21.71475193300848 -4113.505178389657 -5.863727708149936e-19 0.004418515843328106 0.16298432243666133
-2.2303375111906973 4.851548791405552 2.6467052111587606 1080.9338082433678 588.4872576406924 389.71946819126606 170.28683266043663 3.1266942483428024 3.6630370983179175 -1854.2308447762066 -1.579647033092982e-15 21.71475193300848 -4113.505178389657 -5.863727708149936e-19 0.004418515843328106 0.16298432243666133
-2.199892569382283 4.788694717994629 2.690522997601287 1075.3614971765783 587.2510094638565 397.8479223847389 176.23457518219948 3.1266942483428024 3.6630370983179175 -1854.2308447762066 -1.579647033092982e-15 21.71475193300848 -4113.505178389657 -5.863727708149936e-19 0.004418515843328106 0.16298432243666133
-2.166501342882725 4.723876454789615 2.6658974347347444 1069.4669736609794 586.0674393695663 407.1514544785023 182.66977892816067 3.1266942483428024 3.6630370983179175 -1854.2308447762066 -1.579647033092982e-15 21.71475193300848 -4113.505178389657 -5.863727708149936e-19 0.004418515843328106 0.16298432243666133
-2.127217547000899 4.661022381378691 2.5829933382462373 1063.246900383383 584.9394452309352 417.58749233186245 189.56246428191662 3.1266942483428024 3.6630370983179175 -1854.2308447762066 -1.579647033092982e-15 21.71475193300848 -4113.505178389657 -5.863727708149936e-19 0.004418515843328106 0.16298432243666133
-2.092844225604301 4.596204118173679 2.6539975276667738 1056.698011253029 583.8699552870821 429.1089069992304 196.88031765073538 3.1266942483428024 3.6630370983179175 -1854.2308447762066 -1.579647033092982e-15 21.71475193300848 -4113.505178389657 -5.863727708149936e-19 0.004418515843328106 0.16298432243666133
-2.061417188898846 4.531385854968666 2.6901395620373116 1049.8171114034485 582.8619281441788 441.66401286423206 204.5886913612485 3.1266942483428024 3.6630370983179175 -1854.2308447762066 -1.579647033092982e-15 21.71475193300848 -4113.505178389657 -5.863727708149936e-19 0.004418515843328106 0.16298432243666133
-2.03588272157566 4.464603401969562 2.7763912038016296 1042.6010771901347 581.9183527751011 455.19656778872013 212.65060368925333 3.1266942483428024 3.6630370983179175 -1854.2308447762066 -1.579647033092982e-15 21.71475193300848 -4113.505178389657 -5.863727708149936e-19 0.004418515843328106 0.16298432243666133
-2.02213339301702 4.393892569382274 2.949544636349052 1035.0468561965972 581.042248519836 469.64577271044254 221.02673889696598 3.1266942483428024 3.6630370983179175 -1854.2308447762066 -1.579647033092982e-15 21.71475193300848 -4113.505178389657 -5.863727708149936e-19 0.004418515843328106 0.16298432243666133
-2.00936615935542 4.321217547000897 2.9940245822757476 1027.1514672238845 580.236665084085 484.94627195596695 229.67544724792242 3.1266942483428024 3.6630370983179175 -1854.2308447762066 -1.579647033092982e-15 21.71475193300848 -4113.505178389657 -5.863727708149936e-19 0.004418515843328106 0.16298432243666133
-1.999545210384959 4.246578334825426 3.0367157148595374 1018.912000301294 579.504682541592 501.02815325558186 238.55274490267038 3.1266942483428024 3.6630370983179175 -1854.2308447762066 -1.579647033092982e-15 21.71475193300848 -4113.505178389657 -5.863727708149936e-19 0.004418515843328106 0.16298432243666133
-1.9926705461056322 4.167028648164726 3.079942482950479 1010.325616681017 578.8494113319321 517.8169476538897 247.6123140230775 3.1266942483428024 3.6630370983179175 -1854.2308447762066 -1.579647033092982e-15 21.71475193300848 -4113.505178389657 -5.863727708149936e-19 0.004418515843328106 0.16298432243666133
-1.9857958818263188 4.084532676812891 3.0821389942811894 1001.3895488369744 578.2739922617911 535.233629271388 256.80550272762775 3.1266942483428024 3.6630370983179175 -1854.2308447762066 -1.579647033092982e-15 21.71475193300848 -4113.505178389657 -5.863727708149936e-19 0.004418515843328106 0.16298432243666133
-1.9789212175469966 4.001054610564011 3.0828368308740703 992.1011004676111 577.7815965045593 553.1946158111095 266.08132511377335 3.093282122271354 3.628347233740797 -1830.311020496649 -0.04371355908207703 21.56035083401686 -4050.7782076675076 -1.832085460271476e-05 0.004371315728314556 0.1822169192601011
-1.9749928379588175 3.9116839749328567 3.1196181692931506 982.4576464975253 577.3754256002139 571.611768245697 275.38646123558283 3.093282122271354 3.628347233740797 -1830.311020496649 -0.04371355908207703 21.56035083401686 -4050.7782076675076 -1.832085460271476e-05 0.004371315728314556 0.1822169192601011
-1.9681181736794953 3.8193670546105642 3.088451244744858 972.4566330693197 577.0587114558439 590.3923908025026 284.66525711119175 3.093282122271354 3.628347233740797 -1830.311020496649 -0.04371355908207703 21.56035083401686 -4050.7782076675076 -1.832085460271476e-05 0.004371315728314556 0.1822169192601011
-1.958297224709043 3.7270501342882736 3.056690860140099 962.0955775550101 576.8347163446597 609.4392308443785 293.85972472280264 3.093282122271354 3.628347233740797 -1830.311020496649 -0.04371355908207703 21.56035083401686 -4050.7782076675076 -1.832085460271476e-05 0.004371315728314556 0.1822169192601011
-1.9455299910474522 3.6347332139659807 3.025101192895154 951.3720685469452 576.7067329073325 628.6504794508219 302.90954203158617 3.093282122271354 3.628347233740797 -1830.311020496649 -0.04371355908207703 21.56035083401686 -4050.7782076675076 -1.832085460271476e-05 0.004371315728314556 0.1822169192601011
-1.9268701880035795 3.5424162936436905 2.962675483111669 940.2837658626959 576.6780841503642 647.9197707176208 311.75205291062593 3.093282122271354 3.628347233740797 -1830.311020496649 -0.04371355908207703 21.56035083401686 -4050.7782076675076 -1.832085460271476e-05 0.004371315728314556 0.1822169192601011
-1.9062461951656215 3.4500993733213976 2.9217975820657722 928.8284005410969 576.7521234485903 667.1361820697784 320.32226726412773 3.093282122271354 3.628347233740797 -1830.311020496649 -0.04371355908207703 21.56035083401686 -4050.7782076675076 -1.832085460271476e-05 0.004371315728314556 0.1822169192601011
