22 -1.5546562220232696 -0.9428111011638318 4.285761487257786 -1.5369785138764505 -1.5242112802148629
-1.5546562220232696 -0.9428111011638318 4.285761487257786 560.4585431143641 562.3430041521788 602.504122056067 118.15486563742161 3.142521914521655 3.695939206767537 -1881.6364009957538 -0.0758716131145279 21.906601673039155 -4113.398770452733 -2.2360047479744365e-05 0.004461997895269994 0.16477093958091885
-1.5939400179051004 -0.9653992837958815 4.1905547005703365 558.116318397224 563.407961666584 599.4263128712773 123.36118972301483 3.142521914521655 3.695939206767537 -1881.6364009957538 -0.0758716131145279 21.906601673039155 -4113.398770452733 -2.2360047479744365e-05 0.004461997895269994 0.16477093958091885
-1.630277529095788 -0.9919158460161147 4.081987558911151 555.7156497687101 564.5418437570333 596.3105590194464 129.34600347280502 3.142521914521655 3.695939206767537 -1881.6364009957538 -0.0758716131145279 21.906601673039155 -4113.398770452733 -2.2360047479744365e-05 0.004461997895269994 0.16477093958091885
-1.6636687555953458 -1.017450313339301 4.05954234928401 553.2756842374802 565.686709806323 593.1351699382067 136.0898030102253 3.142521914521655 3.695939206767537 -1881.6364009957538 -0.0758716131145279 21.906601673039155 -4113.398770452733 -2.2360047479744365e-05 0.004461997895269994 0.16477093958091885
-1.6901853178155766 -1.044948970456581 3.908811001914197 550.8134888708591 566.7914285808802 589.8817003145814 143.5772987306118 3.142521914521655 3.695939206767537 -1881.6364009957538 -0.0758716131145279 21.906601673039155 -4113.398770452733 -2.2360047479744365e-05 0.004461997895269994 0.16477093958091885
-1.7196481647269508 -1.0724476275738601 3.961459917986813 548.3440506383777 567.8116778880358 586.534950055182 151.79741570353508 3.142521914521655 3.695939206767537 -1881.6364009957538 -0.0758716131145279 21.906601673039155 -4113.398770452733 -2.2360047479744365e-05 0.004461997895269994 0.16477093958091885
-1.7461647269471774 -1.1009283795881841 3.8912917043078035 545.8802764490247 568.7099448591471 583.0829643681645 160.74329309165478 3.142521914521655 3.695939206767537 -1881.6364009957538 -0.0758716131145279 21.906601673039155 -4113.398770452733 -2.2360047479744365e-05 0.004461997895269994 0.16477093958091885
-1.7697350044762696 -1.1303912264995537 3.816333595813272 543.4329931512475 569.455525636673 579.5170337557793 170.4122847765684 3.142521914521655 3.695939206767537 -1881.6364009957538 -0.0758716131145279 21.906601673039155 -4113.398770452733 -2.2360047479744365e-05 0.004461997895269994 0.16477093958091885
-1.790358997314232 -1.1569077887197858 3.802635822440576 541.0109475776553 570.0245257169008 575.8316939026117 180.805959045887 3.142521914521655 3.695939206767537 -1881.6364009957538 -0.0758716131145279 21.906601673039155 -4113.398770452733 -2.2360047479744365e-05 0.004461997895269994 0.16477093958091885
-1.7991978513876394 -1.183424350940019 3.4633432079863087 538.6208064481616 570.3998597115278 572.0247259065509 191.9300985634327 3.142521914521655 3.695939206767537 -1881.6364009957538 -0.0758716131145279 21.906601673039155 -4113.398770452733 -2.2360047479744365e-05 0.004461997895269994 0.16477093958091885
-1.805090420769917 -1.2079767233661594 3.377137634310804 536.2671564519405 570.5712513625622 568.0971560105681 203.79470045864582 3.142521914521655 3.695939206767537 -1881.6364009957538 -0.0758716131145279 21.906601673039155 -4113.398770452733 -2.2360047479744365e-05 0.004461997895269994 0.16477093958091885
-1.8050904207699079 -1.232529095792301 3.1415926535894294 533.9525042697787 570.5352337360382 564.0532557442784 216.41397628188133 3.142521914521655 3.695939206767537 -1881.6364009957538 -0.0758716131145279 21.906601673039155 -4113.398770452733 -2.2360047479744365e-05 0.004461997895269994 0.16477093958091885
-1.796251566696505 -1.2580635631154882 2.8083483524784043 531.6772764325142 570.2951490134001 559.9005419239402 229.80635201931 3.142521914521655 3.695939206767537 -1881.6364009957538 -0.0758716131145279 21.906601673039155 -4113.398770452733 -2.2360047479744365e-05 0.004461997895269994 0.16477093958091885
-1.7815201432408203 -1.2855622202327672 2.6497834776011047 529.439819522202 569.8611484318972 555.6497766897082 243.99446822702885 3.142521914521655 3.695939206767537 -1881.6364009957538 -0.0758716131145279 21.906601673039155 -4113.398770452733 -2.2360047479744365e-05 0.004461997895269994 0.16477093958091885
-1.7667887197851397 -1.3130608773500465 2.6497834776012312 527.2363999709487 569.2501927763224 551.3149673119187 259.00517968833447 3.142521914521655 3.695939206767537 -1881.6364009957538 -0.0758716131145279 21.906601673039155 -4113.398770452733 -2.2360047479744365e-05 0.004461997895269994 0.16477093958091885
-1.7461647269471818 -1.3405595344673245 2.4980915447965217 525.0612042024732 568.486051633954 546.9133664518595 274.8695558607578 3.142521914521655 3.695939206767537 -1881.6364009957538 -0.0758716131145279 21.906601673039155 -4113.398770452733 -2.2360047479744365e-05 0.004461997895269994 0.16477093958091885
-1.716701880035812 -1.3680581915846024 2.321725389192829 522.9063385725021 567.5993040800095 542.4654720127583 291.6228804588318 3.142521914521655 3.695939206767537 -1881.6364009957538 -0.0758716131145279 21.906601673039155 -4113.398770452733 -2.2360047479744365e-05 0.004461997895269994 0.16477093958091885
-1.6842927484332992 -1.3945747538048356 2.256525837701097 520.7618294432759 566.6273380815983 537.9950271099806 309.3046517819166 3.142521914521655 3.695939206767537 -1881.6364009957538 -0.0758716131145279 21.906601673039155 -4113.398770452733 -2.2360047479744365e-05 0.004461997895269994 0.16477093958091885
-1.6548299015219339 -1.4220734109221136 2.3217253891929044 518.6156230270863 565.6143510490656 533.5290202200413 327.95858231186867 3.142521914521655 3.695939206767537 -1881.6364009957538 -0.0758716131145279 21.906601673039155 -4113.398770452733 -2.2360047479744365e-05 0.004461997895269994 0.16477093958091885
-1.6312596239928416 -1.447607878245301 2.3961731773157147 516.453585498035 564.6113494932652 529.0976849868894 347.63259936869144 3.142521914521655 3.695939206767537 -1881.6364009957538 -0.0758716131145279 21.906601673039155 -4113.398770452733 -2.2360047479744365e-05 0.004461997895269994 0.16477093958091885
-1.6008146821844227 -1.4731423455684882 2.2686991493899002 514.2595030739903 563.6761491298676 524.7345003560185 368.37884445488453 3.142521914521655 3.695939206767537 -1881.6364009957538 -0.0758716131145279 21.906601673039155 -4113.398770452733 -2.2360047479744365e-05 0.004461997895269994 0.16477093958091885
-1.5674234556848694 -1.4996589077887215 2.2419401622309008 512.0150817632675 562.8733747750521 520.4761905670166 390.2536735832691 3.142521914521655 3.695939206767537 -1881.6364009957538 -0.0758716131145279 21.906601673039155 -4113.398770452733 -2.2360047479744365e-05 0.004461997895269994 0.16477093958091885
-1.5369785138764505 -1.5242112802148629 2.249458817543152 506.76193057373166 559.0298357233405 456.50433515943587 341.61043125391006 3.142521914521655 3.695939206767537 -1881.6364009957538 -0.0758716131145279 21.906601673039155 -4113.398770452733 -2.2360047479744365e-05 0.004461997895269994 0.16477093958091885
-1.506533572068036 -1.5477815577439573 2.2296023629123596 506.2326771770604 559.1331979576498 454.2771569658071 355.42176377773285 3.142521914521655 3.695939206767537 -1881.6364009957538 -0.0758716131145279 21.906601673039155 -4113.398770452733 -2.2360047479744365e-05 0.004461997895269994 0.16477093958091885
-1.476088630259617 -1.5684055505819163 2.16620620227358 505.57032294617966 559.0568662630394 452.1538037471473 367.5885298624635 3.142521914521655 3.695939206767537 -1881.6364009957538 -0.0758716131145279 21.906601673039155 -4113.398770452733 -2.2360047479744365e-05 0.004461997895269994 0.16477093958091885
-1.4485899731423322 -1.5900116383169214 2.236765564173906 504.78360120160505 558.8109786985442 450.1411766298115 378.19486877322197 3.142521914521655 3.695939206767537 -1881.6364009957538 -0.0758716131145279 21.906601673039155 -4113.398770452733 -2.2360047479744365e-05 0.004461997895269994 0.16477093958091885
-1.4210913160250611 -1.6106356311548804 2.208345124933702 503.88109056232497 558.4054466197267 448.2456234768033 387.3229858055711 3.142521914521655 3.695939206767537 -1881.6364009957538 -0.0758716131145279 21.906601673039155 -4113.398770452733 -2.2360047479744365e-05 0.004461997895269994 0.16477093958091885
-1.396538943598924 -1.6302775290957936 2.2404352724716023 502.8712149444036 557.8499546665698 446.47293895855546 395.05315224826336 3.142521914521655 3.695939206767537 -1881.6364009957538 -0.0758716131145279 21.906601673039155 -4113.398770452733 -2.2360047479744365e-05 0.004461997895269994 0.16477093958091885
-1.3660940017905139 -1.6499194270367068 2.1353657204630596 501.762243559584 557.1539607737213 444.8283644989133 401.4637053832412 3.142521914521655 3.695939206767537 -1881.6364009957538 -0.0758716131145279 21.906601673039155 -4113.398770452733 -2.2360047479744365e-05 0.004461997895269994 0.16477093958091885
-1.325828111011643 -1.670543419874667 2.0344439357957254 500.5622909171507 556.3266961723566 443.31658831611276 406.6310486793518 3.142521914521655 3.695939206767537 -1881.6364009957538 -0.0758716131145279 21.906601673039155 -4113.398770452733 -2.2360047479744365e-05 0.004461997895269994 0.16477093958091885
-1.2855622202327672 -1.691167412712627 2.0344439357957254 499.27931682532653 555.3771653836593 441.9417453818023 410.6296514943242 3.1481416363727 3.6708067684059853 -1875.862250729886 -8.810558371800147e-16 21.76607404261258 -4123.00092421066 -3.2707365337752867e-19 0.0044182278260706176 0.16308483676940114
-1.2482426141450305 -1.7127735004476285 2.087026997406571 497.92112638475373 554.314146223478 440.707417473197 413.5320492684841 3.1481416363727 3.6708067684059853 -1875.862250729886 -8.810558371800147e-16 21.76607404261258 -4123.00092421066 -3.2707365337752867e-19 0.0044182278260706176 0.16308483676940114
-1.2079767233661505 -1.7353616830796794 2.0736395377227184 496.49537000013515 553.1461897883564 439.61663312092423 415.4088435098529 3.1481416363727 3.6708067684059853 -1875.862250729886 -8.810558371800147e-16 21.76607404261258 -4123.00092421066 -3.2707365337752867e-19 0.0044182278260706176 0.16308483676940114
-1.1706571172784181 -1.7569677708146831 2.087026997406647 495.00954336533323 551.8816204844043 438.6718676351011 416.32870169728994 3.1481416363727 3.6708067684059853 -1875.862250729886 -8.810558371800147e-16 21.76607404261258 -4123.00092421066 -3.2707365337752867e-19 0.0044182278260706176 0.16308483676940114
-1.129409131602498 -1.7805380483437787 2.0820270390726607 493.4709874796681 550.528536003083 437.8750431034714 416.3583574220538 3.1481416363727 3.6708067684059853 -1875.862250729886 -8.810558371800147e-16 21.76607404261258 -4123.00092421066 -3.2707365337752867e-19 0.0044182278260706176 0.16308483676940114
-1.082268576544309 -1.8041083258728743 2.0258971353630986 491.8868886330165 549.0948073239997 437.22752840071917 415.5626102387905 3.1481416363727 3.6708067684059853 -1875.862250729886 -8.810558371800147e-16 21.76607404261258 -4123.00092421066 -3.2707365337752867e-19 0.0044182278260706176 0.16308483676940114
-1.0410205908683887 -1.828660698299016 2.107707069534914 490.2642784137279 547.5880787251517 436.7301391605288 414.0043257623911 3.1481416363727 3.6708067684059853 -1875.862250729886 -8.810558371800147e-16 21.76607404261258 -4123.00092421066 -3.2707365337752867e-19 0.0044182278260706176 0.16308483676940114
-0.9958442256042938 -1.8522309758281126 2.051683606990297 488.6100337076932 546.0157677708194 436.38313780352473 411.744435608387 3.1481416363727 3.6708067684059853 -1875.862250729886 -8.810558371800147e-16 21.76607404261258 -4123.00092421066 -3.2707365337752867e-19 0.0044182278260706176 0.16308483676940114
-0.9536141450313287 -1.8748191584601621 2.061959925081131 486.93087670207024 544.3850653292611 436.1862335149199 408.84193754941225 3.1481416363727 3.6708067684059853 -1875.862250729886 -8.810558371800147e-16 21.76607404261258 -4123.00092421066 -3.2707365337752867e-19 0.0044182278260706176 0.16308483676940114
-0.9143303491495068 -1.8944610564010753 2.034443935795748 485.2333748755045 542.7029355484992 436.1385822817683 405.35389526188374 3.1481416363727 3.6708067684059853 -1875.862250729886 -8.810558371800147e-16 21.76607404261258 -4123.00092421066 -3.2707365337752867e-19 0.0044182278260706176 0.16308483676940114
-0.8750465532676804 -1.9150850492390343 2.0542433283621 483.52394100185484 540.9761158702895 436.2387868333608 401.3354384750128 3.1481416363727 3.6708067684059853 -1875.862250729886 -8.810558371800147e-16 21.76607404261258 -4123.00092421066 -3.2707365337752867e-19 0.0044182278260706176 0.16308483676940114
-0.8357627573858497 -1.932762757385857 1.993650252927809 481.80883316276595 539.2111170403659 436.48489668406546 396.8397630006075 3.1481416363727 3.6708067684059853 -1875.862250729886 -8.810558371800147e-16 21.76607404261258 -4123.00092421066 -3.2707365337752867e-19 0.0044182278260706176 0.16308483676940114
-0.7994252461951621 -1.9494583706356312 2.0014888381813827 480.0941547243856 537.4142230879515 436.87440814450383 391.91813065111637 3.1481416363727 3.6708067684059853 -1875.862250729886 -8.810558371800147e-16 21.76607404261258 -4123.00092421066 -3.2707365337752867e-19 0.0044182278260706176 0.16308483676940114
-0.759159355416291 -1.967136078782454 1.9844855400737822 478.38585436018184 535.5914913350716 437.4042642917484 386.6198693141341 3.1481416363727 3.6708067684059853 -1875.862250729886 -8.810558371800147e-16 21.76607404261258 -4123.00092421066 -3.2707365337752867e-19 0.0044182278260706176 0.16308483676940114
-0.7130008952551469 -1.9838316920322294 1.9178579303343866 476.6897260323167 533.7487523946911 438.070854973048 380.99237287789583 3.1481416363727 3.6708067684059853 -1875.862250729886 -8.810558371800147e-16 21.76607404261258 -4123.00092421066 -3.2707365337752867e-19 0.0044182278260706176 0.16308483676940114
-0.6452363473589956 -2.0054377797672345 1.8794471938717638 475.0114090060815 531.8916101772338 438.8700168021023 375.0811011865735 3.1481416363727 3.6708067684059853 -1875.862250729886 -8.810558371800147e-16 21.76607404261258 -4123.00092421066 -3.2707365337752867e-19 0.0044182278260706176 0.16308483676940114
-0.5696150402864728 -2.02900805729633 1.8729415503343045 473.35638784151524 530.0254418849945 439.7970331925899 368.92958030104637 3.1481416363727 3.6708067684059853 -1875.862250729886 -8.810558371800147e-16 21.76607404261258 -4123.00092421066 -3.2707365337752867e-19 0.0044182278260706176 0.16308483676940114
-0.49104744852282456 -2.0535604297224723 1.873681195169897 471.72999239480123 528.1553980084136 440.8466343097389 362.5794021785259 3.1481416363727 3.6708067684059853 -1875.862250729886 -8.810558371800147e-16 21.76607404261258 -4123.00092421066 -3.2707365337752867e-19 0.0044182278260706176 0.16308483676940114
-0.4114977618621316 -2.077130707251568 1.8588517738455383 470.13739781966433 526.2864023316652 442.0129971075803 356.0702248737216 3.1481416363727 3.6708067684059853 -1875.862250729886 -8.810558371800147e-16 21.76607404261258 -4123.00092421066 -3.2707365337752867e-19 0.0044182278260706176 0.16308483676940114
-0.33194807520142977 -2.104629364368846 1.903616539721627 468.58362457109615 524.4231519335881 443.2897453363985 349.439772374928 3.1481416363727 3.6708067684059853 -1875.862250729886 -8.810558371800147e-16 21.76607404261258 -4123.00092421066 -3.2707365337752867e-19 0.0044182278260706176 0.16308483676940114
-0.2553446732318711 -2.1291817367949872 1.8809643875828927 467.07353839697316 522.5701171858236 444.66994948126376 342.7238348573446 3.1481416363727 3.6708067684059853 -1875.862250729886 -8.810558371800147e-16 21.76607404261258 -4123.00092421066 -3.2707365337752867e-19 0.0044182278260706176 0.16308483676940114
-0.17579498657116924 -2.1556982990152194 1.8925468811915178 465.61185033945367 520.7315417537466 446.1461268272251 335.95626843720675 3.1481416363727 3.6708067684059853 -1875.862250729886 -8.810558371800147e-16 21.76607404261258 -4123.00092421066 -3.2707365337752867e-19 0.0044182278260706176 0.16308483676940114
-0.09133482542524353 -2.1831969561324986 1.8855539881862158 464.2031167438254 518.9114425862208 447.710241433233 329.16899528354406 3.1481416363727 3.6708067684059853 -1875.862250729886 -8.810558371800147e-16 21.76607404261258 -4123.00092421066 -3.2707365337752867e-19 0.0044182278260706176 0.16308483676940114
-0.0068746642793133545 -2.2106956132497766 1.8855539881861882 462.85173925198615 517.113609935157 449.3537041321397 322.3920035660267 3.1481416363727 3.6708067684059853 -1875.862250729886 -8.810558371800147e-16 21.76607404261258 -4123.00092421066 -3.2707365337752867e-19 0.0044182278260706176 0.16308483676940114
0.07463921217547359 -2.2391763652641017 1.9069343775804846 461.56196479965 515.3416073415428 451.0673725269735 315.6533475294709 3.1481416363727 3.6708067684059853 -1875.862250729886 -8.810558371800147e-16 21.76607404261258 -4123.00092421066 -3.2707365337752867e-19 0.0044182278260706176 0.16308483676940114
0.13651119068934736 -2.2627466427931973 1.934775283304552 460.3378856177442 513.5987716382369 452.8415510188788 308.9791474789381 3.1481416363727 3.6708067684059853 -1875.862250729886 -8.810558371800147e-16 21.76607404261258 -4123.00092421066 -3.2707365337752867e-19 0.0044182278260706176 0.16308483676940114
0.1944547896150421 -2.2863169203222915 1.957133541616186 459.18343924265355 511.88821294438094 454.66599076241255 302.39358969032764 3.1481416363727 3.6708067684059853 -1875.862250729886 -8.810558371800147e-16 21.76607404261258 -4123.00092421066 -3.2707365337752867e-19 0.0044182278260706176 0.16308483676940114
0.2533804834377816 -2.3098871978513893 1.951302703907291 458.1024084989913 510.2128146821633 456.5298896841705 295.9189265072346 3.1481416363727 3.6708067684059853 -1875.862250729886 -8.810558371800147e-16 21.76607404261258 -4123.00092421066 -3.2707365337752867e-19 0.0044182278260706176 0.16308483676940114
0.30837779767233753 -2.3344395702775307 1.9906762840004544 457.0984215149656 508.57523356191814 458.4218925051391 289.57547629624605 3.1481416363727 3.6708067684059853 -1875.862250729886 -8.810558371800147e-16 21.76607404261258 -4123.00092421066 -3.2707365337752867e-19 0.0044182278260706176 0.16308483676940114
0.3565004476275712 -2.3580098478066263 2.0262473980458156 456.1749517088756 506.9778995895758 460.3300907164812 283.381623506546 3.1481416363727 3.6708067684059853 -1875.862250729886 -8.810558371800147e-16 21.76607404261258 -4123.00092421066 -3.2707365337752867e-19 0.0044182278260706176 0.16308483676940114
0.41247985675918086 -2.3825622202327676 1.9841267313341775 455.3353178058751 505.42301605269313 462.24202258326113 277.35381853580475 3.1481416363727 3.6708067684059853 -1875.862250729886 -8.810558371800147e-16 21.76607404261258 -4123.00092421066 -3.2707365337752867e-19 0.0044182278260706176 0.16308483676940114
0.4655129811996473 -2.407114592658908 2.0043778107466346 454.5826838198118 503.91255954187363 464.1446731425822 271.5065778493881 3.1481416363727 3.6708067684059853 -1875.862250729886 -8.810558371800147e-16 21.76607404261258 -4123.00092421066 -3.2707365337752867e-19 0.0044182278260706176 0.16308483676940114
0.5175640107430645 -2.430684870188005 1.9960013457745482 453.9200590630062 502.44827993866056 466.0244742166251 265.85248398035765 3.1481416363727 3.6708067684059853 -1875.862250729886 -8.810558371800147e-16 21.76607404261258 -4123.00092421066 -3.2707365337752867e-19 0.0044182278260706176 0.16308483676940114
0.5656866606983026 -2.450326768128917 1.9583201325751491 453.3502981485799 501.0317004201934 467.8673044051975 260.40218552947044 3.1481416363727 3.6708067684059853 -1875.862250729886 -8.810558371800147e-16 21.76607404261258 -4123.00092421066 -3.2707365337752867e-19 0.0044182278260706176 0.16308483676940114
0.6147914055505855 -2.4680044762757394 1.9163519073766209 452.8761009867303 499.66411743685603 469.65848905965686 255.16439701616764 3.1481416363727 3.6708067684059853 -1875.862250729886 -8.810558371800147e-16 21.76607404261258 -4123.00092421066 -3.2707365337752867e-19 0.0044182278260706176 0.16308483676940114
0.6599677708146894 -2.4817538048343786 1.86623716393859 452.5000127777457 498.3466007588431 471.38280033133924 250.14589902758598 3.1481416363727 3.6708067684059853 -1875.862250729886 -8.810558371800147e-16 21.76607404261258 -4123.00092421066 -3.2707365337752867e-19 0.0044182278260706176 0.16308483676940114
0.7061262309758335 -2.4886284691136984 1.7186456920536672 452.22442402644083 497.07999343425035 473.0244571547955 245.351538233459 3.1481416363727 3.6708067684059853 -1875.862250729886 -8.810558371800147e-16 21.76607404261258 -4123.00092421066 -3.2707365337752867e-19 0.0044182278260706176 0.16308483676940114
0.7444279319606106 -2.491574753804835 1.6475682180646702 452.0515705337748 495.8649118039757 474.5671252068132 240.78422736376524 3.1481416363727 3.6708067684059853 -1875.862250729886 -8.810558371800147e-16 21.76607404261258 -4123.00092421066 -3.2707365337752867e-19 0.0044182278260706176 0.16308483676940114
0.7866580125335757 -2.4955031333930173 1.6635526469830313 451.983533391729 494.7017454979941 475.99391697719693 236.4449451342225 3.1481416363727 3.6708067684059853 -1875.862250729886 -8.810558371800147e-16 21.76607404261258 -4123.00092421066 -3.2707365337752867e-19 0.0044182278260706176 0.16308483676940114
0.8367448522829034 -2.499431512981201 1.6490674673161938 452.0222389996052 493.59065745025873 477.28739171661437 232.3327362164855 3.1481416363727 3.6708067684059853 -1875.862250729886 -8.810558371800147e-16 21.76607404261258 -4123.00092421066 -3.2707365337752867e-19 0.0044182278260706176 0.16308483676940114
0.882903312444052 -2.5023777976723363 1.6345396393275462 452.16945904074237 492.53158388193697 478.4295554365963 228.44471149146557 3.1481416363727 3.6708067684059853 -1875.862250729886 -8.810558371800147e-16 21.76607404261258 -4123.00092421066 -3.2707365337752867e-19 0.0044182278260706176 0.16308483676940114
0.932008057296326 -2.5013957027752918 1.570796326794918 452.4268105109222 491.52423429861665 479.40186094865203 224.77604768425226 3.1481416363727 3.6708067684059853 -1875.862250729886 -8.810558371800147e-16 21.76607404261258 -4123.00092421066 -3.2707365337752867e-19 0.0044182278260706176 0.16308483676940114
0.9703097582811075 -2.4945210384959715 1.4288992721907365 452.79575569042936 490.56809150613844 480.1852078214288 221.31998776644468 3.1481416363727 3.6708067684059853 -1875.862250729886 -8.810558371800147e-16 21.76607404261258 -4123.00092421066 -3.2707365337752867e-19 0.0044182278260706176 0.16308483676940114
1.0125398388540725 -2.489610564010744 1.4840579881189393 453.2776021626778 489.662411602214 480.75994241423905 218.0678405314684 3.1481416363727 3.6708067684059853 -1875.862250729886 -8.810558371800147e-16 21.76607404261258 -4123.00092421066 -3.2707365337752867e-19 0.0044182278260706176 0.16308483676940114
1.051823634735899 -2.482735899731423 1.4321565896607131 453.8735028039664 488.80622398108244 481.1058578658849 215.0089809373021 3.1481416363727 3.6708067684059853 -1875.862250729886 -8.810558371800147e-16 21.76607404261258 -4123.00092421066 -3.2707365337752867e-19 0.0044182278260706176 0.16308483676940114
1.0871790510295372 -2.473897045658014 1.3684746984165856 454.58445579651743 487.99833132047206 481.2021940611303 212.13084994256496 3.0603686506986727 3.564718023796394 -1823.2555857907332 -0.006345312366495261 21.613093829359926 -4235.369540752931 -5.716497627474062e-06 0.004303426189885207 0.15832309729455227
1.1097672336615847 -2.4680044762757394 1.3808080388761743 455.4113046093844 487.2373095937073 481.02763770520687 209.4189545661211 3.0603686506986727 3.564718023796394 -1823.2555857907332 -0.006345312366495261 21.613093829359926 -4235.369540752931 -5.716497627474062e-06 0.004303426189885207 0.15832309729455227
1.1323554162936367 -2.4640760966875583 1.4559197213780306 456.3547380096279 486.5215080752969 480.5603222325444 206.8568677827716 3.0603686506986727 3.564718023796394 -1823.2555857907332 -0.006345312366495261 21.613093829359926 -4235.369540752931 -5.716497627474062e-06 0.004303426189885207 0.15832309729455227
1.1510152193375005 -2.458183527305284 1.3473197256542457 457.4152900693007 485.84904931578785 479.77782789058983 204.426228672266 3.0603686506986727 3.564718023796394 -1823.2555857907332 -0.006345312366495261 21.613093829359926 -4235.369540752931 -5.716497627474062e-06 0.004303426189885207 0.15832309729455227
1.1706571172784181 -2.4483625783348275 1.197808604994871 458.59334015334025 485.2178291724995 478.6571816764772 202.10674235969782 3.0603686506986727 3.564718023796394 -1823.2555857907332 -0.006345312366495261 21.613093829359926 -4235.369540752931 -5.716497627474062e-06 0.004303426189885207 0.15832309729455227
1.1902990152193358 -2.436577439570279 1.1246907778515927 459.8891129242256 484.62551678717136 477.17485738918185 199.8761799633503 3.0603686506986727 3.564718023796394 -1823.2555857907332 -0.006345312366495261 21.613093829359926 -4235.369540752931 -5.716497627474062e-06 0.004303426189885207 0.15832309729455227
1.2069946284691146 -2.42282811101164 0.8818719385801219 461.30267833638936 484.0695545943454 475.30677559413016 197.7103786468506 3.0603686506986727 3.564718023796394 -1823.2555857907332 -0.006345312366495261 21.613093829359926 -4235.369540752931 -5.716497627474062e-06 0.004303426189885207 0.15832309729455227
1.2325290957922965 -2.411042972247092 1.1383885512242644 462.8339516497217 483.5471583325416 473.02830361388624 195.5832415521145 3.0603686506986727 3.564718023796394 -1823.2555857907332 -0.006345312366495261 21.613093829359926 -4235.369540752931 -5.716497627474062e-06 0.004303426189885207 0.15832309729455227
1.2541351835273036 -2.394347358997314 0.9129077216127013 464.4826934123412 483.05531701631844 470.3142555709928 193.4667380452156 3.0603686506986727 3.564718023796394 -1823.2555857907332 -0.006345312366495261 21.613093829359926 -4235.369540752931 -5.716497627474062e-06 0.004303426189885207 0.15832309729455227
1.2747591763652615 -2.3747054610564007 0.8097835725701452 466.2485094810836 482.590792959556 467.1388923432678 191.3309032842517 3.0603686506986727 3.564718023796394 -1823.2555857907332 -0.006345312366495261 21.613093829359926 -4235.369540752931 -5.716497627474062e-06 0.004303426189885207 0.15832309729455227
1.2953831692032238 -2.354081468218443 0.7853981633975566 468.13085099775344 482.1501217717305 463.4759216103703 189.14383857697248 3.0603686506986727 3.564718023796394 -1823.2555857907332 -0.006345312366495261 21.613093829359926 -4235.369540752931 -5.716497627474062e-06 0.004303426189885207 0.15832309729455227
1.316989256938231 -2.3265828111011637 0.6659692373791583 470.1290144091472 481.7296123551205 459.2984978053719 186.87171129137278 3.0603686506986727 3.564718023796394 -1823.2555857907332 -0.006345312366495261 21.613093829359926 -4235.369540752931 -5.716497627474062e-06 0.004303426189885207 0.15832309729455227
1.3425237242614128 -2.291227394807521 0.6254850402391414 472.2421414544806 481.32534689456224 454.5792221520096 184.47875483334064 3.0603686506986727 3.564718023796394 -1823.2555857907332 -0.006345312366495261 21.613093829359926 -4235.369540752931 -5.716497627474062e-06 0.004303426189885207 0.15832309729455227
1.368058191584599 -2.251943598925696 0.5763752205911807 474.4692191760987 480.9331808760762 449.2901426423341 181.92726857215166 3.0603686506986727 3.564718023796394 -1823.2555857907332 -0.006345312366495261 21.613093829359926 -4235.369540752931 -5.716497627474062e-06 0.004303426189885207 0.15832309729455227
1.384753804834378 -2.20774932855864 0.3612037554937264 476.8090799045749 480.5487430812791 443.40275404043496 179.17761790007353 3.0603686506986727 3.564718023796394 -1823.2555857907332 -0.006345312366495261 21.613093829359926 -4235.369540752931 -5.716497627474062e-06 0.004303426189885207 0.15832309729455227
1.4024315129811926 -2.1625729632945396 0.3729877217999222 479.2604012773372 480.16743557620794 436.88799789361656 176.18823436647654 3.0603686506986727 3.564718023796394 -1823.2555857907332 -0.006345312366495261 21.613093829359926 -4235.369540752931 -5.716497627474062e-06 0.004303426189885207 0.15832309729455227
1.4201092211280117 -2.1144503133393027 0.35204431431536976 481.8217062242329 479.7844337206334 429.7162625249475 172.91561544686556 3.0603686506986727 3.564718023796394 -1823.2555857907332 -0.006345312366495261 21.613093829359926 -4235.369540752931 -5.716497627474062e-06 0.004303426189885207 0.15832309729455227
1.4368048343777906 -2.0663276633840657 0.33394507184494515 484.4913629652001 479.3946861708537 421.8573830295354 169.31432470679283 3.0603686506986727 3.564718023796394 -1823.2555857907332 -0.006345312366495261 21.613093829359926 -4235.369540752931 -5.716497627474062e-06 0.004303426189885207 0.15832309729455227
1.4584109221127934 -2.0182050134288274 0.42200502990217986 487.2675850293599 478.99291487038136 413.2806412950158 165.33699169754982 3.0603686506986727 3.564718023796394 -1823.2555857907332 -0.006345312366495261 21.613093829359926 -4235.369540752931 -5.716497627474062e-06 0.004303426189885207 0.15832309729455227
1.4849274843330287 -1.9720465532676832 0.5214344397718041 490.1484312424436 478.5736150657758 403.95476595312357 160.93431202322245 3.0603686506986727 3.564718023796394 -1823.2555857907332 -0.006345312366495261 21.613093829359926 -4235.369540752931 -5.716497627474062e-06 0.004303426189885207 0.15832309729455227
1.5114440465532641 -1.9258880931065356 0.5214344397717727 493.13180571468547 478.1310552805662 393.84793243557215 156.05504738539457 3.0603686506986727 3.564718023796394 -1823.2555857907332 -0.006345312366495261 21.613093829359926 -4235.369540752931 -5.716497627474062e-06 0.004303426189885207 0.15832309729455227
1.5418889883616786 -1.883658012533573 0.6246354227716047 496.2154578631744 477.6592773394659 382.92776293866336 150.6460254341364 3.0603686506986727 3.564718023796394 -1823.2555857907332 -0.006345312366495261 21.613093829359926 -4235.369540752931 -5.716497627474062e-06 0.004303426189885207 0.15832309729455227
1.5684055505819097 -1.8502667860340207 0.6711438354359792 499.3969824039377 477.1520963627845 371.16132644191384 144.65213985741138 3.0603686506986727 3.564718023796394 -1823.2555857907332 -0.006345312366495261 21.613093829359926 -4235.369540752931 -5.716497627474062e-06 0.004303426189885207 0.15832309729455227
1.5949221128021407 -1.820803939122652 0.7328151017864919 502.67381933983415 476.6031007580459 358.5151387155056 138.01635044813156 3.0603686506986727 3.564718023796394 -1823.2555857907332 -0.006345312366495261 21.613093829359926 -4235.369540752931 -5.716497627474062e-06 0.004303426189885207 0.15832309729455227
1.6214386750223762 -1.800179946284692 0.9097531579442273 506.04325398709625 476.005652227439 344.95516227185726 130.67968296259642 3.0603686506986727 3.564718023796394 -1823.2555857907332 -0.006345312366495261 21.613093829359926 -4235.369540752931 -5.716497627474062e-06 0.004303426189885207 0.15832309729455227
1.6391163831691953 -1.7834843330349153 0.8139618212361193 509.5024169399403 475.35288576129824 330.44680641405284 122.58122926950455 3.0603686506986727 3.564718023796394 -1823.2555857907332 -0.006345312366495261 21.613093829359926 -4235.369540752931 -5.716497627474062e-06 0.004303426189885207 0.15832309729455227
1.6567940913160188 -1.7736633840644587 1.0636978224026026 513.0482841059566 474.63770964648575 314.9549272377044 113.65814714878798 3.0603686506986727 3.564718023796394 -1823.2555857907332 -0.006345312366495261 21.613093829359926 -4235.369540752931 -5.716497627474062e-06 0.004303426189885207 0.15832309729455227
1.6705434198746592 -1.765806624888095 1.0516502125484875 516.6776766777039 473.85280546732247 298.4438275843859 103.84566052258015 3.0603686506986727 3.564718023796394 -1823.2555857907332 -0.006345312366495261 21.613093829359926 -4235.369540752931 -5.716497627474062e-06 0.004303426189885207 0.15832309729455227
1.6793822739480708 -1.7618782452999127 1.1525719972157262 520.3872611545958 472.99062809254974 280.8772570975125 93.0770593136549 3.0603686506986727 3.564718023796394 -1823.2555857907332 -0.006345312366495261 21.613093829359926 -4235.369540752931 -5.716497627474062e-06 0.004303426189885207 0.15832309729455227
1.6793822739480708 -1.7618782452999127 3.141592653589793 524.173549325671 472.0434056762606 262.21841219067574 81.28369950503111 3.0603686506986727 3.564718023796394 -1823.2555857907332 -0.006345312366495261 21.613093829359926 -4235.369540752931 -5.716497627474062e-06 0.004303426189885207 0.15832309729455227
