16 -2.3668487018800493 -0.9290617726051927 0.5191461142463656 -1.861069829901531 -0.49104744852283017
-2.3668487018800493 -0.9290617726051927 0.5191461142463656 553.9908495247364 605.1359823346138 226.8879852294922 276.10850524902344 3.402676751990369 3.9584169985422486 -2010.9874284002794 0.0022585035076626426 22.309919128809995 -3803.012639560664 4.025852954832528e-06 0.004774825447385339 0.18467830472705127
-2.3511351835273153 -0.9025452103849607 0.5349550737862072 556.4867178499699 604.1712505072355 374.6629447937012 411.37858963012695 3.402676751990369 3.9584169985422486 -2010.9874284002794 0.0022585035076626426 22.309919128809995 -3803.012639560664 4.025852954832528e-06 0.004774825447385339 0.18467830472705127
-2.3226544315129947 -0.8770107430617733 0.8398896196381128 559.0928049087524 602.9480146765709 477.6566619873047 493.13308334350586 3.402676751990369 3.9584169985422486 -2010.9874284002794 0.0022585035076626426 22.309919128809995 -3803.012639560664 4.025852954832528e-06 0.004774825447385339 0.18467830472705127
-2.2872990152193475 -0.8485299910474495 0.8926770190459042 561.7684371173382 601.530339166522 545.1193695068359 533.144775390625 3.402676751990369 3.9584169985422486 -2010.9874284002794 0.0022585035076626426 22.309919128809995 -3803.012639560664 4.025852954832528e-06 0.004774825447385339 0.18467830472705127
-2.2470331244404718 -0.8200492390331245 0.9551764373658138 564.4794810116291 599.9771028608084 585.2784881591797 541.8683128356934 3.402676751990369 3.9584169985422486 -2010.9874284002794 0.0022585035076626426 22.309919128809995 -3803.012639560664 4.025852954832528e-06 0.004774825447385339 0.18467830472705127
-2.204803043867507 -0.7935326768128924 1.0101093318121215 567.1983439922333 598.3419995307922 605.3386764526367 528.4401016235352 3.402676751990369 3.9584169985422486 -2010.9874284002794 0.0022585035076626426 22.309919128809995 -3803.012639560664 4.025852954832528e-06 0.004774825447385339 0.18467830472705127
-2.16748343777977 -0.7670161145926592 0.9530406012286786 569.9039739966393 596.6735375970602 611.4819068908691 500.678409576416 3.402676751990369 3.9584169985422486 -2010.9874284002794 0.0022585035076626426 22.309919128809995 -3803.012639560664 4.025852954832528e-06 0.004774825447385339 0.18467830472705127
-2.132128021486123 -0.7395174574753812 0.9097531579442666 572.5818593800068 595.0150404423475 608.8673477172852 465.0832862854004 3.402676751990369 3.9584169985422486 -2010.9874284002794 0.0022585035076626426 22.309919128809995 -3803.012639560664 4.025852954832528e-06 0.004774825447385339 0.18467830472705127
-2.1007009847806635 -0.7100546105640114 0.8176450458326738 575.2240289747715 593.4046462476254 601.6314849853516 426.8366050720215 3.402676751990369 3.9584169985422486 -2010.9874284002794 0.0022585035076626426 22.309919128809995 -3803.012639560664 4.025852954832528e-06 0.004774825447385339 0.18467830472705127
-2.0604350940017926 -0.6835380483437794 0.9884433806509149 577.8290521204472 591.8753077685833 592.8879814147949 389.80196380615234 3.402676751990369 3.9584169985422486 -2010.9874284002794 0.0022585035076626426 22.309919128809995 -3803.012639560664 4.025852954832528e-06 0.004774825447385339 0.18467830472705127
-2.026061772605199 -0.6580035810205921 0.9318823417909431 580.402038872242 590.4547926932573 584.7277870178223 356.52490997314453 3.402676751990369 3.9584169985422486 -2010.9874284002794 0.0022585035076626426 22.309919128809995 -3803.012639560664 4.025852954832528e-06 0.004774825447385339 0.18467830472705127
-1.986777976723377 -0.6324691136974047 0.994421106203657 582.9546395838261 589.1656835973263 578.2191352844238 328.232723236084 3.402676751990369 3.9584169985422486 -2010.9874284002794 0.0022585035076626426 22.309919128809995 -3803.012639560664 4.025852954832528e-06 0.004774825447385339 0.18467830472705127
-1.9573151298120073 -0.6049704565801256 0.8198672643969441 585.5050454437733 588.025377780199 573.4074554443359 304.8344383239746 3.402676751990369 3.9584169985422486 -2010.9874284002794 0.0022585035076626426 22.309919128809995 -3803.012639560664 4.025852954832528e-06 0.004774825447385339 0.18467830472705127
-1.9396374216651882 -0.5764897045658028 0.5554937352654967 588.0779877603054 587.046087116003 569.315486907959 284.92102432250977 3.402676751990369 3.9584169985422486 -2010.9874284002794 0.0022585035076626426 22.309919128809995 -3803.012639560664 4.025852954832528e-06 0.004774825447385339 0.18467830472705127
-1.9190134288272258 -0.548008952551479 0.626742901211133 590.7047385573387 586.2348385304213 563.9431419372559 265.76516342163086 3.402676751990369 3.9584169985422486 -2010.9874284002794 0.0022585035076626426 22.309919128809995 -3803.012639560664 4.025852954832528e-06 0.004774825447385339 0.18467830472705127
-1.8964252461951738 -0.5185461056401082 0.6540827244143802 593.4231106042862 585.5934737026691 554.2677040100098 243.32138061523438 3.402676751990369 3.9584169985422486 -2010.9874284002794 0.0022585035076626426 22.309919128809995 -3803.012639560664 4.025852954832528e-06 0.004774825447385339 0.18467830472705127
-1.861069829901531 -0.49104744852283017 0.9097531579442054 594.6284335972741 580.6936614019796 606.093096613884 391.33767503499985 3.402676751990369 3.9584169985422486 -2010.9874284002794 0.0022585035076626426 22.309919128809995 -3803.012639560664 4.025852954832528e-06 0.004774825447385339 0.18467830472705127
-1.8178576544315213 -0.4625666965085063 0.9880568325449376 598.3565344847739 580.9591862270609 584.502255320549 354.7359519600868 3.402676751990369 3.9584169985422486 -2010.9874284002794 0.0022585035076626426 22.309919128809995 -3803.012639560664 4.025852954832528e-06 0.004774825447385339 0.18467830472705127
-1.783484333034923 -0.43212175470008957 0.8459301831795336 601.9841271480545 581.1471310723573 566.135930866003 322.4801065325737 3.402676751990369 3.9584169985422486 -2010.9874284002794 0.0022585035076626426 22.309919128809995 -3803.012639560664 4.025852954832528e-06 0.004774825447385339 0.18467830472705127
-1.761878245299916 -0.39676633840644676 0.5685245477310874 605.518810743466 581.2632453190163 550.7209867835045 294.2587144970894 3.402676751990369 3.9584169985422486 -2010.9874284002794 0.0022585035076626426 22.309919128809995 -3803.012639560664 4.025852954832528e-06 0.004774825447385339 0.18467830472705127
-1.7461647269471863 -0.3594467323187111 0.4206633491329884 608.9679505117238 581.3130921730772 537.9939765930176 269.7704259157181 3.402676751990369 3.9584169985422486 -2010.9874284002794 0.0022585035076626426 22.309919128809995 -3803.012639560664 4.025852954832528e-06 0.004774825447385339 0.18467830472705127
-1.7422363473590028 -0.31721665174574826 0.11575921772081194 612.3386777704582 581.3020486524329 527.7011432051659 248.7239660024643 3.402676751990369 3.9584169985422486 -2010.9874284002794 0.0022585035076626426 22.309919128809995 -3803.012639560664 4.025852954832528e-06 0.004774825447385339 0.18467830472705127
-1.7412542524619536 -0.27596866606983017 0.0475831032770477 615.6378899021074 581.2353056157008 519.5984198451042 230.8381348848343 3.402676751990369 3.9584169985422486 -2010.9874284002794 0.0022585035076626426 22.309919128809995 -3803.012639560664 4.025852954832528e-06 0.004774825447385339 0.18467830472705127
-1.735361683079676 -0.23668487018800383 0.17324566645243114 618.8722503809258 581.117867722176 513.4514301419258 215.84180682897568 3.3979702448345694 3.9718746951382453 -2013.0978639334937 1.5486665252924978e-15 22.308552566026226 -3801.742010277647 6.942247598097209e-19 0.004780660734320093 0.18529726674297917
-1.7343795881826314 -0.19641897940913272 0.04874185130988841 622.0481887431815 580.954553456977 509.0354873239994 203.4739310145378 3.3979702448345694 3.9718746951382453 -2013.0978639334937 1.5486665252924978e-15 22.308552566026226 -3801.742010277647 6.942247598097209e-19 0.004780660734320093 0.18529726674297917
-1.743218442256043 -0.1571351835273064 6.085789747329661 625.1719006160274 580.7499951301143 506.13559463620186 193.48353165388107 3.3979702448345694 3.9718746951382453 -2013.0978639334937 1.5486665252924978e-15 22.308552566026226 -3801.742010277647 6.942247598097209e-19 0.004780660734320093 0.18529726674297917
-1.759914055505822 -0.11785138764548009 5.902678930067241 628.2493476858363 580.5086388736963 504.5464450418949 185.62970769405365 3.3979702448345694 3.9718746951382453 -2013.0978639334937 1.5486665252924978e-15 22.308552566026226 -3801.742010277647 6.942247598097209e-19 0.004780660734320093 0.18529726674297917
-1.7815201432408247 -0.08053178155774329 5.778323935520499 631.2862577307969 580.2347446316853 504.07242211699486 179.68163233995438 3.3979702448345694 3.9718746951382453 -2013.0978639334937 1.5486665252924978e-15 22.308552566026226 -3801.742010277647 6.942247598097209e-19 0.004780660734320093 0.18529726674297917
-1.787412712623102 -0.04615846016114638 6.141288252575291 634.2881245976314 579.932386174798 504.52759924530983 175.41855365037918 3.3979702448345694 3.9718746951382453 -2013.0978639334937 1.5486665252924978e-15 22.308552566026226 -3801.742010277647 6.942247598097209e-19 0.004780660734320093 0.18529726674297917
-1.787412712623102 -0.012767233661594225 -0.0 637.2602082109079 579.6054510995746 505.7357393503189 172.6297949552536 3.3979702448345694 3.9718746951382453 -2013.0978639334937 1.5486665252924978e-15 22.308552566026226 -3801.742010277647 6.942247598097209e-19 0.004780660734320093 0.18529726674297917
-1.782502238137874 0.02258818263204857 0.1380060236575229 640.2075345739722 579.2576408134773 507.53029599785805 171.1147536635399 3.3979702448345694 3.9718746951382453 -2013.0978639334937 1.5486665252924978e-15 22.308552566026226 -3801.742010277647 6.942247598097209e-19 0.004780660734320093 0.18529726674297917
-1.7677708146821847 0.054997314234554846 0.4266274931269955 643.134895760566 578.8924705432728 509.75441217422485 170.68290251493454 3.3979702448345694 3.9718746951382453 -2013.0978639334937 1.5486665252924978e-15 22.308552566026226 -3801.742010277647 6.942247598097209e-19 0.004780660734320093 0.18529726674297917
-1.7481289167412715 0.08446016114592458 0.5880026035475675 646.0468499287963 578.51326934807 512.2609215080738 171.15378832817078 3.3979702448345694 3.9718746951382453 -2013.0978639334937 1.5486665252924978e-15 22.308552566026226 -3801.742010277647 6.942247598097209e-19 0.004780660734320093 0.18529726674297917
-1.7284870188003583 0.11294091316024957 0.6037493333974218 648.9477213006467 578.1231801044196 514.9123466908932 172.35703301429749 3.3979702448345694 3.9718746951382453 -2013.0978639334937 1.5486665252924978e-15 22.308552566026226 -3801.742010277647 6.942247598097209e-19 0.004780660734320093 0.18529726674297917
-1.708845120859445 0.1414216651745734 0.6037493333974401 651.8416001927108 577.7251595044509 517.5809015929699 174.132333278656 3.3979702448345694 3.9718746951382453 -2013.0978639334937 1.5486665252924978e-15 22.308552566026226 -3801.742010277647 6.942247598097209e-19 0.004780660734320093 0.18529726674297917
-1.6862569382273975 0.17186660698298906 0.6383198080089856 654.7323429789394 577.3219780549407 520.1484890282154 176.32946062088013 3.3979702448345694 3.9718746951382453 -2013.0978639334937 1.5486665252924978e-15 22.308552566026226 -3801.742010277647 6.942247598097209e-19 0.004780660734320093 0.18529726674297917
-1.6666150402864846 0.20427573858549533 0.5448639154515498 657.6235721223056 576.9162201024592 522.5067022442818 178.8082610964775 3.3979702448345694 3.9718746951382453 -2013.0978639334937 1.5486665252924978e-15 22.308552566026226 -3801.742010277647 6.942247598097209e-19 0.004780660734320093 0.18529726674297917
-1.6499194270367057 0.23766696508504748 0.463647609000873 660.5186761599034 576.5102838017046 524.556824862957 181.4386550784111 3.3979702448345694 3.9718746951382453 -2013.0978639334937 1.5486665252924978e-15 22.308552566026226 -3801.742010277647 6.942247598097209e-19 0.004780660734320093 0.18529726674297917
-1.638134288272155 0.2700760966875571 0.34877100358395124 663.4208096964285 576.1063811248168 526.2098297178745 184.1006385087967 3.3979702448345694 3.9718746951382453 -2013.0978639334937 1.5486665252924978e-15 22.308552566026226 -3801.742010277647 6.942247598097209e-19 0.004780660734320093 0.18529726674297917
-1.6312596239928372 0.30248522829006336 0.20902294280621467 666.332893432118 575.7065378725529 527.3863800764084 186.6842815876007 3.3979702448345694 3.9718746951382453 -2013.0978639334937 1.5486665252924978e-15 22.308552566026226 -3801.742010277647 6.942247598097209e-19 0.004780660734320093 0.18529726674297917
-1.626349149507609 0.33293017009847786 0.15991312315822387 669.257614120841 575.3125936659053 528.016829252243 189.0897292494774 3.3979702448345694 3.9718746951382453 -2013.0978639334937 1.5486665252924978e-15 22.308552566026226 -3801.742010277647 6.942247598097209e-19 0.004780660734320093 0.18529726674297917
-1.624384959713515 0.3633751119068935 0.06442683942564073 672.1974246054888 574.9262019423768 528.0412206351757 191.2272013425827 3.3979702448345694 3.9718746951382453 -2013.0978639334937 1.5486665252924978e-15 22.308552566026226 -3801.742010277647 6.942247598097209e-19 0.004780660734320093 0.18529726674297917
-1.6184923903312418 0.3957842435094009 0.17985349979244794 675.1545438030735 574.5488299597055 527.4092872738838 193.01699221134186 3.3979702448345694 3.9718746951382453 -2013.0978639334937 1.5486665252924978e-15 22.308552566026226 -3801.742010277647 6.942247598097209e-19 0.004780660734320093 0.18529726674297917
-1.6106356311548793 0.4311396598030437 0.2186689458738751 678.1309567084536 574.1817588051781 526.0804522931576 194.38947129249573 3.3979702448345694 3.9718746951382453 -2013.0978639334937 1.5486665252924978e-15 22.308552566026226 -3801.742010277647 6.942247598097209e-19 0.004780660734320093 0.18529726674297917
-1.6057251566696555 0.4664950760966865 0.13800602365739897 681.1284143896773 573.8260833770037 524.023828804493 195.2850822210312 3.3979702448345694 3.9718746951382453 -2013.0978639334937 1.5486665252924978e-15 22.308552566026226 -3801.742010277647 6.942247598097209e-19 0.004780660734320093 0.18529726674297917
-1.5978683974932884 0.5038146821844233 0.20749622643523885 684.1484339917079 573.4827123973519 521.2182205021381 195.65434402227402 3.3979702448345694 3.9718746951382453 -2013.0978639334937 1.5486665252924978e-15 22.308552566026226 -3801.742010277647 6.942247598097209e-19 0.004780660734320093 0.18529726674297917
-1.5841190689346483 0.5421163831692026 0.34464731561805795 687.1922987420112 573.1523684076965 517.6521200835705 195.457849919796 3.3979702448345694 3.9718746951382453 -2013.0978639334937 1.5486665252924978e-15 22.308552566026226 -3801.742010277647 6.942247598097209e-19 0.004780660734320093 0.18529726674297917
-1.5703697403760037 0.5804180841539841 0.3446473156181427 690.2610579347238 572.8355877716094 513.3237110674381 194.66626811027527 3.3979702448345694 3.9718746951382453 -2013.0978639334937 1.5486665252924978e-15 22.308552566026226 -3801.742010277647 6.942247598097209e-19 0.004780660734320093 0.18529726674297917
-1.5595666965085024 0.6197018800358105 0.2683662109058857 693.3555269408971 572.5327206803486 508.2408663928509 193.2603411078453 3.3979702448345694 3.9718746951382453 -2013.0978639334937 1.5486665252924978e-15 22.308552566026226 -3801.742010277647 6.942247598097209e-19 0.004780660734320093 0.18529726674297917
-1.5458173679498624 0.6589856759176368 0.3366748193867474 696.4762872261927 572.2439311277121 502.4211494922638 191.2308869957924 3.3979702448345694 3.9718746951382453 -2013.0978639334937 1.5486665252924978e-15 22.308552566026226 -3801.742010277647 6.942247598097209e-19 0.004780660734320093 0.18529726674297917
-1.532068039391222 0.7002336615935549 0.32175055439665845 699.6236863005906 571.9691969528794 495.8918134570122 188.57879781723022 3.3979702448345694 3.9718746951382453 -2013.0978639334937 1.5486665252924978e-15 22.308552566026226 -3801.742010277647 6.942247598097209e-19 0.004780660734320093 0.18529726674297917
-1.518318710832582 0.7395174574753801 0.3366748193867563 702.7978377835825 571.7083097957075 488.68980142474174 185.31504094600677 3.3979702448345694 3.9718746951382453 -2013.0978639334937 1.5486665252924978e-15 22.308552566026226 -3801.742010277647 6.942247598097209e-19 0.004780660734320093 0.18529726674297917
-1.510461951656215 0.7788012533572075 0.19739555984991902 705.9986213417724 571.4608751218766 480.8617466688156 181.46065765619278 3.3979702448345694 3.9718746951382453 -2013.0978639334937 1.5486665252924978e-15 22.308552566026226 -3801.742010277647 6.942247598097209e-19 0.004780660734320093 0.18529726674297917
-1.5045693822739419 0.816120859444941 0.15660187698199846 709.2256827373058 571.2263122200966 472.4639721214771 177.04676514863968 3.3979702448345694 3.9718746951382453 -2013.0978639334937 1.5486665252924978e-15 22.308552566026226 -3801.742010277647 6.942247598097209e-19 0.004780660734320093 0.18529726674297917
-1.5016230975828075 0.8524583706356297 0.08090409915515882 712.4784338064492 571.0038542021066 463.56249138712883 172.11455416679382 3.3979702448345694 3.9718746951382453 -2013.0978639334937 1.5486665252924978e-15 22.308552566026226 -3801.742010277647 6.942247598097209e-19 0.004780660734320093 0.18529726674297917
-1.5016230975828075 0.8887958818263183 -0.0 715.7560524502769 570.7925479998812 454.2330073416233 166.71529108285904 3.3979702448345694 3.9718746951382453 -2013.0978639334937 1.5486665252924978e-15 22.308552566026226 -3801.742010277647 6.942247598097209e-19 0.004780660734320093 0.18529726674297917
-1.5016230975828122 0.9241512981199644 6.28318530717946 719.0574826672673 570.5912543553859 444.5609131157398 160.91031634807587 3.3979702448345694 3.9718746951382453 -2013.0978639334937 1.5486665252924978e-15 22.308552566026226 -3801.742010277647 6.942247598097209e-19 0.004780660734320093 0.18529726674297917
-1.5016230975828075 0.9595067144136061 1.2631870857958054e-13 722.3814345067367 570.3986478475854 434.64129185676575 154.77104550600052 3.3979702448345694 3.9718746951382453 -2013.0978639334937 1.5486665252924978e-15 22.308552566026226 -3801.742010277647 6.942247598097209e-19 0.004780660734320093 0.18529726674297917
-1.498676812891669 0.995844225604296 0.08090409915527845 725.7263841163367 570.2132168663666 424.57891699671745 148.37896889448166 3.3979702448345694 3.9718746951382453 -2013.0978639334937 1.5486665252924978e-15 22.308552566026226 -3801.742010277647 6.942247598097209e-19 0.004780660734320093 0.18529726674297917
-1.498676812891669 1.0321817367949868 -0.0 729.0905737029389 570.0332636227831 414.4882516860962 141.82565104961395 3.3979702448345694 3.9718746951382453 -2013.0978639334937 1.5486665252924978e-15 22.308552566026226 -3801.742010277647 6.942247598097209e-19 0.004780660734320093 0.18529726674297917
-1.498676812891669 1.0675371530886297 -0.0 732.4720115615055 569.8569041518494 404.49344861507416 135.2127319574356 3.3979702448345694 3.9718746951382453 -2013.0978639334937 1.5486665252924978e-15 22.308552566026226 -3801.742010277647 6.942247598097209e-19 0.004780660734320093 0.18529726674297917
-1.498676812891669 1.105838854073409 -0.0 735.8684720573947 569.6820683013648 394.72835114598274 128.65192621946335 3.3979702448345694 3.9718746951382453 -2013.0978639334937 1.5486665252924978e-15 22.308552566026226 -3801.742010277647 6.942247598097209e-19 0.004780660734320093 0.18529726674297917
-1.498676812891669 1.1431584601611446 -0.0 739.277495637536 569.5064997524023 385.33649280667305 122.26502239704132 3.3979702448345694 3.9718746951382453 -2013.0978639334937 1.5486665252924978e-15 22.308552566026226 -3801.742010277647 6.942247598097209e-19 0.004780660734320093 0.18529726674297917
-1.4967126230975794 1.1824422560429722 0.04995839572189598 742.696388816461 569.3277559988201 376.47109618782997 116.18388485908508 3.3979702448345694 3.9718746951382453 -2013.0978639334937 1.5486665252924978e-15 22.308552566026226 -3801.742010277647 6.942247598097209e-19 0.004780660734320093 0.18529726674297917
-1.453500447627574 1.2217260519247986 0.7354397676754779 746.1222241912037 569.1432083602995 368.2950748205185 110.55045193433762 3.3979702448345694 3.9718746951382453 -2013.0978639334937 1.5486665252924978e-15 22.308552566026226 -3801.742010277647 6.942247598097209e-19 0.004780660734320093 0.18529726674297917
-1.406359892569385 1.261991942703673 0.7736340002476467 749.5518404385075 568.9500419683754 360.98103150725365 105.51673692464828 3.3979702448345694 3.9718746951382453 -2013.0978639334937 1.5486665252924978e-15 22.308552566026226 -3801.742010277647 6.942247598097209e-19 0.004780660734320093 0.18529726674297917
-1.3621656222023304 1.3002936436884533 0.7604033697785508 752.9818423055112 568.7452557822689 354.711259752512 101.2448280453682 3.3979702448345694 3.9718746951382453 -2013.0978639334937 1.5486665252924978e-15 22.308552566026226 -3801.742010277647 6.942247598097209e-19 0.004780660734320093 0.18529726674297917
-1.3140429722470968 1.3405595344673245 0.7853981633974219 756.4086006209254 568.5256625814363 349.6777423918247 97.90688818693161 3.3979702448345694 3.9718746951382453 -2013.0978639334937 1.5486665252924978e-15 22.308552566026226 -3801.742010277647 6.942247598097209e-19 0.004780660734320093 0.18529726674297917
-1.2698487018800466 1.3808254252461978 0.7366563120874624 759.8282522782683 568.2878889627755 346.08215269446373 95.68515431880951 4.172104904976893 4.857927288576455 -2469.7977881988772 0.05758823025586603 24.557606039724313 -3266.061764642725 1.9621202812901453e-05 0.005822834548947478 0.2229714550606795
-1.223690241718898 1.4220734109221136 0.7501186898039167 763.236700261943 568.0283753490075 344.1358535885811 94.77193933725357 4.172104904976893 4.857927288576455 -2469.7977881988772 0.05758823025586603 24.557606039724313 -3266.061764642725 1.9621202812901453e-05 0.005822834548947478 0.2229714550606795
-1.1755675917636599 1.4643034914950777 0.7626748025558284 766.6296136174351 567.7433759830892 344.05989840626717 95.36963003873825 4.172104904976893 4.857927288576455 -2469.7977881988772 0.05758823025586603 24.557606039724313 -3266.061764642725 1.9621202812901453e-05 0.005822834548947478 0.2229714550606795
-1.1294091316025112 1.5065335720680382 0.7389200320464595 770.0024274867028 567.4289589142427 346.08503022789955 97.69068789482117 4.172104904976893 4.857927288576455 -2469.7977881988772 0.05758823025586603 24.557606039724313 -3266.061764642725 1.9621202812901453e-05 0.005822834548947478 0.2229714550606795
-1.0832506714413626 1.5487636526410022 0.7389200320464769 773.3503430662677 567.0810060380027 350.4516821503639 101.95764970779419 4.172104904976893 4.857927288576455 -2469.7977881988772 0.05758823025586603 24.557606039724313 -3266.061764642725 1.9621202812901453e-05 0.005822834548947478 0.2229714550606795
-1.039056401074308 1.5900116383169214 0.7252299122424399 776.668327649124 566.6952130515128 357.40997713804245 108.40312641859055 4.172104904976893 4.857927288576455 -2469.7977881988772 0.05758823025586603 24.557606039724313 -3266.061764642725 1.9621202812901453e-05 0.005822834548947478 0.2229714550606795
-1.033163831692035 1.6322417188898852 0.13863973713413516 779.9511145902798 566.2670894768089 367.2197281718254 117.26980406045914 4.172104904976893 4.857927288576455 -2469.7977881988772 0.05758823025586603 24.557606039724313 -3266.061764642725 1.9621202812901453e-05 0.005822834548947478 0.2229714550606795
-1.031199641897941 1.6725076096687563 0.048741851309999064 783.1932033170015 565.7919586580247 380.1504389345646 128.81044322252274 4.172104904976893 4.857927288576455 -2469.7977881988772 0.05758823025586603 24.557606039724313 -3266.061764642725 1.9621202812901453e-05 0.005822834548947478 0.2229714550606795
