83 -4.914402864816465 -0.2465058191584604 2.8529755156327674 -4.4115702775291075 0.053033124440463084
-4.914402864816465 -0.2465058191584604 2.8529755156327674 627.0869449504426 708.6291960944181 489.50526248296956 133.50285067525692 3.131403042549879 3.6782320387765624 -1896.87715679573 -0.0751487507264253 21.773958797948314 -4208.952046091786 -2.215949985237325e-05 0.004438903845476028 0.14453020092142532
-4.932080572963288 -0.24159534467323324 2.806944365639289 628.4102686300921 709.4978306592184 524.8571017002687 156.69084321634728 3.131403042549879 3.6782320387765624 -1896.87715679573 -0.0751487507264253 21.773958797948314 -4208.952046091786 -2.215949985237325e-05 0.004438903845476028 0.14453020092142532
-4.952704565801251 -0.18463384064458438 2.7609132156458114 629.5617051687877 710.253418612223 554.2749552757596 176.60975594076444 3.131403042549879 3.6782320387765624 -1896.87715679573 -0.0751487507264253 21.773958797948314 -4208.952046091786 -2.215949985237325e-05 0.004438903845476028 0.14453020092142532
-4.9733285586392135 -0.09428111011638451 2.714882065652333 630.551507326476 710.9036025603182 578.1585707121412 193.4659377974167 3.131403042549879 3.6782320387765624 -1896.87715679573 -0.0751487507264253 21.773958797948314 -4208.952046091786 -2.215949985237325e-05 0.004438903845476028 0.14453020092142532
-4.987077887197849 -0.047140555058193374 2.6688509156588553 631.3896844483043 711.455789144833 596.8971991363214 207.4605795663665 3.131403042549879 3.6782320387765624 -1896.87715679573 -0.0751487507264253 21.773958797948314 -4208.952046091786 -2.215949985237325e-05 0.004438903845476028 0.14453020092142532
-4.992970456580122 -0.029462846911370858 2.622819765665377 632.0860024646136 711.9171490415556 610.869595300639 218.78971385973273 3.131403042549879 3.6782320387765624 -1896.87715679573 -0.0751487507264253 21.773958797948314 -4208.952046091786 -2.215949985237325e-05 0.004438903845476028 0.14453020092142532
-4.996898836168306 -0.03044494180841674 2.5767886156718993 632.6499838909513 712.2946169606967 620.4440175815253 227.64421512096305 3.131403042549879 3.6782320387765624 -1896.87715679573 -0.0751487507264253 21.773958797948314 -4208.952046091786 -2.215949985237325e-05 0.004438903845476028 0.14453020092142532
-4.998863025962399 -0.04124798567591697 2.530757465678421 633.0909078280765 712.5948916469133 625.9782279809588 234.2097996249213 3.131403042549879 3.6782320387765624 -1896.87715679573 -0.0751487507264253 21.773958797948314 -4208.952046091786 -2.215949985237325e-05 0.004438903845476028 0.14453020092142532
-5.002791405550579 -0.05597940913160184 2.4847263156849433 633.4178099619403 712.8244358793163 627.819492125127 238.6670254780911 3.131403042549879 3.6782320387765624 -1896.87715679573 -0.0751487507264253 21.773958797948314 -4208.952046091786 -2.215949985237325e-05 0.004438903845476028 0.14453020092142532
-5.006719785138758 -0.06972873769024195 2.438695165691465 633.639482563709 712.9894764714354 626.3045792653575 241.191292618867 3.131403042549879 3.6782320387765624 -1896.87715679573 -0.0751487507264253 21.773958797948314 -4208.952046091786 -2.215949985237325e-05 0.004438903845476028 0.14453020092142532
-5.010648164726941 -0.08249597135183506 2.3926640156979873 633.7644744897243 713.0960042712613 621.7597622775356 241.95284281673958 3.131403042549879 3.6782320387765624 -1896.87715679573 -0.0751487507264253 21.773958797948314 -4208.952046091786 -2.215949985237325e-05 0.004438903845476028 0.14453020092142532
-5.016540734109214 -0.0942811101163834 2.3466328657045095 633.8010911815654 713.1497741612202 614.5008176627452 241.1167596731102 3.131403042549879 3.6782320387765624 -1896.87715679573 -0.0751487507264253 21.773958797948314 -4208.952046091786 -2.215949985237325e-05 0.004438903845476028 0.14453020092142532
-5.022433303491487 -0.10311996418979522 2.3377488938546946 633.7573946659959 713.156305058179 604.8330255462206 238.84296862053452 3.131403042549879 3.6782320387765624 -1896.87715679573 -0.0751487507264253 21.773958797948314 -4208.952046091786 -2.215949985237325e-05 0.004438903845476028 0.14453020092142532
-5.0283258728737605 -0.10999462846911415 2.32886492200488 633.641203554982 713.1208799134529 593.0511696786853 235.28623692385736 3.131403042549879 3.6782320387765624 -1896.87715679573 -0.0751487507264253 21.773958797948314 -4208.952046091786 -2.215949985237325e-05 0.004438903845476028 0.14453020092142532
-5.034218442256034 -0.11490510295434245 2.319980950155065 633.4600930457054 713.0485457127852 579.439537435479 230.5961736786412 3.131403042549879 3.6782320387765624 -1896.87715679573 -0.0751487507264253 21.773958797948314 -4208.952046091786 -2.215949985237325e-05 0.004438903845476028 0.14453020092142532
-5.0361826320501235 -0.11785138764548009 2.3110969783052506 633.2213949205325 712.944113476382 564.2719198162085 224.91722981244675 3.131403042549879 3.6782320387765624 -1896.87715679573 -0.0751487507264253 21.773958797948314 -4208.952046091786 -2.215949985237325e-05 0.004438903845476028 0.14453020092142532
-5.0361826320501235 -0.1217797672336625 2.302213006455436 632.9321975470448 712.8121582588665 547.8116114461445 218.38869808457093 3.131403042549879 3.6782320387765624 -1896.87715679573 -0.0751487507264253 21.773958797948314 -4208.952046091786 -2.215949985237325e-05 0.004438903845476028 0.14453020092142532
-5.038146821844217 -0.12865443151298256 2.293329034605621 632.5993458780249 712.6570191493283 530.3114105744171 211.14471308558132 3.131403042549879 3.6782320387765624 -1896.87715679573 -0.0751487507264253 21.773958797948314 -4208.952046091786 -2.215949985237325e-05 0.004438903845476028 0.14453020092142532
-5.040111011638311 -0.13651119068934625 2.284445062755806 632.2294414514618 712.4827992712762 512.0136190759367 203.31425123751978 3.131403042549879 3.6782320387765624 -1896.87715679573 -0.0751487507264253 21.773958797948314 -4208.952046091786 -2.215949985237325e-05 0.004438903845476028 0.14453020092142532
-5.040111011638311 -0.14535004476275695 2.2755610909059913 631.8288423905306 712.2933657826761 493.15004244976444 195.02113079436822 3.131403042549879 3.6782320387765624 -1896.87715679573 -0.0751487507264253 21.773958797948314 -4208.952046091786 -2.215949985237325e-05 0.004438903845476028 0.14453020092142532
-5.040111011638311 -0.15320680393912176 2.2666771190561765 631.4036634036311 712.0923498759275 473.9419898199849 186.3840118414373 3.131403042549879 3.6782320387765624 -1896.87715679573 -0.0751487507264253 21.773958797948314 -4208.952046091786 -2.215949985237325e-05 0.004438903845476028 0.14453020092142532
-5.042075201432405 -0.16008146821844182 2.257793147206362 630.9597757843585 711.8831467778837 454.6002739353571 177.5163962955703 3.131403042549879 3.6782320387765624 -1896.87715679573 -0.0751487507264253 21.773958797948314 -4208.952046091786 -2.215949985237325e-05 0.004438903845476028 0.14453020092142532
-5.044039391226499 -0.16695613249776187 2.2489091753565473 630.5028074115071 711.6689157498186 435.3252111696056 168.52662790525937 3.131403042549879 3.6782320387765624 -1896.87715679573 -0.0751487507264253 21.773958797948314 -4208.952046091786 -2.215949985237325e-05 0.004438903845476028 0.14453020092142532
-5.046003581020593 -0.17284870188003604 2.2400252035067325 630.038142749072 711.452580087478 416.30662152107107 159.51789225064567 3.131403042549879 3.6782320387765624 -1896.87715679573 -0.0751487507264253 21.773958797948314 -4208.952046091786 -2.215949985237325e-05 0.004438903845476028 0.14453020092142532
-5.047967770814687 -0.1797233661593561 2.2311412316569177 629.5709228462474 711.2368271210216 397.723828613176 150.58821674319915 3.131403042549879 3.6782320387765624 -1896.87715679573 -0.0751487507264253 21.773958797948314 -4208.952046091786 -2.215949985237325e-05 0.004438903845476028 0.14453020092142532
-5.0499319606087765 -0.18659803043867615 2.222257259807103 629.1060453374703 711.0241082150624 379.74565969378455 141.83047062609694 3.131403042549879 3.6782320387765624 -1896.87715679573 -0.0751487507264253 21.773958797948314 -4208.952046091786 -2.215949985237325e-05 0.004438903845476028 0.14453020092142532
-5.051896150402866 -0.1905264100268597 2.213373287957288 628.6481644423075 710.8166387686524 362.5304456358426 133.3323649741069 3.131403042549879 3.6782320387765624 -1896.87715679573 -0.0751487507264253 21.773958797948314 -4208.952046091786 -2.215949985237325e-05 0.004438903845476028 0.14453020092142532
-5.05386034019696 -0.19150850492390445 2.2044893161074732 628.201690965594 710.6163982152921 346.2260209370288 125.17645269367495 3.131403042549879 3.6782320387765624 -1896.87715679573 -0.0751487507264253 21.773958797948314 -4208.952046091786 -2.215949985237325e-05 0.004438903845476028 0.14453020092142532
-5.05386034019696 -0.1895443151298138 2.195605344257659 627.7707922973495 710.4251300229225 330.96972371969605 117.44012852248852 3.131403042549879 3.6782320387765624 -1896.87715679573 -0.0751487507264253 21.773958797948314 -4208.952046091786 -2.215949985237325e-05 0.004438903845476028 0.14453020092142532
-5.05582452999105 -0.1875801253357209 2.186721372407844 627.3593924127745 710.2443416939168 316.88839573104633 110.19562902997131 3.131403042549879 3.6782320387765624 -1896.87715679573 -0.0751487507264253 21.773958797948314 -4208.952046091786 -2.215949985237325e-05 0.004438903845476028 0.14453020092142532
-4.98413160250672 -0.1836517457475385 2.177837400558029 626.971171872301 710.0753047651033 304.09838234318886 103.51003261719598 3.131403042549879 3.6782320387765624 -1896.87715679573 -0.0751487507264253 21.773958797948314 -4208.952046091786 -2.215949985237325e-05 0.004438903845476028 0.14453020092142532
-4.903599820948973 -0.1708845120859454 2.2694978916746917 626.609567821537 709.9190548077404 292.7055325534311 97.44525951676769 3.131403042549879 3.6782320387765624 -1896.87715679573 -0.0751487507264253 21.773958797948314 -4208.952046091786 -2.215949985237325e-05 0.004438903845476028 0.14453020092142532
-4.823068039391226 -0.1532068039391229 2.3611583827913543 626.2777739913272 709.7763914275238 282.80519898288185 92.05807179262047 3.131403042549879 3.6782320387765624 -1896.87715679573 -0.0751487507264253 21.773958797948314 -4208.952046091786 -2.215949985237325e-05 0.004438903845476028 0.14453020092142532
-4.737625783348251 -0.13258281110116496 2.452818873908017 625.9787406976884 709.6478782646263 274.4822378780809 87.40007334059919 3.131403042549879 3.6782320387765624 -1896.87715679573 -0.0751487507264253 21.773958797948314 -4208.952046091786 -2.215949985237325e-05 0.004438903845476028 0.14453020092142532
-4.711109221128016 -0.1168692927484342 2.544479365024679 625.7151748418491 709.5338429936146 267.8110091103008 83.5177098880813 3.131403042549879 3.6782320387765624 -1896.87715679573 -0.0751487507264253 21.773958797948314 -4208.952046091786 -2.215949985237325e-05 0.004438903845476028 0.14453020092142532
-4.704234556848693 -0.10803043867502239 2.6361398561413414 625.4895399102552 709.4343773235269 262.8553761758376 80.45226899362751 3.131403042549879 3.6782320387765624 -1896.87715679573 -0.0751487507264253 21.773958797948314 -4208.952046091786 -2.215949985237325e-05 0.004438903845476028 0.14453020092142532
-4.705216651745743 -0.1021378692927471 2.727800347258004 625.3040559745332 709.349336997835 259.6687061956036 78.23988004770945 3.131403042549879 3.6782320387765624 -1896.87715679573 -0.0751487507264253 21.773958797948314 -4208.952046091786 -2.215949985237325e-05 0.004438903845476028 0.14453020092142532
-4.708162936436877 -0.09820948970456357 2.6959668304638784 625.1606996915325 709.2783417944611 258.29386991477804 76.91151427224395 3.131403042549879 3.6782320387765624 -1896.87715679573 -0.0751487507264253 21.773958797948314 -4208.952046091786 -2.215949985237325e-05 0.004438903845476028 0.14453020092142532
-4.715037600716199 -0.09820948970456693 2.6641333136697534 625.061204303287 709.2207755257568 258.7632417042623 76.49298472094233 3.181030957991033 3.742210650157248 -1934.951552288107 0.04405954063695012 21.915156086370352 -4301.024637881081 1.8465859445494512e-05 0.004479067567122993 0.11736819680410482
-4.717983885407338 -0.089370635631154 2.632299796875628 625.0070596370515 709.1757860385151 261.098699559574 77.004946278641 3.181030957991033 3.742210650157248 -1934.951552288107 0.04405954063695012 21.915156086370352 -4301.024637881081 1.8465859445494512e-05 0.004479067567122993 0.11736819680410482
-4.796551477170991 -0.0864243509400197 2.600466280081503 624.9995121052743 709.1422852139731 265.31162510003196 78.46289566211635 3.181030957991033 3.742210650157248 -1934.951552288107 0.04405954063695012 21.915156086370352 -4301.024637881081 1.8465859445494512e-05 0.004479067567122993 0.11736819680410482
-4.881993733213966 -0.0952632050134304 2.5686327632873773 625.0395647056084 709.1189489678309 271.4029035710846 80.87717141967732 3.181030957991033 3.742210650157248 -1934.951552288107 0.04405954063695012 21.915156086370352 -4301.024637881081 1.8465859445494512e-05 0.004479067567122993 0.11736819680410482
-4.961543419874667 -0.10311996418979522 2.536799246493252 625.1279770209039 709.1042172501984 279.3629238421563 84.25295393101987 3.181030957991033 3.742210650157248 -1934.951552288107 0.04405954063695012 21.915156086370352 -4301.024637881081 1.8465859445494512e-05 0.004479067567122993 0.11736819680410482
-5.044039391226499 -0.11294091316024957 2.504965729699127 625.2652652192228 709.0962940456411 289.1715784079861 88.59026540719788 3.181030957991033 3.742210650157248 -1934.951552288107 0.04405954063695012 21.915156086370352 -4301.024637881081 1.8465859445494512e-05 0.004479067567122993 0.11736819680410482
-5.0656454789615015 -0.11588719785138832 2.4731322129050013 625.4517020538133 709.0931473731725 300.79826338763814 93.88396989152534 3.181030957991033 3.742210650157248 -1934.951552288107 0.04405954063695012 21.915156086370352 -4301.024637881081 1.8465859445494512e-05 0.004479067567122993 0.11736819680410482
-5.067609668755591 -0.11097672336615892 2.441298696110876 625.6873168631573 709.0925092862399 314.2018785251421 100.12377325829584 3.181030957991033 3.742210650157248 -1934.951552288107 0.04405954063695012 21.915156086370352 -4301.024637881081 1.8465859445494512e-05 0.004479067567122993 0.11736819680410482
-5.057788719785139 -0.1031199641897941 2.4094651793167507 625.9718955709213 709.0918758727385 329.3308271894348 107.29422321359743 3.181030957991033 3.742210650157248 -1934.951552288107 0.04405954063695012 21.915156086370352 -4301.024637881081 1.8465859445494512e-05 0.004479067567122993 0.11736819680410482
-5.044039391226499 -0.09329901521933752 2.3776316625226253 626.3049806859726 709.0885072549936 346.1230163745349 115.37470929490519 3.181030957991033 3.742210650157248 -1934.951552288107 0.04405954063695012 21.915156086370352 -4301.024637881081 1.8465859445494512e-05 0.004479067567122993 0.11736819680410482
-5.026361683079675 -0.08053178155774442 2.3457981457284998 626.6858713023666 709.0794275897806 364.50585669872817 124.33946287163417 3.181030957991033 3.742210650157248 -1934.951552288107 0.04405954063695012 21.915156086370352 -4301.024637881081 1.8465859445494512e-05 0.004479067567122993 0.11736819680410482
-5.020469113697398 -0.08151387645478918 2.3139646289343747 627.113623099398 709.0614250683193 384.3962624052656 134.15755714423722 3.181030957991033 3.742210650157248 -1934.951552288107 0.04405954063695012 21.915156086370352 -4301.024637881081 1.8465859445494512e-05 0.004479067567122993 0.11736819680410482
-5.016540734109214 -0.08249597135183506 2.282131112140249 627.5870483415492 709.031051916274 405.7006513621891 144.79290714516537 3.181030957991033 3.742210650157248 -1934.951552288107 0.04405954063695012 21.915156086370352 -4301.024637881081 1.8465859445494512e-05 0.004479067567122993 0.11736819680410482
-5.01261235452104 -0.08249597135183506 2.250297595346124 628.1047158784841 708.9846243937354 428.3149450624478 156.2042697382567 3.181030957991033 3.742210650157248 -1934.951552288107 0.04405954063695012 21.915156086370352 -4301.024637881081 1.8465859445494512e-05 0.004479067567122993 0.11736819680410482
-4.987077887197849 -0.0893706356311551 2.2184640785519987 628.6649511450978 708.9182227952588 452.12456862360705 168.3452436189109 3.181030957991033 3.742210650157248 -1934.951552288107 0.04405954063695012 21.915156086370352 -4301.024637881081 1.8465859445494512e-05 0.004479067567122993 0.11736819680410482
-4.95565085049239 -0.0982094897045658 2.186630561757873 629.2658361614776 708.8276914498056 477.0044507884886 181.16426931423484 3.181030957991033 3.742210650157248 -1934.951552288107 0.04405954063695012 21.915156086370352 -4301.024637881081 1.8465859445494512e-05 0.004479067567122993 0.11736819680410482
-4.9222596239928365 -0.1080304386750235 2.154797044963748 629.905209532908 708.7086387208255 502.81902392423945 194.604629182606 3.181030957991033 3.742210650157248 -1934.951552288107 0.04405954063695012 21.915156086370352 -4301.024637881081 1.8465859445494512e-05 0.004479067567122993 0.11736819680410482
-4.888868397493288 -0.11883348254252597 2.1229635281696226 630.5806664498887 708.5564370061784 529.4222240231466 208.60444741419633 3.181030957991033 3.742210650157248 -1934.951552288107 0.04405954063695012 21.915156086370352 -4301.024637881081 1.8465859445494512e-05 0.004479067567122993 0.11736819680410482
-4.859405550581918 -0.12865443151298256 2.0911300113754976 631.2895586881223 708.3662227381665 556.6574907014729 223.09669003082672 3.181030957991033 3.742210650157248 -1934.951552288107 0.04405954063695012 21.915156086370352 -4301.024637881081 1.8465859445494512e-05 0.004479067567122993 0.11736819680410482
-4.833871083258727 -0.13847538048343802 2.059296494581372 632.0289946084904 708.1328963835549 584.3577672019601 238.0091648856469 3.181030957991033 3.742210650157248 -1934.951552288107 0.04405954063695012 21.915156086370352 -4301.024637881081 1.8465859445494512e-05 0.004479067567122993 0.11736819680410482
-4.831906893464633 -0.1355290957923015 2.0274629777872466 632.7958391571192 707.8511224435279 612.3455003902782 253.26452166342642 3.181030957991033 3.742210650157248 -1934.951552288107 0.04405954063695012 21.915156086370352 -4301.024637881081 1.8465859445494512e-05 0.004479067567122993 0.11736819680410482
-4.831906893464633 -0.11981557743957073 1.9956294609931213 633.5867138652866 707.5153294537195 640.4326407581684 268.78025188067113 3.181030957991033 3.742210650157248 -1934.951552288107 0.04405954063695012 21.915156086370352 -4301.024637881081 1.8465859445494512e-05 0.004479067567122993 0.11736819680410482
-4.829942703670544 -0.09722739480752104 1.963795944198996 634.3979968495241 707.1197099842266 668.4206424214644 284.46868888518657 3.181030957991033 3.742210650157248 -1934.951552288107 0.04405954063695012 21.915156086370352 -4301.024637881081 1.8465859445494512e-05 0.004479067567122993 0.11736819680410482
-4.827978513876454 -0.07169292748433259 1.9319624274048706 635.2258228115224 706.6582206395324 696.1004631211981 300.23700785663095 3.181030957991033 3.742210650157248 -1934.951552288107 0.04405954063695012 21.915156086370352 -4301.024637881081 1.8465859445494512e-05 0.004479067567122993 0.11736819680410482
-4.853512981199636 -0.045176365264100495 1.9001289106107453 636.0660830382076 706.1245820586319 723.2525642229593 315.9872258059331 3.181030957991033 3.742210650157248 -1934.951552288107 0.04405954063695012 21.915156086370352 -4301.024637881081 1.8465859445494512e-05 0.004479067567122993 0.11736819680410482
-4.886904207699184 -0.01964189794091428 1.86829539381662 636.9144254016901 705.5122789149045 749.6469107177109 331.6162015758455 3.181030957991033 3.742210650157248 -1934.951552288107 0.04405954063695012 21.915156086370352 -4301.024637881081 1.8465859445494512e-05 0.004479067567122993 0.11736819680410482
-4.924223813786922 0.004910474485227174 1.8364618770224945 637.7662543593124 704.8145599162035 775.0429712203331 347.01563584056566 3.181030957991033 3.742210650157248 -1934.951552288107 0.04405954063695012 21.915156086370352 -4301.024637881081 1.8465859445494512e-05 0.004479067567122993 0.11736819680410482
-4.911456580125331 0.028480752014322746 1.8046283602283695 638.6167309535667 704.0244378048355 799.1897179711959 362.07207110591116 3.181030957991033 3.742210650157248 -1934.951552288107 0.04405954063695012 21.915156086370352 -4301.024637881081 1.8465859445494512e-05 0.004479067567122993 0.11736819680410482
-4.881993733213966 0.05106893464637355 1.772794843434244 639.4607728121991 703.1346893574846 821.825626835227 376.66689170894097 3.181030957991033 3.742210650157248 -1934.951552288107 0.04405954063695012 21.915156086370352 -4301.024637881081 1.8465859445494512e-05 0.004479067567122993 0.11736819680410482
-4.848602506714408 0.07365711727842324 1.7409613266401187 640.2930541481292 702.1378553853592 842.6786773016793 390.676323818916 3.181030957991033 3.742210650157248 -1934.951552288107 0.04405954063695012 21.915156086370352 -4301.024637881081 1.8465859445494512e-05 0.004479067567122993 0.11736819680410482
-4.789676812891669 0.08347806624887982 1.7091278098459934 641.1080057594754 701.0262407340579 861.466352485877 403.9714354359603 3.181030957991033 3.742210650157248 -1934.951552288107 0.04405954063695012 21.915156086370352 -4301.024637881081 1.8465859445494512e-05 0.004479067567122993 0.11736819680410482
-4.720930170098481 0.08446016114592458 1.6772942930518682 641.8998150296029 699.7919142836236 877.8956391267711 416.4181363925163 3.181030957991033 3.742210650157248 -1934.951552288107 0.04405954063695012 21.915156086370352 -4301.024637881081 1.8465859445494512e-05 0.004479067567122993 0.11736819680410482
-4.650219337511187 0.08249597135183283 1.758064305128763 642.6624259270193 698.4267089485747 891.6630275881034 427.8771783518896 3.181030957991033 3.742210650157248 -1934.951552288107 0.04405954063695012 21.915156086370352 -4301.024637881081 1.8465859445494512e-05 0.004479067567122993 0.11736819680410482
-4.5814726947179905 0.0795496866606963 1.8388343172056578 643.3895390054931 696.9222216778398 902.4545118598035 438.2041548095294 3.181030957991033 3.742210650157248 -1934.951552288107 0.04405954063695012 21.915156086370352 -4301.024637881081 1.8465859445494512e-05 0.004479067567122993 0.11736819680410482
-4.510761862130705 0.07660340196955977 1.9196043292825529 644.0746114039503 695.2698134547754 909.9455895547289 447.2495010916027 3.181030957991033 3.742210650157248 -1934.951552288107 0.04405954063695012 21.915156086370352 -4301.024637881081 1.8465859445494512e-05 0.004479067567122993 0.11736819680410482
-4.442015219337509 0.07562130707251388 2.0003743413594477 644.7108568465483 693.4606092972572 913.8012619115179 454.8584943569149 3.181030957991033 3.742210650157248 -1934.951552288107 0.04405954063695012 21.915156086370352 -4301.024637881081 1.8465859445494512e-05 0.004479067567122993 0.11736819680410482
-4.373268576544313 0.07463921217546801 2.0811443534363425 645.2912456426293 691.4854982574889 913.6760337939486 460.8712535953382 3.181030957991033 3.742210650157248 -1934.951552288107 0.04405954063695012 21.915156086370352 -4301.024637881081 1.8465859445494512e-05 0.004479067567122993 0.11736819680410482
-4.3546087735004395 0.07463921217546912 2.1619143655132373 645.8085046867327 689.3351334222098 909.2139136901242 465.12273962789914 3.181030957991033 3.742210650157248 -1934.951552288107 0.04405954063695012 21.915156086370352 -4301.024637881081 1.8465859445494512e-05 0.004479067567122993 0.11736819680410482
-4.3526445837063505 0.07463921217546912 2.242684377590132 646.2551174586315 686.9999319125618 900.0484137125313 467.4427551077097 3.181030957991033 3.742210650157248 -1934.951552288107 0.04405954063695012 21.915156086370352 -4301.024637881081 1.8465859445494512e-05 0.004479067567122993 0.11736819680410482
-4.354608773500445 0.07463921217546912 2.323454389667027 646.6233240232796 684.4700748841151 885.8025495992624 467.65594451964716 3.181030957991033 3.742210650157248 -1934.951552288107 0.04405954063695012 21.915156086370352 -4301.024637881081 1.8465859445494512e-05 0.004479067567122993 0.11736819680410482
-4.358537153088628 0.07463921217546801 2.404224401743922 646.9051210308335 681.7355075269261 866.0888407126768 465.58179417959764 3.181030957991033 3.742210650157248 -1934.951552288107 0.04405954063695012 21.915156086370352 -4301.024637881081 1.8465859445494512e-05 0.004479067567122993 0.11736819680410482
-4.368358102059089 0.0707108325872856 2.484994413820817 647.0922617166634 678.7859390654539 840.5093100403319 461.0346322352125 3.181030957991033 3.742210650157248 -1934.951552288107 0.04405954063695012 21.915156086370352 -4301.024637881081 1.8465859445494512e-05 0.004479067567122993 0.11736819680410482
-4.37817905102955 0.06678245299910318 2.5657644258977115 647.1762559013387 675.6108427586078 808.6554841941106 453.82362866570475 3.181030957991033 3.742210650157248 -1934.951552288107 0.04405954063695012 21.915156086370352 -4301.024637881081 1.8465859445494512e-05 0.004479067567122993 0.11736819680410482
-4.3880000000000114 0.06285407341091966 2.6465344379746067 647.1483699906203 672.1994558997649 770.1083934112685 443.75279528211104 3.181030957991033 3.742210650157248 -1934.951552288107 0.04405954063695012 21.915156086370352 -4301.024637881081 1.8465859445494512e-05 0.004479067567122993 0.11736819680410482
-4.399785138764557 0.05794359892569137 2.727304450051501 646.9996269754884 668.5407798167034 724.4385715535027 430.62098572665127 3.181030957991033 3.742210650157248 -1934.951552288107 0.04405954063695012 21.915156086370352 -4301.024637881081 1.8465859445494512e-05 0.004479067567122993 0.11736819680410482
-4.4115702775291075 0.053033124440463084 2.8080744621283964 647.4771336792037 680.8844802435488 882.8565140515566 477.32168891839683 3.1481546231142894 3.6627397212916173 -1894.4588587884502 -2.7394721980141807e-16 21.744204172478657 -4231.650407344725 -1.0168902189906896e-19 0.0044269795167886684 0.1384633106399833
-4.425319606087739 0.049104744852281786 2.8888444742052912 646.0218077786267 683.5748522980139 815.3429623693228 446.80725139938295 3.1481546231142894 3.6627397212916173 -1894.4588587884502 -2.7394721980141807e-16 21.744204172478657 -4231.650407344725 -1.0168902189906896e-19 0.0044269795167886684 0.1384633106399833
-4.439068934646383 0.04517636526409938 2.969614486282186 645.2534497212619 685.1992686339654 768.0700167566538 422.7873568367213 3.1481546231142894 3.6627397212916173 -1894.4588587884502 -2.7394721980141807e-16 21.744204172478657 -4231.650407344725 -1.0168902189906896e-19 0.0044269795167886684 0.1384633106399833
-4.452818263205024 0.04124798567591697 3.050384498359081 645.0133668833878 685.9862986160442 737.5342458710074 404.1722829081118 3.1481546231142894 3.6627397212916173 -1894.4588587884502 -2.7394721980141807e-16 21.744204172478657 -4231.650407344725 -1.0168902189906896e-19 0.0044269795167886684 0.1384633106399833
-4.4646034019695655 0.03731960608773456 3.1311545104359757 645.1560353867244 686.1459027896635 720.5004033893347 389.9595113582909 3.1481546231142894 3.6627397212916173 -1894.4588587884502 -2.7394721980141807e-16 21.744204172478657 -4231.650407344725 -1.0168902189906896e-19 0.0044269795167886684 0.1384633106399833
-4.476388540734116 0.03339122649955215 3.211924522512871 645.5491000807378 685.8694328935817 714.0014278367162 379.2337280455977 3.1481546231142894 3.6627397212916173 -1894.4588587884502 -2.7394721980141807e-16 21.744204172478657 -4231.650407344725 -1.0168902189906896e-19 0.0044269795167886684 0.1384633106399833
-4.480316920322304 0.03339122649955215 3.2926945345897654 646.0733745577745 685.3296318463981 715.3384427800775 371.16682293079793 3.1481546231142894 3.6627397212916173 -1894.4588587884502 -2.7394721980141807e-16 21.744204172478657 -4231.650407344725 -1.0168902189906896e-19 0.0044269795167886684 0.1384633106399833
-4.482281110116394 0.03339122649955215 3.3734645466666606 646.6228411474731 684.6806337558664 722.0807567089796 365.0178900565952 3.1481546231142894 3.6627397212916173 -1894.4588587884502 -2.7394721980141807e-16 21.744204172478657 -4231.650407344725 -1.0168902189906896e-19 0.0044269795167886684 0.1384633106399833
-4.482281110116394 0.03240913160250627 3.454234558743555 647.1046509109437 684.057963911444 732.0658630356193 360.1332275662571 3.1481546231142894 3.6627397212916173 -1894.4588587884502 -2.7394721980141807e-16 21.744204172478657 -4231.650407344725 -1.0168902189906896e-19 0.0044269795167886684 0.1384633106399833
-4.482281110116394 0.03240913160250627 3.5350045708204503 647.4391236521769 683.5785387950018 743.3994401618838 355.946337711066 3.1481546231142894 3.6627397212916173 -1894.4588587884502 -2.7394721980141807e-16 21.744204172478657 -4231.650407344725 -1.0168902189906896e-19 0.0044269795167886684 0.1384633106399833
-4.482281110116394 0.03142703670545927 3.615774582897345 647.5597479108255 683.3406660663895 754.4553514271975 351.977926813066 3.1481546231142894 3.6627397212916173 -1894.4588587884502 -2.7394721980141807e-16 21.744204172478657 -4231.650407344725 -1.0168902189906896e-19 0.0044269795167886684 0.1384633106399833
-4.482281110116389 0.029462846911368627 3.69654459497424 647.4131809624378 683.4240445792675 763.8756451308727 347.83590529859066 3.1481546231142894 3.6627397212916173 -1894.4588587884502 -2.7394721980141807e-16 21.744204172478657 -4231.650407344725 -1.0168902189906896e-19 0.0044269795167886684 0.1384633106399833
-4.482281110116394 0.027498657117276865 3.7773146070511343 646.9592488198541 683.8897643671371 770.5705545395613 343.215387718752 3.1481546231142894 3.6627397212916173 -1894.4588587884502 -2.7394721980141807e-16 21.744204172478657 -4231.650407344725 -1.0168902189906896e-19 0.0044269795167886684 0.1384633106399833
-4.482281110116389 0.025534467323185102 3.8580846191280296 646.1709462346043 684.780306647066 773.7184978723526 337.8986926842481 3.1481546231142894 3.6627397212916173 -1894.4588587884502 -2.7394721980141807e-16 21.744204172478657 -4231.650407344725 -1.0168902189906896e-19 0.0044269795167886684 0.1384633106399833
-4.482281110116394 0.02357027752909334 3.938854631204925 645.0344366927166 686.1195438313298 772.76607824862 331.75534291379154 3.1481546231142894 3.6627397212916173 -1894.4588587884502 -2.7394721980141807e-16 21.744204172478657 -4231.650407344725 -1.0168902189906896e-19 0.0044269795167886684 0.1384633106399833
-4.482281110116394 0.02160608773500269 4.019624643281819 643.5490524193738 687.9127395087853 767.42808380723 324.7420652322471 3.1481546231142894 3.6627397212916173 -1894.4588587884502 -2.7394721980141807e-16 21.744204172478657 -4231.650407344725 -1.0168902189906896e-19 0.0044269795167886684 0.1384633106399833
-4.538260519247994 0.004910474485227174 4.1003946553587145 641.7272943756543 690.1465484616347 757.6874875575304 316.90279053896666 3.1481546231142894 3.6627397212916173 -1894.4588587884502 -2.7394721980141807e-16 21.744204172478657 -4231.650407344725 -1.0168902189906896e-19 0.0044269795167886684 0.1384633106399833
-4.610935541629374 -0.01964189794091428 4.181164667435609 639.5948322608601 692.7890166500583 743.7954475954175 308.3686538580805 3.1481546231142894 3.6627397212916173 -1894.4588587884502 -2.7394721980141807e-16 21.744204172478657 -4231.650407344725 -1.0168902189906896e-19 0.0044269795167886684 0.1384633106399833
-4.689503133393027 -0.04812264995523926 4.261934679512504 637.1905045104213 695.789581223391 726.2713068574667 299.35799426957965 3.1481546231142894 3.6627397212916173 -1894.4588587884502 -2.7394721980141807e-16 21.744204172478657 -4231.650407344725 -1.0168902189906896e-19 0.0044269795167886684 0.1384633106399833
-4.768070725156679 -0.07856759176365376 4.3427046915893985 634.5663182961289 699.0790705219842 705.9025932699442 290.17635500244796 3.1481546231142894 3.6627397212916173 -1894.4588587884502 -2.7394721980141807e-16 21.744204172478657 -4231.650407344725 -1.0168902189906896e-19 0.0044269795167886684 0.1384633106399833
-4.842709937332148 -0.10803043867502463 4.336428026513367 631.7874495279975 702.569704062771 683.7450196892023 281.2164833340794 3.1481546231142894 3.6627397212916173 -1894.4588587884502 -2.7394721980141807e-16 21.744204172478657 -4231.650407344725 -1.0168902189906896e-19 0.0044269795167886684 0.1384633106399833
-4.913420769919438 -0.13651119068934736 4.3294902633387755 628.9322428554296 706.1550925564952 661.1224839761853 272.95833065360785 3.1481546231142894 3.6627397212916173 -1894.4588587884502 -2.7394721980141807e-16 21.744204172478657 -4231.650407344725 -1.0168902189906896e-19 0.0044269795167886684 0.1384633106399833
-4.98413160250672 -0.16302775290958058 4.353618310114083 626.0922116604634 709.7102378909476 639.6270688697696 265.9690524712205 3.1481546231142894 3.6627397212916173 -1894.4588587884502 -2.7394721980141807e-16 21.744204172478657 -4231.650407344725 -1.0168902189906896e-19 0.0044269795167886684 0.1384633106399833
-5.052878245299915 -0.18954431512981157 4.337254628823818 623.3720380631275 713.0915331519209 621.1190421506763 260.90300834551454 3.1481546231142894 3.6627397212916173 -1894.4588587884502 -2.7394721980141807e-16 21.744204172478657 -4231.650407344725 -1.0168902189906896e-19 0.0044269795167886684 0.1384633106399833
-5.121624888093112 -0.21507878245299888 4.320890947533552 620.8895729228389 716.1367625952698 607.7268564775586 258.5017619729042 3.1481546231142894 3.6627397212916173 -1894.4588587884502 -2.7394721980141807e-16 21.744204172478657 -4231.650407344725 -1.0168902189906896e-19 0.0044269795167886684 0.1384633106399833
-5.188407341092218 -0.23963115487914147 4.304527266243287 618.7758358351421 718.6651016795076 601.8471495360136 259.59408111684024 3.1481546231142894 3.6627397212916173 -1894.4588587884502 -2.7394721980141807e-16 21.744204172478657 -4231.650407344725 -1.0168902189906896e-19 0.0044269795167886684 0.1384633106399833
-5.201174574753813 -0.24847000895255217 4.288163584953022 617.1750151317101 720.477117034141 606.1447438895702 265.0959376655519 3.1481546231142894 3.6627397212916173 -1894.4588587884502 -2.7394721980141807e-16 21.744204172478657 -4231.650407344725 -1.0168902189906896e-19 0.0044269795167886684 0.1384633106399833
-5.199210384959715 -0.24945210384959804 4.271799903662757 616.2444678805768 721.3547664838843 623.5526470765471 276.01050757057965 3.1481546231142894 3.6627397212916173 -1894.4588587884502 -2.7394721980141807e-16 21.744204172478657 -4231.650407344725 -1.0168902189906896e-19 0.0044269795167886684 0.1384633106399833
-5.189389435989258 -0.24454162936436977 4.2554362223724915 616.1547198921908 721.0613990337588 657.2720516249537 293.4281709101051 3.1481546231142894 3.6627397212916173 -1894.4588587884502 -2.7394721980141807e-16 21.744204172478657 -4231.650407344725 -1.0168902189906896e-19 0.0044269795167886684 0.1384633106399833
-5.179568487018802 -0.2376669650850508 4.239072541082226 617.0894657049794 719.3417548816651 710.7723349556327 318.5265118256211 3.1481546231142894 3.6627397212916173 -1894.4588587884502 -2.7394721980141807e-16 21.744204172478657 -4231.650407344725 -1.0168902189906896e-19 0.0044269795167886684 0.1384633106399833
