21 0.37908863025962314 -0.8554046553267696 6.1412882525755474 -0.18856222023276456 -0.03535541629364168
0.37908863025962314 -0.8554046553267696 6.1412882525755474 574.5654022693634 515.6997699224157 491.6258144378662 141.78990745544434 3.2596677087223855 3.8603400050105763 -2079.2042504634032 -0.04855265315732352 22.820695722220147 -4887.251393740878 -2.034897450013569e-05 0.0046389339738774505 0.010548154722722788
0.35944673231871 -0.8249597135183551 5.710219164290867 575.5629278719425 516.1115968672675 512.9976272583008 151.82431936264038 3.2596677087223855 3.8603400050105763 -2079.2042504634032 -0.04855265315732352 22.820695722220147 -4887.251393740878 -2.034897450013569e-05 0.0046389339738774505 0.010548154722722788
0.33980483437779235 -0.7935326768128924 5.724585991835944 576.971137970686 516.6253125094227 540.1893825531006 165.74946355819702 3.2596677087223855 3.8603400050105763 -2079.2042504634032 -0.04855265315732352 22.820695722220147 -4887.251393740878 -2.034897450013569e-05 0.0046389339738774505 0.010548154722722788
0.32016293643687915 -0.7601414503133413 5.751461239920763 578.7216187417507 517.2296478311764 570.6675519943237 182.44206619262695 3.2596677087223855 3.8603400050105763 -2079.2042504634032 -0.04855265315732352 22.820695722220147 -4887.251393740878 -2.034897450013569e-05 0.0046389339738774505 0.010548154722722788
0.3005210384959705 -0.7277323187108351 5.738321391728137 580.75350689888 517.9132659591269 602.2343654632568 200.9303798675537 3.2596677087223855 3.8603400050105763 -2079.2042504634032 -0.04855265315732352 22.820695722220147 -4887.251393740878 -2.034897450013569e-05 0.0046389339738774505 0.010548154722722788
0.2818612354520976 -0.6963052820053713 5.747374069219034 583.013489305973 518.6647621765151 633.0278310775757 220.39416599273682 3.2596677087223855 3.8603400050105763 -2079.2042504634032 -0.04855265315732352 22.820695722220147 -4887.251393740878 -2.034897450013569e-05 0.0046389339738774505 0.010548154722722788
0.26320143240822924 -0.6638961504028651 5.760781875463031 585.4558037221432 519.4726639146102 661.5217084884644 240.16471767425537 3.2596677087223855 3.8603400050105763 -2079.2042504634032 -0.04855265315732352 22.820695722220147 -4887.251393740878 -2.034897450013569e-05 0.0046389339738774505 0.010548154722722788
0.23668487018799378 -0.6324691136974036 5.582330899295093 588.0422385632992 520.3254307545722 686.525538444519 259.72484064102173 3.2596677087223855 3.8603400050105763 -2079.2042504634032 -0.04855265315732352 22.820695722220147 -4887.251393740878 -2.034897450013569e-05 0.0046389339738774505 0.010548154722722788
0.2023115487914002 -0.6000599820948984 5.468383855578174 590.7421324849129 521.2114544313517 707.1846218109131 278.708863735199 3.2596677087223855 3.8603400050105763 -2079.2042504634032 -0.04855265315732352 22.820695722220147 -4887.251393740878 -2.034897450013569e-05 0.0046389339738774505 0.010548154722722788
0.15222470904207253 -0.5676508504923911 5.286693810559409 593.5323748588562 522.1190588277532 722.9800186157227 296.9026389122009 3.2596677087223855 3.8603400050105763 -2079.2042504634032 -0.04855265315732352 22.820695722220147 -4887.251393740878 -2.034897450013569e-05 0.0046389339738774505 0.010548154722722788
0.10999462846910746 -0.5372059086839754 5.337024403156287 596.3974056243896 523.0364999786252 733.7285757064819 314.24352741241455 3.2596677087223855 3.8603400050105763 -2079.2042504634032 -0.04855265315732352 22.820695722220147 -4887.251393740878 -2.034897450013569e-05 0.0046389339738774505 0.010548154722722788
0.07169292748433036 -0.5018504923903304 5.510773426702358 599.3292151093483 523.9519660707447 739.5828809738159 330.82042121887207 3.2596677087223855 3.8603400050105763 -2079.2042504634032 -0.04855265315732352 22.820695722220147 -4887.251393740878 -2.034897450013569e-05 0.0046389339738774505 0.010548154722722788
0.037319606087736795 -0.4615846016114582 5.625296701997425 602.327344506979 524.8535774393822 741.0313062667847 346.8737292289734 3.2596677087223855 3.8603400050105763 -2079.2042504634032 -0.04855265315732352 22.820695722220147 -4887.251393740878 -2.034897450013569e-05 0.0046389339738774505 0.010548154722722788
0.006874664279322287 -0.41935452103849646 5.7052833702173205 605.3988852500916 525.7293865713291 738.8979835510254 362.7953824996948 3.2596677087223855 3.8603400050105763 -2079.2042504634032 -0.04855265315732352 22.820695722220147 -4887.251393740878 -2.034897450013569e-05 0.0046389339738774505 0.010548154722722788
-0.023570277529096687 -0.3751602506714418 5.724585991835962 608.558479398489 526.5673781050718 734.3428182601929 379.1288275718689 3.2596677087223855 3.8603400050105763 -2079.2042504634032 -0.04855265315732352 22.820695722220147 -4887.251393740878 -2.034897450013569e-05 0.0046389339738774505 0.010548154722722788
-0.05106893464637243 -0.32900179051029543 5.78805204371121 611.8283197581768 527.3554688309086 728.8614807128906 396.56903409957886 3.2475491653086133 3.7382706577250384 -2054.3600717521135 0.17816221671373078 22.636478078443407 -5125.552693060644 5.679216410662238e-05 0.00449035596937043 -0.02479765572213476
-0.07856759176365265 -0.2808791405550573 5.804271708631963 615.2381493747234 528.0815076857107 724.2853908538818 415.9624915122986 3.2475491653086133 3.7382706577250384 -2054.3600717521135 0.17816221671373078 22.636478078443407 -5125.552693060644 5.679216410662238e-05 0.00449035596937043 -0.02479765572213476
-0.10606624888092839 -0.23373858549686508 5.7962860753683465 618.8252620995045 528.7332757614786 722.781756401062 438.3072090148926 3.2475491653086133 3.7382706577250384 -2054.3600717521135 0.17816221671373078 22.636478078443407 -5125.552693060644 5.679216410662238e-05 0.00449035596937043 -0.02479765572213476
-0.12963652641002954 -0.18659803043867393 5.859516385302034 622.6345022916794 529.2984862989979 726.8535499572754 464.75271797180176 3.2475491653086133 3.7382706577250384 -2054.3600717521135 0.17816221671373078 22.636478078443407 -5125.552693060644 5.679216410662238e-05 0.00449035596937043 -0.02479765572213476
-0.1492784243509427 -0.13651119068934514 5.944861684670317 626.718264579773 529.764784689818 739.3394937515259 496.60006284713745 3.2475491653086133 3.7382706577250384 -2054.3600717521135 0.17816221671373078 22.636478078443407 -5125.552693060644 5.679216410662238e-05 0.00449035596937043 -0.02479765572213476
-0.16892032229185588 -0.0834780662488787 5.961434752782932 631.1364947259426 530.1197484784061 763.414098739624 535.3018183708191 3.2475491653086133 3.7382706577250384 -2054.3600717521135 0.17816221671373078 22.636478078443407 -5125.552693060644 5.679216410662238e-05 0.00449035596937043 -0.02479765572213476
-0.18856222023276456 -0.03535541629364168 5.895661501399386 632.1156811974943 528.4851608448662 769.3573095984757 573.6724843904376 3.2475491653086133 3.7382706577250384 -2054.3600717521135 0.17816221671373078 22.636478078443407 -5125.552693060644 5.679216410662238e-05 0.00449035596937043 -0.02479765572213476
-0.21115040286481648 0.008838854073412932 5.81068837166249 636.3782488293946 529.7616616487503 754.0220391340554 546.5242010429502 3.2475491653086133 3.7382706577250384 -2054.3600717521135 0.17816221671373078 22.636478078443407 -5125.552693060644 5.679216410662238e-05 0.00449035596937043 -0.02479765572213476
-0.24159534467323546 0.04910474485228514 5.635793167439603 640.3230167776346 531.0663237720728 739.6382273472846 521.2266192659736 3.2475491653086133 3.7382706577250384 -2054.3600717521135 0.17816221671373078 22.636478078443407 -5125.552693060644 5.679216410662238e-05 0.00449035596937043 -0.02479765572213476
-0.2759686660698335 0.08642435094001859 5.538859922372571 643.9800264686346 532.3952505476773 726.1645342595875 497.6933929696679 3.2475491653086133 3.7382706577250384 -2054.3600717521135 0.17816221671373078 22.636478078443407 -5125.552693060644 5.679216410662238e-05 0.00449035596937043 -0.02479765572213476
-0.31034198746642705 0.12374395702775537 5.538859922372681 647.3782753497362 533.7446583579294 713.5604952685535 475.84017211943865 3.2475491653086133 3.7382706577250384 -2054.3600717521135 0.17816221671373078 22.636478078443407 -5125.552693060644 5.679216410662238e-05 0.00449035596937043 -0.02479765572213476
-0.34864368845120863 0.16106356311548994 5.484800860861948 650.5457168035209 535.1108766435646 701.7865211814642 455.58460319042206 3.2475491653086133 3.7382706577250384 -2054.3600717521135 0.17816221671373078 22.636478078443407 -5125.552693060644 5.679216410662238e-05 0.00449035596937043 -0.02479765572213476
-0.37908863025962314 0.20034735899731737 5.6238752388467566 653.5092601701617 536.4903478962369 690.8038982264698 436.84632880985737 3.2475491653086133 3.7382706577250384 -2054.3600717521135 0.17816221671373078 22.636478078443407 -5125.552693060644 5.679216410662238e-05 0.00449035596937043 -0.02479765572213476
-0.41739033124440467 0.23766696508505306 5.484800860861963 656.294770795852 537.8796276669018 680.5747879743576 419.54698775708675 3.2475491653086133 3.7382706577250384 -2054.3600717521135 0.17816221671373078 22.636478078443407 -5125.552693060644 5.679216410662238e-05 0.00449035596937043 -0.02479765572213476
-0.4517636526410027 0.27302238137869583 5.511870719604985 658.9270699620247 539.2753845592961 671.0622274428606 403.61021526902914 3.2475491653086133 3.7382706577250384 -2054.3600717521135 0.17816221671373078 22.636478078443407 -5125.552693060644 5.679216410662238e-05 0.00449035596937043 -0.02479765572213476
-0.49006535362578874 0.30543151298120214 5.414645911893621 661.4299349226058 540.6744002308697 662.2301290296018 388.9616426154971 3.2475491653086133 3.7382706577250384 -2054.3600717521135 0.17816221671373078 22.636478078443407 -5125.552693060644 5.679216410662238e-05 0.00449035596937043 -0.02479765572213476
-0.5352417188898881 0.33587645478961664 5.305391542266211 663.8260988332331 542.0735693941824 654.0432805530727 375.5288975164294 3.2475491653086133 3.7382706577250384 -2054.3600717521135 0.17816221671373078 22.636478078443407 -5125.552693060644 5.679216410662238e-05 0.00449035596937043 -0.02479765572213476
-0.5804180841539875 0.3653393017009875 5.290290917346962 666.1372509673238 543.4698998192325 646.4673451706767 363.24160385131836 3.2475491653086133 3.7382706577250384 -2054.3600717521135 0.17816221671373078 22.636478078443407 -5125.552693060644 5.679216410662238e-05 0.00449035596937043 -0.02479765572213476
-0.6324691136974092 0.3957842435094031 5.241635761216523 668.3840363807976 544.8605123260058 639.4688615500927 352.0313817560673 3.2475491653086133 3.7382706577250384 -2054.3600717521135 0.17816221671373078 22.636478078443407 -5125.552693060644 5.679216410662238e-05 0.00449035596937043 -0.02479765572213476
-0.6884485228290099 0.42524709042077175 5.19686690942171 670.5860562250018 546.2426407919265 633.0152436196804 341.8318476304412 3.2475491653086133 3.7382706577250384 -2054.3600717521135 0.17816221671373078 22.636478078443407 -5125.552693060644 5.679216410662238e-05 0.00449035596937043 -0.02479765572213476
-0.7434458370635614 0.4537278424350956 5.190220035376841 672.7618675529957 547.6136321537197 627.0747808068991 332.57861415296793 3.2475491653086133 3.7382706577250384 -2054.3600717521135 0.17816221671373078 22.636478078443407 -5125.552693060644 5.679216410662238e-05 0.00449035596937043 -0.02479765572213476
-0.8053178155774396 0.4812264995523747 5.130613309963917 674.9289834238589 548.9709463911131 621.6166378855705 324.2092901840806 3.2475491653086133 3.7382706577250384 -2054.3600717521135 0.17816221671373078 22.636478078443407 -5125.552693060644 5.679216410662238e-05 0.00449035596937043 -0.02479765572213476
-0.8779928379588192 0.506760966875562 5.050267168624967 677.1038727909327 550.3121565515175 616.6108550839126 316.6634809523821 3.2475491653086133 3.7382706577250384 -2054.3600717521135 0.17816221671373078 22.636478078443407 -5125.552693060644 5.679216410662238e-05 0.00449035596937043 -0.02479765572213476
-0.9428111011638318 0.5352417188898859 5.126387982996892 679.301960658282 551.6349487281404 612.0283479765058 309.8827878460288 3.2475491653086133 3.7382706577250384 -2054.3600717521135 0.17816221671373078 22.636478078443407 -5125.552693060644 5.679216410662238e-05 0.00449035596937043 -0.02479765572213476
-1.0115577439570322 0.5637224709042109 5.105149646021999 681.5376279205084 552.9371220739558 607.8409075289965 303.8108085691929 3.2475491653086133 3.7382706577250384 -2054.3600717521135 0.17816221671373078 22.636478078443407 -5125.552693060644 5.679216410662238e-05 0.00449035596937043 -0.02479765572213476
-1.0861969561325013 0.59122112802149 5.065379368211612 683.8242114968598 554.2165887900628 604.0212001688778 298.39313704520464 3.2475491653086133 3.7382706577250384 -2054.3600717521135 0.17816221671373078 22.636478078443407 -5125.552693060644 5.679216410662238e-05 0.00449035596937043 -0.02479765572213476
-1.1539615040286482 0.6187197851387657 5.097882847314003 686.1740042231977 555.471374144312 600.5427676513791 293.57736337929964 3.2475491653086133 3.7382706577250384 -2054.3600717521135 0.17816221671373078 22.636478078443407 -5125.552693060644 5.679216410662238e-05 0.00449035596937043 -0.02479765572213476
-1.217797672336616 0.6472005371530907 5.132039842519805 688.5982549376786 556.6996164484881 597.3800271973014 289.31307416409254 3.2475491653086133 3.7382706577250384 -2054.3600717521135 0.17816221671373078 22.636478078443407 -5125.552693060644 5.679216410662238e-05 0.00449035596937043 -0.02479765572213476
-1.2737770814682212 0.6746991942703686 5.1689944522771585 691.1071684211493 557.8995670718141 594.5082713700831 285.551851965487 3.2475491653086133 3.7382706577250384 -2054.3600717521135 0.17816221671373078 22.636478078443407 -5125.552693060644 5.679216410662238e-05 0.00449035596937043 -0.02479765572213476
-1.3228818263205042 0.7041620411817373 5.252808480655257 693.7099053859711 559.0695904423483 591.903668154031 282.24727580696344 3.2475491653086133 3.7382706577250384 -2054.3600717521135 0.17816221671373078 22.636478078443407 -5125.552693060644 5.679216410662238e-05 0.00449035596937043 -0.02479765572213476
-1.371986571172787 0.733624888093107 5.252808480655274 696.414582606405 560.2081640358083 589.5432609319687 279.3549208641052 3.2475491653086133 3.7382706577250384 -2054.3600717521135 0.17816221671373078 22.636478078443407 -5125.552693060644 5.679216410662238e-05 0.00449035596937043 -0.02479765572213476
-1.4171629364368865 0.7640698299015238 5.305391542266245 699.2282726950943 561.3138783872128 587.4049684852362 276.8323585912585 3.2475491653086133 3.7382706577250384 -2054.3600717521135 0.17816221671373078 22.636478078443407 -5125.552693060644 5.679216410662238e-05 0.00449035596937043 -0.02479765572213476
-1.455464637421668 0.797461056401077 5.429400800191636 702.1570043489337 562.3854370908812 585.4675850123167 274.6391567438841 3.2475491653086133 3.7382706577250384 -2054.3600717521135 0.17816221671373078 22.636478078443407 -5125.552693060644 5.679216410662238e-05 0.00449035596937043 -0.02479765572213476
-1.4868916741271272 0.8308522829006292 5.528080903700938 705.2057621404529 563.4216567827389 583.7107800617814 272.7368792369962 3.2475491653086133 3.7382706577250384 -2054.3600717521135 0.17816221671373078 22.636478078443407 -5125.552693060644 5.679216410662238e-05 0.00449035596937043 -0.02479765572213476
-1.5173366159355417 0.8662076991942731 5.572275933996037 708.3784866482019 564.4214671682566 582.115098644048 271.08908630907536 3.2475491653086133 3.7382706577250384 -2054.3600717521135 0.17816221671373078 22.636478078443407 -5125.552693060644 5.679216410662238e-05 0.00449035596937043 -0.02479765572213476
-1.5379606087734996 0.9054914950760983 5.799738305612394 711.6780744120479 565.3839109968394 580.6619611158967 269.66133450716734 3.2475491653086133 3.7382706577250384 -2054.3600717521135 0.17816221671373078 22.636478078443407 -5125.552693060644 5.679216410662238e-05 0.00449035596937043 -0.02479765572213476
-1.5448352730528219 0.9506678603401988 6.1321699642581695 715.1063779219985 566.308144077193 579.3336632587016 268.4211764931679 3.2475491653086133 3.7382706577250384 -2054.3600717521135 0.17816221671373078 22.636478078443407 -5125.552693060644 5.679216410662238e-05 0.00449035596937043 -0.02479765572213476
-1.5517099373321444 0.998790510295437 6.141288252575371 718.6642056368291 567.1934352754615 578.113376237452 267.3381612673402 3.2475491653086133 3.7382706577250384 -2054.3600717521135 0.17816221671373078 22.636478078443407 -5125.552693060644 5.679216410662238e-05 0.00449035596937043 -0.02479765572213476
-1.5585846016114622 1.0488773500447657 6.146782702778674 722.3513219989836 568.0391665040515 576.9851466305554 266.3838341087103 3.2475491653086133 3.7382706577250384 -2054.3600717521135 0.17816221671373078 22.636478078443407 -5125.552693060644 5.679216410662238e-05 0.00449035596937043 -0.02479765572213476
-1.568405550581914 1.0989641897940934 6.0895633143237236 726.1664474010468 568.8448327411897 575.9338964298368 265.5317364484072 3.2475491653086133 3.7382706577250384 -2054.3600717521135 0.17816221671373078 22.636478078443407 -5125.552693060644 5.679216410662238e-05 0.00449035596937043 -0.02479765572213476
-1.5782264995523707 1.1519973142345588 6.100074489917102 730.1072581708431 569.610042010434 574.9454229772091 264.7574061527848 3.2475491653086133 3.7382706577250384 -2054.3600717521135 0.17816221671373078 22.636478078443407 -5125.552693060644 5.679216410662238e-05 0.00449035596937043 -0.02479765572213476
-1.5742981199641917 1.2050304386750252 0.07827114052120498 734.1703866645694 570.3345153941773 574.0063990429044 264.0383771210909 3.2475491653086133 3.7382706577250384 -2054.3600717521135 0.17816221671373078 22.636478078443407 -5125.552693060644 5.679216410662238e-05 0.00449035596937043 -0.02479765572213476
-1.5703697403760126 1.2570814682184435 0.07982998571216683 738.3514211177826 571.0180870294571 573.1043728068471 263.3541796654463 3.2475491653086133 3.7382706577250384 -2054.3600717521135 0.17816221671373078 22.636478078443407 -5125.552693060644 5.679216410662238e-05 0.00449035596937043 -0.02479765572213476
-1.573316025067147 1.309132497761864 6.223257152058434 742.6449058428407 571.6607041065581 572.2277678437531 262.68634029477835 3.2475491653086133 3.7382706577250384 -2054.3600717521135 0.17816221671373078 22.636478078443407 -5125.552693060644 5.679216410662238e-05 0.00449035596937043 -0.02479765572213476
-1.573316025067147 1.3621656222023293 -0.0 747.0443409979343 572.262426875066 571.3658830970526 262.01838178932667 3.2475491653086133 3.7382706577250384 -2054.3600717521135 0.17816221671373078 22.636478078443407 -5125.552693060644 5.679216410662238e-05 0.00449035596937043 -0.02479765572213476
-1.5733160250671425 1.4151987466427924 8.916614723264361e-14 751.542182803154 572.8234286331572 570.5088929384947 261.33582316339016 3.3068698823885 3.8599600798292073 -2094.385670817566 -2.437113482858492e-15 22.805524758615917 -4859.43142405945 -9.04596166656479e-19 0.004654141586475224 0.008289345817613536
-1.5821548791405589 1.466267681289167 6.10153647717947 756.1298433579504 573.3439957378432 569.6478471457958 260.6261797621846 3.3068698823885 3.8599600798292073 -2094.385670817566 -2.437113482858492e-15 22.805524758615917 -4859.43142405945 -9.04596166656479e-19 0.004654141586475224 0.008289345817613536
-1.5909937332139705 1.5163545210384959 6.097837357183871 760.7976907975972 573.8245275956579 568.7746708467603 259.87896303087473 3.3068698823885 3.8599600798292073 -2094.385670817566 -2.437113482858492e-15 22.805524758615917 -4859.43142405945 -9.04596166656479e-19 0.004654141586475224 0.008289345817613536
-1.5968863025962436 1.5674234556848694 6.161342870159687 765.535049173981 574.2655366798863 567.8821646608412 259.0856808498502 3.3068698823885 3.8599600798292073 -2094.385670817566 -2.437113482858492e-15 22.805524758615917 -4859.43142405945 -9.04596166656479e-19 0.004654141586475224 0.008289345817613536
-1.6017967770814674 1.618492390331243 6.1814964554166005 770.3301985375583 574.6676485035568 566.9640044718981 258.23983719199896 3.3068698823885 3.8599600798292073 -2094.385670817566 -2.437113482858492e-15 22.805524758615917 -4859.43142405945 -9.04596166656479e-19 0.004654141586475224 0.008289345817613536
-1.6096535362578346 1.6685792300805717 6.118036629764921 775.1703748703003 575.0316016431898 566.0147417113185 257.33693240582943 3.3068698823885 3.8599600798292073 -2094.385670817566 -2.437113482858492e-15 22.805524758615917 -4859.43142405945 -9.04596166656479e-19 0.004654141586475224 0.008289345817613536
-1.6283133393017029 1.7186660698299006 5.92656517122814 780.0417701490223 575.3582477304153 565.029803071171 256.3744630217552 3.3068698823885 3.8599600798292073 -2094.385670817566 -2.437113482858492e-15 22.805524758615917 -4859.43142405945 -9.04596166656479e-19 0.004654141586475224 0.008289345817613536
-1.6430447627573879 1.771699194270367 6.01223845684117 784.9295323044062 575.648551448714 564.0054907500744 255.35192184895277 3.3068698823885 3.8599600798292073 -2094.385670817566 -2.437113482858492e-15 22.805524758615917 -4859.43142405945 -9.04596166656479e-19 0.004654141586475224 0.008289345817613536
-1.6548299015219339 1.826696508504923 6.0720919739568675 789.817765198648 575.9035905329511 562.9389822743833 254.27079805731773 3.3068698823885 3.8599600798292073 -2094.385670817566 -2.437113482858492e-15 22.805524758615917 -4859.43142405945 -9.04596166656479e-19 0.004654141586475224 0.008289345817613536
-1.6695613249776187 1.8807117278424341 6.0169332580286605 794.6895287260413 576.1245557833463 561.8283306285739 253.13457679748535 3.3068698823885 3.8599600798292073 -2094.385670817566 -2.437113482858492e-15 22.805524758615917 -4859.43142405945 -9.04596166656479e-19 0.004654141586475224 0.008289345817613536
-1.6842927484333037 1.9327627573858535 6.007379408591062 799.5268386676908 576.3127510426566 560.6724641472101 251.94873976707458 3.3068698823885 3.8599600798292073 -2094.385670817566 -2.437113482858492e-15 22.805524758615917 -4859.43142405945 -9.04596166656479e-19 0.004654141586475224 0.008289345817613536
-1.6960778871978541 1.984813786929273 6.06052436654317 804.3106668479741 576.4695932217874 559.4711865670979 250.72076477855444 3.3068698823885 3.8599600798292073 -2094.385670817566 -2.437113482858492e-15 22.805524758615917 -4859.43142405945 -9.04596166656479e-19 0.004654141586475224 0.008289345817613536
-1.704916741271266 2.036864816472695 6.114978535322489 809.0209409706295 576.5966122704558 558.2251770570874 249.46012587100267 3.3068698823885 3.8599600798292073 -2094.385670817566 -2.437113482858492e-15 22.805524758615917 -4859.43142405945 -9.04596166656479e-19 0.004654141586475224 0.008289345817613536
-1.7137555953446735 2.088915846016114 6.114978535322566 813.6365447975695 576.695451207459 556.9359901435673 248.17829345166683 3.3068698823885 3.8599600798292073 -2094.385670817566 -2.437113482858492e-15 22.805524758615917 -4859.43142405945 -9.04596166656479e-19 0.004654141586475224 0.008289345817613536
-1.7196481647269508 2.142931065353625 6.174524091338933 818.1353179700673 576.767866094131 555.6060558110476 246.8887340798974 3.3068698823885 3.8599600798292073 -2094.385670817566 -2.437113482858492e-15 22.805524758615917 -4859.43142405945 -9.04596166656479e-19 0.004654141586475224 0.008289345817613536
-1.7235765443151345 2.197928379588179 6.2118778423942755 822.494056135416 576.8157260613516 554.2386793717742 245.60691058635712 3.3068698823885 3.8599600798292073 -2094.385670817566 -2.437113482858492e-15 22.805524758615917 -4859.43142405945 -9.04596166656479e-19 0.004654141586475224 0.008289345817613536
-1.7235765443151299 2.254889883616829 7.840471567007756e-14 826.6885109096766 576.8410132783465 552.8380415700376 244.3502821624279 3.3068698823885 3.8599600798292073 -2094.385670817566 -2.437113482858492e-15 22.805524758615917 -4859.43142405945 -9.04596166656479e-19 0.004654141586475224 0.008289345817613536
-1.7304512085944477 2.3089051029543404 6.156593179899646 830.6933898627758 576.8458229801618 551.4091985523701 243.1383040472865 3.3068698823885 3.8599600798292073 -2094.385670817566 -2.437113482858492e-15 22.805524758615917 -4859.43142405945 -9.04596166656479e-19 0.004654141586475224 0.008289345817613536
-1.7373258728737702 2.3629203222918536 6.156593179899571 834.4823565147817 576.832363454625 549.9580818787217 241.9924279525876 3.3068698823885 3.8599600798292073 -2094.385670817566 -2.437113482858492e-15 22.805524758615917 -4859.43142405945 -9.04596166656479e-19 0.004654141586475224 0.008289345817613536
-1.7442005371530924 2.415953446732318 6.154274535495542 838.0280303657055 576.802956040483 548.4914984814823 240.93610172718763 3.3068698823885 3.8599600798292073 -2094.385670817566 -2.437113482858492e-15 22.805524758615917 -4859.43142405945 -9.04596166656479e-19 0.004654141586475224 0.008289345817613536
-1.754021486123549 2.469968666069831 6.103331807387115 841.3019869178534 576.7600351367146 547.0171306878328 239.9947694465518 3.3068698823885 3.8599600798292073 -2094.385670817566 -2.437113482858492e-15 22.805524758615917 -4859.43142405945 -9.04596166656479e-19 0.004654141586475224 0.008289345817613536
-1.7697350044762785 2.5239838854073424 6.000089521880106 844.2747575305402 576.7061481918208 545.5435362458229 239.19587159901857 3.3068698823885 3.8599600798292073 -2094.385670817566 -2.437113482858492e-15 22.805524758615917 -4859.43142405945 -9.04596166656479e-19 0.004654141586475224 0.008289345817613536
-1.788394807520147 2.5779991047448534 5.950565615605659 846.9158296324313 576.643955713138 544.0801482833922 238.5688447356224 3.3068698823885 3.8599600798292073 -2094.385670817566 -2.437113482858492e-15 22.805524758615917 -4859.43142405945 -9.04596166656479e-19 0.004654141586475224 0.008289345817613536
-1.8100008952551496 2.6310322291853177 5.896309589448578 849.1936465874314 576.5762312598526 542.6372753381729 238.14512173086405 3.3068698823885 3.8599600798292073 -2094.385670817566 -2.437113482858492e-15 22.805524758615917 -4859.43142405945 -9.04596166656479e-19 0.004654141586475224 0.008289345817613536
-1.8374995523724298 2.6791548791405537 5.764039192933023 851.0756077058613 576.5058614448644 541.226101346314 237.95813177525997 3.3068698823885 3.8599600798292073 -2094.385670817566 -2.437113482858492e-15 22.805524758615917 -4859.43142405945 -9.04596166656479e-19 0.004654141586475224 0.008289345817613536
-1.861069829901531 2.7253133393017 5.811063324775722 852.528068266809 576.4358459427021 539.858685657382 238.04330027103424 3.3068698823885 3.8599600798292073 -2094.385670817566 -2.437113482858492e-15 22.805524758615917 -4859.43142405945 -9.04596166656479e-19 0.004654141586475224 0.008289345817613536
-1.739290062667864 2.6742444046553278 1.9678757720198508 853.5163395106792 576.3692974778824 538.5479629859328 238.43804885447025 3.3068698823885 3.8599600798292073 -2094.385670817566 -2.437113482858492e-15 22.805524758615917 -4859.43142405945 -9.04596166656479e-19 0.004654141586475224 0.008289345817613536
-1.560548791405556 2.5534467323187098 2.165111977786344 854.0046886838973 576.3094418230467 537.3077434375882 239.18179541826248 3.3068698823885 3.8599600798292073 -2094.385670817566 -2.437113482858492e-15 22.805524758615917 -4859.43142405945 -9.04596166656479e-19 0.004654141586475224 0.008289345817613536
-1.3660940017905094 2.3914010743061764 2.265534602991584 853.9563389308751 576.2596178213134 536.1527125835419 240.31595417112112 3.3068698823885 3.8599600798292073 -2094.385670817566 -2.437113482858492e-15 22.805524758615917 -4859.43142405945 -9.04596166656479e-19 0.004654141586475224 0.008289345817613536
-1.1686929274843332 2.2116777081468215 2.3093537772763764 853.3334694094956 576.2232773555443 535.0984313376248 241.88393554091454 3.3068698823885 3.8599600798292073 -2094.385670817566 -2.437113482858492e-15 22.805524758615917 -4859.43142405945 -9.04596166656479e-19 0.004654141586475224 0.008289345817613536
