33 0.1630277529095739 -1.2835980304386756 2.3682421000465204 -1.4584109221128068 -2.29810205908684
0.1630277529095739 -1.2835980304386756 2.3682421000465204 539.119100935826 520.4541778074815 652.681483957209 272.7503342246673 3.206004014902609 3.7386698892074053 -1974.9679913428172 -0.045930484933600316 22.127478290434617 -4482.466519523837 -1.924999368549872e-05 0.0045037731718088414 0.09140103227499313
0.2003473589973062 -1.322881826320502 2.3818298987140585 537.0415608288752 519.60993078316 643.8855981542087 286.37578704507905 3.206004014902609 3.7386698892074053 -1974.9679913428172 -0.045930484933600316 22.127478290434617 -4482.466519523837 -1.924999368549872e-05 0.0045037731718088414 0.09140103227499313
0.22981020590867596 -1.3582372426141458 2.4468543773930933 534.9212777082961 518.9649053389658 635.1482555632141 299.92827108854544 3.206004014902609 3.7386698892074053 -1974.9679913428172 -0.045930484933600316 22.127478290434617 -4482.466519523837 -1.924999368549872e-05 0.0045037731718088414 0.09140103227499313
0.24552372426141006 -1.3896642793196072 2.6779450445889017 532.761663713543 518.5258881303037 626.4831776096959 313.2279132934782 3.206004014902609 3.7386698892074053 -1974.9679913428172 -0.045930484933600316 22.127478290434617 -4482.466519523837 -1.924999368549872e-05 0.0045037731718088414 0.09140103227499313
0.24945210384958913 -1.4181450313339312 3.0045264792797277 530.5655999052713 518.2979954331302 617.9018468976147 326.1163224289958 3.206004014902609 3.7386698892074053 -1974.9679913428172 -0.045930484933600316 22.127478290434617 -4482.466519523837 -1.924999368549872e-05 0.0045037731718088414 0.09140103227499313
0.24945210384958913 -1.4446615935541645 3.141592653589793 528.3354362653388 518.2846731439561 609.4135072094292 338.45658909486156 3.206004014902609 3.7386698892074053 -1974.9679913428172 -0.045930484933600316 22.127478290434617 -4482.466519523837 -1.924999368549872e-05 0.0045037731718088414 0.09140103227499313
0.23177439570276548 -1.4711781557743966 3.7295952571374187 526.0729916968044 518.4876967798441 601.025163506086 350.1332857215348 3.206004014902609 3.7386698892074053 -1974.9679913428172 -0.045930484933600316 22.127478290434617 -4482.466519523837 -1.924999368549872e-05 0.0045037731718088414 0.09140103227499313
0.22784601611458644 -1.4976947179946296 3.2886710089780613 523.7795540239292 518.907171478409 592.7415819270296 361.0524665701487 3.206004014902609 3.7386698892074053 -1974.9679913428172 -0.045930484933600316 22.127478290434617 -4482.466519523837 -1.924999368549872e-05 0.0045037731718088414 0.09140103227499313
0.21311459265890603 -1.5242112802148617 3.648691157982012 521.4558799921767 519.541531997822 584.565289790192 371.14166773245597 3.206004014902609 3.7386698892074053 -1974.9679913428172 -0.045930484933600316 22.127478290434617 -4482.466519523837 -1.924999368549872e-05 0.0045037731718088414 0.09140103227499313
0.18365174574753182 -1.550727842435095 3.97957387859825 519.1021952682112 520.3875427168018 576.4965755920038 380.3499071309634 3.206004014902609 3.7386698892074053 -1974.9679913428172 -0.045930484933600316 22.127478290434617 -4482.466519523837 -1.924999368549872e-05 0.0045037731718088414 0.09140103227499313
0.13651119068933842 -1.5772444046553282 4.199999520073961 516.718194439899 521.440297634625 568.5334890073838 388.6476845187899 3.206004014902609 3.7386698892074053 -1974.9679913428172 -0.045930484933600316 22.127478290434617 -4482.466519523837 -1.924999368549872e-05 0.0045037731718088414 0.09140103227499313
0.08053178155773771 -1.6017967770814696 4.299058575845351 514.3030410163087 522.6932203711174 560.6718408897476 396.02698147976116 3.206004014902609 3.7386698892074053 -1974.9679913428172 -0.045930484933600316 22.127478290434617 -4482.466519523837 -1.924999368549872e-05 0.0045037731718088414 0.09140103227499313
0.021606087734998225 -1.6263491495076112 4.317597860684928 511.8553674277105 524.1380641666601 552.9052032710043 402.50126142837325 3.206004014902609 3.7386698892074053 -1974.9679913428172 -0.045930484933600316 22.127478290434617 -4482.466519523837 -1.924999368549872e-05 0.0045037731718088414 0.09140103227499313
-0.03044494180842344 -1.654829901521935 4.211721255509971 509.37327502557565 525.7649118821835 545.22490936155 408.10546960977445 3.206004014902609 3.7386698892074053 -1974.9679913428172 -0.045930484933600316 22.127478290434617 -4482.466519523837 -1.924999368549872e-05 0.0045037731718088414 0.09140103227499313
-0.09231692032229721 -1.6813464637421682 4.307497194099584 506.8543340825791 527.5621759991759 537.6200535502793 412.8960330998161 3.206004014902609 3.7386698892074053 -1974.9679913428172 -0.045930484933600316 22.127478290434617 -4482.466519523837 -1.924999368549872e-05 0.0045037731718088414 0.09140103227499313
-0.16499194270367235 -1.7088451208594473 4.350659738864733 504.29558379259527 529.5165986196744 530.0774914045793 416.95086080499095 3.2523366652605517 3.775969144783773 -2006.779936276401 0.046204761098767706 22.28839736134936 -4580.037465279442 1.9364945976013247e-05 0.004540478640322241 0.063202541562776
-0.2298102059086849 -1.7373258728737702 4.298389977772502 501.69353227070195 531.6132514662715 522.5818396703268 420.3693434625093 3.2523366652605517 3.775969144783773 -2006.779936276401 0.046204761098767706 22.28839736134936 -4580.037465279442 1.9364945976013247e-05 0.004540478640322241 0.063202541562776
-0.3113240823634763 -1.765806624888095 4.376250929599118 499.04415655317894 533.8355358821116 515.1154762718994 423.2723536401718 3.2523366652605517 3.775969144783773 -2006.779936276401 0.046204761098767706 22.28839736134936 -4580.037465279442 1.9364945976013247e-05 0.004540478640322241 0.063202541562776
-0.39971262309759 -1.7942873769024177 4.400671534135451 496.3429025975059 536.1651828308898 507.65854031215656 425.8022457365769 3.2523366652605517 3.775969144783773 -2006.779936276401 0.046204761098767706 22.28839736134936 -4580.037465279442 1.9364945976013247e-05 0.004540478640322241 0.063202541562776
-0.4763160250671531 -1.8227681289167417 4.356431242216715 493.5846852823667 538.5822528968579 500.1889320724596 428.122855980866 3.2523366652605517 3.775969144783773 -2006.779936276401 0.046204761098767706 22.28839736134936 -4580.037465279442 1.9364945976013247e-05 0.004540478640322241 0.063202541562776
-0.5637224709042131 -1.8453563115487925 4.459494915289075 490.76388840764554 541.0651362848166 492.68231301265985 430.4195024329638 3.2523366652605517 3.775969144783773 -2006.779936276401 0.046204761098767706 22.28839736134936 -4580.037465279442 1.9364945976013247e-05 0.004540478640322241 0.063202541562776
-0.6560393912265059 -1.8659803043867504 4.492593908860669 487.87436469442906 543.5905528201213 485.11210577110126 432.89898498339244 3.2523366652605517 3.775969144783773 -2006.779936276401 0.046204761098767706 22.28839736134936 -4580.037465279442 1.9364945976013247e-05 0.004540478640322241 0.063202541562776
-0.7414816472694807 -1.890532676812893 4.432571871861443 484.9094357850049 546.133551948685 477.4494941646236 435.7895853533955 3.2523366652605517 3.775969144783773 -2006.779936276401 0.046204761098767706 22.28839736134936 -4580.037465279442 1.9364945976013247e-05 0.004540478640322241 0.063202541562776
-0.8328164726947244 -1.917049239033125 4.429834027915101 481.8618922428635 548.6675127369647 469.6634231885522 439.3410670948433 3.2523366652605517 3.775969144783773 -2006.779936276401 0.046204761098767706 22.28839736134936 -4580.037465279442 1.9364945976013247e-05 0.004540478640322241 0.063202541562776
-0.9133482542524709 -1.9504404655326772 4.3193309612027715 478.723993552697 551.1641438719755 461.720599016715 443.82467559031284 3.2523366652605517 3.775969144783773 -2006.779936276401 0.046204761098767706 22.28839736134936 -4580.037465279442 1.9364945976013247e-05 0.004540478640322241 0.063202541562776
-0.9919158460161192 -1.9838316920322294 4.310518332944215 475.4874681203984 553.5934836612842 453.5854890014285 449.5331380530806 3.2523366652605517 3.775969144783773 -2006.779936276401 0.046204761098767706 22.28839736134936 -4580.037465279442 1.9364945976013247e-05 0.004540478640322241 0.063202541562776
-1.0744118173679553 -2.016240823634738 4.338055364377091 472.14351327306355 555.9239000330099 445.22032167349596 456.78066352700625 3.2523366652605517 3.775969144783773 -2006.779936276401 0.046204761098767706 22.28839736134936 -4580.037465279442 1.9364945976013247e-05 0.004540478640322241 0.063202541562776
-1.1431584601611513 -2.0515962399283807 4.2373782241196025 468.6827952589897 558.1220905358259 436.5850867422316 465.90294288673977 3.2523366652605517 3.775969144783773 -2006.779936276401 0.046204761098767706 22.28839736134936 -4580.037465279442 1.9364945976013247e-05 0.004540478640322241 0.063202541562776
-1.2050304386750252 -2.087933751119069 4.1813588755404965 465.09544924767516 560.1530823389573 427.6375350954213 477.25714883747787 3.2523366652605517 3.775969144783773 -2006.779936276401 0.046204761098767706 22.28839736134936 -4580.037465279442 1.9364945976013247e-05 0.004540478640322241 0.063202541562776
-1.26297403760072 -2.1272175470008956 4.116604432761638 461.37107932982224 561.9802322321834 418.3331787993583 491.22193591524046 3.2523366652605517 3.775969144783773 -2006.779936276401 0.046204761098767706 22.28839736134936 -4580.037465279442 1.9364945976013247e-05 0.004540478640322241 0.063202541562776
-1.3140429722470923 -2.1704297224709044 4.010132048875668 457.49875851733213 563.5652266258355 408.62529109882416 508.19744048656503 3.2523366652605517 3.775969144783773 -2006.779936276401 0.046204761098767706 22.28839736134936 -4580.037465279442 1.9364945976013247e-05 0.004540478640322241 0.063202541562776
-1.3582372426141514 -2.215606087735006 3.9160022483045434 453.4670287433104 564.868081550796 398.4649064170882 528.6052807487868 3.2523366652605517 3.775969144783773 -2006.779936276401 0.046204761098767706 22.28839736134936 -4580.037465279442 1.9364945976013247e-05 0.004540478640322241 0.063202541562776
-1.408324082363479 -2.258818263205015 4.000542107475775 449.26390086206357 565.8471426585013 387.80082035592943 552.8885567298203 3.2523366652605517 3.775969144783773 -2006.779936276401 0.046204761098767706 22.28839736134936 -4580.037465279442 1.9364945976013247e-05 0.004540478640322241 0.063202541562776
-1.4584109221128068 -2.29810205908684 4.047286293915201 454.173358070429 565.974356914694 324.5739312700425 589.9168693929396 3.2523366652605517 3.775969144783773 -2006.779936276401 0.046204761098767706 22.28839736134936 -4580.037465279442 1.9364945976013247e-05 0.004540478640322241 0.063202541562776
-1.5016230975828122 -2.33443957027753 4.013196390662973 447.46215196038236 568.0374936258941 330.88634561309664 575.0793010793423 3.2523366652605517 3.775969144783773 -2006.779936276401 0.046204761098767706 22.28839736134936 -4580.037465279442 1.9364945976013247e-05 0.004540478640322241 0.063202541562776
-1.5359964189794102 -2.373723366159356 3.8604226532114176 441.0143749796749 569.7057035507032 338.07449412266214 560.2825916456377 3.2523366652605517 3.775969144783773 -2006.779936276401 0.046204761098767706 22.28839736134936 -4580.037465279442 1.9364945976013247e-05 0.004540478640322241 0.063202541562776
-1.5576025067144172 -2.4179176365264117 3.596311928410801 434.8319481909683 571.0058028862159 346.0637206442552 545.5575292384292 3.2523366652605517 3.775969144783773 -2006.779936276401 0.046204761098767706 22.28839736134936 -4580.037465279442 1.9364945976013247e-05 0.004540478640322241 0.063202541562776
-1.5762623097582902 -2.4660402864816486 3.5114987210464492 428.91649866186106 571.9638843783459 354.78146015252423 530.9336370971505 3.2523366652605517 3.775969144783773 -2006.779936276401 0.046204761098767706 22.28839736134936 -4580.037465279442 1.9364945976013247e-05 0.004540478640322241 0.063202541562776
-1.5949221128021585 -2.5151450313339305 3.5047396635359926 423.2693594648887 572.6053173218206 364.15723875119875 516.4391735540421 3.2523366652605517 3.775969144783773 -2006.779936276401 0.046204761098767706 22.28839736134936 -4580.037465279442 1.9364945976013247e-05 0.004540478640322241 0.063202541562776
-1.6047430617726106 -2.5662139659803054 3.3315809415084225 417.89156967752433 572.9547475601776 374.1226736731369 502.1011320341813 3.2523366652605517 3.775969144783773 -2006.779936276401 0.046204761098767706 22.28839736134936 -4580.037465279442 1.9364945976013247e-05 0.004540478640322241 0.063202541562776
-1.5988504923903377 -2.621211280214862 3.034856980940674 412.78387438217726 573.0360974857713 384.611473280318 487.9452410554295 3.2523366652605517 3.775969144783773 -2006.779936276401 0.046204761098767706 22.28839736134936 -4580.037465279442 1.9364945976013247e-05 0.004540478640322241 0.063202541562776
-1.5860832587287423 -2.67817278424351 2.92109889222309 407.94672466619556 572.8725660397567 395.5594370638246 473.995964228473 3.2523366652605517 3.775969144783773 -2006.779936276401 0.046204761098767706 22.28839736134936 -4580.037465279442 1.9364945976013247e-05 0.004540478640322241 0.063202541562776
-1.5615308863026007 -2.7361163831692035 2.740799205014557 403.38027762186175 572.4866287121122 406.9044556438348 460.2765002568203 3.2523366652605517 3.775969144783773 -2006.779936276401 0.046204761098767706 22.28839736134936 -4580.037465279442 1.9364945976013247e-05 0.004540478640322241 0.063202541562776
-1.5251933751119089 -2.796024171888989 2.596365498052487 399.084396346399 571.9000375416326 418.58651076965543 446.8087829367869 3.2523366652605517 3.775969144783773 -2006.779936276401 0.046204761098767706 22.28839736134936 -4580.037465279442 1.9364945976013247e-05 0.004540478640322241 0.063202541562776
-1.4849274843330378 -2.8539677708146827 2.5342874284235513 395.0586499419659 571.1338211159082 430.5476753196999 433.6134811574975 3.2523366652605517 3.775969144783773 -2006.779936276401 0.046204761098767706 22.28839736134936 -4580.037465279442 1.9364945976013247e-05 0.004540478640322241 0.063202541562776
-1.4485899731423502 -2.9099471799462844 2.5658343360665743 391.3023135156568 570.2082845713585 442.73211330151025 420.70999890090025 3.2523366652605517 3.775969144783773 -2006.779936276401 0.046204761098767706 22.28839736134936 -4580.037465279442 1.9364945976013247e-05 0.004540478640322241 0.063202541562776
-1.4181450313339357 -2.961998209489705 2.6123458727579667 387.8143681795052 569.1430095932037 455.08607985171693 408.1164752417599 3.2523366652605517 3.775969144783773 -2006.779936276401 0.046204761098767706 22.28839736134936 -4580.037465279442 1.9364945976013247e-05 0.004540478640322241 0.063202541562776
-1.3837717099373377 -3.010120859444942 2.5213431676069695 384.5935010504817 567.9568544154872 467.55792123606807 395.84978434763616 3.2523366652605517 3.775969144783773 -2006.779936276401 0.046204761098767706 22.28839736134936 -4580.037465279442 1.9364945976013247e-05 0.004540478640322241 0.063202541562776
-1.3464521038496053 -3.0552972247090437 2.451146196535151 381.63810525049223 566.6679538210592 480.09807484942576 383.9255354789275 3.2523366652605517 3.775969144783773 -2006.779936276401 0.046204761098767706 22.28839736134936 -4580.037465279442 1.9364945976013247e-05 0.004540478640322241 0.063202541562776
-1.3120787824530074 -3.0975273052820067 2.4584012082995934 378.94627990638105 565.2937191415749 492.659069215777 372.3580729888363 3.2523366652605517 3.775969144783773 -2006.779936276401 0.046204761098767706 22.28839736134936 -4580.037465279442 1.9364945976013247e-05 0.004540478640322241 0.063202541562776
-1.286544315129821 -3.1368111011638327 2.5652174329986255 376.5158301499322 563.8508382575164 505.1955239881863 361.1604763233654 3.2523366652605517 3.775969144783773 -2006.779936276401 0.046204761098767706 22.28839736134936 -4580.037465279442 1.9364945976013247e-05 0.004540478640322241 0.063202541562776
-1.2678845120859525 -3.1731486123545225 2.6671927707978713 374.344267117861 562.3552755981709 517.6641499488542 350.3445600213563 3.2523366652605517 3.775969144783773 -2006.779936276401 0.046204761098767706 22.28839736134936 -4580.037465279442 1.9364945976013247e-05 0.004540478640322241 0.063202541562776
-1.2492247090420798 -3.205557743957028 2.619189221873127 372.4288079518258 560.822272141636 530.0237490091095 339.92087371443995 3.2523366652605517 3.775969144783773 -2006.779936276401 0.046204761098767706 22.28839736134936 -4580.037465279442 1.9364945976013247e-05 0.004540478640322241 0.063202541562776
-1.2325290957923054 -3.236002685765444 2.639988599400721 370.7663757984178 559.2663454148214 542.2352142093841 329.89870212708774 3.2523366652605517 3.775969144783773 -2006.779936276401 0.046204761098767706 22.28839736134936 -4580.037465279442 1.9364945976013247e-05 0.004540478640322241 0.063202541562776
-1.213869292748437 -3.2684118173679515 2.6191892218732526 369.35359980916724 557.7012894934624 554.2615297191587 320.2860650765606 3.2523366652605517 3.775969144783773 -2006.779936276401 0.046204761098767706 22.28839736134936 -4580.037465279442 1.9364945976013247e-05 0.004540478640322241 0.063202541562776
-1.1814601611459286 -3.2988567591763664 2.324954656762044 368.18681514054117 556.1401750020887 566.0677708371186 311.089717472958 3.2523366652605517 3.775969144783773 -2006.779936276401 0.046204761098767706 22.28839736134936 -4580.037465279442 1.9364945976013247e-05 0.004540478640322241 0.063202541562776
-1.14905102954342 -3.3273375111906898 2.227871262506548 367.2620629539455 554.595349114049 577.6211039910268 302.3151493191617 3.2523366652605517 3.775969144783773 -2006.779936276401 0.046204761098767706 22.28839736134936 -4580.037465279442 1.9364945976013247e-05 0.004540478640322241 0.063202541562776
-1.112713518352728 -3.3538540734109215 2.140836790494586 366.5750904157203 553.0784355515107 588.8907867377129 293.966585710903 3.2523366652605517 3.775969144783773 -2006.779936276401 0.046204761098767706 22.28839736134936 -4580.037465279442 1.9364945976013247e-05 0.004540478640322241 0.063202541562776
-1.0685192479856733 -3.380370635631153 2.0596486811226606 366.12135069714475 551.6003345854479 599.8481677631971 286.04698683669903 3.2523366652605517 3.775969144783773 -2006.779936276401 0.046204761098767706 22.28839736134936 -4580.037465279442 1.9364945976013247e-05 0.004540478640322241 0.063202541562776
-1.0203965980304397 -3.4019767233661584 1.9445231467604562 365.8960029744352 550.1712230356434 610.4666868825516 278.5580479778964 3.2523366652605517 3.775969144783773 -2006.779936276401 0.046204761098767706 22.28839736134936 -4580.037465279442 1.9364945976013247e-05 0.004540478640322241 0.063202541562776
-0.9653992837958792 -3.4196544315129795 1.8399638195805927 365.8939124287434 548.8005542707006 620.7218750399988 271.50019950864953 3.167943032002918 3.6542772805374217 -1953.9507420968314 0.12055895755191966 22.075124081413826 -4762.124571166194 4.4800915933776244e-05 0.004381438807713561 0.04709168726830085
-0.8995989256938219 -3.4343858549686646 1.7570191672060413 366.1096502461604 547.497058208035 630.5913543088172 264.87260689593313 3.167943032002918 3.6542772805374217 -1953.9507420968314 0.12055895755191966 22.075124081413826 -4762.124571166194 4.4800915933776244e-05 0.004381438807713561 0.04709168726830085
-0.8357627573858586 -3.4481351835273037 1.7480217117446273 366.53749361771213 546.2687413138701 640.0548378914646 258.6731706995279 3.167943032002918 3.6542772805374217 -1953.9507420968314 0.12055895755191966 22.075124081413826 -4762.124571166194 4.4800915933776244e-05 0.004381438807713561 0.04709168726830085
-0.7729086839749312 -3.4550098478066236 1.6464094700317222 367.17142573936474 545.1228866032343 649.0941301194762 252.89852657202846 3.167943032002918 3.6542772805374217 -1953.9507420968314 0.12055895755191966 22.075124081413826 -4762.124571166194 4.4800915933776244e-05 0.004381438807713561 0.04709168726830085
-0.708090420769923 -3.455009847806624 1.541393038590892 368.0051358120196 544.0660536399891 657.6931264535015 247.54404525886184 3.167943032002918 3.6542772805374217 -1953.9507420968314 0.12055895755191966 22.075124081413826 -4762.124571166194 4.4800915933776244e-05 0.004381438807713561 0.04709168726830085
-0.6530931065353627 -3.4471530886302584 1.400061115319619 369.03201904151535 543.1040785367932 665.8378134833038 242.60383259824448 3.167943032002918 3.6542772805374217 -1953.9507420968314 0.12055895755191966 22.075124081413826 -4762.124571166194 4.4800915933776244e-05 0.004381438807713561 0.04709168726830085
-0.5980957923008111 -3.432421665174574 1.3090828243936767 370.24517663862616 542.2420739551189 673.5162689277349 238.07072952121598 3.167943032002918 3.6542772805374217 -1953.9507420968314 0.12055895755191966 22.075124081413826 -4762.124571166194 4.4800915933776244e-05 0.004381438807713561 0.04709168726830085
-0.55782990152194 -3.411797672336615 1.0974402849599683 371.6374158190673 541.484429105255 680.7186616348299 233.9363120516482 3.167943032002918 3.6542772805374217 -1953.9507420968314 0.12055895755191966 22.075124081413826 -4762.124571166194 4.4800915933776244e-05 0.004381438807713561 0.04709168726830085
-0.5322954341987494 -3.385281110116382 0.7665324773758495 373.2012498034868 540.8348097462958 687.4372515816503 230.19089130618886 3.167943032002918 3.6542772805374217 -1953.9507420968314 0.12055895755191966 22.075124081413826 -4762.124571166194 4.4800915933776244e-05 0.004381438807713561 0.04709168726830085
-0.5214923903312481 -3.3548361683079664 0.340978953496321 374.9288978174743 540.2961581861637 693.6663898744046 226.82351349434248 3.167943032002918 3.6542772805374217 -1953.9507420968314 0.12055895755191966 22.075124081413826 -4762.124571166194 4.4800915933776244e-05 0.004381438807713561 0.04709168726830085
-0.5136356311548854 -3.321444941808414 0.2310906671958188 376.8122850915539 539.8706932815767 699.4025187484294 223.82195991837762 3.167943032002918 3.6542772805374217 -1953.9507420968314 0.12055895755191966 22.075124081413826 -4762.124571166194 4.4800915933776244e-05 0.004381438807713561 0.04709168726830085
-0.517564010743069 -3.284125335720679 6.178308368449327 378.84304286118584 539.5599104380717 704.6441715681394 221.172746973446 3.167943032002918 3.6542772805374217 -1953.9507420968314 0.12055895755191966 22.075124081413826 -4762.124571166194 4.4800915933776244e-05 0.004381438807713561 0.04709168726830085
-0.5254207699194315 -3.2418952551477163 6.09924185064247 381.012508366769 539.3645816100025 709.3919728271067 218.86112614743342 3.167943032002918 3.6542772805374217 -1953.9507420968314 0.12055895755191966 22.075124081413826 -4762.124571166194 4.4800915933776244e-05 0.004381438807713561 0.04709168726830085
-0.5322954341987494 -3.198683079677708 6.125416569583672 383.31172485364027 539.2847553005231 713.6486381479554 216.87108402110425 3.167943032002918 3.6542772805374217 -1953.9507420968314 0.12055895755191966 22.075124081413826 -4762.124571166194 4.4800915933776244e-05 0.004381438807713561 0.04709168726830085
-0.5509552372426222 -3.1505604297224705 5.913279239722931 385.7314415720713 539.3197565616128 717.4189742825147 215.1853422680142 3.167943032002918 3.6542772805374217 -1953.9507420968314 0.12055895755191966 22.075124081413826 -4762.124571166194 4.4800915933776244e-05 0.004381438807713561 0.04709168726830085
-0.5725613249776205 -3.1014556848701877 5.868678432594907 388.2621137772753 539.4681869940687 720.7098791115859 213.7853576545176 3.167943032002918 3.6542772805374217 -1953.9507420968314 0.12055895755191966 22.075124081413826 -4762.124571166194 4.4800915933776244e-05 0.004381438807713561 0.04709168726830085
-0.5941674127126232 -3.0533330349149495 5.861180277277406 390.8939027293974 539.7279247474698 723.530341645208 212.65132203981375 3.167943032002918 3.6542772805374217 -1953.9507420968314 0.12055895755191966 22.075124081413826 -4762.124571166194 4.4800915933776244e-05 0.004381438807713561 0.04709168726830085
-0.6157735004476258 -3.0052103849597116 5.861180277277406 393.61667569352267 540.0961245202407 725.8914420224755 211.76216237588596 3.167943032002918 3.6542772805374217 -1953.9507420968314 0.12055895755191966 22.075124081413826 -4762.124571166194 4.4800915933776244e-05 0.004381438807713561 0.04709168726830085
-0.6265765443151272 -2.9590519247985663 6.053280879047697 396.42000593967316 540.5692175596123 727.8063515115937 211.0955407075544 3.167943032002918 3.6542772805374217 -1953.9507420968314 0.12055895755191966 22.075124081413826 -4762.124571166194 4.4800915933776244e-05 0.004381438807713561 0.04709168726830085
-0.629522829006266 -2.9148576544315117 6.216617143403722 399.2931727428054 541.1429116616009 729.2903325099433 210.62785417242594 3.167943032002918 3.6542772805374217 -1953.9507420968314 0.12055895755191966 22.075124081413826 -4762.124571166194 4.4800915933776244e-05 0.004381438807713561 0.04709168726830085
-0.6403258728737673 -2.8736096687555936 6.027033924614006 402.2251613828164 541.8121911710723 730.360738543859 210.33423500096433 3.167943032002918 3.6542772805374217 -1953.9507420968314 0.12055895755191966 22.075124081413826 -4762.124571166194 4.4800915933776244e-05 0.004381438807713561 0.04709168726830085
-0.6540752014324029 -2.8333437779767214 5.954135612339328 405.2046631445429 542.5713169816827 731.0370142689935 210.18855051641185 3.167943032002918 3.6542772805374217 -1953.9507420968314 0.12055895755191966 22.075124081413826 -4762.124571166194 4.4800915933776244e-05 0.004381438807713561 0.04709168726830085
-0.6717529095792265 -2.795042076991941 5.850777531609007 408.2200753177518 543.4138265359043 731.340695469964 210.1634031348276 3.167943032002918 3.6542772805374217 -1953.9507420968314 0.12055895755191966 22.075124081413826 -4762.124571166194 4.4800915933776244e-05 0.004381438807713561 0.04709168726830085
-0.7002336615935515 -2.7587045658012523 5.6184108123622165 411.2595011971515 544.3325338250315 731.2954090605417 210.2301303651202 3.167943032002918 3.6542772805374217 -1953.9507420968314 0.12055895755191966 22.075124081413826 -4762.124571166194 4.4800915933776244e-05 0.004381438807713561 0.04709168726830085
-0.7287144136078765 -2.726295434198745 5.562213983207686 414.31075008238565 545.3195293891522 730.9268730836266 210.35880480894775 3.167943032002918 3.6542772805374217 -1953.9507420968314 0.12055895755191966 22.075124081413826 -4762.124571166194 4.4800915933776244e-05 0.004381438807713561 0.04709168726830085
-0.7581772605192507 -2.697814682184421 5.480839613975653 417.361337278036 546.3661803171844 730.2628967111959 210.51823416085062 3.167943032002918 3.6542772805374217 -1953.9507420968314 0.12055895755191966 22.075124081413826 -4762.124571166194 4.4800915933776244e-05 0.004381438807713561 0.04709168726830085
-0.7905863921217547 -2.6712981199641876 5.398118491291025 420.39848409362105 547.4631302468551 729.3333802443922 210.67596120813232 3.167943032002918 3.6542772805374217 -1953.9507420968314 0.12055895755191966 22.075124081413826 -4762.124571166194 4.4800915933776244e-05 0.004381438807713561 0.04709168726830085
-0.8259418084153975 -2.6467457475380463 5.3193766444311095 423.4091178435996 548.6002993646989 728.1703151134352 210.79826383093314 3.167943032002918 3.6542772805374217 -1953.9507420968314 0.12055895755191966 22.075124081413826 -4762.124571166194 4.4800915933776244e-05 0.004381438807713561 0.04709168726830085
-0.8721002685765462 -2.6192470904207683 5.249673694685429 426.37987184736426 549.7668844060581 726.8077838776226 210.85015500222835 3.167943032002918 3.6542772805374217 -1953.9507420968314 0.12055895755191966 22.075124081413826 -4762.124571166194 4.4800915933776244e-05 0.004381438807713561 0.04709168726830085
-0.9221871083258738 -2.5917484333034904 5.214479179406684 429.2970854292438 550.9513586551093 725.2819602254094 210.7953827877718 3.167943032002918 3.6542772805374217 -1953.9507420968314 0.12055895755191966 22.075124081413826 -4762.124571166194 4.4800915933776244e-05 0.004381438807713561 0.04709168726830085
-0.9781665174574745 -2.56032139659803 5.138022512350985 432.14680391850607 552.1414719448121 723.6311089743758 210.59643034611236 3.167943032002918 3.6542772805374217 -1953.9507420968314 0.12055895755191966 22.075124081413826 -4762.124571166194 4.4800915933776244e-05 0.004381438807713561 0.04709168726830085
-1.0341459265890798 -2.5288943598925684 5.061565845295286 434.9147786493538 553.3242506569468 721.8955860711794 210.21451592868834 3.167943032002918 3.6542772805374217 -1953.9507420968314 0.12055895755191966 22.075124081413826 -4762.124571166194 4.4800915933776244e-05 0.004381438807713561 0.04709168726830085
-1.0930716204118147 -2.497467323187107 4.985109178239586 437.58646696093126 554.4859977221358 720.1178385916064 209.60959287970672 3.167943032002918 3.6542772805374217 -1953.9507420968314 0.12055895755191966 22.075124081413826 -4762.124571166194 4.4800915933776244e-05 0.004381438807713561 0.04709168726830085
-1.14905102954342 -2.4660402864816464 4.908652511183887 440.14703219731905 555.6122926197768 718.342404740557 208.7403496361576 3.167943032002918 3.6542772805374217 -1953.9507420968314 0.12055895755191966 22.075124081413826 -4762.124571166194 4.4800915933776244e-05 0.004381438807713561 0.04709168726830085
-1.2040483437779803 -2.434613249776185 4.832195844128188 442.5813437075311 556.6879913780895 716.6159138520015 207.56420972789965 3.167943032002918 3.6542772805374217 -1953.9507420968314 0.12055895755191966 22.075124081413826 -4762.124571166194 4.4800915933776244e-05 0.004381438807713561 0.04709168726830085
-1.2590456580125364 -2.4022041181736786 4.755739177072489 444.8739768455208 557.6972265741188 714.9870863890683 206.0373317775866 3.167943032002918 3.6542772805374217 -1953.9507420968314 0.12055895755191966 22.075124081413826 -4762.124571166194 4.4800915933776244e-05 0.004381438807713561 0.04709168726830085
-1.3071683079677745 -2.367830796777081 4.67928251001679 447.0092129701786 558.6234073337064 713.5067339440029 204.11460950068158 3.167943032002918 3.6542772805374217 -1953.9507420968314 0.12055895755191966 22.075124081413826 -4762.124571166194 4.4800915933776244e-05 0.004381438807713561 0.04709168726830085
-1.345470008952556 -2.3354216651745734 4.60282584296109 448.97103944533046 559.4492193315155 712.2277592381215 201.74967170545096 3.167943032002918 3.6542772805374217 -1953.9507420968314 0.12055895755191966 22.075124081413826 -4762.124571166194 4.4800915933776244e-05 0.004381438807713561 0.04709168726830085
-1.3729686660698317 -2.3069409131602496 4.5263691759053915 450.7431496397445 560.1566247910232 711.2051561219087 198.89488229298695 3.167943032002918 3.6542772805374217 -1953.9507420968314 0.12055895755191966 22.075124081413826 -4762.124571166194 4.4800915933776244e-05 0.004381438807713561 0.04709168726830085
-1.3867179946284673 -2.281406445837062 4.4499125088496925 452.3089429271181 560.7268624845174 710.4960095748756 195.5013402572331 3.167943032002918 3.6542772805374217 -1953.9507420968314 0.12055895755191966 22.075124081413826 -4762.124571166194 4.4800915933776244e-05 0.004381438807713561 0.04709168726830085
-1.3867179946284673 -2.2607824529991043 4.3734558417939935 453.6515246860954 561.1404477330861 710.1594957057787 191.51887968486426 3.167943032002918 3.6542772805374217 -1953.9507420968314 0.12055895755191966 22.075124081413826 -4762.124571166194 4.4800915933776244e-05 0.004381438807713561 0.04709168726830085
-1.3690402864816482 -2.2450689346463735 4.2969991747382945 454.7537063002504 561.377172406661 710.2568817523133 186.8960697554403 3.167943032002918 3.6542772805374217 -1953.9507420968314 0.12055895755191966 22.075124081413826 -4762.124571166194 4.4800915933776244e-05 0.004381438807713561 0.04709168726830085
-1.337613249776189 -2.2323017009847805 4.220542507682595 455.5980051580955 561.416104923941 710.8515260814129 181.58021474133147 3.167943032002918 3.6542772805374217 -1953.9507420968314 0.12055895755191966 22.075124081413826 -4762.124571166194 4.4800915933776244e-05 0.004381438807713561 0.04709168726830085
-1.302257833482546 -2.2214986571172792 4.144085840626896 456.1666446530828 561.2355902524687 712.0088781891027 175.51735400766665 3.167943032002918 3.6542772805374217 -1953.9507420968314 0.12055895755191966 22.075124081413826 -4762.124571166194 4.4800915933776244e-05 0.004381438807713561 0.04709168726830085
-1.258063563115487 -2.214623992837959 4.067629173571197 456.44155418359935 560.8132499086141 713.7964787004785 168.65226201243058 3.167943032002918 3.6542772805374217 -1953.9507420968314 0.12055895755191966 22.075124081413826 -4762.124571166194 4.4800915933776244e-05 0.004381438807713561 0.04709168726830085
-1.20601253357207 -2.2116777081468224 3.9911725065154977 456.40436915296846 560.1259819575034 716.2839593698336 160.92844830642207 3.255707136813839 3.7586755158332634 -2003.8892828317726 0.0461490472411097 22.219562437807497 -4557.175858892803 1.9341595658470014e-05 0.004520700503572023 0.06903762744876654
-1.1519973142345588 -2.213641897940914 3.9147158394597983 456.03643096945245 559.1499610131405 719.5430430804336 152.28815753325853 3.255707136813839 3.7586755158332634 -2003.8892828317726 0.0461490472411097 22.219562437807497 -4557.175858892803 1.9341595658470014e-05 0.004520700503572023 0.06903762744876654
-1.0970000000000029 -2.2175702775290977 3.838259172404099 455.3187870462518 557.8606382382914 723.6475438447887 142.67236942934323 3.255707136813839 3.7586755158332634 -2003.8892828317726 0.0461490472411097 22.219562437807497 -4557.175858892803 1.9341595658470014e-05 0.004520700503572023 0.06903762744876654
-1.0459310653536213 -2.222480752014325 3.7618025053484 454.23219080150204 556.2327413445555 728.6733668044071 132.02079882390444 3.255707136813839 3.7586755158332634 -2003.8892828317726 0.0461490472411097 22.219562437807497 -4557.175858892803 1.9341595658470014e-05 0.004520700503572023 0.06903762744876654
-1.0086114592658935 -2.2264091316025083 3.685345838292701 452.75710165827627 554.2402745923619 734.6985082300453 120.27189563903448 3.255707136813839 3.7586755158332634 -2003.8892828317726 0.0461490472411097 22.219562437807497 -4557.175858892803 1.9341595658470014e-05 0.004520700503572023 0.06903762744876654
-0.9781665174574791 -2.2323017009847814 3.608889171237002 450.8736850445879 551.8565187909262 741.8030555214718 107.36284488954698 3.255707136813839 3.7586755158332634 -2003.8892828317726 0.0461490472411097 22.219562437807497 -4557.175858892803 1.9341595658470014e-05 0.004520700503572023 0.06903762744876654
-0.9585246195165703 -2.238194270367056 3.5324325041813025 448.5618123933805 549.0540312982585 750.0691872075513 93.22956668313418 3.255707136813839 3.7586755158332634 -2003.8892828317726 0.0461490472411097 22.219562437807497 -4557.175858892803 1.9341595658470014e-05 0.004520700503572023 0.06903762744876654
