38 0.243559534467325 -1.6646508504923916 2.1587741042560937 1.0439668755595275 -2.0103482542524613
0.243559534467325 -1.6646508504923916 2.1587741042560937 519.9777253208649 527.567371143243 716.7537088145327 261.8153355214745 3.500305607979411 4.046370466276347 -2354.063637503537 0.05386640466062221 24.015660347560136 -5712.603698856723 2.2576028776455213e-05 0.0048845381313776986 -0.1665164213900909
0.2553446732318711 -1.6744717994628493 2.096609020025898 520.0113497322764 527.3565369358718 712.4401845779212 259.77268414967693 3.500305607979411 4.046370466276347 -2354.063637503537 0.05386640466062221 24.015660347560136 -5712.603698856723 2.2576028776455213e-05 0.0048845381313776986 -0.1665164213900909
0.27105819158460076 -1.682328558639214 2.0344439357957027 519.908422760669 527.1423248171645 707.5275216667069 260.7334754029289 3.500305607979411 4.046370466276347 -2354.063637503537 0.05386640466062221 24.015660347560136 -5712.603698856723 2.2576028776455213e-05 0.0048845381313776986 -0.1665164213900909
0.2789149507609723 -1.689203222918533 2.2896263264160783 519.6798105030575 526.9238179989583 702.0831955289614 264.2607427763287 3.500305607979411 4.046370466276347 -2354.063637503537 0.05386640466062221 24.015660347560136 -5712.603698856723 2.2576028776455213e-05 0.0048845381313776986 -0.1665164213900909
0.2916821844225631 -1.696077887197852 1.9195673303788119 519.3361739235334 526.7001130414155 696.1711705815105 269.9435583029408 3.500305607979411 4.046370466276347 -2354.063637503537 0.05386640466062221 24.015660347560136 -5712.603698856723 2.2576028776455213e-05 0.0048845381313776986 -0.1665164213900909
0.30837779767233753 -1.7019704565801261 1.7681918866448212 518.8879688532688 526.4703198530251 689.8519002097892 277.3970325535629 3.500305607979411 4.046370466276347 -2354.063637503537 0.05386640466062221 24.015660347560136 -5712.603698856723 2.2576028776455213e-05 0.0048845381313776986 -0.1665164213900909
0.32114503133393285 -1.7058988361683085 1.6614562139956697 518.3454459905115 526.2335616906001 683.1823267681611 286.2623146356782 3.500305607979411 4.046370466276347 -2354.063637503537 0.05386640466062221 24.015660347560136 -5712.603698856723 2.2576028776455213e-05 0.0048845381313776986 -0.1665164213900909
0.32998388540734025 -1.710809310653537 1.8490959857999865 517.7186509005714 525.9889751592814 676.2158815794828 296.2065921946196 3.500305607979411 4.046370466276347 -2354.063637503537 0.05386640466062221 24.015660347560136 -5712.603698856723 2.2576028776455213e-05 0.0048845381313776986 -0.1665164213900909
0.33489435989256405 -1.7186660698299017 2.6011731533196105 517.0174240158503 525.7357102125334 669.0024849355541 306.9230914149666 3.4738808439697326 4.106251793262157 -2362.264177373919 3.525098198017606e-15 24.15748094704771 -5744.65291230482 1.3084891371802981e-18 0.004921759630896212 -0.17039524357971533
0.3437332139659714 -1.7284870188003572 2.356194490192426 516.2514006358197 525.4729301521479 661.5885460968129 318.13107701553963 3.4738808439697326 4.106251793262157 -2362.264177373919 3.525098198017606e-15 24.15748094704771 -5744.65291230482 1.3084891371802981e-18 0.004921759630896212 -0.17039524357971533
0.34864368845120414 -1.7422363473589961 2.8753406044383345 515.4300109270316 525.1998116282407 654.0169632923789 329.57585225603543 3.4738808439697326 4.106251793262157 -2362.264177373919 3.525098198017606e-15 24.15748094704771 -5744.65291230482 1.3084891371802981e-18 0.004921759630896212 -0.17039524357971533
0.357482542524616 -1.7569677708146798 2.6135182051632393 514.56247992309 524.915544639255 646.3271237201843 341.0287589322543 3.4738808439697326 4.106251793262157 -2362.264177373919 3.525098198017606e-15 24.15748094704771 -5744.65291230482 1.3084891371802981e-18 0.004921759630896212 -0.17039524357971533
0.3663213965980278 -1.7726812891674117 2.6476512846703426 513.6578275247175 524.6193325319587 638.5549035467993 352.2871773770312 3.4738808439697326 4.106251793262157 -2362.264177373919 3.525098198017606e-15 24.15748094704771 -5744.65291230482 1.3084891371802981e-18 0.004921759630896212 -0.17039524357971533
0.37908863025961864 -1.7883948075201426 2.4393357220808527 512.7248684996684 524.3103920014449 630.7326679077087 363.17452646174934 3.4738808439697326 4.106251793262157 -2362.264177373919 3.525098198017606e-15 24.15748094704771 -5744.65291230482 1.3084891371802981e-18 0.004921759630896212 -0.17039524357971533
0.39087376902416926 -1.8031262309758274 2.4668517113661297 511.7722124828051 523.9879530911339 622.889270906875 373.54026359459385 3.4738808439697326 4.106251793262157 -2362.264177373919 3.525098198017606e-15 24.15748094704771 -5744.65291230482 1.3084891371802981e-18 0.004921759630896212 -0.17039524357971533
0.4026589077887198 -1.819821844225604 2.5269297016675334 510.8082639760505 523.65125919277 615.050055617161 383.25988472264726 3.4738808439697326 4.106251793262157 -2362.264177373919 3.525098198017606e-15 24.15748094704771 -5744.65291230482 1.3084891371802981e-18 0.004921759630896212 -0.17039524357971533
0.4193545210384987 -1.8365174574753784 2.356194490192211 509.84122234840834 523.2995670464247 607.2368540800817 392.23492432921194 3.4738808439697326 4.106251793262157 -2362.264177373919 3.525098198017606e-15 24.15748094704771 -5744.65291230482 1.3084891371802981e-18 0.004921759630896212 -0.17039524357971533
0.4399785138764566 -1.8541951656222009 2.279422598922607 508.8790818359448 522.9321467404935 599.467987305994 400.3929554350907 3.4738808439697326 4.106251793262157 -2362.264177373919 3.525098198017606e-15 24.15748094704771 -5744.65291230482 1.3084891371802981e-18 0.004921759630896212 -0.17039524357971533
0.46453088630258915 -1.8718728737690222 2.194819379771814 507.92963154182326 522.5482817116991 591.7582652737619 407.6875895995181 3.4738808439697326 4.106251793262157 -2362.264177373919 3.525098198017606e-15 24.15748094704771 -5744.65291230482 1.3084891371802981e-18 0.004921759630896212 -0.17039524357971533
0.4890832587287306 -1.887586392121753 2.140109517895565 507.00045543626766 522.1472687450891 584.1189869312657 414.098476919462 3.4738808439697326 4.106251793262157 -2362.264177373919 3.525098198017606e-15 24.15748094704771 -5744.65291230482 1.3084891371802981e-18 0.004921759630896212 -0.17039524357971533
0.505778871978505 -1.9003536257833462 2.2236429578957058 506.0989323565773 521.7284179740368 576.5579401947907 419.6313060284592 3.4738808439697326 4.106251793262157 -2362.264177373919 3.525098198017606e-15 24.15748094704771 -5744.65291230482 1.3084891371802981e-18 0.004921759630896212 -0.17039524357971533
0.5224744852282839 -1.9121387645478944 2.1854592787170044 505.23223600714664 521.2910528802413 569.0794019497698 424.3178040983621 3.4738808439697326 4.106251793262157 -2362.264177373919 3.525098198017606e-15 24.15748094704771 -5744.65291230482 1.3084891371802981e-18 0.004921759630896212 -0.17039524357971533
0.5430984780662418 -1.9239239033124418 2.089942441041414 504.4073349594164 520.8345102937279 561.6841380498663 428.2157368378248 3.4738808439697326 4.106251793262157 -2362.264177373919 3.525098198017606e-15 24.15748094704771 -5744.65291230482 1.3084891371802981e-18 0.004921759630896212 -0.17039524357971533
0.5597940913160206 -1.9337448522828995 2.102520394053682 503.6309926519243 520.3581403928463 554.3694033179054 431.40890849381685 3.4738808439697326 4.106251793262157 -2362.264177373919 3.525098198017606e-15 24.15748094704771 -5744.65291230482 1.3084891371802981e-18 0.004921759630896212 -0.17039524357971533
0.5804180841539786 -1.94258370635631 1.9756881130799866 502.90976739028156 519.861306704273 547.1289415451465 434.00716185127385 3.4738808439697326 4.106251793262157 -2362.264177373919 3.525098198017606e-15 24.15748094704771 -5744.65291230482 1.3084891371802981e-18 0.004921759630896212 -0.17039524357971533
0.6020241718889813 -1.9514225604297208 1.9591150449673826 502.25001234715455 519.3433861030097 539.9529854918073 436.1463782318169 3.4738808439697326 4.106251793262157 -2362.264177373919 3.525098198017606e-15 24.15748094704771 -5744.65291230482 1.3084891371802981e-18 0.004921759630896212 -0.17039524357971533
0.6265765443151272 -1.9651718889883598 2.081284648711588 501.657875562325 518.8037688123834 532.8282568866562 437.9884774943348 3.4738808439697326 4.106251793262157 -2362.264177373919 3.525098198017606e-15 24.15748094704771 -5744.65291230482 1.3084891371802981e-18 0.004921759630896212 -0.17039524357971533
0.6511289167412686 -1.9769570277529083 2.018316301952081 501.13929994260434 518.241858404048 525.737966427143 439.7214180364972 3.4738808439697326 4.106251793262157 -2362.264177373919 3.525098198017606e-15 24.15748094704771 -5744.65291230482 1.3084891371802981e-18 0.004921759630896212 -0.17039524357971533
0.6717529095792265 -1.9848137869292741 1.9347752833045835 500.7000232619157 517.6570717979818 518.6618137798941 441.5591967923101 3.4738808439697326 4.106251793262157 -2362.264177373919 3.525098198017606e-15 24.15748094704771 -5744.65291230482 1.3084891371802981e-18 0.004921759630896212 -0.17039524357971533
0.6845201432408219 -1.99267054610564 2.122451309323419 500.3455781612447 517.0488392624891 511.5759875796648 443.74184923490975 3.4738808439697326 4.106251793262157 -2362.264177373919 3.525098198017606e-15 24.15748094704771 -5744.65291230482 1.3084891371802981e-18 0.004921759630896212 -0.17039524357971533
0.7100546105640081 -2.000527305282005 1.8692952583810698 500.0812921486431 516.4166044142003 504.45316543016816 446.53544937295374 3.4738808439697326 4.106251793262157 -2362.264177373919 3.525098198017606e-15 24.15748094704771 -5744.65291230482 1.3084891371802981e-18 0.004921759630896212 -0.17039524357971533
0.7355890778871899 -2.005437779767233 1.7607846147136512 499.91228759925616 515.7598242180715 497.2625139040756 450.2321097544627 3.4738808439697326 4.106251793262157 -2362.264177373919 3.525098198017606e-15 24.15748094704771 -5744.65291230482 1.3084891371802981e-18 0.004921759630896212 -0.17039524357971533
0.7571951656221926 -2.007401969561324 1.6614562139956184 499.8434817552952 515.0779689873831 489.9696885424928 455.1499814640265 3.4738808439697326 4.106251793262157 -2362.264177373919 3.525098198017606e-15 24.15748094704771 -5744.65291230482 1.3084891371802981e-18 0.004921759630896212 -0.17039524357971533
0.7866580125335623 -2.0093661593554146 1.6373644905706979 499.8795867260451 514.3705223837433 482.5368338553235 461.633254124783 3.4738808439697326 4.106251793262157 -2362.264177373919 3.525098198017606e-15 24.15748094704771 -5744.65291230482 1.3084891371802981e-18 0.004921759630896212 -0.17039524357971533
0.8298701880035722 -2.012312444046551 1.6388727850528844 500.0251094878695 513.6369814170849 474.9225833213859 470.05215589585714 3.4738808439697326 4.106251793262157 -2362.264177373919 3.525098198017606e-15 24.15748094704771 -5744.65291230482 1.3084891371802981e-18 0.004921759630896212 -0.17039524357971533
0.8770107430617745 -2.014276633840643 1.6124389058934852 500.28435188420735 512.8768564456657 467.0820593879471 480.80295347538777 3.4738808439697326 4.106251793262157 -2362.264177373919 3.525098198017606e-15 24.15748094704771 -5744.65291230482 1.3084891371802981e-18 0.004921759630896212 -0.17039524357971533
0.9251333930170037 -2.012312444046552 1.5300026439270382 500.661410625582 512.0896711760702 458.96687347114494 494.30795209808275 3.4738808439697326 4.106251793262157 -2362.264177373919 3.525098198017606e-15 24.15748094704771 -5744.65291230482 1.3084891371802981e-18 0.004921759630896212 -0.17039524357971533
0.9820948970456537 -2.0113303491495063 1.5535566556003635 501.1601772895774 511.27496266320793 450.5251259558863 511.01549553731456 3.4738808439697326 4.106251793262157 -2362.264177373919 3.525098198017606e-15 24.15748094704771 -5744.65291230482 1.3084891371802981e-18 0.004921759630896212 -0.17039524357971533
1.0439668755595275 -2.0103482542524613 1.5549246438031203 503.8793793828736 506.407517233868 749.8964906503679 523.4046627873322 3.4738808439697326 4.106251793262157 -2362.264177373919 3.525098198017606e-15 24.15748094704771 -5744.65291230482 1.3084891371802981e-18 0.004921759630896212 -0.17039524357971533
1.12253446732318 -2.0083840644583684 1.5458015331759565 503.3626331567284 505.2723381394944 693.1469843637897 481.5012557535083 3.4738808439697326 4.106251793262157 -2362.264177373919 3.525098198017606e-15 24.15748094704771 -5744.65291230482 1.3084891371802981e-18 0.004921759630896212 -0.17039524357971533
1.1971736794986536 -2.0054377797672323 1.531343125697865 503.28006601113884 504.17693139640414 642.7021755024325 443.15610249357997 3.4738808439697326 4.106251793262157 -2362.264177373919 3.525098198017606e-15 24.15748094704771 -5744.65291230482 1.3084891371802981e-18 0.004921759630896212 -0.17039524357971533
1.2678845120859392 -2.0005273052820036 1.5014631931066862 503.60712309966766 503.12491615077215 598.1770010546315 408.1842746299808 3.4738808439697326 4.106251793262157 -2362.264177373919 3.525098198017606e-15 24.15748094704771 -5744.65291230482 1.3084891371802981e-18 0.004921759630896212 -0.17039524357971533
1.3435058191584577 -1.9946347358997307 1.4930313871921788 504.31971761780005 502.11976821533335 559.1968242806615 376.4053672988666 3.4738808439697326 4.106251793262157 -2362.264177373919 3.525098198017606e-15 24.15748094704771 -5744.65291230482 1.3084891371802981e-18 0.004921759630896212 -0.17039524357971533
1.419127126230976 -1.9838316920322272 1.4288992721907203 505.39423080303095 501.1648200694299 525.397434709128 347.6434991512215 3.4738808439697326 4.106251793262157 -2362.264177373919 3.525098198017606e-15 24.15748094704771 -5744.65291230482 1.3084891371802981e-18 0.004921759630896212 -0.17039524357971533
1.4868916741271272 -1.9691002685765422 1.3567356432310778 506.8075119347923 500.26326085896926 496.4250481433701 321.72731235192623 3.4738808439697326 4.106251793262157 -2362.264177373919 3.525098198017606e-15 24.15748094704771 -5744.65291230482 1.3084891371802981e-18 0.004921759630896212 -0.17039524357971533
1.554656222023274 -1.94945837063563 1.2886725946521824 508.53687833447475 499.4181363964699 471.93630665377714 298.48997257987503 3.4738808439697326 4.106251793262157 -2362.264177373919 3.525098198017606e-15 24.15748094704771 -5744.65291230482 1.3084891371802981e-18 0.004921759630896212 -0.17039524357971533
1.6096535362578301 -1.922941808415396 1.1215362141829868 510.56011536544975 498.63234916102283 451.59827858465724 277.7691690288484 3.4738808439697326 4.106251793262157 -2362.264177373919 3.525098198017606e-15 24.15748094704771 -5744.65291230482 1.3084891371802981e-18 0.004921759630896212 -0.17039524357971533
1.6459910474485175 -1.8915147717099365 0.8577354939360471 512.8554764330111 497.90865829831546 435.0884585486492 259.40711440658197 3.4738808439697326 4.106251793262157 -2362.264177373919 3.525098198017606e-15 24.15748094704771 -5744.65291230482 1.3084891371802981e-18 0.004921759630896212 -0.17039524357971533
1.672507609668753 -1.8541951656222009 0.6177557255662719 515.4016829844695 497.24967962062055 422.0947674314957 243.25054493464995 3.4738808439697326 4.106251793262157 -2362.264177373919 3.525098198017606e-15 24.15748094704771 -5744.65291230482 1.3084891371802981e-18 0.004921759630896212 -0.17039524357971533
1.6784001790510261 -1.8139292748433298 0.251002686643036 518.1779245090584 496.65788560679084 412.31555238866713 229.150720349513 3.4738808439697326 4.106251793262157 -2362.264177373919 3.525098198017606e-15 24.15748094704771 -5744.65291230482 1.3084891371802981e-18 0.004921759630896212 -0.17039524357971533
1.6793822739480708 -1.7687529095792305 0.11315098159048509 521.1638585380206 496.13560540229173 405.4595868472243 216.96342390117934 3.4738808439697326 4.106251793262157 -2362.264177373919 3.525098198017606e-15 24.15748094704771 -5744.65291230482 1.3084891371802981e-18 0.004921759630896212 -0.17039524357971533
1.6803643688451155 -1.7206302596239935 0.10598435798959888 524.339610644478 495.6850248191504 401.2460705045378 206.54896235489286 3.4738808439697326 4.106251793262157 -2362.264177373919 3.525098198017606e-15 24.15748094704771 -5744.65291230482 1.3084891371802981e-18 0.004921759630896212 -0.17039524357971533
1.6764359892569365 -1.6675971351835293 -0.0 527.6857744436275 495.30818633598847 399.4046293288702 197.7721659889212 3.4738808439697326 4.106251793262157 -2362.264177373919 3.525098198017606e-15 24.15748094704771 -5744.65291230482 1.3084891371802981e-18 0.004921759630896212 -0.17039524357971533
1.6685792300805695 -1.613581915846017 6.20785641635123 531.1834115925158 495.00698909802395 399.67531555960886 190.50238859682577 3.469293876507662 4.055007435987484 -2345.3018448638486 -1.7055789169220115e-15 23.99158137282931 -5685.743774790619 -6.331463217251271e-19 0.004874092166086562 -0.15510681686316152
1.6459910474485264 -1.558584601611461 5.944861684670386 534.8140517902357 494.78318891705476 401.80860770703293 184.6135074859485 3.469293876507662 4.055007435987484 -2345.3018448638486 -1.7055789169220115e-15 23.99158137282931 -5685.743774790619 -6.331463217251271e-19 0.004874092166086562 -0.15510681686316152
1.6106356311548837 -1.500641002685765 5.771629180009317 538.5596927778024 494.6383982714642 405.56541055312846 179.9839234778774 3.469293876507662 4.055007435987484 -2345.3018448638486 -1.7055789169220115e-15 23.99158137282931 -5685.743774790619 -6.331463217251271e-19 0.004874092166086562 -0.15510681686316152
1.57920859444942 -1.4426974037600726 5.826579835287054 542.4028003381827 494.5740863062374 410.71705514984205 176.49656090867938 3.469293876507662 4.055007435987484 -2345.3018448638486 -1.7055789169220115e-15 23.99158137282931 -5685.743774790619 -6.331463217251271e-19 0.004874092166086562 -0.15510681686316152
1.5576025067144128 -1.384753804834379 5.977306435774707 546.3263082963676 494.59157883293756 417.04529881919734 174.03886762820184 3.469293876507662 4.055007435987484 -2345.3018448638486 -1.7055789169220115e-15 23.99158137282931 -5685.743774790619 -6.331463217251271e-19 0.004874092166086562 -0.15510681686316152
1.540906893464634 -1.3307385854968679 6.0426510592336475 550.3136185192488 494.69205832970965 424.3423251557397 172.50281500059646 3.469293876507662 4.055007435987484 -2345.3018448638486 -1.7055789169220115e-15 23.99158137282931 -5685.743774790619 -6.331463217251271e-19 0.004874092166086562 -0.15510681686316152
1.5271575649059939 -1.2757412712623108 6.038206644052708 554.3486009157059 494.8765639413077 432.41074402525555 171.7848979049595 3.469293876507662 4.055007435987484 -2345.3018448638486 -1.7055789169220115e-15 23.99158137282931 -5685.743774790619 -6.331463217251271e-19 0.004874092166086562 -0.15510681686316152
1.5134082363473538 -1.2207439570277547 6.038206644052703 558.4155934365626 495.14599147904937 441.06359156244434 171.78613473434234 3.469293876507662 4.055007435987484 -2345.3018448638486 -1.7055789169220115e-15 23.99158137282931 -5685.743774790619 -6.331463217251271e-19 0.004874092166086562 -0.15510681686316152
1.4947484333034853 -1.1667287376902424 5.950565615605665 562.4994020746453 495.5010934208576 450.1243301742943 172.41206739499466 3.469293876507662 4.055007435987484 -2345.3018448638486 -1.7055789169220115e-15 23.99158137282931 -5685.743774790619 -6.331463217251271e-19 0.004874092166086562 -0.15510681686316152
1.4760886302596214 -1.1117314234556865 5.9560872101738465 566.5853008646809 495.94247891122814 459.4268485386856 173.57276130910031 3.469293876507662 4.055007435987484 -2345.3018448638486 -1.7055789169220115e-15 23.99158137282931 -5685.743774790619 -6.331463217251271e-19 0.004874092166086562 -0.15510681686316152
1.457428827215753 -1.0567341092211295 5.95608721017378 570.6590318834278 496.4706137612584 468.8154616036918 175.18280541198328 3.469293876507662 4.055007435987484 -2345.3018448638486 -1.7055789169220115e-15 23.99158137282931 -5685.743774790619 -6.331463217251271e-19 0.004874092166086562 -0.15510681686316152
1.4436794986571129 -1.0007547000895254 6.042338851938166 574.7068052495306 497.0858204486276 478.144910589559 177.16131215327187 3.469293876507662 4.055007435987484 -2345.3018448638486 -1.7055789169220115e-15 23.99158137282931 -5685.743774790619 -6.331463217251271e-19 0.004874092166086562 -0.15510681686316152
1.4338585496866563 -0.9428111011638318 6.115289383929211 578.7152991237162 497.7882781176113 487.2803629854461 179.4319174970733 3.469293876507662 4.055007435987484 -2345.3018448638486 -1.7055789169220115e-15 23.99158137282931 -5685.743774790619 -6.331463217251271e-19 0.004874092166086562 -0.15510681686316152
1.428948075201428 -0.8829033124440464 6.201400926561591 582.6716597085469 498.57802257905405 496.0974125532666 181.922780922323 3.469293876507662 4.055007435987484 -2345.3018448638486 -1.7055789169220115e-15 23.99158137282931 -5685.743774790619 -6.331463217251271e-19 0.004874092166086562 -0.15510681686316152
1.4240376007161997 -0.8180850492390339 6.207572163942755 586.5635012486164 499.4549463104131 504.48207932605874 184.5665854209219 3.469293876507662 4.055007435987484 -2345.3018448638486 -1.7055789169220115e-15 23.99158137282931 -5685.743774790619 -6.331463217251271e-19 0.004874092166086562 -0.15510681686316152
1.4053777976723314 -0.7513025962399296 6.01072215777578 590.3789060304625 500.41879845571293 512.3308096051915 187.30053749965737 3.469293876507662 4.055007435987484 -2345.3018448638486 -1.7055789169220115e-15 23.99158137282931 -5685.743774790619 -6.331463217251271e-19 0.004874092166086562 -0.15510681686316152
1.3778791405550512 -0.6845201432408252 5.892578263481874 594.1064243825531 501.4691848255743 519.5504759663017 190.0663671802613 3.469293876507662 4.055007435987484 -2345.3018448638486 -1.7055789169220115e-15 23.99158137282931 -5685.743774790619 -6.331463217251271e-19 0.004874092166086562 -0.15510681686316152
1.3336848701879966 -0.6206839749328563 5.677640643574624 597.7350746754018 502.6055678972125 526.0583772527752 192.8103279977222 3.469293876507662 4.055007435987484 -2345.3018448638486 -1.7055789169220115e-15 23.99158137282931 -5685.743774790619 -6.331463217251271e-19 0.004874092166086562 -0.15510681686316152
1.2855622202327583 -0.5588119964189793 5.622142138328895 601.2543433214378 503.8272668144082 531.7822385821491 195.4831970014493 3.469293876507662 4.055007435987484 -2345.3018448638486 -1.7055789169220115e-15 23.99158137282931 -5685.743774790619 -6.331463217251271e-19 0.004874092166086562 -0.15510681686316152
1.2246723366159338 -0.5018504923903315 5.464466147903938 604.6541847750195 505.1334573875529 536.6602113395929 198.04027475509793 3.469293876507662 4.055007435987484 -2345.3018448638486 -1.7055789169220115e-15 23.99158137282931 -5685.743774790619 -6.331463217251271e-19 0.004874092166086562 -0.15510681686316152
1.1588719785138766 -0.4488173679498662 5.390759670732775 607.925021532501 506.5231720936272 540.6408731837291 200.4413853371516 3.469293876507662 4.055007435987484 -2345.3018448638486 -1.7055789169220115e-15 23.99158137282931 -5685.743774790619 -6.331463217251271e-19 0.004874092166086562 -0.15510681686316152
1.0852148612354477 -0.3987305282005374 5.309565638477341 611.0577441322021 507.9953000761807 543.6832280427916 202.65087633993244 3.469293876507662 4.055007435987484 -2345.3018448638486 -1.7055789169220115e-15 23.99158137282931 -5685.743774790619 -6.331463217251271e-19 0.004874092166086562 -0.15510681686316152
1.0066472694717952 -0.3545362578334817 5.224778440695438 614.0437111544234 509.5485871453684 545.7567061163718 204.63761886948487 3.469293876507662 4.055007435987484 -2345.3018448638486 -1.7055789169220115e-15 23.99158137282931 -5685.743774790619 -6.331463217251271e-19 0.004874092166086562 -0.15510681686316152
0.9192408236347306 -0.31525246195165646 5.134775616832002 616.8747492213733 511.18163577793075 546.8411638744874 206.3750075470307 3.469293876507662 4.055007435987484 -2345.3018448638486 -1.7055789169220115e-15 23.99158137282931 -5685.743774790619 -6.331463217251271e-19 0.004874092166086562 -0.15510681686316152
0.8318343777976661 -0.28186123545210434 5.077302079546477 619.5431529972775 512.8929051171845 546.9268840589793 207.84096050722292 3.469293876507662 4.055007435987484 -2345.3018448638486 -1.7055789169220115e-15 23.99158137282931 -5685.743774790619 -6.331463217251271e-19 0.004874092166086562 -0.15510681686316152
0.7581772605192418 -0.24945210384959693 5.126895854969483 622.0416851883201 514.6807109730389 546.0145756817656 209.0179193999502 3.469293876507662 4.055007435987484 -2345.3018448638486 -1.7055789169220115e-15 23.99158137282931 -5685.743774790619 -6.331463217251271e-19 0.004874092166086562 -0.15510681686316152
0.6904127126230905 -0.21998925693822718 5.1225163209261755 624.3635765426297 516.5432258219962 544.1153740260052 209.8928493882413 3.469293876507662 4.055007435987484 -2345.3018448638486 -1.7055789169220115e-15 23.99158137282931 -5685.743774790619 -6.331463217251271e-19 0.004874092166086562 -0.15510681686316152
0.6265765443151272 -0.1924905998209481 5.119136052110695 626.5025258502428 518.4784788071511 541.2508406458655 210.4572391497204 3.469293876507662 4.055007435987484 -2345.3018448638486 -1.7055789169220115e-15 23.99158137282931 -5685.743774790619 -6.331463217251271e-19 0.004874092166086562 -0.15510681686316152
0.5558657117278372 -0.16499194270367235 5.0832802691973065 628.452699943271 520.4843557381691 537.4529633665225 210.70710087683983 3.469293876507662 4.055007435987484 -2345.3018448638486 -1.7055789169220115e-15 23.99158137282931 -5685.743774790619 -6.331463217251271e-19 0.004874092166086562 -0.15510681686316152
0.48515487914054706 -0.13847538048343802 5.071159650655269 630.2087336956902 522.5585990913232 532.7641562828794 210.64297027565772 3.469293876507662 4.055007435987484 -2345.3018448638486 -1.7055789169220115e-15 23.99158137282931 -5685.743774790619 -6.331463217251271e-19 0.004874092166086562 -0.15510681686316152
0.40364100268575565 -0.11392300805729656 5.004950746788531 631.7657300235223 524.6988080094679 527.2372597623616 210.26990656694397 3.469293876507662 4.055007435987484 -2345.3018448638486 -1.7055789169220115e-15 23.99158137282931 -5685.743774790619 -6.331463217251271e-19 0.004874092166086562 -0.15510681686316152
0.31427036705460165 -0.09035273052820099 4.970253528185687 633.1192598846756 526.9024383020378 520.9355404430535 209.59749248472508 3.469293876507662 4.055007435987484 -2345.3018448638486 -1.7055789169220115e-15 23.99158137282931 -5685.743774790619 -6.331463217251271e-19 0.004874092166086562 -0.15510681686316152
0.21900716204117907 -0.06874664279319495 4.9354199487562775 634.2653622790531 529.1668024450619 513.932691233349 208.63983427878702 3.469293876507662 4.055007435987484 -2345.3018448638486 -1.7055789169220115e-15 23.99158137282931 -5685.743774790619 -6.331463217251271e-19 0.004874092166086562 -0.15510681686316152
0.11588719785138497 -0.0491047448522829 4.90061048568945 635.2005442485752 531.4890695811528 506.3128313119523 207.41556171211414 3.469293876507662 4.055007435987484 -2345.3018448638486 -1.7055789169220115e-15 23.99158137282931 -5685.743774790619 -6.331463217251271e-19 0.004874092166086562 -0.15510681686316152
0.004910474485223824 -0.032409131602507385 4.8617116410783785 635.9217808769972 533.8662655195212 498.1705061298562 205.94782806216972 3.469293876507662 4.055007435987484 -2345.3018448638486 -1.7055789169220115e-15 23.99158137282931 -5685.743774790619 -6.331463217251271e-19 0.004874092166086562 -0.15510681686316152
-0.11686929274843867 -0.01964189794091428 4.816846103858307 636.4265152901717 536.2952727359561 489.61068740847986 204.2643101202557 3.469293876507662 4.055007435987484 -2345.3018448638486 -1.7055789169220115e-15 23.99158137282931 -5685.743774790619 -6.331463217251271e-19 0.004874092166086562 -0.15510681686316152
-0.23766696508505641 -0.01080304386750358 4.785429545687806 636.7126586558807 538.7728303728263 480.7487731402507 202.39720819314243 3.469293876507662 4.055007435987484 -2345.3018448638486 -1.7055789169220115e-15 23.99158137282931 -5685.743774790619 -6.331463217251271e-19 0.004874092166086562 -0.15510681686316152
-0.35355416293644587 -0.004910474485229407 4.763192684442912 636.7785901837415 541.2955342391278 471.71058758860454 200.38324610085692 3.469293876507662 4.055007435987484 -2345.3018448638486 -1.7055789169220115e-15 23.99158137282931 -5685.743774790619 -6.331463217251271e-19 0.004874092166086562 -0.15510681686316152
-0.4606025067144235 -0.003928379588182409 4.721563034929812 636.6231571254975 543.859836810384 462.63238128612284 198.2636711774394 3.469293876507662 4.055007435987484 -2345.3018448638486 -1.7055789169220115e-15 23.99158137282931 -5685.743774790619 -6.331463217251271e-19 0.004874092166086562 -0.15510681686316152
-0.5656866606983026 -0.010803043867502462 4.64706151076133 636.2456747748365 546.4620472287634 453.66083103977144 196.08425427146722 3.469293876507662 4.055007435987484 -2345.3018448638486 -1.7055789169220115e-15 23.99158137282931 -5685.743774790619 -6.331463217251271e-19 0.004874092166086562 -0.15510681686316152
-0.6619319606087789 -0.020623992837959043 4.610700128621614 635.645926467274 549.0983313029947 444.9530399235664 193.8952897468116 3.469293876507662 4.055007435987484 -2345.3018448638486 -1.7055789169220115e-15 23.99158137282931 -5685.743774790619 -6.331463217251271e-19 0.004874092166086562 -0.15510681686316152
-0.753266786034018 -0.03928379588182744 4.514993420534791 634.8241635804443 551.7647115083846 436.6765372859081 191.75159547990188 3.469293876507662 4.055007435987484 -2345.3018448638486 -1.7055789169220115e-15 23.99158137282931 -5685.743774790619 -6.331463217251271e-19 0.004874092166086562 -0.15510681686316152
-0.8406732318710869 -0.06285407341092301 4.454524432583717 633.7811055338607 554.4570669868544 429.0092787431786 189.71251286240295 3.469293876507662 4.055007435987484 -2345.3018448638486 -1.7055789169220115e-15 23.99158137282931 -5685.743774790619 -6.331463217251271e-19 0.004874092166086562 -0.15510681686316152
-0.9231692032229186 -0.08937063563115623 4.408180486045442 632.5179397890315 557.171133546889 422.1396461854456 187.8419067998184 3.469293876507662 4.055007435987484 -2345.3018448638486 -1.7055789169220115e-15 23.99158137282931 -5685.743774790619 -6.331463217251271e-19 0.004874092166086562 -0.15510681686316152
-1.0115577439570278 -0.11981557743956962 4.387381108518055 631.036321849373 559.9025036635803 416.2664477706421 186.20816571259638 3.469293876507662 4.055007435987484 -2345.3018448638486 -1.7055789169220115e-15 23.99158137282931 -5685.743774790619 -6.331463217251271e-19 0.004874092166086562 -0.15510681686316152
-1.1028925693822758 -0.15124261414503112 4.387483862319581 629.3383752603186 562.6466264785968 411.5989179306198 184.88420153479092 3.434613062040316 4.027947386853919 -2321.410606587142 -0.055808786206308275 23.911719026658105 -5637.8583560610805 -2.339010318789103e-05 0.004848166108926092 -0.13828191074354101
-1.1971736794986625 -0.1836517457475385 4.387580331545587 627.4266916092893 565.3988078001976 408.35671736567747 183.94744971417822 3.434613062040316 4.027947386853919 -2321.410606587142 -0.055808786206308275 23.911719026658105 -5637.8583560610805 -2.339010318789103e-05 0.004848166108926092 -0.13828191074354101
-1.29341897940913 -0.21704297224709065 4.384650473604122 625.3043305256724 568.1542101032328 406.7699330492178 183.47986921394477 3.434613062040316 4.027947386853919 -2321.410606587142 -0.055808786206308275 23.911719026658105 -5637.8583560610805 -2.339010318789103e-05 0.004848166108926092 -0.13828191074354101
-1.3896642793196106 -0.2523983885407346 4.3668333998029905 622.9748196806249 570.9078525291361 407.0790782229742 183.5679425112321 3.434613062040316 4.027947386853919 -2321.410606587142 -0.055808786206308275 23.911719026658105 -5637.8583560610805 -2.339010318789103e-05 0.004848166108926092 -0.13828191074354101
-1.481981199641899 -0.28480752014324084 4.381292903680559 620.4421547875681 573.6546108859429 409.53509240283165 184.30267559707863 3.434613062040316 4.027947386853919 -2321.410606587142 -0.055808786206308275 23.911719026658105 -5637.8583560610805 -2.339010318789103e-05 0.004848166108926092 -0.13828191074354101
-1.577244404655326 -0.318198746642793 4.38157523004233 617.7107996016348 576.3892176482505 414.399341372191 185.7795979763032 3.434613062040316 4.027947386853919 -2321.410606587142 -0.055808786206308275 23.911719026658105 -5637.8583560610805 -2.339010318789103e-05 0.004848166108926092 -0.13828191074354101
-1.6675971351835248 -0.34864368845120863 4.387381108518033 614.7856859200692 579.1062619572722 421.9436171875568 188.09876266901847 3.434613062040316 4.027947386853919 -2321.410606587142 -0.055808786206308275 23.911719026658105 -5637.8583560610805 -2.339010318789103e-05 0.004848166108926092 -0.13828191074354101
-1.75402148612354 -0.37908863025962425 4.37369089618163 611.6722135820673 581.8001896207761 432.4501381763257 191.36474620946683 3.434613062040316 4.027947386853919 -2321.410606587142 -0.055808786206308275 23.911719026658105 -5637.8583560610805 -2.339010318789103e-05 0.004848166108926092 -0.13828191074354101
-1.8404458370635597 -0.41051566696508573 4.363617976800785 608.3762504686529 584.4653031131538 446.21154893620405 195.68664864549646 3.434613062040316 4.027947386853919 -2321.410606587142 -0.055808786206308275 23.911719026658105 -5637.8583560610805 -2.339010318789103e-05 0.004848166108926092 -0.13828191074354101
-1.9219597135183555 -0.44292479856759204 4.333961602356044 604.9041325029975 587.0957615753605 463.5309203347424 201.17809353920165 3.434613062040316 4.027947386853919 -2321.410606587142 -0.055808786206308275 23.911719026658105 -5637.8583560610805 -2.339010318789103e-05 0.004848166108926092 -0.13828191074354101
-1.9965989256938246 -0.4792623097582818 4.25932298700495 601.2626636501227 589.685580814953 484.7217495116638 207.95722796744667 3.434613062040316 4.027947386853919 -2321.410606587142 -0.055808786206308275 23.911719026658105 -5637.8583560610805 -2.339010318789103e-05 0.004848166108926092 -0.13828191074354101
-2.0732023276633833 -0.5165819158460175 4.259050284530106 597.4591159170086 592.2286333060665 510.10795987874735 216.14672252116725 3.434613062040316 4.027947386853919 -2321.410606587142 -0.055808786206308275 23.911719026658105 -5637.8583560610805 -2.339010318789103e-05 0.004848166108926092 -0.13828191074354101
-2.151769919427036 -0.5558657117278427 4.248741371383895 593.5012293527107 594.7186481894469 540.0239011176163 225.87377130560344 3.434613062040316 4.027947386853919 -2321.410606587142 -0.055808786206308275 23.911719026658105 -5637.8583560610805 -2.339010318789103e-05 0.004848166108926092 -0.13828191074354101
-2.2323017009847783 -0.5941674127126243 4.268443255296675 589.3972120480539 597.1492112723818 574.8143491784576 237.27009193965932 3.434613062040316 4.027947386853919 -2321.410606587142 -0.055808786206308275 23.911719026658105 -5637.8583560610805 -2.339010318789103e-05 0.004848166108926092 -0.13828191074354101
-2.3206902417188875 -0.6344333034914965 4.284924667369462 585.1557401360042 599.5137650287988 614.8345062853768 250.47192555770744 3.434613062040316 4.027947386853919 -2321.410606587142 -0.055808786206308275 23.911719026658105 -5637.8583560610805 -2.339010318789103e-05 0.004848166108926092 -0.13828191074354101
