23 -0.2798970456580215 0.03437332139659691 4.125398180262463 -0.7375532676812973 0.4114977618621305
-0.2798970456580215 0.03437332139659691 4.125398180262463 639.8631909536198 522.6231392454356 597.1154302174691 283.93566462397575 3.207698293460593 3.7154627981483106 -1927.6885356680955 0.04559484263769062 22.00004999926361 -4264.114901057625 1.9109322144882865e-05 0.004457641373382613 0.1322818629247995
-0.2897179946284781 0.04812264995523591 4.19168173409236 640.6999016273767 523.1564246574417 598.2990596329328 285.1982540935278 3.207698293460593 3.7154627981483106 -1927.6885356680955 0.04559484263769062 22.00004999926361 -4264.114901057625 1.9109322144882865e-05 0.004457641373382613 0.1322818629247995
-0.3044494180841585 0.06285407341092189 4.257965287922257 641.8031294825487 523.6285258205608 599.3600529886317 292.8266082108021 3.207698293460593 3.7154627981483106 -1927.6885356680955 0.04559484263769062 22.00004999926361 -4264.114901057625 1.9109322144882865e-05 0.004457641373382613 0.1322818629247995
-0.31918084153984333 0.07758549686660676 4.324248841752155 643.0981200728565 524.0655508097261 600.3172353946138 305.22779051959515 3.207698293460593 3.7154627981483106 -1927.6885356680955 0.04559484263769062 22.00004999926361 -4264.114901057625 1.9109322144882865e-05 0.004457641373382613 0.1322818629247995
-0.33685854968666695 0.09428111011638228 4.390532395582052 644.5188195658848 524.4903968456201 601.1868571925443 320.96246089041233 3.207698293460593 3.7154627981483106 -1927.6885356680955 0.04559484263769062 22.00004999926361 -4264.114901057625 1.9109322144882865e-05 0.004457641373382613 0.1322818629247995
-0.35453625783348613 0.11195881826320479 4.456815949411949 646.0078747421503 524.9227502804715 601.982593950117 338.74487566947937 3.207698293460593 3.7154627981483106 -1927.6885356680955 0.04559484263769062 22.00004999926361 -4264.114901057625 1.9109322144882865e-05 0.004457641373382613 0.1322818629247995
-0.3761423455684933 0.1296365264100262 4.523099503241846 647.5166329992935 525.3790866106283 602.7155464664102 357.4428879916668 3.207698293460593 3.7154627981483106 -1927.6885356680955 0.04559484263769062 22.00004999926361 -4264.114901057625 1.9109322144882865e-05 0.004457641373382613 0.1322818629247995
-0.3938200537153169 0.1482963294538946 4.589383057071743 649.0051423409022 525.8726704618894 603.3942407693248 376.07794727385044 3.207698293460593 3.7154627981483106 -1927.6885356680955 0.04559484263769062 22.00004999926361 -4264.114901057625 1.9109322144882865e-05 0.004457641373382613 0.1322818629247995
-0.4144440465532749 0.16793822739480552 4.65566661090164 650.4421513839625 526.4135556076653 604.0246281162836 393.82509945333004 3.207698293460593 3.7154627981483106 -1927.6885356680955 0.04559484263769062 22.00004999926361 -4264.114901057625 1.9109322144882865e-05 0.004457641373382613 0.1322818629247995
-0.4350680393912372 0.1875801253357198 4.7219501647315365 651.8051093677059 527.0085849475581 604.6100849935319 410.0129870772362 3.207698293460593 3.7154627981483106 -1927.6885356680955 0.04559484263769062 22.00004999926361 -4264.114901057625 1.9109322144882865e-05 0.004457641373382613 0.1322818629247995
-0.4527457475380564 0.20427573858549533 4.788233718561434 653.0801661293954 527.661390529247 605.1514131156728 424.1238492131233 3.207698293460593 3.7154627981483106 -1927.6885356680955 0.04559484263769062 22.00004999926361 -4264.114901057625 1.9109322144882865e-05 0.004457641373382613 0.1322818629247995
-0.47435183527306357 0.21802506714413541 4.85451727239133 654.2621721341275 528.372393530095 605.646839428693 435.793521463871 3.207698293460593 3.7154627981483106 -1927.6885356680955 0.04559484263769062 22.00004999926361 -4264.114901057625 1.9109322144882865e-05 0.004457641373382613 0.1322818629247995
-0.4979221128021558 0.22981020590868154 4.920800826221228 655.3546784482896 529.1388042713515 606.0920161050744 444.811435803771 3.207698293460593 3.7154627981483106 -1927.6885356680955 0.04559484263769062 22.00004999926361 -4264.114901057625 1.9109322144882865e-05 0.004457641373382613 0.1322818629247995
-0.5214923903312525 0.24355953446732165 4.987084380051125 656.369936760515 529.9546222048812 606.480020549614 451.1206208616495 3.207698293460593 3.7154627981483106 -1927.6885356680955 0.04559484263769062 22.00004999926361 -4264.114901057625 1.9109322144882865e-05 0.004457641373382613 0.1322818629247995
-0.551937332139667 0.254362578334823 5.053367933881022 657.3288993644528 530.8106359296944 606.8013553936034 454.81770181655884 3.207698293460593 3.7154627981483106 -1927.6885356680955 0.04559484263769062 22.00004999926361 -4264.114901057625 1.9109322144882865e-05 0.004457641373382613 0.1322818629247995
-0.5892569382273993 0.26418352730528183 4.969712695355852 658.2612191722728 531.6944231714588 607.0439484990202 456.1529002189636 3.207698293460593 3.7154627981483106 -1927.6885356680955 0.04559484263769062 22.00004999926361 -4264.114901057625 1.9109322144882865e-05 0.004457641373382613 0.1322818629247995
-0.6226481647269482 0.27596866606983017 5.051681594838779 659.2052497020923 532.5903508034535 607.1931529559661 455.530034288764 3.207698293460593 3.7154627981483106 -1927.6885356680955 0.04559484263769062 22.00004999926361 -4264.114901057625 1.9109322144882865e-05 0.004457641373382613 0.1322818629247995
-0.6530931065353671 0.28971799462846803 5.136583388288376 660.2080450989306 533.4795748284087 607.2317470852286 453.506518676877 3.207698293460593 3.7154627981483106 -1927.6885356680955 0.04559484263769062 22.00004999926361 -4264.114901057625 1.9109322144882865e-05 0.004457641373382613 0.1322818629247995
-0.6805917636526428 0.3044494180841529 5.204198156373429 661.3253601086326 534.3400403938722 607.1399344359525 450.7933645248413 3.207698293460593 3.7154627981483106 -1927.6885356680955 0.04559484263769062 22.00004999926361 -4264.114901057625 1.9109322144882865e-05 0.004457641373382613 0.1322818629247995
-0.7080904207699186 0.32016293643688476 5.231535094631291 662.6216500881128 535.1464817773085 606.8953437858727 448.2551796287298 3.207698293460593 3.7154627981483106 -1927.6885356680955 0.04559484263769062 22.00004999926361 -4264.114901057625 1.9109322144882865e-05 0.004457641373382613 0.1322818629247995
-0.734606982990154 0.33784064458370505 5.30039158393217 664.1700710183941 535.8704224009998 606.473029143177 446.91016814112663 3.207698293460593 3.7154627981483106 -1927.6885356680955 0.04559484263769062 22.00004999926361 -4264.114901057625 1.9109322144882865e-05 0.004457641373382613 0.1322818629247995
-0.7444279319606106 0.35944673231871 5.856557814052718 666.0524794794619 536.4801748208702 605.8454697455745 447.9301308095455 3.207698293460593 3.7154627981483106 -1927.6885356680955 0.04559484263769062 22.00004999926361 -4264.114901057625 1.9109322144882865e-05 0.004457641373382613 0.1322818629247995
-0.7444279319606151 0.3849811996418973 6.283185307179411 668.3594326819293 536.9408407323062 604.9825700584333 452.64046505093575 3.207698293460593 3.7154627981483106 -1927.6885356680955 0.04559484263769062 22.00004999926361 -4264.114901057625 1.9109322144882865e-05 0.004457641373382613 0.1322818629247995
-0.7375532676812973 0.4114977618621305 0.2536740961385755 672.2961136823869 533.5684129772417 302.9208495710045 319.99529556563357 3.2150186377921752 3.7271296290835254 -1934.444421068562 0.045705972400045466 22.074428690156665 -4288.0726536890925 1.915589790446158e-05 0.004478974051680244 0.1262065286079175
-0.7139829901522006 0.44096060877349913 0.6747409422235896 674.2421806385391 532.4413658922713 337.72633498348296 310.27983665524516 3.2150186377921752 3.7271296290835254 -1934.444421068562 0.045705972400045466 22.074428690156665 -4288.0726536890925 1.915589790446158e-05 0.004478974051680244 0.1262065286079175
-0.6864843330349248 0.4714055505819159 0.7345944593391563 676.2328921909793 531.5329397207242 368.6237705908716 301.0438177587348 3.2150186377921752 3.7271296290835254 -1934.444421068562 0.045705972400045466 22.074428690156665 -4288.0726536890925 1.915589790446158e-05 0.004478974051680244 0.1262065286079175
-0.6521110116383223 0.49890420769919497 0.8960553845713954 678.255185997521 530.8310640701384 395.9422393254936 292.287158632942 3.2150186377921752 3.7271296290835254 -1934.444421068562 0.045705972400045466 22.074428690156665 -4288.0726536890925 1.915589790446158e-05 0.004478974051680244 0.1262065286079175
-0.6147914055505855 0.5273849597135177 0.9189272124893655 680.2964365474763 530.3239285645832 419.99798439256847 284.0088100739522 3.2150186377921752 3.7271296290835254 -1934.444421068562 0.045705972400045466 22.074428690156665 -4288.0726536890925 1.915589790446158e-05 0.004478974051680244 0.1262065286079175
-0.576489704565804 0.553901521933751 0.9652516631899296 682.3444551616558 529.9999828456203 441.0944092627615 276.2067539197742 3.2150186377921752 3.7271296290835254 -1934.444421068562 0.045705972400045466 22.074428690156665 -4288.0726536890925 1.915589790446158e-05 0.004478974051680244 0.1262065286079175
-0.5381880035810269 0.5833643688451184 0.9151007005533519 684.387489992776 529.8479365715466 459.5220777001232 268.8780030469643 3.2150186377921752 3.7271296290835254 -1934.444421068562 0.045705972400045466 22.074428690156665 -4288.0726536890925 1.915589790446158e-05 0.004478974051680244 0.1262065286079175
-0.5008683974932946 0.61479140555058 0.8709034570756106 686.414226024528 529.8567594175984 475.55871373973787 262.01860137237236 3.2150186377921752 3.7271296290835254 -1934.444421068562 0.045705972400045466 22.074428690156665 -4288.0726536890925 1.915589790446158e-05 0.004478974051680244 0.1262065286079175
-0.46944136078783083 0.6481826320501344 0.7551044034786857 688.4137850725674 530.0156810759217 489.46920169331133 255.62362385354936 3.2150186377921752 3.7271296290835254 -1934.444421068562 0.045705972400045466 22.074428690156665 -4288.0726536890925 1.915589790446158e-05 0.004478974051680244 0.1262065286079175
-0.4419427036705506 0.6815738585496864 0.6889243882148965 690.375725784339 530.314191255864 501.50558614730835 249.68717648735037 3.2150186377921752 3.7271296290835254 -1934.444421068562 0.045705972400045466 22.074428690156665 -4288.0726536890925 1.915589790446158e-05 0.004478974051680244 0.1262065286079175
-0.4311396598030448 0.7139829901521928 0.32175055439674555 692.2900436380878 530.7420396833622 511.9070719666779 244.2023963110405 3.2150186377921752 3.7271296290835254 -1934.444421068562 0.045705972400045466 22.074428690156665 -4288.0726536890925 1.915589790446158e-05 0.004478974051680244 0.1262065286079175
-0.4311396598030448 0.7444279319606084 -0.0 694.1471709444886 531.2892361017002 520.9000243004411 239.16145140171284 3.2150186377921752 3.7271296290835254 -1934.444421068562 0.045705972400045466 22.074428690156665 -4288.0726536890925 1.915589790446158e-05 0.004478974051680244 0.1262065286079175
-0.4311396598030448 0.7738907788719792 -0.0 695.9379768452491 531.9460502711008 528.6979685556144 234.5555408759974 3.2150186377921752 3.7271296290835254 -1934.444421068562 0.045705972400045466 22.074428690156665 -4288.0726536890925 1.915589790446158e-05 0.004478974051680244 0.1262065286079175
-0.44881736794986843 0.8013894359892562 5.7118478273458875 697.6537673142157 532.7030119685223 535.5015904325992 230.37489489256404 3.2150186377921752 3.7271296290835254 -1934.444421068562 0.045705972400045466 22.074428690156665 -4288.0726536890925 1.915589790446158e-05 0.004478974051680244 0.1262065286079175
-0.4831906893464665 0.8249597135183528 5.313462734882457 699.2862851563259 533.5509109880368 541.4987359084189 226.60877464717487 3.2150186377921752 3.7271296290835254 -1934.444421068562 0.045705972400045466 22.074428690156665 -4288.0726536890925 1.915589790446158e-05 0.004478974051680244 0.1262065286079175
-0.5214923903312481 0.8436195165622201 5.165727676239238 700.8277100079576 534.4807971407427 546.8644112236798 223.24547237803927 3.2150186377921752 3.7271296290835254 -1934.444421068562 0.045705972400045466 22.074428690156665 -4288.0726536890925 1.915589790446158e-05 0.004478974051680244 0.1262065286079175
-0.5666687555953474 0.8563867502238132 4.9878150840807205 702.2706583376275 535.4839802546194 551.7607829198241 220.2723113624961 3.2150186377921752 3.7271296290835254 -1934.444421068562 0.045705972400045466 22.074428690156665 -4288.0726536890925 1.915589790446158e-05 0.004478974051680244 0.1262065286079175
-0.610863025962402 0.8642435094001791 4.888328605837232 703.6081834454089 536.5520301744982 556.3371777813882 217.67564591747941 3.2150186377921752 3.7271296290835254 -1934.444421068562 0.045705972400045466 22.074428690156665 -4288.0726536890925 1.915589790446158e-05 0.004478974051680244 0.1262065286079175
-0.6688066248880967 0.8691539838854063 4.796932735897667 704.8337754620588 537.6767767624406 560.7300828918815 215.4408614008571 3.2150186377921752 3.7271296290835254 -1934.444421068562 0.045705972400045466 22.074428690156665 -4288.0726536890925 1.915589790446158e-05 0.004478974051680244 0.1262065286079175
-0.7296965085049257 0.8730823634735898 4.77681581981026 705.9413613508805 538.8503098976216 565.0631456132978 213.55237420991762 3.2150186377921752 3.7271296290835254 -1934.444421068562 0.045705972400045466 22.074428690156665 -4288.0726536890925 1.915589790446158e-05 0.004478974051680244 0.1262065286079175
-0.7905863921217592 0.8770107430617722 4.776815819810237 706.925304906501 540.0649794753117 569.4471735749394 211.99363178189378 3.2150186377921752 3.7271296290835254 -1934.444421068562 0.045705972400045466 22.074428690156665 -4288.0726536890925 1.915589790446158e-05 0.004478974051680244 0.1262065286079175
-0.8632614145031433 0.8760286481647264 4.698876289371359 707.780406755046 541.313395409059 573.9801346939057 210.74711259477772 3.2150186377921752 3.7271296290835254 -1934.444421068562 0.045705972400045466 22.074428690156665 -4288.0726536890925 1.915589790446158e-05 0.004478974051680244 0.1262065286079175
-0.9457573858549795 0.8760286481647275 4.712388980384703 708.5019043542561 542.5884276281868 578.7471571415663 209.79432616528356 3.2150186377921752 3.7271296290835254 -1934.444421068562 0.045705972400045466 22.074428690156665 -4288.0726536890925 1.915589790446158e-05 0.004478974051680244 0.1262065286079175
-1.0331638316920395 0.8750465532676815 4.701153498126724 709.0854719933122 543.8832060797722 583.820529403165 209.11581305175787 3.2150186377921752 3.7271296290835254 -1934.444421068562 0.045705972400045466 22.074428690156665 -4288.0726536890925 1.915589790446158e-05 0.004478974051680244 0.1262065286079175
-1.107803043867513 0.8701360787824532 4.646694178832228 709.527220792952 545.1911207272788 589.2597001958638 208.6911448520259 3.2150186377921752 3.7271296290835254 -1934.444421068562 0.045705972400045466 22.074428690156665 -4288.0726536890925 1.915589790446158e-05 0.004478974051680244 0.1262065286079175
-1.1912811101163896 0.8662076991942709 4.665364848541944 709.8236987062264 546.5058215518366 595.1112785544246 208.49892420315882 3.2150186377921752 3.7271296290835254 -1934.444421068562 0.045705972400045466 22.074428690156665 -4288.0726536890925 1.915589790446158e-05 0.004478974051680244 0.1262065286079175
-1.2708307967770869 0.8612972247090415 4.650738809745416 709.9718905164045 547.8212185509037 601.4090337660164 208.51678478327813 3.2150186377921752 3.7271296290835254 -1934.444421068562 0.045705972400045466 22.074428690156665 -4288.0726536890925 1.915589790446158e-05 0.004478974051680244 0.1262065286079175
-1.3503804834377844 0.8544225604297225 4.626183406708918 709.969217839709 549.1314817393431 608.1738954037428 208.72139130963478 3.2150186377921752 3.7271296290835254 -1934.444421068562 0.045705972400045466 22.074428690156665 -4288.0726536890925 1.915589790446158e-05 0.004478974051680244 0.1262065286079175
-1.4142166517457522 0.8416553267681283 4.514993420534799 709.813539122988 550.4310411486076 615.4139533098787 209.08843954047188 3.2150186377921752 3.7271296290835254 -1934.444421068562 0.045705972400045466 22.074428690156665 -4288.0726536890925 1.915589790446158e-05 0.004478974051680244 0.1262065286079175
-1.4800170098478138 0.8239776186213058 4.449929580558414 709.5031496452866 551.7145868273801 623.1244576144964 209.59265627292916 3.2150186377921752 3.7271296290835254 -1934.444421068562 0.045705972400045466 22.074428690156665 -4288.0726536890925 1.915589790446158e-05 0.004478974051680244 0.1262065286079175
-1.538942703670549 0.8033536257833468 4.375714160997935 709.0367815170321 552.97706884137 631.2878187187016 210.20779934542952 3.2150186377921752 3.7271296290835254 -1934.444421068562 0.045705972400045466 22.074428690156665 -4288.0726536890925 1.915589790446158e-05 0.004478974051680244 0.1262065286079175
-1.57920859444942 0.7856759176365253 4.298699767105827 708.4136036797427 554.2136972731096 639.873607294634 210.90665763558354 3.2150186377921752 3.7271296290835254 -1934.444421068562 0.045705972400045466 22.074428690156665 -4288.0726536890925 1.915589790446158e-05 0.004478974051680244 0.1262065286079175
-1.6008146821844271 0.7670161145926592 4.000031382290457 707.6332219071337 555.41994222207 648.8385543059558 211.6610510610626 3.2150186377921752 3.7271296290835254 -1934.444421068562 0.045705972400045466 22.074428690156665 -4288.0726536890925 1.915589790446158e-05 0.004478974051680244 0.1262065286079175
-1.6125998209489734 0.7522846911369743 3.816333595813272 706.6956788048265 556.5915338048071 658.1265509799123 212.44183058093768 3.2150186377921752 3.7271296290835254 -1934.444421068562 0.045705972400045466 22.074428690156665 -4288.0726536890925 1.915589790446158e-05 0.004478974051680244 0.1262065286079175
-1.630277529095797 0.7414816472694719 4.163839577934198 705.6014538086602 557.7244621547288 667.6686488185078 213.2188781912555 3.2150186377921752 3.7271296290835254 -1934.444421068562 0.045705972400045466 22.074428690156665 -4288.0726536890925 1.915589790446158e-05 0.004478974051680244 0.1262065286079175
-1.6332238137869313 0.7326427931960612 3.46334320798617 704.3514631871367 558.8149774223275 677.3830596208572 213.96110693190712 3.2150186377921752 3.7271296290835254 -1934.444421068562 0.045705972400045466 22.074428690156665 -4288.0726536890925 1.915589790446158e-05 0.004478974051680244 0.1262065286079175
-1.6273312444046582 0.7247860340196952 2.4980915447966225 702.9470600405475 559.8595897749765 687.1751554366201 214.6364608797012 3.2150186377921752 3.7271296290835254 -1934.444421068562 0.045705972400045466 22.074428690156665 -4288.0726536890925 1.915589790446158e-05 0.004478974051680244 0.1262065286079175
-1.6184923903312507 0.7179113697403763 2.2318394956457324 701.3900342998677 560.8550693973666 696.9374686125666 215.21191515307873 3.2150186377921752 3.7271296290835254 -1934.444421068562 0.045705972400045466 22.074428690156665 -4288.0726536890925 1.915589790446158e-05 0.004478974051680244 0.1262065286079175
-1.615546105640112 0.7090725156669656 2.8198420991929614 699.6826127286186 561.7984464905458 706.5496917627752 215.65347591001773 3.2150186377921752 3.7271296290835254 -1934.444421068562 0.045705972400045466 22.074428690156665 -4288.0726536890925 1.915589790446158e-05 0.004478974051680244 0.1262065286079175
-1.6008146821844271 0.6992515666965079 2.158798930342517 697.8274589206558 562.6870112729084 715.8786777742207 215.92618034908082 3.2150186377921752 3.7271296290835254 -1934.444421068562 0.045705972400045466 22.074428690156665 -4288.0726536890925 1.915589790446158e-05 0.004478974051680244 0.1262065286079175
-1.583136974037608 0.6874664279319607 2.158798930342508 695.8276733027888 563.5183139798173 724.7784398254007 215.99409670761088 3.2150186377921752 3.7271296290835254 -1934.444421068562 0.045705972400045466 22.074428690156665 -4288.0726536890925 1.915589790446158e-05 0.004478974051680244 0.1262065286079175
-1.5713518352730573 0.6737170993733217 2.4329663814620024 693.6867931325105 564.2901648635743 733.0901513565332 215.82032426487422 3.2150186377921752 3.7271296290835254 -1934.444421068562 0.045705972400045466 22.074428690156665 -4288.0726536890925 1.915589790446158e-05 0.004478974051680244 0.1262065286079175
-1.5654592658907889 0.657021486123545 2.802300039136042 691.4087924988708 565.0006341932458 740.6421460919082 215.3669933382189 3.2150186377921752 3.7271296290835254 -1934.444421068562 0.045705972400045466 22.074428690156665 -4288.0726536890925 1.915589790446158e-05 0.004478974051680244 0.1262065286079175
-1.5507278424350994 0.636397493285586 2.5213431676068336 688.9980823231745 565.648052255332 747.2499180324376 214.5952652861015 3.2150186377921752 3.7271296290835254 -1934.444421068562 0.045705972400045466 22.074428690156665 -4288.0726536890925 1.915589790446158e-05 0.004478974051680244 0.1262065286079175
-1.5359964189794146 0.6128272157564894 2.582993338246248 686.4595103581087 566.2310093528358 752.7161214537919 213.46533250733046 3.2150186377921752 3.7271296290835254 -1934.444421068562 0.045705972400045466 22.074428690156665 -4288.0726536890925 1.915589790446158e-05 0.004478974051680244 0.1262065286079175
-1.5301038495971415 0.5853285586392124 2.930499320367066 683.7983611871605 566.7483558061067 756.8305709064007 211.93641843961086 3.211412655726167 3.735369236111928 -1935.0363102465355 0.04571002298098151 22.14660848056263 -4311.257812012124 1.915759554944741e-05 0.004499707208705324 0.12032520597918794
-1.5330501342882759 0.5548836168307968 3.238066428772292 681.0203562264796 567.1992019519676 759.3702412247658 209.96677756146528 3.211412655726167 3.735369236111928 -1935.0363102465355 0.04571002298098151 22.14660848056263 -4311.257812012124 1.915759554944741e-05 0.004499707208705324 0.12032520597918794
-1.5359964189794102 0.5244386750223812 3.238066428772292 678.1316537229577 567.5829181447625 760.0992675200105 207.51369539147709 3.211412655726167 3.735369236111928 -1935.0363102465355 0.04571002298098151 22.14660848056263 -4311.257812012124 1.915759554944741e-05 0.004499707208705324 0.12032520597918794
-1.538942703670549 0.49399373321396556 3.2380664287724374 675.1388487554505 567.8991347555129 758.7689451593906 204.5334884877666 3.211412655726167 3.735369236111928 -1935.0363102465355 0.04571002298098151 22.14660848056263 -4311.257812012124 1.915759554944741e-05 0.004499707208705324 0.12032520597918794
-1.550727842435095 0.4615846016114593 3.490363657173656 672.048973234836 568.1477421723248 755.1177298221737 200.98150444944622 3.211412655726167 3.735369236111928 -1935.0363102465355 0.04571002298098151 22.14660848056263 -4311.257812012124 1.915759554944741e-05 0.004499707208705324 0.12032520597918794
-1.5654592658907844 0.42721128021486127 3.546484439874986 668.8694959023269 568.3288908000686 748.8712374418974 196.81212191429222 3.211412655726167 3.735369236111928 -1935.0363102465355 0.04571002298098151 22.14660848056263 -4311.257812012124 1.915759554944741e-05 0.004499707208705324 0.12032520597918794
-1.5772444046553304 0.3908737690241726 3.4552133058064523 665.6083223316818 568.4429910609324 739.742244226858 191.9787505614804 3.211412655726167 3.735369236111928 -1935.0363102465355 0.04571002298098151 22.14660848056263 -4311.257812012124 1.915759554944741e-05 0.004499707208705324 0.12032520597918794
-1.5959042076992034 0.35355416293643804 3.6052402625907187 662.2737949285656 568.4907133936649 727.4306866656989 186.43383110890863 3.211412655726167 3.735369236111928 -1935.0363102465355 0.04571002298098151 22.14660848056263 -4311.257812012124 1.915759554944741e-05 0.004499707208705324 0.12032520597918794
-1.623402864816479 0.3113240823634741 3.718784867463202 658.8746929289773 568.4729882541869 711.6236615329981 180.12883531540865 3.211412655726167 3.735369236111928 -1935.0363102465355 0.04571002298098151 22.14660848056263 -4311.257812012124 1.915759554944741e-05 0.004499707208705324 0.12032520597918794
-1.653847806624898 0.263201432408237 3.705676374639505 655.4202324021026 568.3910061155912 691.9954258743674 173.0142659796984 3.211412655726167 3.735369236111928 -1935.0363102465355 0.04571002298098151 22.14660848056263 -4311.257812012124 1.915759554944741e-05 0.004499707208705324 0.12032520597918794
-1.6842927484333081 0.2121324977618635 3.679179300248468 651.9200662467047 568.2462174679094 668.2073970083147 165.03965694090584 3.211412655726167 3.735369236111928 -1935.0363102465355 0.04571002298098151 22.14660848056263 -4311.257812012124 1.915759554944741e-05 0.004499707208705324 0.12032520597918794
-1.714737690241727 0.15811727842435117 3.654844926456095 648.3842841951409 568.0403328174143 639.908152539283 156.1535730769392 3.211412655726167 3.735369236111928 -1935.0363102465355 0.04571002298098151 22.14660848056263 -4311.257812012124 1.915759554944741e-05 0.004499707208705324 0.12032520597918794
-1.7481289167412803 0.10017367949865645 3.6643817389702003 644.8234128102777 567.7753226884815 606.733430325985 146.30361030693166 3.211412655726167 3.735369236111928 -1935.0363102465355 0.04571002298098151 22.14660848056263 -4311.257812012124 1.915759554944741e-05 0.004499707208705324 0.12032520597918794
-1.7785738585496993 0.042230080572962854 3.6253717707210513 641.2484154863632 567.4534176216403 568.306128539145 135.43639559019357 3.211412655726167 3.735369236111928 -1935.0363102465355 0.04571002298098151 22.14660848056263 -4311.257812012124 1.915759554944741e-05 0.004499707208705324 0.12032520597918794
-1.8001799462846975 -0.012767233661593108 3.515926269597284 637.6706924497266 567.0771081745625 524.2363056000322 123.49758692423347 3.211412655726167 3.735369236111928 -1935.0363102465355 0.04571002298098151 22.14660848056263 -4311.257812012124 1.915759554944741e-05 0.004499707208705324 0.12032520597918794
-1.8129471799462928 -0.0667824529991043 3.37369649166498 634.1020807583118 566.6491449222085 474.1211802121252 110.43187334918184 3.211412655726167 3.735369236111928 -1935.0363102465355 0.04571002298098151 22.14660848056263 -4311.257812012124 1.915759554944741e-05 0.004499707208705324 0.12032520597918794
-1.8227681289167494 -0.1168692927484342 3.3352146464457335 630.5548543013865 566.1725384562451 417.545131361112 96.18297494284343 3.211412655726167 3.735369236111928 -1935.0363102465355 0.04571002298098151 22.14660848056263 -4311.257812012124 1.915759554944741e-05 0.004499707208705324 0.12032520597918794
-1.8198218442256107 -0.16695613249776187 3.082836830874034 627.04172379995 565.6505593851616 354.07969830185175 80.6936428247136 3.211412655726167 3.735369236111928 -1935.0363102465355 0.04571002298098151 22.14660848056263 -4311.257812012124 1.915759554944741e-05 0.004499707208705324 0.12032520597918794
-1.8050904207699214 -0.21311459265890825 2.8326619096659664 623.5758368065581 565.0867383348814 283.28358057141304 63.905659153533634 3.211412655726167 3.735369236111928 -1935.0363102465355 0.04571002298098151 22.14660848056263 -4311.257812012124 1.915759554944741e-05 0.004499707208705324 0.12032520597918794
-1.7805380483437843 -0.2553446732318722 2.6149653821561287 620.1707777051488 564.4848659476847 204.702637989074 45.759837129095104 3.211412655726167 3.735369236111928 -1935.0363102465355 0.04571002298098151 22.14660848056263 -4311.257812012124 1.915759554944741e-05 0.004499707208705324 0.12032520597918794
-1.7500931065353698 -0.2936463742166527 2.4699864973360643 616.8405677115079 563.8489928832569 117.86989064328372 26.196020989504177 3.211412655726167 3.735369236111928 -1935.0363102465355 0.04571002298098151 22.14660848056263 -4311.257812012124 1.915759554944741e-05 0.004499707208705324 0.12032520597918794
-1.713755595344678 -0.32998388540734136 2.3561944901922987 613.5996648729779 563.1834298182512 22.305518897250295 5.1530860139173456 3.211412655726167 3.735369236111928 -1935.0363102465355 0.04571002298098151 22.14660848056263 -4311.257812012124 1.915759554944741e-05 0.004499707208705324 0.12032520597918794
-1.6744717994628515 -0.3623930170098476 2.260596371528498 610.4629640681087 562.4927474461729 -82.48313661292195 -17.43106147873914 3.211412655726167 3.735369236111928 -1935.0363102465355 0.04571002298098151 22.14660848056263 -4311.257812012124 1.915759554944741e-05 0.004499707208705324 0.12032520597918794
-1.6381342882721595 -0.39185586392121735 2.2520945520827094 607.4457970075309 561.7817764776119 -197.00157495588064 -41.61948412889615 3.211412655726167 3.735369236111928 -1935.0363102465355 0.04571002298098151 22.14660848056263 -4311.257812012124 1.915759554944741e-05 0.004499707208705324 0.12032520597918794
-1.6047430617726106 -0.4223008057296341 2.3100733741779087 604.5639322330826 561.0556076400098 -321.76813494227827 -67.4762135380297 3.211412655726167 3.735369236111928 -1935.0363102465355 0.04571002298098151 22.14660848056263 -4311.257812012124 1.915759554944741e-05 0.004499707208705324 0.12032520597918794
-1.5713518352730573 -0.45078155774395795 2.2769954192228763 601.8335751190898 560.3195916775148 -457.3139950931072 -95.0662502659834 3.211412655726167 3.735369236111928 -1935.0363102465355 0.04571002298098151 22.14660848056263 -4311.257812012124 1.915759554944741e-05 0.004499707208705324 0.12032520597918794
-1.5409068934646428 -0.47828021486123595 2.30539078613413 599.2713678695727 559.5793393518252 -604.1831736508757 -124.45556383382063 3.211412655726167 3.735369236111928 -1935.0363102465355 0.04571002298098151 22.14660848056263 -4311.257812012124 1.915759554944741e-05 0.004499707208705324 0.12032520597918794
-1.5094798567591792 -0.5018504923903304 2.214297435588113 596.8943895219709 558.8407214412873 -762.932528603822 -155.71109272330068 3.211412655726167 3.735369236111928 -1935.0363102465355 0.04571002298098151 22.14660848056263 -4311.257812012124 1.915759554944741e-05 0.004499707208705324 0.12032520597918794
-1.4809991047448587 -0.5234565801253354 2.219791885791468 594.7201559446403 558.1098687410995 -934.1317576449364 -188.9007443737937 3.211412655726167 3.735369236111928 -1935.0363102465355 0.04571002298098151 22.14660848056263 -4311.257812012124 1.915759554944741e-05 0.004499707208705324 0.12032520597918794
-1.4564467323187171 -0.5421163831692037 2.2206667762068673 592.7666198372608 557.3931720639812 -1118.3633981812745 -224.09339518699562 3.211412655726167 3.735369236111928 -1935.0363102465355 0.04571002298098151 22.14660848056263 -4311.257812012124 1.915759554944741e-05 0.004499707208705324 0.12032520597918794
-1.4250196956132535 -0.5578299015219333 2.034443935795646 591.0521707313601 556.6972822388052 -1316.2228273730725 -261.3588905229699 3.211412655726167 3.735369236111928 -1935.0363102465355 0.04571002298098151 22.14660848056263 -4311.257812012124 1.915759554944741e-05 0.004499707208705324 0.12032520597918794
-1.3906463742166555 -0.56765085049239 1.849095985800008 589.5956349897897 556.0291101119074 -1528.3182620704174 -300.76804470305797 3.211412655726167 3.735369236111928 -1935.0363102465355 0.04571002298098151 22.14660848056263 -4311.257812012124 1.915759554944741e-05 0.004499707208705324 0.12032520597918794
-1.3435058191584621 -0.5735434198746641 1.695151321341658 588.4162758075399 555.3958265467663 -1755.2707588654011 -342.3926410068525 3.211412655726167 3.735369236111928 -1935.0363102465355 0.04571002298098151 22.14660848056263 -4311.257812012124 1.915759554944741e-05 0.004499707208705324 0.12032520597918794
-1.286544315129821 -0.5774717994628477 1.6396528160959654 587.5337932109833 554.8048624232179 -1997.714214079082 -386.30543167551514 3.211412655726167 3.735369236111928 -1935.0363102465355 0.04571002298098151 22.14660848056263 -4311.257812012124 1.915759554944741e-05 0.004499707208705324 0.12032520597918794
-1.225654431512992 -0.5774717994628488 1.570796326794915 586.9683240574668 554.2639086387353 -2256.2953637260944 -432.58013790869154 3.211412655726167 3.735369236111928 -1935.0363102465355 0.04571002298098151 22.14660848056263 -4311.257812012124 1.915759554944741e-05 0.004499707208705324 0.12032520597918794
-1.1608361683079795 -0.5784538943598924 1.5859466826696356 586.7404420366511 553.7809161075274 -2531.673783587292 -481.2914498685859 3.211412655726167 3.735369236111928 -1935.0363102465355 0.04571002298098151 22.14660848056263 -4311.257812012124 1.915759554944741e-05 0.004499707208705324 0.12032520597918794
-1.0891432408236401 -0.5804180841539841 1.598186735269763 586.8711576694623 553.3640957607422 -2824.521889131516 -532.5150266735582 3.211412655726167 3.735369236111928 -1935.0363102465355 0.04571002298098151 22.14660848056263 -4311.257812012124 1.915759554944741e-05 0.004499707208705324 0.12032520597918794
