45 -1.5134082363473627 2.9276248880931046 2.1301191264614325 -2.42872068039391 2.947266786034018
-1.5134082363473627 2.9276248880931046 2.1301191264614325 889.4195984983817 562.1465348429047 496.60740966303274 211.7808706574142 3.2110823353671027 3.710064948031854 -1943.094869738929 0.045670479696553974 22.0279798319621 -4295.306277228739 1.9141022504842413e-05 0.004465648403831677 0.12546629920403385
-1.469213965980308 2.915839749328559 2.213251516703769 888.1142515800893 560.2472993786214 503.3575930162333 237.15887331962585 3.2110823353671027 3.710064948031854 -1943.094869738929 0.045670479696553974 22.0279798319621 -4295.306277228739 1.9141022504842413e-05 0.004465648403831677 0.12546629920403385
-1.4191271262309848 2.9079829901521936 2.2963839069461054 886.7502521816641 558.4159135969821 509.8419439266436 258.83769888803363 3.2110823353671027 3.710064948031854 -1943.094869738929 0.045670479696553974 22.0279798319621 -4295.306277228739 1.9141022504842413e-05 0.004465648403831677 0.12546629920403385
-1.3729686660698364 2.901108325872874 2.3795162971884416 885.3565013874322 556.6634384752251 516.0912031235639 277.2065051048994 3.2110823353671027 3.710064948031854 -1943.094869738929 0.045670479696553974 22.0279798319621 -4295.306277228739 1.9141022504842413e-05 0.004465648403831677 0.12546629920403385
-1.325828111011643 2.8952157564906007 2.4626486874307782 883.959968383424 555.0001588369487 522.1348997438326 292.63626051321626 3.2110823353671027 3.710064948031854 -1943.094869738929 0.045670479696553974 22.0279798319621 -4295.306277228739 1.9141022504842413e-05 0.004465648403831677 0.12546629920403385
-1.2816338406445928 2.888341092211281 2.5457810776731145 882.5856904452667 553.4355833485024 528.0013513287995 305.4797444790602 3.2110823353671027 3.710064948031854 -1943.094869738929 0.045670479696553974 22.0279798319621 -4295.306277228739 1.9141022504842413e-05 0.004465648403831677 0.12546629920403385
-1.237439570277538 2.8814664279319606 2.6289134679154507 881.256772951223 551.9784445216646 533.7176638313103 316.07154716923833 3.2110823353671027 3.710064948031854 -1943.094869738929 0.045670479696553974 22.0279798319621 -4295.306277228739 1.9141022504842413e-05 0.004465648403831677 0.12546629920403385
-1.1922632050134343 2.873609668755596 2.7120458581577873 879.9943893738091 550.6366987121291 539.3097316082567 324.72806959599257 3.2110823353671027 3.710064948031854 -1943.094869738929 0.045670479696553974 22.0279798319621 -4295.306277228739 1.9141022504842413e-05 0.004465648403831677 0.12546629920403385
-1.1480689346463797 2.8667350044762756 2.7951782484001235 878.8177812853828 549.4175261234632 544.802237425698 331.74752354994416 3.2110823353671027 3.710064948031854 -1943.094869738929 0.045670479696553974 22.0279798319621 -4295.306277228739 1.9141022504842413e-05 0.004465648403831677 0.12546629920403385
-1.1028925693822802 2.8618245299910474 2.8783106386424597 877.7442583525553 548.327330800239 550.2186524579301 337.4099316969514 3.2110823353671027 3.710064948031854 -1943.094869738929 0.045670479696553974 22.0279798319621 -4295.306277228739 1.9141022504842413e-05 0.004465648403831677 0.12546629920403385
-1.0665550581915884 2.8559319606087743 2.9614430288847964 876.7891983413137 547.371740635368 555.5812362811994 341.9771274626255 3.2110823353671027 3.710064948031854 -1943.094869738929 0.045670479696553974 22.0279798319621 -4295.306277228739 1.9141022504842413e-05 0.004465648403831677 0.12546629920403385
-1.0311996418979454 2.852003581020591 3.0445754191271326 875.9660471146926 546.5556073635817 560.9110368881375 345.69275511428714 3.2110823353671027 3.710064948031854 -1943.094869738929 0.045670479696553974 22.0279798319621 -4295.306277228739 1.9141022504842413e-05 0.004465648403831677 0.12546629920403385
-1.014504028648171 2.842182632050134 3.1277078093694692 875.2863186323084 545.8830065657385 566.2278906707652 348.78226974979043 3.2110823353671027 3.710064948031854 -1943.094869738929 0.045670479696553974 22.0279798319621 -4295.306277228739 1.9141022504842413e-05 0.004465648403831677 0.12546629920403385
-0.9909337511190743 2.8343258728737695 3.2108401996118054 874.7595949503593 545.3572376688244 571.5504224332981 351.4529372379184 3.2110823353671027 3.710064948031854 -1943.094869738929 0.045670479696553974 22.0279798319621 -4295.306277228739 1.9141022504842413e-05 0.004465648403831677 0.12546629920403385
-0.9752202327663447 2.827451208594449 3.2939725898541417 874.3935262230225 544.9808239411796 576.8960453846958 353.8938343152404 3.2110823353671027 3.710064948031854 -1943.094869738929 0.045670479696553974 22.0279798319621 -4295.306277228739 1.9141022504842413e-05 0.004465648403831677 0.12546629920403385
-0.9624529991047494 2.822540734109221 3.377104980096478 874.1938307033852 544.7555124998325 582.2809611421544 356.27584849298 3.2110823353671027 3.710064948031854 -1943.094869738929 0.045670479696553974 22.0279798319621 -4295.306277228739 1.9141022504842413e-05 0.004465648403831677 0.12546629920403385
-0.9585246195165659 2.8195944494180822 3.4602373703388145 874.1642947378568 544.6822743035154 587.7201597306412 358.75167813524604 3.2110823353671027 3.710064948031854 -1943.094869738929 0.045670479696553974 22.0279798319621 -4295.306277228739 1.9141022504842413e-05 0.004465648403831677 0.12546629920403385
-0.9624529991047494 2.8195944494180822 3.543369760581151 874.3067727726884 544.7613041588338 593.2274195828941 361.45583242177963 3.2110823353671027 3.710064948031854 -1943.094869738929 0.045670479696553974 22.0279798319621 -4295.306277228739 1.9141022504842413e-05 0.004465648403831677 0.12546629920403385
-0.9752202327663447 2.820576544315127 3.6265021508234874 874.621187353041 544.9920207145624 598.8153075377923 364.5046312958002 3.2110823353671027 3.710064948031854 -1943.094869738929 0.045670479696553974 22.0279798319621 -4295.306277228739 1.9141022504842413e-05 0.004465648403831677 0.12546629920403385
-1.006647269471804 2.8215586392121743 3.7096345410658236 875.1055291164666 545.3730664651375 604.4951788431499 367.99620558694005 3.2110823353671027 3.710064948031854 -1943.094869738929 0.045670479696553974 22.0279798319621 -4295.306277228739 1.9141022504842413e-05 0.004465648403831677 0.12546629920403385
-1.044948970456581 2.8254870188003576 3.79276693130816 875.7558568012901 545.9023077499587 610.277177151991 372.0104968994856 3.2110823353671027 3.710064948031854 -1943.094869738929 0.045670479696553974 22.0279798319621 -4295.306277228739 1.9141022504842413e-05 0.004465648403831677 0.12546629920403385
-1.0832506714413581 2.8313795881826307 3.8758993215504964 876.5662972424179 546.5768347549019 616.1702345265076 376.6092576533556 3.2110823353671027 3.710064948031854 -1943.094869738929 0.045670479696553974 22.0279798319621 -4295.306277228739 1.9141022504842413e-05 0.004465648403831677 0.12546629920403385
-1.1146777081468175 2.842182632050134 3.959031711792833 877.52904537227 547.3929615061497 622.1820714361966 381.8360511288047 3.2110823353671027 3.710064948031854 -1943.094869738929 0.045670479696553974 22.0279798319621 -4295.306277228739 1.9141022504842413e-05 0.004465648403831677 0.12546629920403385
-1.1598540734109168 2.8549498657117276 4.042164102035169 878.6343642175198 548.3462258798536 628.3191967578605 387.71625136211514 3.08087593209249 3.590888458395356 -1866.7398252767189 -0.0065348268595441395 21.791385748072692 -4370.880068349144 -5.887231404993464e-06 0.004320311675865213 0.13514713083083793
-1.2050304386750208 2.8706633840644593 4.1252964922775055 879.8705849070102 549.4313895932864 634.5869077746756 394.25704323872924 3.08087593209249 3.590888458395356 -1866.7398252767189 -0.0065348268595441395 21.791385748072692 -4370.880068349144 -5.887231404993464e-06 0.004320311675865213 0.13514713083083793
-1.2531530886302589 2.8873589973142337 4.208428882519842 881.2241066633724 550.6424382117111 640.9892901773565 401.44742247089744 3.08087593209249 3.590888458395356 -1866.7398252767189 -0.0065348268595441395 21.791385748072692 -4370.880068349144 -5.887231404993464e-06 0.004320311675865213 0.13514713083083793
-1.3022578334825416 2.906018800358102 4.291561272762178 882.6793968048878 551.972581142094 647.5292180650868 409.2581955641508 3.08087593209249 3.590888458395356 -1866.7398252767189 -0.0065348268595441395 21.791385748072692 -4370.880068349144 -5.887231404993464e-06 0.004320311675865213 0.13514713083083793
-1.3572551477170978 2.9217323187108315 4.374693663004514 884.2189907538705 553.4142516382271 654.208353945287 417.64197984337807 3.08087593209249 3.590888458395356 -1866.7398252767189 -0.0065348268595441395 21.791385748072692 -4370.880068349144 -5.887231404993464e-06 0.004320311675865213 0.13514713083083793
-1.4161808415398416 2.9364637421665165 4.45782605324685 885.8234920222312 554.9591067970032 661.0271487301216 426.5332034789026 3.08087593209249 3.590888458395356 -1866.7398252767189 -0.0065348268595441395 21.791385748072692 -4370.880068349144 -5.887231404993464e-06 0.004320311675865213 0.13514713083083793
-1.4662676812891648 2.949230975828112 4.540958443489187 887.4715722221881 556.598027563421 667.9848417404573 435.84810541570187 3.08087593209249 3.590888458395356 -1866.7398252767189 -0.0065348268595441395 21.791385748072692 -4370.880068349144 -5.887231404993464e-06 0.004320311675865213 0.13514713083083793
-1.5163545210384926 2.9600340196956156 4.624090833731524 889.1399710658006 558.3211187229026 675.0794607046992 445.4847354590893 3.08087593209249 3.590888458395356 -1866.7398252767189 -0.0065348268595441395 21.791385748072692 -4370.880068349144 -5.887231404993464e-06 0.004320311675865213 0.13514713083083793
-1.575280214861232 2.9669086839749332 4.70722322397386 890.8034963570535 560.1177089092089 682.3078217590228 455.322954185307 3.08087593209249 3.590888458395356 -1866.7398252767189 -0.0065348268595441395 21.791385748072692 -4370.880068349144 -5.887231404993464e-06 0.004320311675865213 0.13514713083083793
-1.638134288272155 2.971819158460159 4.790355614216196 892.4350240007043 561.9763505992014 689.6655294464435 465.22443302348256 3.08087593209249 3.590888458395356 -1866.7398252767189 -0.0065348268595441395 21.791385748072692 -4370.880068349144 -5.887231404993464e-06 0.004320311675865213 0.13514713083083793
-1.7000062667860332 2.9737833482542513 4.744124353913154 894.0054979994893 563.884820114472 697.1469767165836 475.03265419229865 3.08087593209249 3.590888458395356 -1866.7398252767189 -0.0065348268595441395 21.791385748072692 -4370.880068349144 -5.887231404993464e-06 0.004320311675865213 0.13514713083083793
-1.76777081468218 2.9728012533572064 4.697897241319202 895.4839304480702 565.8301176240202 704.7453449275345 484.57291074097157 3.08087593209249 3.590888458395356 -1866.7398252767189 -0.0065348268595441395 21.791385748072692 -4370.880068349144 -5.887231404993464e-06 0.004320311675865213 0.13514713083083793
-1.8355353625783268 2.971819158460159 4.697897241319169 896.8374015460722 567.7984671369195 712.4526038446929 493.65230656787753 3.08087593209249 3.590888458395356 -1866.7398252767189 -0.0065348268595441395 21.791385748072692 -4370.880068349144 -5.887231404993464e-06 0.004320311675865213 0.13514713083083793
-1.896425246195165 2.9708370635631147 4.696261346541069 898.031059582252 569.7753165113972 720.2595116412267 502.05975633487105 3.08087593209249 3.590888458395356 -1866.7398252767189 -0.0065348268595441395 21.791385748072692 -4370.880068349144 -5.887231404993464e-06 0.004320311675865213 0.13514713083083793
-1.9474941808415374 2.9718191584601614 4.731617379484423 899.028120951727 571.7453374486649 728.1556148976088 509.56598553434014 3.08087593209249 3.590888458395356 -1866.7398252767189 -0.0065348268595441395 21.791385748072692 -4370.880068349144 -5.887231404993464e-06 0.004320311675865213 0.13514713083083793
-1.997581020590865 2.9737833482542535 4.751584582311754 899.7898701354861 573.6924254947808 736.1292485995218 515.9235304780304 3.08087593209249 3.590888458395356 -1866.7398252767189 -0.0065348268595441395 21.791385748072692 -4370.880068349144 -5.887231404993464e-06 0.004320311675865213 0.13514713083083793
-2.0574888093106494 2.9718191584601614 4.679613835980605 900.2756597227417 575.5997000409989 744.1675361418165 520.866738319397 3.08087593209249 3.590888458395356 -1866.7398252767189 -0.0065348268595441395 21.791385748072692 -4370.880068349144 -5.887231404993464e-06 0.004320311675865213 0.13514713083083793
-2.119360787824523 2.9688728737690226 4.664805877107675 900.4429103899747 577.4495043220231 752.2563893294428 524.1117669902742 3.08087593209249 3.590888458395356 -1866.7398252767189 -0.0065348268595441395 21.791385748072692 -4370.880068349144 -5.887231404993464e-06 0.004320311675865213 0.13514713083083793
-2.18417905102954 2.9649444941808416 4.651856960602606 900.2471109228209 579.2234054204309 760.3805083688349 525.3565852753818 3.08087593209249 3.590888458395356 -1866.7398252767189 -0.0065348268595441395 21.791385748072692 -4370.880068349144 -5.887231404993464e-06 0.004320311675865213 0.13514713083083793
-2.2480152193375034 2.960034019695611 4.635617089114872 899.6418181909248 580.9021942616673 768.5233818790875 524.280972737819 3.08087593209249 3.590888458395356 -1866.7398252767189 -0.0065348268595441395 21.791385748072692 -4370.880068349144 -5.887231404993464e-06 0.004320311675865213 0.13514713083083793
-2.3089051029543413 2.9551235452103826 4.631917969119238 898.5786571721546 582.4658856135793 776.6672868842725 520.5465198010206 3.08087593209249 3.590888458395356 -1866.7398252767189 -0.0065348268595441395 21.791385748072692 -4370.880068349144 -5.887231404993464e-06 0.004320311675865213 0.13514713083083793
-2.3658666069829866 2.952177260519246 4.660710895902265 897.0073209335096 583.8937180939829 784.7932888146024 513.7966276332736 3.08087593209249 3.590888458395356 -1866.7398252767189 -0.0065348268595441395 21.791385748072692 -4370.880068349144 -5.887231404993464e-06 0.004320311675865213 0.13514713083083793
-2.42872068039391 2.947266786034018 4.634422346553149 898.1045865049819 587.7697248240293 813.4949201401323 584.788437881507 3.08087593209249 3.590888458395356 -1866.7398252767189 -0.0065348268595441395 21.791385748072692 -4370.880068349144 -5.887231404993464e-06 0.004320311675865213 0.13514713083083793
-2.4856821844225596 2.9453025962399284 4.677919879385214 900.5593500537216 589.5634205970273 806.3266336601228 549.9523445237428 3.08087593209249 3.590888458395356 -1866.7398252767189 -0.0065348268595441395 21.791385748072692 -4370.880068349144 -5.887231404993464e-06 0.004320311675865213 0.13514713083083793
-2.548536257833483 2.9443205013428813 4.696765251764192 902.9725585832493 591.3453003525501 799.7769359908998 516.6056785956025 3.08087593209249 3.590888458395356 -1866.7398252767189 -0.0065348268595441395 21.791385748072692 -4370.880068349144 -5.887231404993464e-06 0.004320311675865213 0.13514713083083793
-2.6143366159355446 2.9443205013428835 4.712388980384723 905.3369778656634 593.1144440860371 793.7711537312716 484.77032384835184 3.08087593209249 3.590888458395356 -1866.7398252767189 -0.0065348268595441395 21.791385748072692 -4370.880068349144 -5.887231404993464e-06 0.004320311675865213 0.13514713083083793
-2.673262309758284 2.9502130707251566 4.812057632875836 907.6455696344492 594.8698536981246 788.2387722004205 454.4643038250506 3.08087593209249 3.590888458395356 -1866.7398252767189 -0.0065348268595441395 21.791385748072692 -4370.880068349144 -5.887231404993464e-06 0.004320311675865213 0.13514713083083793
-2.7282596239928356 2.9590519247985685 4.871740621288637 909.891491584829 596.61045299533 783.113435452804 425.7017818624154 3.08087593209249 3.590888458395356 -1866.7398252767189 -0.0065348268595441395 21.791385748072692 -4370.880068349144 -5.887231404993464e-06 0.004320311675865213 0.13514713083083793
-2.77245389435989 2.974765443151298 5.054004471032479 912.0680973751587 598.3350876897748 778.3329462781549 398.4930610852316 3.08087593209249 3.590888458395356 -1866.7398252767189 -0.0065348268595441395 21.791385748072692 -4370.880068349144 -5.887231404993464e-06 0.004320311675865213 0.13514713083083793
-2.8127197851387566 2.994407341092211 5.166232981906252 914.1689366244245 600.0425253995054 773.8392661940306 372.84458440728486 3.08087593209249 3.590888458395356 -1866.7398252767189 -0.0065348268595441395 21.791385748072692 -4370.880068349144 -5.887231404993464e-06 0.004320311675865213 0.13514713083083793
-2.855931960608771 3.016013428827216 5.176036589385454 916.1877549150377 601.7314556479396 769.5785154420882 348.75893453415483 3.08087593209249 3.590888458395356 -1866.7398252767189 -0.0065348268595441395 21.791385748072692 -4370.880068349144 -5.887231404993464e-06 0.004320311675865213 0.13514713083083793
-2.902090420769915 3.036637421665174 5.132585693993963 918.1184937900398 603.4004898644052 765.500973008573 326.23483396787196 3.08087593209249 3.590888458395356 -1866.7398252767189 -0.0065348268595441395 21.791385748072692 -4370.880068349144 -5.887231404993464e-06 0.004320311675865213 0.13514713083083793
-2.942356311548791 3.059225604297224 5.2236196926624325 919.9552907558391 605.0481613838783 761.5610765982419 305.2671450050548 3.08087593209249 3.590888458395356 -1866.7398252767189 -0.0065348268595441395 21.791385748072692 -4370.880068349144 -5.887231404993464e-06 0.004320311675865213 0.13514713083083793
-2.996371530886302 3.0778854073410944 5.045008671958653 921.6924792794744 606.6729254470556 757.7174226567149 285.8468697248027 3.08087593209249 3.590888458395356 -1866.7398252767189 -0.0065348268595441395 21.791385748072692 -4370.880068349144 -5.887231404993464e-06 0.004320311675865213 0.13514713083083793
-3.0474404655326746 3.094581020590869 5.028359252337649 923.324588791409 608.2731592001801 753.9327663555741 267.9611499933526 3.08087593209249 3.590888458395356 -1866.7398252767189 -0.0065348268595441395 21.791385748072692 -4370.880068349144 -5.887231404993464e-06 0.004320311675865213 0.13514713083083793
-3.092616830796778 3.1102945389436005 5.047125817701506 924.846344682679 609.8471616953611 750.1740215998143 251.593267490156 3.08087593209249 3.590888458395356 -1866.7398252767189 -0.0065348268595441395 21.791385748072692 -4370.880068349144 -5.887231404993464e-06 0.004320311675865213 0.13514713083083793
-3.133864816472694 3.1240438675022384 5.034139534781316 926.2526683073374 611.3931538903271 746.4122610185295 236.72264367062598 3.08087593209249 3.590888458395356 -1866.7398252767189 -0.0065348268595441395 21.791385748072692 -4370.880068349144 -5.887231404993464e-06 0.004320311675865213 0.13514713083083793
-3.1702023276633815 3.135829006266787 5.026009632601413 927.5386769814068 612.9092786484543 742.6227159798145 223.32483978010714 3.08087593209249 3.590888458395356 -1866.7398252767189 -0.0065348268595441395 21.791385748072692 -4370.880068349144 -5.887231404993464e-06 0.004320311675865213 0.13514713083083793
-3.2114503133392973 3.142703670546107 4.8775376577993335 928.6996839824133 614.3936007389129 738.784776577726 211.37155685946345 3.08087593209249 3.590888458395356 -1866.7398252767189 -0.0065348268595441395 21.791385748072692 -4370.880068349144 -5.887231404993464e-06 0.004320311675865213 0.13514713083083793
-3.255644583706352 3.1446678603401987 4.75680419563161 929.731198550202 615.844106836521 734.8819916434586 200.83063574694097 3.08087593209249 3.590888458395356 -1866.7398252767189 -0.0065348268595441395 21.791385748072692 -4370.880068349144 -5.887231404993464e-06 0.004320311675865213 0.13514713083083793
-3.296892569382268 3.143685765443154 4.688583954199641 930.6289258863544 617.258705521861 730.9020687304437 191.666057061404 3.08087593209249 3.590888458395356 -1866.7398252767189 -0.0065348268595441395 21.791385748072692 -4370.880068349144 -5.887231404993464e-06 0.004320311675865213 0.13514713083083793
-3.3096598030438678 3.1407394807520164 4.363617976800816 931.388767155353 618.6352272809454 726.8368741255254 183.83794123027474 3.08087593209249 3.590888458395356 -1866.7398252767189 -0.0065348268595441395 21.791385748072692 -4370.880068349144 -5.887231404993464e-06 0.004320311675865213 0.13514713083083793
-3.3224270367054674 3.135829006266787 4.213042258704602 932.006819482136 619.9714245057985 722.6824328564107 177.30254845134914 3.08087593209249 3.590888458395356 -1866.7398252767189 -0.0065348268595441395 21.791385748072692 -4370.880068349144 -5.887231404993464e-06 0.004320311675865213 0.13514713083083793
-3.3293017009847854 3.1289543419874657 3.7001919689332534 932.4793759552995 621.2649714939471 718.4389286749065 172.0122787207365 3.08087593209249 3.590888458395356 -1866.7398252767189 -0.0065348268595441395 21.791385748072692 -4370.880068349144 -5.887231404993464e-06 0.004320311675865213 0.13514713083083793
-3.336176365264103 3.1230617726051917 3.7618421395721535 932.802925624419 622.5134644487844 714.1107040587813 167.91567183844745 3.08087593209249 3.590888458395356 -1866.7398252767189 -0.0065348268595441395 21.791385748072692 -4370.880068349144 -5.887231404993464e-06 0.004320311675865213 0.13514713083083793
-3.3430510295434255 3.1161871083258714 3.70019196893379 932.9741535013891 623.7144214790605 709.7062602173537 164.95740738883615 3.179885521032502 3.7517914156533076 -1939.2646021831426 -0.07746290831873229 22.115201398235104 -4238.04043413119 -2.2826004278790577e-05 0.004506707798290925 0.13904895265694875
-3.346979409131609 3.1102945389435974 3.419892312594647 932.9899405600736 624.8652825996542 705.2382571063936 163.07830474339426 3.179885521032502 3.7517914156533076 -1939.2646021831426 -0.07746290831873229 22.115201398235104 -4238.04043413119 -2.2826004278790577e-05 0.004506707798290925 0.13904895265694875
-3.353854073410927 3.1044019695613243 3.7618421395727375 932.8473637361894 625.9634097308299 700.723513385281 162.2153230663389 3.179885521032502 3.7517914156533076 -1939.2646021831426 -0.07746290831873229 22.115201398235104 -4238.04043413119 -2.2826004278790577e-05 0.004506707798290925 0.13904895265694875
-3.3597466427932 3.0975273052820054 3.605240262590258 932.5436959278304 627.0060866987624 696.183006465435 162.3015613136813 3.179885521032502 3.7517914156533076 -1939.2646021831426 -0.07746290831873229 22.115201398235104 -4238.04043413119 -2.2826004278790577e-05 0.004506707798290925 0.13904895265694875
-3.3636750223813836 3.0896705461056393 3.3602615994640024 932.0764059950016 627.9905192350561 691.6418724935502 163.26625824160874 3.179885521032502 3.7517914156533076 -1939.2646021831426 -0.07746290831873229 22.115201398235104 -4238.04043413119 -2.2826004278790577e-05 0.004506707798290925 0.13904895265694875
-3.3666213070725224 3.0798495971351816 3.2322525407904448 931.4431587592699 628.913834977182 687.1294063255191 165.03479238506407 3.179885521032502 3.7517914156533076 -1939.2646021831426 -0.07746290831873229 22.115201398235104 -4238.04043413119 -2.2826004278790577e-05 0.004506707798290925 0.13904895265694875
-3.3921557743957083 3.068064458370636 4.279981204814196 930.6418150046957 629.7730834682006 682.6790615674108 167.5286820847541 3.179885521032502 3.7517914156533076 -1939.2646021831426 -0.07746290831873229 22.115201398235104 -4238.04043413119 -2.2826004278790577e-05 0.004506707798290925 0.13904895265694875
-3.4167081468218496 3.053333034914951 4.171969480114106 929.6704314775998 630.5652361571556 678.3284505475312 170.66558545920998 3.179885521032502 3.7517914156533076 -1939.2646021831426 -0.07746290831873229 22.115201398235104 -4238.04043413119 -2.2826004278790577e-05 0.004506707798290925 0.13904895265694875
-3.442242614145036 3.0376195165622213 4.160733997856152 928.5272608857485 631.2871863983601 674.1193443220109 174.35930042807013 3.179885521032502 3.7517914156533076 -1939.2646021831426 -0.07746290831873229 22.115201398235104 -4238.04043413119 -2.2826004278790577e-05 0.004506707798290925 0.13904895265694875
-3.464830796777088 3.0189597135183526 4.021942523330013 927.2107518987614 631.9357494520809 670.0976726897061 178.51976469904184 3.179885521032502 3.7517914156533076 -1939.2646021831426 -0.07746290831873229 22.115201398235104 -4238.04043413119 -2.2826004278790577e-05 0.004506707798290925 0.13904895265694875
-3.484472694718001 2.998335720680395 3.9026054078145442 925.7195491486927 632.5076624842623 666.313524177298 183.05305576883256 3.179885521032502 3.7517914156533076 -1939.2646021831426 -0.07746290831873229 22.115201398235104 -4238.04043413119 -2.2826004278790577e-05 0.004506707798290925 0.13904895265694875
-3.499204118173686 2.97672963294539 3.7400115470683204 924.0524932300905 632.9995845663507 662.8211460206658 187.86139093060046 3.179885521032502 3.7517914156533076 -1939.2646021831426 -0.07746290831873229 22.115201398235104 -4238.04043413119 -2.2826004278790577e-05 0.004506707798290925 0.13904895265694875
-3.510989256938232 2.953159355416293 3.6052402625905233 922.2086206985405 633.4080966758484 659.6789442207664 192.84312726557255 3.179885521032502 3.7517914156533076 -1939.2646021831426 -0.07746290831873229 22.115201398235104 -4238.04043413119 -2.2826004278790577e-05 0.004506707798290925 0.13904895265694875
-3.5188460161145994 2.929589077887199 3.4633432079865205 920.1871640719473 633.7297016955854 656.9494834914804 197.89276165049523 3.179885521032502 3.7517914156533076 -1939.2646021831426 -0.07746290831873229 22.115201398235104 -4238.04043413119 -2.2826004278790577e-05 0.004506707798290925 0.13904895265694875
-3.5237564905998275 2.907000895255147 3.355653337153598 917.987551830709 633.9608244143456 654.6994872707874 202.90093075390905 3.179885521032502 3.7517914156533076 -1939.2646021831426 -0.07746290831873229 22.115201398235104 -4238.04043413119 -2.2826004278790577e-05 0.004506707798290925 0.13904895265694875
-3.5237564905998275 2.885394807520142 3.141592653589793 915.6094084160868 634.0978115264006 652.999837744981 207.7544110286981 3.179885521032502 3.7517914156533076 -1939.2646021831426 -0.07746290831873229 22.115201398235104 -4238.04043413119 -2.2826004278790577e-05 0.004506707798290925 0.13904895265694875
-3.5188460161145994 2.863788719785139 2.9181160524491423 913.0525542332907 634.1369316319033 651.9255758281797 212.33611872699112 3.179885521032502 3.7517914156533076 -1939.2646021831426 -0.07746290831873229 22.115201398235104 -4238.04043413119 -2.2826004278790577e-05 0.004506707798290925 0.13904895265694875
-3.5090250671441425 2.8412005371530897 2.731465313048295 910.31700564723 634.0743752366106 651.5559011418372 216.52510989177972 3.179885521032502 3.7517914156533076 -1939.2646021831426 -0.07746290831873229 22.115201398235104 -4238.04043413119 -2.2826004278790577e-05 0.004506707798290925 0.13904895265694875
-3.4962578334825474 2.816648164726948 2.6620733615971397 907.4029749867623 633.9062547518843 651.9741720724851 220.19658034667373 3.179885521032502 3.7517914156533076 -1939.2646021831426 -0.07746290831873229 22.115201398235104 -4238.04043413119 -2.2826004278790577e-05 0.004506707798290925 0.13904895265694875
-3.4815264100268624 2.7901316025067127 2.6344941491974994 904.3108705414343 633.6286044948502 653.267905715853 223.22186573408544 3.179885521032502 3.7517914156533076 -1939.2646021831426 -0.07746290831873229 22.115201398235104 -4238.04043413119 -2.2826004278790577e-05 0.004506707798290925 0.13904895265694875
-3.466794986571182 2.760668755595343 2.677945044589108 901.0412965640426 633.2373806885298 655.5287779048085 225.46844145096838 3.179885521032502 3.7517914156533076 -1939.2646021831426 -0.07746290831873229 22.115201398235104 -4238.04043413119 -2.2826004278790577e-05 0.004506707798290925 0.13904895265694875
-3.452063563115493 2.7282596239928365 2.7149651604627976 897.5950532682473 632.7284614611999 658.8526232037693 226.79992271680385 3.179885521032502 3.7517914156533076 -1939.2646021831426 -0.07746290831873229 22.115201398235104 -4238.04043413119 -2.2826004278790577e-05 0.004506707798290925 0.13904895265694875
-3.4373321396598078 2.692904207699194 2.746801533890023 893.9731368297362 632.0976468472654 663.339434908703 227.07606452703476 3.179885521032502 3.7517914156533076 -1939.2646021831426 -0.07746290831873229 22.115201398235104 -4238.04043413119 -2.2826004278790577e-05 0.004506707798290925 0.13904895265694875
-3.419654431512984 2.652638316920323 2.7279034403108846 890.1767393872724 631.3406587865466 669.0933650415391 226.1527616791427 3.179885521032502 3.7517914156533076 -1939.2646021831426 -0.07746290831873229 22.115201398235104 -4238.04043413119 -2.2826004278790577e-05 0.004506707798290925 0.13904895265694875
-3.4000125335720757 2.609426141450313 2.7149651604630107 886.207249040599 630.4531411246862 676.2227243669331 223.88204875029624 3.179885521032502 3.7517914156533076 -1939.2646021831426 -0.07746290831873229 22.115201398235104 -4238.04043413119 -2.2826004278790577e-05 0.004506707798290925 0.13904895265694875
-3.380370635631158 2.5622855863921217 2.746801533889948 882.0662498523016 629.4306596129318 684.839982368052 220.11210010945797 3.179885521032502 3.7517914156533076 -1939.2646021831426 -0.07746290831873229 22.115201398235104 -4238.04043413119 -2.2826004278790577e-05 0.004506707798290925 0.13904895265694875
-3.3597466427932043 2.511216651745745 2.757775030301333 877.7555218461202 628.2687019083969 695.0617672614753 214.68722993694246 3.179885521032502 3.7517914156533076 -1939.2646021831426 -0.07746290831873229 22.115201398235104 -4238.04043413119 -2.2826004278790577e-05 0.004506707798290925 0.13904895265694875
-3.3420689346463806 2.457201432408236 2.825306525677597 873.2770410084631 626.9626775736542 707.00886599347 207.4478921815753 3.179885521032502 3.7517914156533076 -1939.2646021831426 -0.07746290831873229 22.115201398235104 -4238.04043413119 -2.2826004278790577e-05 0.004506707798290925 0.13904895265694875
-3.3243912264995616 2.399257833482541 2.8454775077148753 868.6329792871838 625.5079180770845 720.8062242567539 198.23068058677018 3.179885521032502 3.7517914156533076 -1939.2646021831426 -0.07746290831873229 22.115201398235104 -4238.04043413119 -2.2826004278790577e-05 0.004506707798290925 0.13904895265694875
-3.3067135183527423 2.340332139659804 2.8501358591119574 863.8257045928622 623.8996767928766 736.5829464495182 186.86832870543003 3.179885521032502 3.7517914156533076 -1939.2646021831426 -0.07746290831873229 22.115201398235104 -4238.04043413119 -2.2826004278790577e-05 0.004506707798290925 0.13904895265694875
