39 0.09428111011638675 0.8878137869292747 3.398109266234106 -0.009820948970461048 0.09624529991047293
0.09428111011638675 0.8878137869292747 3.398109266234106 708.0200800001621 521.907146781683 529.73750898242 244.19615948200226 3.3251641780053265 3.8971188283079075 -2147.736797786962 1.0519983752430469e-18 23.0217502039751 -5002.440533189794 3.905477291624443e-22 0.004666319185674148 -0.013953501727552805
0.07856759176365265 0.8269239033124435 3.394146929367906 701.5117007270455 523.0572166889906 532.1997586786747 238.48843395709991 3.3251641780053265 3.8971188283079075 -2147.736797786962 1.0519983752430469e-18 23.0217502039751 -5002.440533189794 3.905477291624443e-22 0.004666319185674148 -0.013953501727552805
0.06285407341091855 0.7630877350044757 3.3829481441652494 695.5673784390092 523.8490735590458 535.4807741940022 237.25464379787445 3.3251641780053265 3.8971188283079075 -2147.736797786962 1.0519983752430469e-18 23.0217502039751 -5002.440533189794 3.905477291624443e-22 0.004666319185674148 -0.013953501727552805
0.047140555058188906 0.6992515666965079 3.3829481441651836 690.1561226509511 524.3308742791414 539.4707990586758 239.86296033859253 3.3251641780053265 3.8971188283079075 -2147.736797786962 1.0519983752430469e-18 23.0217502039751 -5002.440533189794 3.905477291624443e-22 0.004666319185674148 -0.013953501727552805
0.027498657117275747 0.6334512085944484 3.407844702740679 685.2476294226944 524.5481160879135 544.0659990310669 245.71737468242645 3.3251641780053265 3.8971188283079075 -2147.736797786962 1.0519983752430469e-18 23.0217502039751 -5002.440533189794 3.905477291624443e-22 0.004666319185674148 -0.013953501727552805
0.011785138764541644 0.56765085049239 3.3506155963960738 680.8122813813388 524.5436369478703 549.168461561203 254.2576949596405 3.3251641780053265 3.8971188283079075 -2147.736797786962 1.0519983752430469e-18 23.0217502039751 -5002.440533189794 3.905477291624443e-22 0.004666319185674148 -0.013953501727552805
0.007856759176362586 0.5047967770814669 3.1733280271181497 676.8211476653814 524.3576153665781 554.686196833849 264.9595459699631 3.3251641780053265 3.8971188283079075 -2147.736797786962 1.0519983752430469e-18 23.0217502039751 -5002.440533189794 3.905477291624443e-22 0.004666319185674148 -0.013953501727552805
0.015713518352729636 0.44587108325872743 2.973696730339418 673.2459839656949 524.0275704562664 560.5331367850304 277.3343698978424 3.3251641780053265 3.8971188283079075 -2147.736797786962 1.0519983752430469e-18 23.0217502039751 -5002.440533189794 3.905477291624443e-22 0.004666319185674148 -0.013953501727552805
0.031427036705454804 0.392837958818261 2.8141924417896167 670.0592325590551 523.5883618146181 566.6291359961033 290.9294283390045 3.2986834422392945 3.8825421110562797 -2131.241778081069 -0.04990703917368015 23.0237331857563 -4986.676519247997 -2.091661323289193e-05 0.004663614243380036 -0.005868560774708455
0.047140555058188906 0.3486436884512064 2.7532739354172993 667.2340221889317 523.0721895992756 572.8999706208706 305.3277965784073 3.2986834422392945 3.8825421110562797 -2131.241778081069 -0.04990703917368015 23.0237331857563 -4986.676519247997 -2.091661323289193e-05 0.004663614243380036 -0.005868560774708455
0.06285407341091408 0.3083777976723353 2.718738727456899 664.7441682182252 522.5085947662592 579.2773395180702 320.1483722925186 3.2986834422392945 3.8825421110562797 -2131.241778081069 -0.04990703917368015 23.0237331857563 -4986.676519247997 -2.091661323289193e-05 0.004663614243380036 -0.005868560774708455
0.0824959713518317 0.27400447627573726 2.567287823415032 662.5641724914312 521.9244584739208 585.6988631486893 335.045866727829 3.2986834422392945 3.8825421110562797 -2131.241778081069 -0.04990703917368015 23.0237331857563 -4986.676519247997 -2.091661323289193e-05 0.004663614243380036 -0.005868560774708455
0.10213786929274933 0.24552372426141453 2.6205338328165872 660.6692234165967 521.3440027981997 592.1080848276615 349.71080911159515 3.2986834422392945 3.8825421110562797 -2131.241778081069 -0.04990703917368015 23.0237331857563 -4986.676519247997 -2.091661323289193e-05 0.004663614243380036 -0.005868560774708455
0.12177976723365803 0.22293554162936371 2.673779842218143 659.0351959764957 520.7887901514769 598.4544695019722 363.8695478439331 3.2986834422392945 3.8825421110562797 -2131.241778081069 -0.04990703917368015 23.0237331857563 -4986.676519247997 -2.091661323289193e-05 0.004663614243380036 -0.005868560774708455
0.1453500447627547 0.20820411817367884 2.7270258516196986 657.6386516727507 520.2777236998081 604.6934043467045 377.2842472791672 3.2986834422392945 3.8825421110562797 -2131.241778081069 -0.04990703917368015 23.0237331857563 -4986.676519247997 -2.091661323289193e-05 0.004663614243380036 -0.005868560774708455
0.16892032229185142 0.19936526410026703 2.780271861021254 656.456838529557 519.8270469605923 610.7861988246441 389.75289046764374 3.2986834422392945 3.8825421110562797 -2131.241778081069 -0.04990703917368015 23.0237331857563 -4986.676519247997 -2.091661323289193e-05 0.004663614243380036 -0.005868560774708455
0.18463384064458105 0.19347269471799397 2.833517870422809 655.4676911309361 519.4503442645073 616.7000848054886 401.1092758178711 3.2986834422392945 3.8825421110562797 -2131.241778081069 -0.04990703917368015 23.0237331857563 -4986.676519247997 -2.091661323289193e-05 0.004663614243380036 -0.005868560774708455
0.1964189794091316 0.1875801253357209 2.8867638798243647 654.6498306244612 519.1585403084755 622.4082158505917 411.2230223417282 3.2986834422392945 3.8825421110562797 -2131.241778081069 -0.04990703917368015 23.0237331857563 -4986.676519247997 -2.091661323289193e-05 0.004663614243380036 -0.005868560774708455
0.1964189794091316 0.18168755595344563 2.9400098892259203 653.9825646840036 518.959900483489 627.8896678388119 419.99956357479095 3.2986834422392945 3.8825421110562797 -2131.241778081069 -0.04990703917368015 23.0237331857563 -4986.676519247997 -2.091661323289193e-05 0.004663614243380036 -0.005868560774708455
0.1964189794091316 0.1748128916741256 2.9932558986274755 653.4458875060081 518.8600307106972 633.129438906908 427.38015162944794 3.2986834422392945 3.8825421110562797 -2131.241778081069 -0.04990703917368015 23.0237331857563 -4986.676519247997 -2.091661323289193e-05 0.004663614243380036 -0.005868560774708455
0.19641897940912714 0.1699024171888995 3.0465019080290308 653.0204798728228 518.8618775010109 638.1184494197369 433.3418564796448 3.2986834422392945 3.8825421110562797 -2131.241778081069 -0.04990703917368015 23.0237331857563 -4986.676519247997 -2.091661323289193e-05 0.004663614243380036 -0.005868560774708455
0.19641897940912714 0.166956132497763 3.0997479174305864 652.6877090632915 518.9657279253006 642.8535419106483 437.8975648880005 3.2986834422392945 3.8825421110562797 -2131.241778081069 -0.04990703917368015 23.0237331857563 -4986.676519247997 -2.091661323289193e-05 0.004663614243380036 -0.005868560774708455
0.19249059982094363 0.16400984780662647 3.152993926832142 652.4296289607882 519.1692096143961 647.3374805152416 441.09598219394684 3.2986834422392945 3.8825421110562797 -2131.241778081069 -0.04990703917368015 23.0237331857563 -4986.676519247997 -2.091661323289193e-05 0.004663614243380036 -0.005868560774708455
0.18463384064458105 0.1610635631154877 3.2062399362336973 652.2289799079299 519.4672908037901 651.5789524614811 443.0216281414032 3.2986834422392945 3.8825421110562797 -2131.241778081069 -0.04990703917368015 23.0237331857563 -4986.676519247997 -2.091661323289193e-05 0.004663614243380036 -0.005868560774708455
0.17284870188003493 0.1571351835273064 3.2594859456352525 652.0691888704896 519.8522801995277 655.592566639185 443.79484510421753 3.2986834422392945 3.8825421110562797 -2131.241778081069 -0.04990703917368015 23.0237331857563 -4986.676519247997 -2.091661323289193e-05 0.004663614243380036 -0.005868560774708455
0.15320680393912176 0.15124261414503112 3.312731955036808 651.9343693107367 520.3138272464275 659.3988539278507 443.57178807258606 3.2986834422392945 3.8825421110562797 -2131.241778081069 -0.04990703917368015 23.0237331857563 -4986.676519247997 -2.091661323289193e-05 0.004663614243380036 -0.005868560774708455
0.1335649059982086 0.14436794986571108 3.365977964438364 651.8093212507665 520.8389218300581 663.0242675840855 442.5444322824478 3.2986834422392945 3.8825421110562797 -2131.241778081069 -0.04990703917368015 23.0237331857563 -4986.676519247997 -2.091661323289193e-05 0.004663614243380036 -0.005868560774708455
0.10606624888092393 0.13945747538048278 3.419223973839919 651.6795312575996 521.4118944853544 666.5011831223965 440.94056832790375 3.2986834422392945 3.8825421110562797 -2131.241778081069 -0.04990703917368015 23.0237331857563 -4986.676519247997 -2.091661323289193e-05 0.004663614243380036 -0.005868560774708455
0.07954968666068848 0.13552909579229813 3.4724699832414743 651.5311724357307 522.0144161581993 669.8678982555866 439.023806810379 3.2986834422392945 3.8825421110562797 -2131.241778081069 -0.04990703917368015 23.0237331857563 -4986.676519247997 -2.091661323289193e-05 0.004663614243380036 -0.005868560774708455
0.0530331244404575 0.13160071620411795 3.52571599264303 651.351104427129 522.6254986524582 673.1686325967312 437.0935730934143 3.2986834422392945 3.8825421110562797 -2131.241778081069 -0.04990703917368015 23.0237331857563 -4986.676519247997 -2.091661323289193e-05 0.004663614243380036 -0.005868560774708455
0.02258818263204299 0.1286544315129803 3.5789620020445856 651.1268734335899 523.2214940488338 676.4535281658173 435.48511278629303 3.2986834422392945 3.8825421110562797 -2131.241778081069 -0.04990703917368015 23.0237331857563 -4986.676519247997 -2.091661323289193e-05 0.004663614243380036 -0.005868560774708455
-0.0039283795881879914 0.12472605192479791 3.632208011446141 650.8467121832073 523.7760952860117 679.778648763895 434.5694862604141 3.2986834422392945 3.8825421110562797 -2131.241778081069 -0.04990703917368015 23.0237331857563 -4986.676519247997 -2.091661323289193e-05 0.004663614243380036 -0.005868560774708455
-0.019641897940917627 0.11883348254252374 3.685454020847696 650.4995399527252 524.2603354901075 683.2059811353683 434.75357353687286 3.2986834422392945 3.8825421110562797 -2131.241778081069 -0.04990703917368015 23.0237331857563 -4986.676519247997 -2.091661323289193e-05 0.004663614243380036 -0.005868560774708455
-0.027498657117280213 0.11195881826320479 3.7387000302492517 650.0749625824392 524.6425888389349 686.803433150053 436.48006999492645 3.2986834422392945 3.8825421110562797 -2131.241778081069 -0.04990703917368015 23.0237331857563 -4986.676519247997 -2.091661323289193e-05 0.004663614243380036 -0.005868560774708455
-0.023570277529101152 0.10410205908683887 3.7919460396508073 649.5632723867893 524.8885695785284 690.6448358297348 440.22749042510986 3.2986834422392945 3.8825421110562797 -2131.241778081069 -0.04990703917368015 23.0237331857563 -4986.676519247997 -2.091661323289193e-05 0.004663614243380036 -0.005868560774708455
-0.019641897940917627 0.10017367949865645 3.8451920490523626 648.9554483443499 524.9613329619169 694.80994156003 446.51016676425934 3.2986834422392945 3.8825421110562797 -2131.241778081069 -0.04990703917368015 23.0237331857563 -4986.676519247997 -2.091661323289193e-05 0.004663614243380036 -0.005868560774708455
-0.019641897940913162 0.10017367949865645 3.8984380584539178 648.243155863136 524.8212746083736 699.3844257295132 455.8782458305359 3.2986834422392945 3.8825421110562797 -2131.241778081069 -0.04990703917368015 23.0237331857563 -4986.676519247997 -2.091661323289193e-05 0.004663614243380036 -0.005868560774708455
-0.019641897940913162 0.10017367949865645 3.9516840678554734 647.4187469296157 524.4261306524277 704.4598848223686 468.9176962375641 3.2986834422392945 3.8825421110562797 -2131.241778081069 -0.04990703917368015 23.0237331857563 -4986.676519247997 -2.091661323289193e-05 0.004663614243380036 -0.005868560774708455
-0.012767233661599807 0.09919158460160946 4.004930077257029 646.4752601087093 523.7309779077768 710.1338386535645 486.2503010034561 3.2986834422392945 3.8825421110562797 -2131.241778081069 -0.04990703917368015 23.0237331857563 -4986.676519247997 -2.091661323289193e-05 0.004663614243380036 -0.005868560774708455
-0.009820948970461048 0.09624529991047293 4.058176086658584 648.4721902161837 524.5972162783146 703.7973306179047 508.2368474006653 3.2986834422392945 3.8825421110562797 -2131.241778081069 -0.04990703917368015 23.0237331857563 -4986.676519247997 -2.091661323289193e-05 0.004663614243380036 -0.005868560774708455
-0.002946284691143227 0.09133482542524575 4.1114220960601395 647.9231653064489 523.9707253277302 702.9971971511841 470.4624699354172 3.2986834422392945 3.8825421110562797 -2131.241778081069 -0.04990703917368015 23.0237331857563 -4986.676519247997 -2.091661323289193e-05 0.004663614243380036 -0.005868560774708455
0.003928379588179059 0.08347806624887982 4.164668105461695 647.3241749256849 523.7189446091652 698.1545627117157 437.01596331596375 3.2986834422392945 3.8825421110562797 -2131.241778081069 -0.04990703917368015 23.0237331857563 -4986.676519247997 -2.091661323289193e-05 0.004663614243380036 -0.005868560774708455
0.003928379588179059 0.07660340196956088 4.217914114863251 646.7011156380177 523.7793491482735 689.9835093021393 407.44536328315735 3.2986834422392945 3.8825421110562797 -2131.241778081069 -0.04990703917368015 23.0237331857563 -4986.676519247997 -2.091661323289193e-05 0.004663614243380036 -0.005868560774708455
-0.003928379588183525 0.06874664279319606 4.2711601242648065 646.077417999506 524.0940081775188 679.1431803703308 381.3251705169678 3.2986834422392945 3.8825421110562797 -2131.241778081069 -0.04990703917368015 23.0237331857563 -4986.676519247997 -2.091661323289193e-05 0.004663614243380036 -0.005868560774708455
-0.030444941808418974 0.06285407341092189 4.324406133666361 645.4740470647812 524.6095854043961 666.2377789020538 358.2563544511795 3.2986834422392945 3.8825421110562797 -2131.241778081069 -0.04990703917368015 23.0237331857563 -4986.676519247997 -2.091661323289193e-05 0.004663614243380036 -0.005868560774708455
-0.0530331244404709 0.054997314234557074 4.377652143067917 644.9095020592213 525.27733913064 651.8165767192841 337.86635422706604 3.2986834422392945 3.8825421110562797 -2131.241778081069 -0.04990703917368015 23.0237331857563 -4986.676519247997 -2.091661323289193e-05 0.004663614243380036 -0.005868560774708455
-0.07562130707251835 0.04517636526409826 4.302261639843072 644.3998164087534 526.053121894598 636.3739037513733 319.809073805809 3.2986834422392945 3.8825421110562797 -2131.241778081069 -0.04990703917368015 23.0237331857563 -4986.676519247997 -2.091661323289193e-05 0.004663614243380036 -0.005868560774708455
-0.10115577439570904 0.03535541629364168 4.345215146566517 643.9585579186678 526.8973810076714 620.3491516113281 303.7648867368698 3.2986834422392945 3.8825421110562797 -2131.241778081069 -0.04990703917368015 23.0237331857563 -4986.676519247997 -2.091661323289193e-05 0.004663614243380036 -0.005868560774708455
-0.1306186213070743 0.028480752014322746 4.4831570471076825 643.5968285501003 527.7751578390598 604.1267750263214 289.4406327009201 3.2986834422392945 3.8825421110562797 -2131.241778081069 -0.04990703917368015 23.0237331857563 -4986.676519247997 -2.091661323289193e-05 0.004663614243380036 -0.005868560774708455
-0.1600814682184485 0.024552372426140334 4.547240302970088 643.3232646137476 528.6560884714127 588.0362935066223 276.5696213245392 3.2986834422392945 3.8825421110562797 -2131.241778081069 -0.04990703917368015 23.0237331857563 -4986.676519247997 -2.091661323289193e-05 0.004663614243380036 -0.005868560774708455
-0.18954431512981826 0.021606087735004924 4.57983744808806 643.1440366357565 529.5144033133984 572.3522839546204 264.9116270542145 3.2986834422392945 3.8825421110562797 -2131.241778081069 -0.04990703917368015 23.0237331857563 -4986.676519247997 -2.091661323289193e-05 0.004663614243380036 -0.005868560774708455
-0.21900716204118353 0.021606087735004924 4.67906798450643 643.0628493726254 530.3289274871349 557.2943918704987 254.2528944015503 3.2986834422392945 3.8825421110562797 -2131.241778081069 -0.04990703917368015 23.0237331857563 -4986.676519247997 -2.091661323289193e-05 0.004663614243380036 -0.005868560774708455
-0.2523983885407368 0.02357027752909557 4.741792268588667 643.0809418559074 531.0830803513527 543.0273208618164 244.40613532066345 3.2986834422392945 3.8825421110562797 -2131.241778081069 -0.04990703917368015 23.0237331857563 -4986.676519247997 -2.091661323289193e-05 0.004663614243380036 -0.005868560774708455
-0.28186123545210656 0.029462846911369744 4.877537657799353 643.1970874816179 531.7648755609989 529.6608383655548 235.21052813529968 3.3132274444772105 3.8943365296732697 -2140.784867274473 -0.04970152165884739 23.021057420633408 -4970.042668162799 -2.083047848233344e-05 0.004679787742839409 -0.006126409087775438
-0.2965926589077959 0.03437332139659803 4.972991372131941 643.4075938165188 532.366921722889 517.2497735023499 226.5317187309265 3.3132274444772105 3.8943365296732697 -2140.784867274473 -0.04970152165884739 23.021057420633408 -4970.042668162799 -2.083047848233344e-05 0.004679787742839409 -0.006126409087775438
-0.3113240823634763 0.04026589077887109 5.034139534781422 643.7063025981188 532.8864213526249 505.7940185070038 218.26182401180267 3.3132274444772105 3.8943365296732697 -2140.784867274473 -0.04970152165884739 23.021057420633408 -4970.042668162799 -2.083047848233344e-05 0.004679787742839409 -0.006126409087775438
-0.3221271262309821 0.04615846016114526 5.139016473511441 644.084590062499 533.32517182827 495.2385265827179 210.31942451000214 3.3132274444772105 3.8943365296732697 -2140.784867274473 -0.04970152165884739 23.021057420633408 -4970.042668162799 -2.083047848233344e-05 0.004679787742839409 -0.006126409087775438
-0.32605550581916115 0.053033124440463084 5.695182703632281 644.531366571784 533.6895647644997 485.4733145236969 202.64956998825073 3.3132274444772105 3.8943365296732697 -2140.784867274473 -0.04970152165884739 23.021057420633408 -4970.042668162799 -2.083047848233344e-05 0.004679787742839409 -0.006126409087775438
-0.33391226499552823 0.05696150402864661 5.071159650655262 645.0330766290426 533.9905863106251 476.3334627151489 195.2237788438797 3.3132274444772105 3.8943365296732697 -2140.784867274473 -0.04970152165884739 23.021057420633408 -4970.042668162799 -2.083047848233344e-05 0.004679787742839409 -0.006126409087775438
-0.33784064458371177 0.06285407341092078 5.695182703631931 645.5736991912127 534.2438170611858 467.5991108417511 188.04003632068634 3.3132274444772105 3.8943365296732697 -2140.784867274473 -0.04970152165884739 23.021057420633408 -4970.042668162799 -2.083047848233344e-05 0.004679787742839409 -0.006126409087775438
-0.34176902417189525 0.06874664279319495 5.601397737256006 646.1347474306822 534.4694320857525 458.9954628944397 181.12279510498047 3.3132274444772105 3.8943365296732697 -2140.784867274473 -0.04970152165884739 23.021057420633408 -4970.042668162799 -2.083047848233344e-05 0.004679787742839409 -0.006126409087775438
-0.35355416293644587 0.075621307072515 5.507612770880081 646.6952686905861 534.6922008991241 450.1927857398987 174.5229754447937 3.3132274444772105 3.8943365296732697 -2140.784867274473 -0.04970152165884739 23.021057420633408 -4970.042668162799 -2.083047848233344e-05 0.004679787742839409 -0.006126409087775438
-0.3682855863921307 0.08249597135183506 5.413827804504155 647.2318447232246 534.9414874315262 440.8064067363739 168.31796729564667 3.3132274444772105 3.8943365296732697 -2140.784867274473 -0.04970152165884739 23.021057420633408 -4970.042668162799 -2.083047848233344e-05 0.004679787742839409 -0.006126409087775438
-0.3830170098478156 0.08838854073411034 5.320042838128231 647.7185914367437 535.2512500882149 430.3967168331146 162.61162495613098 3.3132274444772105 3.8943365296732697 -2140.784867274473 -0.04970152165884739 23.021057420633408 -4970.042668162799 -2.083047848233344e-05 0.004679787742839409 -0.006126409087775438
-0.401676812891684 0.0942811101163834 5.226257871752305 648.1271589398384 535.6600417792797 418.4691710472107 157.5342732667923 3.3132274444772105 3.8943365296732697 -2140.784867274473 -0.04970152165884739 23.021057420633408 -4970.042668162799 -2.083047848233344e-05 0.004679787742839409 -0.006126409087775438
-0.42033661593554794 0.09919158460160946 5.13247290537638 648.426731839776 536.2110098898411 404.47428154945374 153.24270403385162 3.3132274444772105 3.8943365296732697 -2140.784867274473 -0.04970152165884739 23.021057420633408 -4970.042668162799 -2.083047848233344e-05 0.004679787742839409 -0.006126409087775438
-0.4419427036705506 0.10606624888092951 5.038687939000455 648.584028750658 536.9518961012363 387.80762934684753 149.9201761484146 3.3132274444772105 3.8943365296732697 -2140.784867274473 -0.04970152165884739 23.021057420633408 -4970.042668162799 -2.083047848233344e-05 0.004679787742839409 -0.006126409087775438
-0.4635487914055533 0.11195881826320479 4.944902972624529 648.5633027106524 537.935036867857 367.80985260009766 147.77641558647156 3.3132274444772105 3.8943365296732697 -2140.784867274473 -0.04970152165884739 23.021057420633408 -4970.042668162799 -2.083047848233344e-05 0.004679787742839409 -0.006126409087775438
