28 -0.5902390331244486 -3.287071620411818 1.5576391913221377 -0.04321217547000985 -3.6249122649955243
-0.5902390331244486 -3.287071620411818 1.5576391913221377 373.6457215861883 529.8183443134185 652.7998599214479 199.8427236005664 3.197316031669637 3.7050398377229885 -1906.4392568354297 0.04495891991303155 21.896552141204154 -4149.915490766229 1.8842799628261256e-05 0.0044434019749534075 0.1542005535707894
-0.5254207699194315 -3.285107430617727 1.540502566876125 374.3453384442255 527.5911292964593 648.3065007273108 200.89850121736526 3.197316031669637 3.7050398377229885 -1906.4392568354297 0.04495891991303155 21.896552141204154 -4149.915490766229 1.8842799628261256e-05 0.0044434019749534075 0.1542005535707894
-0.4674771709937413 -3.2831432408236356 1.5369109968907788 375.2037940886803 525.7272292634007 642.9406830566004 207.18465065211058 3.197316031669637 3.7050398377229885 -1906.4392568354297 0.04495891991303155 21.896552141204154 -4149.915490766229 1.8842799628261256e-05 0.0044434019749534075 0.1542005535707894
-0.4193545210385031 -3.2792148612354532 1.4893442824890317 376.1720895988401 524.1771772224456 636.8381468439475 217.55847650766373 3.197316031669637 3.7050398377229885 -1906.4392568354297 0.04495891991303155 21.896552141204154 -4149.915490766229 1.8842799628261256e-05 0.0044434019749534075 0.1542005535707894
-0.3741781557743993 -3.274304386750225 1.462525735934449 377.204186883755 522.8950130131561 630.123239448294 230.97578617185354 3.197316031669637 3.7050398377229885 -1906.4392568354297 0.04495891991303155 21.896552141204154 -4149.915490766229 1.8842799628261256e-05 0.0044434019749534075 0.1542005535707894
-0.33293017009848347 -3.2684118173679506 1.4288992721907214 378.2570086782798 521.8382833078504 622.9089156799018 246.4908899590373 3.197316031669637 3.7050398377229885 -1906.4392568354297 0.04495891991303155 21.896552141204154 -4149.915490766229 1.8842799628261256e-05 0.0044434019749534075 0.1542005535707894
-0.2946284691137019 -3.263501342882723 1.4432867685796757 379.2904385437723 520.9680416106712 615.2967377603054 263.2566010132432 3.197316031669637 3.7050398377229885 -1906.4392568354297 0.04495891991303155 21.896552141204154 -4149.915490766229 1.8842799628261256e-05 0.0044434019749534075 0.1542005535707894
-0.2632014324082426 -3.256626678603403 1.3554386270971333 380.26732087135315 520.2488482564222 607.3768753577024 280.52423529326916 3.197316031669637 3.7050398377229885 -1906.4392568354297 0.04495891991303155 21.896552141204154 -4149.915490766229 1.8842799628261256e-05 0.0044434019749534075 0.1542005535707894
-0.23864905998210117 -3.2487699194270374 1.2610933822524364 381.153460878646 519.6487704152241 599.2281055757776 297.6436117067933 3.197316031669637 3.7050398377229885 -1906.4392568354297 0.04495891991303155 21.896552141204154 -4149.915490766229 1.8842799628261256e-05 0.0044434019749534075 0.1542005535707894
-0.21704297224709848 -3.24385944494181 1.3473197256542704 381.9176246081479 519.1393820871599 590.9178129415959 314.0630519837141 3.197316031669637 3.7050398377229885 -1906.4392568354297 0.04495891991303155 21.896552141204154 -4149.915490766229 1.8842799628261256e-05 0.0044434019749534075 0.1542005535707894
-0.2101683079677762 -3.2409131602506727 1.1659045405099406 382.5315389339812 518.6957641048357 582.5019894214347 329.329380646348 3.197316031669637 3.7050398377229885 -1906.4392568354297 0.04495891991303155 21.896552141204154 -4149.915490766229 1.8842799628261256e-05 0.0044434019749534075 0.1542005535707894
-0.20329364368845837 -3.2350205908683987 0.8621700546670792 382.96989155211486 518.2965041345451 574.0252344170585 343.0879251509905 3.197316031669637 3.7050398377229885 -1906.4392568354297 0.04495891991303155 21.896552141204154 -4149.915490766229 1.8842799628261256e-05 0.0044434019749534075 0.1542005535707894
-0.1964189794091316 -3.2320743061772617 1.1659045405101758 383.2103309906088 517.9236966716126 565.520754756406 355.08251582086086 3.197316031669637 3.7050398377229885 -1906.4392568354297 0.04495891991303155 21.896552141204154 -4149.915490766229 1.8842799628261256e-05 0.0044434019749534075 0.1542005535707894
-0.18561593554163475 -3.230110116383171 1.3909428270023911 383.2334666023962 517.5629430473782 557.010364706628 365.15548571944237 3.197316031669637 3.7050398377229885 -1906.4392568354297 0.04495891991303155 21.896552141204154 -4149.915490766229 1.8842799628261256e-05 0.0044434019749534075 0.1542005535707894
-0.17186660698299464 -3.233056401074307 1.78188966001756 383.022868567612 517.20335142361 548.5044859685004 373.2476709485054 3.197316031669637 3.7050398377229885 -1906.4392568354297 0.04495891991303155 21.896552141204154 -4149.915490766229 1.8842799628261256e-05 0.0044434019749534075 0.1542005535707894
-0.15811727842435452 -3.237966875559535 1.9138202672155795 382.56506789661944 516.8375367927365 540.0021476699039 379.398410320282 3.197316031669637 3.7050398377229885 -1906.4392568354297 0.04495891991303155 21.896552141204154 -4149.915490766229 1.8842799628261256e-05 0.0044434019749534075 0.1542005535707894
-0.13945747538049058 -3.249752014324083 2.1341125882869467 381.84955642046407 516.4616209815722 531.4909863751382 383.74554558843374 3.197316031669637 3.7050398377229885 -1906.4392568354297 0.04495891991303155 21.896552141204154 -4149.915490766229 1.8842799628261256e-05 0.0044434019749534075 0.1542005535707894
-0.12472605192480572 -3.266447627573859 2.418613300188299 380.868786805775 516.0752326475922 522.947246087715 386.52542128413916 3.197316031669637 3.7050398377229885 -1906.4392568354297 0.04495891991303155 21.896552141204154 -4149.915490766229 1.8842799628261256e-05 0.0044434019749534075 0.1542005535707894
-0.10999462846912085 -3.288053715308864 2.543173760111266 379.6181725405622 515.6815072828904 514.3357782317325 388.0728848874569 3.197316031669637 3.7050398377229885 -1906.4392568354297 0.04495891991303155 21.896552141204154 -4149.915490766229 1.8842799628261256e-05 0.0044434019749534075 0.1542005535707894
-0.0991915846016195 -3.3116239928379594 2.7118303744931325 378.0960879412014 515.2870872078929 505.6100416807458 388.82128666341305 3.197316031669637 3.7050398377229885 -1906.4392568354297 0.04495891991303155 21.896552141204154 -4149.915490766229 1.8842799628261256e-05 0.0044434019749534075 0.1542005535707894
-0.0805317815577511 -3.3361763652641017 2.4917222041778335 376.3038681547623 514.9021215797402 496.71210272517055 389.30247977375984 3.197316031669637 3.7050398377229885 -1906.4392568354297 0.04495891991303155 21.896552141204154 -4149.915490766229 1.8842799628261256e-05 0.0044434019749534075 0.1542005535707894
-0.06285407341092748 -3.3676034019695624 2.629203193279011 374.24580914969556 514.5402663829736 487.57263510208577 390.14682023227215 3.197316031669637 3.7050398377229885 -1906.4392568354297 0.04495891991303155 21.896552141204154 -4149.915490766229 1.8842799628261256e-05 0.0044434019749534075 0.1542005535707894
-0.04812264995523814 -3.4009946284691153 2.7261005576487944 371.92916772630997 514.218684438616 478.11091996822506 392.08316691964865 3.197316031669637 3.7050398377229885 -1906.4392568354297 0.04495891991303155 21.896552141204154 -4149.915490766229 1.8842799628261256e-05 0.0044434019749534075 0.1542005535707894
-0.04124798567591585 -3.435367949865713 2.9441970937398376 369.36416151211597 513.9580453976523 468.2348459288478 395.9388815462589 3.197316031669637 3.7050398377229885 -1906.4392568354297 0.04495891991303155 21.896552141204154 -4149.915490766229 1.8842799628261256e-05 0.0044434019749534075 0.1542005535707894
-0.04124798567592032 -3.469741271262311 3.141592653589923 366.56396895833313 513.782525743125 457.84090901352465 402.6398286893964 3.197316031669637 3.7050398377229885 -1906.4392568354297 0.04495891991303155 21.896552141204154 -4149.915490766229 1.8842799628261256e-05 0.0044434019749534075 0.1542005535707894
-0.04124798567592032 -3.5060787824529998 3.141592653589793 363.54472934734076 513.7198087908328 446.81421268358827 413.21037578582764 3.197316031669637 3.7050398377229885 -1906.4392568354297 0.04495891991303155 21.896552141204154 -4149.915490766229 1.8842799628261256e-05 0.0044434019749534075 0.1542005535707894
-0.045176365264103846 -3.5443804834377803 3.24379937169707 360.3255427868571 513.801084689796 435.0284678414464 428.77339317649603 3.197316031669637 3.7050398377229885 -1906.4392568354297 0.04495891991303155 21.896552141204154 -4149.915490766229 1.8842799628261256e-05 0.0044434019749534075 0.1542005535707894
-0.04223008057296508 -3.5846463742166526 3.0685520882866304 356.9284702113364 514.0610504185315 422.34599281288683 450.5502539649606 3.197316031669637 3.7050398377229885 -1906.4392568354297 0.04495891991303155 21.896552141204154 -4149.915490766229 1.8842799628261256e-05 0.0044434019749534075 0.1542005535707894
-0.04321217547000985 -3.6249122649955243 3.1659780627624894 362.0376074163214 512.9607323478558 243.5179518694058 421.6201936319703 3.197316031669637 3.7050398377229885 -1906.4392568354297 0.04495891991303155 21.896552141204154 -4149.915490766229 1.8842799628261256e-05 0.0044434019749534075 0.1542005535707894
-0.03633751119069203 -3.6681244404655335 2.983823915993881 355.8825791130366 512.8248715428199 284.6850472847 407.96197407192085 3.197316031669637 3.7050398377229885 -1906.4392568354297 0.04495891991303155 21.896552141204154 -4149.915490766229 1.8842799628261256e-05 0.0044434019749534075 0.1542005535707894
-0.029462846911369744 -3.715264995523725 2.9967801553507987 350.064370651482 512.7273531430292 321.86434991750866 394.5186483107973 3.197316031669637 3.7050398377229885 -1906.4392568354297 0.04495891991303155 21.896552141204154 -4149.915490766229 1.8842799628261256e-05 0.0044434019749534075 0.1542005535707894
-0.022588182632056388 -3.761423455684872 2.9937432883311716 344.5747001365089 512.6688406910653 355.277658960782 381.306466270471 3.197316031669637 3.7050398377229885 -1906.4392568354297 0.04495891991303155 21.896552141204154 -4149.915490766229 1.8842799628261256e-05 0.0044434019749534075 0.1542005535707894
-0.0157135183527341 -3.808564010743063 2.9967801553507973 339.40534030673734 512.6499694186186 385.1414465298876 368.34095533407526 3.197316031669637 3.7050398377229885 -1906.4392568354297 0.04495891991303155 21.896552141204154 -4149.915490766229 1.8842799628261256e-05 0.0044434019749534075 0.1542005535707894
-0.0049104744852327565 -3.8576687555953457 2.9250423486137214 334.5481185344979 512.6713462464522 411.66685767658055 355.63692034303676 3.197316031669637 3.7050398377229885 -1906.4392568354297 0.04495891991303155 21.896552141204154 -4149.915490766229 1.8842799628261256e-05 0.0044434019749534075 0.1542005535707894
0.00883885407340735 -3.906773500447629 2.868583950503069 329.99491682568623 512.7335497844488 435.0597103750333 343.2084435990546 3.197316031669637 3.7050398377229885 -1906.4392568354297 0.04495891991303155 21.896552141204154 -4149.915490766229 1.8842799628261256e-05 0.0044434019749534075 0.1542005535707894
0.022588182632047458 -3.9558782452999113 2.868583950503063 325.73767182011215 512.837130331598 455.5204955348745 331.06888486421667 3.197316031669637 3.7050398377229885 -1906.4392568354297 0.04495891991303155 21.896552141204154 -4149.915490766229 1.8842799628261256e-05 0.0044434019749534075 0.1542005535707894
0.02848075201432051 -4.001054610564012 3.0118901164339014 321.768374791136 512.9826098759604 473.244376976043 319.23088135942817 3.197316031669637 3.7050398377229885 -1906.4392568354297 0.04495891991303155 21.896552141204154 -4149.915490766229 1.8842799628261256e-05 0.0044434019749534075 0.1542005535707894
0.023570277529092222 -4.045248880931067 3.2522498747636885 318.0790716459451 513.170482094727 488.421191460453 307.7063477670308 3.197316031669637 3.7050398377229885 -1906.4392568354297 0.04495891991303155 21.896552141204154 -4149.915490766229 1.8842799628261256e-05 0.0044434019749534075 0.1542005535707894
0.019641897940904228 -4.0884610564010755 3.2322525407906606 314.66186292529164 513.4012123541597 501.23544867616147 296.5064762280672 3.148573432273672 3.6768753795151987 -1876.5557011292567 -0.04475167966867108 21.81120095361143 -4079.7985966278884 -1.875594286197453e-05 0.004428268711190172 0.17533198946218925
0.007856759176358119 -4.1297090420769935 3.419892312594865 311.5089038037986 513.6752377096564 511.86633123550564 285.6417363433284 3.148573432273672 3.6768753795151987 -1876.5557011292567 -0.04475167966867108 21.81120095361143 -4079.7985966278884 -1.875594286197453e-05 0.004428268711190172 0.17533198946218925
-0.007856759176371518 -4.168010743061774 3.5309093754229157 308.6124040897557 513.992966905691 520.4876946825534 275.1218751745182 3.148573432273672 3.6768753795151987 -1876.5557011292567 -0.04475167966867108 21.81120095361143 -4079.7985966278884 -1.875594286197453e-05 0.004428268711190172 0.17533198946218925
-0.023570277529096687 -4.204348254252463 3.549741757344759 305.96462822506146 514.3547803758411 527.2680674828589 264.9559172426234 3.148573432273672 3.6768753795151987 -1876.5557011292567 -0.04475167966867108 21.81120095361143 -4079.7985966278884 -1.875594286197453e-05 0.004428268711190172 0.17533198946218925
-0.039283795881826324 -4.2377394807520155 3.5814352364055098 303.5578952854412 514.7610302427584 532.3706510355696 255.152164528321 3.148573432273672 3.6768753795151987 -1876.5557011292567 -0.04475167966867108 21.81120095361143 -4079.7985966278884 -1.875594286197453e-05 0.004428268711190172 0.17533198946218925
-0.05794359892569919 -4.269166517457476 3.677403891550384 301.3845789802872 515.2120403182525 535.9533196566626 245.71819647209486 3.148573432273672 3.6768753795151987 -1876.5557011292567 -0.04475167966867108 21.81120095361143 -4079.7985966278884 -1.875594286197453e-05 0.004428268711190172 0.17533198946218925
-0.07954968666070188 -4.298629364368846 3.7743414885919275 299.4371076526586 515.7081061031931 538.1686206078157 236.6608699747594 3.148573432273672 3.6768753795151987 -1876.5557011292567 -0.04475167966867108 21.81120095361143 -4079.7985966278884 -1.875594286197453e-05 0.004428268711190172 0.17533198946218925
-0.10508415398389256 -4.326128021486125 3.889970701113389 297.7079642794415 516.2494947875402 539.1637740628794 227.98631939676125 3.148573432273672 3.6768753795151987 -1876.5557011292567 -0.04475167966867108 21.81120095361143 -4079.7985966278884 -1.875594286197453e-05 0.004428268711190172 0.17533198946218925
-0.12669024171889973 -4.353626678603404 3.8075618909689513 296.1896864711016 516.836445250392 539.0806731283665 219.6999565589358 3.148573432273672 3.6768753795151987 -1876.5557011292567 -0.04475167966867108 21.81120095361143 -4079.7985966278884 -1.875594286197453e-05 0.004428268711190172 0.17533198946218925
-0.15124261414504117 -4.375232766338408 3.990734129519931 294.87486647190235 517.469168059908 538.0558838387951 211.80647074064473 3.148573432273672 3.6768753795151987 -1876.5557011292567 -0.04475167966867108 21.81120095361143 -4079.7985966278884 -1.875594286197453e-05 0.004428268711190172 0.17533198946218925
-0.17972336615936169 -4.393892569382275 4.132386206176957 293.75615115977416 518.1478454733806 536.220645159483 204.3098286826862 3.148573432273672 3.6768753795151987 -1876.5557011292567 -0.04475167966867108 21.81120095361143 -4079.7985966278884 -1.875594286197453e-05 0.004428268711190172 0.17533198946218925
-0.21115040286482095 -4.409606087735006 4.248741371383855 292.82624204641616 518.8726314371852 533.7008689716458 197.21327458514133 3.148573432273672 3.6768753795151987 -1876.5557011292567 -0.04475167966867108 21.81120095361143 -4079.7985966278884 -1.875594286197453e-05 0.004428268711190172 0.17533198946218925
-0.2425774395702847 -4.421391226499554 4.353618310114149 292.07789527709247 519.6436515867808 530.6171401022002 190.5193301071995 3.148573432273672 3.6768753795151987 -1876.5557011292567 -0.04475167966867108 21.81120095361143 -4079.7985966278884 -1.875594286197453e-05 0.004428268711190172 0.17533198946218925
-0.2730223813786947 -4.427283795881828 4.521204520787635 291.5039216309815 520.461003246759 527.0847162902355 184.2297943692538 3.148573432273672 3.6768753795151987 -1876.5557011292567 -0.04475167966867108 21.81120095361143 -4079.7985966278884 -1.875594286197453e-05 0.004428268711190172 0.17533198946218925
-0.3073957027752972 -4.4282658907788734 4.6838253225459425 291.09718652082665 521.3247554307873 523.2135282075033 178.34574395074742 3.148573432273672 3.6768753795151987 -1876.5557011292567 -0.04475167966867108 21.81120095361143 -4079.7985966278884 -1.875594286197453e-05 0.004428268711190172 0.17533198946218925
-0.33882273948075203 -4.423355416293645 4.867385722308661 290.85060999312554 522.2349488416421 519.1081794593483 172.8675328909885 3.148573432273672 3.6768753795151987 -1876.5557011292567 -0.04475167966867108 21.81120095361143 -4079.7985966278884 -1.875594286197453e-05 0.004428268711190172 0.17533198946218925
-0.3731960608773545 -4.413534467323189 4.990688639389751 290.75716672804265 523.1915958712143 514.8679465651512 167.79479268967407 3.148573432273672 3.6768753795151987 -1876.5557011292567 -0.04475167966867108 21.81120095361143 -4079.7985966278884 -1.875594286197453e-05 0.004428268711190172 0.17533198946218925
-0.4036410026857735 -4.400767233661595 5.109468425609633 290.8098860395694 524.1946806004598 510.5867789844051 163.12643230560934 3.148573432273672 3.6768753795151987 -1876.5557011292567 -0.04475167966867108 21.81120095361143 -4079.7985966278884 -1.875594286197453e-05 0.004428268711190172 0.17533198946218925
-0.43801432408237156 -4.383089525514773 5.187399736649802 291.0018518753059 525.2441587994599 506.353299099952 158.86063815816306 3.148573432273672 3.6768753795151987 -1876.5557011292567 -0.04475167966867108 21.81120095361143 -4079.7985966278884 -1.875594286197453e-05 0.004428268711190172 0.17533198946218925
-0.46845926589078607 -4.363447627573859 5.285355123273409 291.3262028165627 526.3399579273882 502.2508022170514 154.99487412674353 3.148573432273672 3.6768753795151987 -1876.5557011292567 -0.04475167966867108 21.81120095361143 -4079.7985966278884 -1.875594286197453e-05 0.004428268711190172 0.17533198946218925
-0.498904207699205 -4.34085944494181 5.350708788393682 291.77613207840477 527.4819771325147 498.3572565810755 151.52588154922705 3.148573432273672 3.6768753795151987 -1876.5557011292567 -0.04475167966867108 21.81120095361143 -4079.7985966278884 -1.875594286197453e-05 0.004428268711190172 0.17533198946218925
-0.5303312444046643 -4.316307072515668 5.375591973090811 292.34488750954915 528.670087252227 494.74530335050076 148.4496792256832 3.148573432273672 3.6768753795151987 -1876.5557011292567 -0.04475167966867108 21.81120095361143 -4079.7985966278884 -1.875594286197453e-05 0.004428268711190172 0.17533198946218925
-0.5637224709042131 -4.289790510295435 5.3835328158207485 293.02577159253997 529.9041308129927 491.4822566267103 145.76156341366004 3.148573432273672 3.6768753795151987 -1876.5557011292567 -0.04475167966867108 21.81120095361143 -4079.7985966278884 -1.875594286197453e-05 0.004428268711190172 0.17533198946218925
-0.6010420769919499 -4.266220232766339 5.275705241876632 293.8121414434863 531.1839220303882 488.6301034213975 143.45610783225857 3.148573432273672 3.6768753795151987 -1876.5557011292567 -0.04475167966867108 21.81120095361143 -4079.7985966278884 -1.875594286197453e-05 0.004428268711190172 0.17533198946218925
-0.6442542524619598 -4.2406857654431525 5.246097172023946 294.69740881236794 532.5092468090916 486.2455036845058 141.52716365951346 3.148573432273672 3.6768753795151987 -1876.5557011292567 -0.04475167966867108 21.81120095361143 -4079.7985966278884 -1.875594286197453e-05 0.004428268711190172 0.17533198946218925
-0.6943410922112874 -4.216133393017011 5.168162736361403 295.6750400826568 533.8798627428787 484.3797902939841 139.96785953367362 3.148573432273672 3.6768753795151987 -1876.5557011292567 -0.04475167966867108 21.81120095361143 -4079.7985966278884 -1.875594286197453e-05 0.004428268711190172 0.17533198946218925
-0.7513025962399329 -4.1905989256938225 5.133808187272523 296.73855627168086 535.2954991146071 483.07896905299276 138.77060155349318 3.148573432273672 3.6768753795151987 -1876.5557011292567 -0.04475167966867108 21.81120095361143 -4079.7985966278884 -1.875594286197453e-05 0.004428268711190172 0.17533198946218925
-0.8112103849597126 -4.164082363473591 5.129091241124112 297.8815330305515 536.7558568962631 482.38371869083494 137.9270732764271 3.148573432273672 3.6768753795151987 -1876.5557011292567 -0.04475167966867108 21.81120095361143 -4079.7985966278884 -1.875594286197453e-05 0.004428268711190172 0.17533198946218925
-0.8740644583706357 -4.135601611459267 5.137838617754731 299.09760064394504 538.2606087489239 482.3293908657506 137.42823572014458 3.148573432273672 3.6768753795151987 -1876.5557011292567 -0.04475167966867108 21.81120095361143 -4079.7985966278884 -1.875594286197453e-05 0.004428268711190172 0.17533198946218925
-0.9398648164726975 -4.1061387645478975 5.133379554636913 300.3804440302629 539.8093990227444 482.9460101649165 137.26432736282004 3.148573432273672 3.6768753795151987 -1876.5557011292567 -0.04475167966867108 21.81120095361143 -4079.7985966278884 -1.875594286197453e-05 0.004428268711190172 0.17533198946218925
-1.0017367949865756 -4.0766759176365275 5.156808190285777 301.7238027417188 541.4018437570321 484.2582741044462 137.42486414231826 3.148573432273672 3.6768753795151987 -1876.5557011292567 -0.04475167966867108 21.81120095361143 -4079.7985966278884 -1.875594286197453e-05 0.004428268711190172 0.17533198946218925
-1.0596803939122705 -4.045248880931067 5.209357585263735 303.12147096410627 543.0375306801216 486.285553121008 137.89863945590332 3.148573432273672 3.6768753795151987 -1876.5557011292567 -0.04475167966867108 21.81120095361143 -4079.7985966278884 -1.875594286197453e-05 0.004428268711190172 0.17533198946218925
-1.1146777081468264 -4.014803939122651 5.2179700352589045 304.5672975170455 544.7160192095107 489.0418905848637 138.6737241606461 3.148573432273672 3.6768753795151987 -1876.5557011292567 -0.04475167966867108 21.81120095361143 -4079.7985966278884 -1.875594286197453e-05 0.004428268711190172 0.17533198946218925
-1.166728737690248 -3.9823948075201447 5.269290504490254 306.0551858538238 546.4368404517645 492.53600279521197 139.73746657406446 3.148573432273672 3.6768753795151987 -1876.5557011292567 -0.04475167966867108 21.81120095361143 -4079.7985966278884 -1.875594286197453e-05 0.004428268711190172 0.17533198946218925
-1.2148513876454863 -3.9519498657117285 5.27647270143435 307.5790940613515 548.1994972025459 496.7712789727375 141.0764924735413 3.148573432273672 3.6768753795151987 -1876.5557011292567 -0.04475167966867108 21.81120095361143 -4079.7985966278884 -1.875594286197453e-05 0.004428268711190172 0.17533198946218925
-1.2619919427036796 -3.923469113697405 5.255866575097704 309.1330348603951 550.0034639466539 501.74578126799315 142.6767050959752 3.148573432273672 3.6768753795151987 -1876.5557011292567 -0.04475167966867108 21.81120095361143 -4079.7985966278884 -1.875594286197453e-05 0.004428268711190172 0.17533198946218925
-1.3061862130707298 -3.894988361683081 5.284848794202793 310.7110756053444 551.8481868579438 507.4522447613999 144.52328513778048 3.148573432273672 3.6768753795151987 -1876.5557011292567 -0.04475167966867108 21.81120095361143 -4079.7985966278884 -1.875594286197453e-05 0.004428268711190172 0.17533198946218925
-1.3533267681289232 -3.8665076096687563 5.255866575097722 312.3073382843286 553.7330837993777 513.8780774623156 146.6006907565752 3.148573432273672 3.6768753795151987 -1876.5557011292567 -0.04475167966867108 21.81120095361143 -4079.7985966278884 -1.875594286197453e-05 0.004428268711190172 0.17533198946218925
-1.3994852282900716 -3.839008952551479 5.24967369468542 313.9159995191876 555.6575443230522 521.0053603034467 148.89265756856184 3.148573432273672 3.6768753795151987 -1876.5557011292567 -0.04475167966867108 21.81120095361143 -4079.7985966278884 -1.875594286197453e-05 0.004428268711190172 0.17533198946218925
-1.4456436884512158 -3.8124923903312458 5.233823420156457 315.5312905654282 557.6209296701345 528.8108471436426 151.38219865015708 3.148573432273672 3.6768753795151987 -1876.5557011292567 -0.04475167966867108 21.81120095361143 -4079.7985966278884 -1.875594286197453e-05 0.004428268711190172 0.17533198946218925
-1.4947484333034988 -3.785975828111013 5.2075222438530915 317.1474973123113 559.6225727708752 537.2659647781402 154.0516045378754 3.148573432273672 3.6768753795151987 -1876.5557011292567 -0.04475167966867108 21.81120095361143 -4079.7985966278884 -1.875594286197453e-05 0.004428268711190172 0.17533198946218925
-1.552692032229189 -3.7584771709937344 5.169233973230716 318.75896028285206 561.6617782446701 546.3368129171431 156.88244322809624 3.148573432273672 3.6768753795151987 -1876.5557011292567 -0.04475167966867108 21.81120095361143 -4079.7985966278884 -1.875594286197453e-05 0.004428268711190172 0.17533198946218925
-1.6135819158460225 -3.72999641897941 5.163050306465314 320.36007463360147 563.737822399964 555.9841642137617 159.8555601768894 3.148573432273672 3.6768753795151987 -1876.5557011292567 -0.04475167966867108 21.81120095361143 -4079.7985966278884 -1.875594286197453e-05 0.004428268711190172 0.17533198946218925
-1.6793822739480797 -3.700533572068041 5.145742829466727 321.94529015502485 565.849953234363 566.1634642332792 162.9510783003061 3.148573432273672 3.6768753795151987 -1876.5557011292567 -0.04475167966867108 21.81120095361143 -4079.7985966278884 -1.875594286197453e-05 0.004428268711190172 0.17533198946218925
-1.748128916741276 -3.671070725156671 5.129287050794586 323.5091112712835 567.9973904345188 576.8248314764351 166.14839797426248 3.148573432273672 3.6768753795151987 -1876.5557011292567 -0.04475167966867108 21.81120095361143 -4079.7985966278884 -1.875594286197453e-05 0.004428268711190172 0.17533198946218925
-1.8188397493285615 -3.6396436884512102 5.142151259481389 325.04609704000177 570.1793253762062 587.9130573738366 169.42619703453965 3.1393916619521893 3.6584284789592076 -1867.2441500853301 -0.05137001114239507 21.71428925714197 -4044.746770863979 -2.1529761585245226e-05 0.004402292093915024 0.18416653711664355
-1.885622202327668 -3.6101808415398393 5.140123892770925 326.55086115280574 572.3949211242762 599.3676062794402 172.76243077678373 3.1393916619521893 3.6584284789592076 -1867.2441500853301 -0.05137001114239507 21.71428925714197 -4044.746770863979 -2.1529761585245226e-05 0.004402292093915024 0.18416653711664355
-1.9553509400179088 -3.5807179946284706 5.124060323816579 328.01807193490095 574.6433124327377 611.1226154724136 176.1343319566222 3.1393916619521893 3.6584284789592076 -1867.2441500853301 -0.05137001114239507 21.71428925714197 -4044.746770863979 -2.1529761585245226e-05 0.004402292093915024 0.18416653711664355
-2.0250796777081543 -3.552237242614147 5.112170078627468 329.4424523452326 576.9236057446305 623.1068951683119 179.51841078914003 3.1393916619521893 3.6584284789592076 -1867.2441500853301 -0.05137001114239507 21.71428925714197 -4044.746770863979 -2.1529761585245226e-05 0.004402292093915024 0.18416653711664355
-2.0938263205013503 -3.5247385854968676 5.105149646022008 330.8187799763982 579.2348791921377 635.2439284985885 182.89045495010214 3.1393916619521893 3.6584284789592076 -1867.2441500853301 -0.05137001114239507 21.71428925714197 -4044.746770863979 -2.1529761585245226e-05 0.004402292093915024 0.18416653711664355
-2.1655192479856806 -3.4982220232766346 5.078644540815487 332.1418870547932 581.5761825965237 647.4518715394661 186.22552957461448 3.1393916619521893 3.6584284789592076 -1867.2441500853301 -0.05137001114239507 21.71428925714197 -4044.746770863979 -2.1529761585245226e-05 0.004402292093915024 0.18416653711664355
-2.236230080572975 -3.4726875559534482 5.058927844818588 333.4066604404652 583.9465374681604 659.643553270027 189.49797725724056 3.1393916619521893 3.6584284789592076 -1867.2441500853301 -0.05137001114239507 21.71428925714197 -4044.746770863979 -2.1529761585245226e-05 0.004402292093915024 0.18416653711664355
-2.309887197851395 -3.448135183527306 5.034139534781364 334.6080416272016 586.3449370065318 671.7264756234363 192.68141805334017 3.1393916619521893 3.6584284789592076 -1867.2441500853301 -0.05137001114239507 21.71428925714197 -4044.746770863979 -2.1529761585245226e-05 0.004402292093915024 0.18416653711664355
-2.3825622202327748 -3.4255470008952553 5.013734204094792 335.7410267424275 588.770346100202 683.6028134422377 195.7487494776724 3.1393916619521893 3.6584284789592076 -1867.2441500853301 -0.05137001114239507 21.71428925714197 -4044.746770863979 -2.1529761585245226e-05 0.004402292093915024 0.18416653711664355
-2.4513088630259707 -3.403940913160252 5.016899863586794 336.8006665474095 591.22170132682 695.1694144979119 198.6721465047449 3.1393916619521893 3.6584284789592076 -1867.2441500853301 -0.05137001114239507 21.71428925714197 -4044.746770863979 -2.1529761585245226e-05 0.004402292093915024 0.18416653711664355
-2.5180913160250773 -3.3833169203222933 5.0119209694546 337.7820664369792 593.6979109531821 706.3177995001897 201.4230615690467 3.1393916619521893 3.6584284789592076 -1867.2441500853301 -0.05137001114239507 21.71428925714197 -4044.746770863979 -2.1529761585245226e-05 0.004402292093915024 0.18416653711664355
-2.5917484333035015 -3.3617108325872884 4.99771840056683 338.68038643982436 596.197854935137 716.9341620747 203.97222456533927 3.1393916619521893 3.6584284789592076 -1867.2441500853301 -0.05137001114239507 21.71428925714197 -4044.746770863979 -2.1529761585245226e-05 0.004402292093915024 0.18416653711664355
-2.6624592658907873 -3.3401047448522845 5.008934789454388 339.4908412182267 598.7203849176676 726.8993687853217 206.2896428477252 3.1393916619521893 3.6584284789592076 -1867.2441500853301 -0.05137001114239507 21.71428925714197 -4044.746770863979 -2.1529761585245226e-05 0.004402292093915024 0.18416653711664355
-2.7351342882721665 -3.3184986571172796 5.001364390377258 340.2087000681786 601.2643242348367 736.08895911742 208.344601230463 3.1393916619521893 3.6584284789592076 -1867.2441500853301 -0.05137001114239507 21.71428925714197 -4044.746770863979 -2.1529761585245226e-05 0.004402292093915024 0.18416653711664355
-2.809773500447631 -3.2978746642793206 4.9819780583056374 340.8292869195284 603.8284679098397 744.3731454825029 210.10566198744345 3.1393916619521893 3.6584284789592076 -1867.2441500853301 -0.05137001114239507 21.71428925714197 -4044.746770863979 -2.1529761585245226e-05 0.004402292093915024 0.18416653711664355
-2.881466427931971 -3.2762685765443162 5.005102055608662 341.3479803356604 606.4115826549005 751.616813221015 211.54066485259682 3.1393916619521893 3.6584284789592076 -1867.2441500853301 -0.05137001114239507 21.71428925714197 -4044.746770863979 -2.1529761585245226e-05 0.004402292093915024 0.18416653711664355
-2.952177260519252 -3.2566266786034026 4.98333583072314 341.7602135137422 609.0124068714049 757.679520605132 212.61672702000942 3.1393916619521893 3.6584284789592076 -1867.2441500853301 -0.05137001114239507 21.71428925714197 -4044.746770863979 -2.1529761585245226e-05 0.004402292093915024 0.18416653711664355
-3.0219059982095016 -3.240913160250672 4.934038543363338 342.06147428471013 611.6296506498347 762.4154988294467 213.30024314316688 3.1393916619521893 3.6584284789592076 -1867.2441500853301 -0.05137001114239507 21.71428925714197 -4044.746770863979 -2.1529761585245226e-05 0.004402292093915024 0.18416653711664355
-3.0886884512085993 -3.227163831692034 4.915434197638165 342.2473051130073 614.2619957697516 765.6736520165578 213.55688533524517 3.1393916619521893 3.6584284789592076 -1867.2441500853301 -0.05137001114239507 21.71428925714197 -4044.746770863979 -2.1529761585245226e-05 0.004402292093915024 0.18416653711664355
-3.155470904207697 -3.21439659803044 4.901286161262334 342.31330309710756 616.9080956998005 767.2975572198629 213.35160317033296 3.1393916619521893 3.6584284789592076 -1867.2441500853301 -0.05137001114239507 21.71428925714197 -4044.746770863979 -2.1529761585245226e-05 0.004402292093915024 0.18416653711664355
-3.223235452103857 -3.202611459265891 4.884579794907618 342.255119968846 619.5665755977916 767.125464418903 212.648623681569 3.1393916619521893 3.6584284789592076 -1867.2441500853301 -0.05137001114239507 21.71428925714197 -4044.746770863979 -2.1529761585245226e-05 0.004402292093915024 0.18416653711664355
-3.28608952551478 -3.1908263205013436 4.89773693038038 342.0684620940883 622.2360323105586 764.9902965202928 211.41145136178238 3.1393916619521893 3.6584284789592076 -1867.2441500853301 -0.05137001114239507 21.71428925714197 -4044.746770863979 -2.1529761585245226e-05 0.004402292093915024 0.18416653711664355
-3.350907788719797 -3.1800232766338414 4.877537657799302 341.7490904721926 624.9150343740966 760.7196493567899 209.60286816442385 3.1393916619521893 3.6584284789592076 -1867.2441500853301 -0.05137001114239507 21.71428925714197 -4044.746770863979 -2.1529761585245226e-05 0.004402292093915024 0.18416653711664355
-3.4127797672336664 -3.1711844225604304 4.854286034988875 341.2928207362711 627.6021220134535 754.1357916928828 207.18493350234348 3.1393916619521893 3.6584284789592076 -1867.2441500853301 -0.05137001114239507 21.71428925714197 -4044.746770863979 -2.1529761585245226e-05 0.004402292093915024 0.18416653711664355
-3.4717054610564104 -3.1613634735899736 4.877537657799304 340.69552315316105 630.2958071427984 745.0556652154773 204.11898424843093 3.1393916619521893 3.6584284789592076 -1867.2441500853301 -0.05137001114239507 21.71428925714197 -4044.746770863979 -2.1529761585245226e-05 0.004402292093915024 0.18416653711664355
-3.5276848701880157 -3.1535067144136084 4.851829037476023 339.9531226234685 632.994573365404 733.2908845469356 200.36563473503338 3.1393916619521893 3.6584284789592076 -1867.2441500853301 -0.05137001114239507 21.71428925714197 -4044.746770863979 -2.1529761585245226e-05 0.004402292093915024 0.18416653711664355
-3.581700089525522 -3.144667860340198 4.874587813848081 339.061598681481 635.696875973641 718.647737226449 195.88477675500326 3.1393916619521893 3.6584284789592076 -1867.2441500853301 -0.05137001114239507 21.71428925714197 -4044.746770863979 -2.1529761585245226e-05 0.004402292093915024 0.18416653711664355
-3.6347332139659887 -3.1309185317815587 4.966063076523325 338.0169854951091 638.4011419489652 700.9271837268025 190.63557956035947 3.1393916619521893 3.6584284789592076 -1867.2441500853301 -0.05137001114239507 21.71428925714197 -4044.746770863979 -2.1529761585245226e-05 0.004402292093915024 0.18416653711664355
-3.687766338406455 -3.114222918531782 5.0173813271990975 336.81537186600326 641.1057699619723 679.9248574525118 184.57648986461572 3.1393916619521893 3.6584284789592076 -1867.2441500853301 -0.05137001114239507 21.71428925714197 -4044.746770863979 -2.1529761585245226e-05 0.004402292093915024 0.18416653711664355
-3.7398173679498723 -3.0975273052820054 5.022776387517064 335.45290122971346 643.809130372274 655.4310647211969 177.6652318383567 3.1393916619521893 3.6584284789592076 -1867.2441500853301 -0.05137001114239507 21.71428925714197 -4044.746770863979 -2.1529761585245226e-05 0.004402292093915024 0.18416653711664355
