28 -0.9320080572963304 -2.8686991942703677 2.2891043870607217 0.33784064458370283 -4.183724261414505
-0.9320080572963304 -2.8686991942703677 2.2891043870607217 405.5771251618862 540.3838845938444 618.1010665893555 204.61443400382996 3.050604547617602 3.565166743003081 -1813.196219384991 -0.03910454691930634 21.57446152159008 -4170.879705079999 -6.20628082525805e-06 0.004286792811387995 0.1706814806812782
-0.8465658012533555 -2.9305711727842447 2.1975392280059336 398.66328674554825 537.0118864029646 609.9240438342094 213.31782579421997 3.050604547617602 3.565166743003081 -1813.196219384991 -0.03910454691930634 21.57446152159008 -4170.879705079999 -6.20628082525805e-06 0.004286792811387995 0.1706814806812782
-0.753266786034018 -3.01306714413608 2.2948191580785267 391.8361297249794 533.8229390829802 600.9283073544502 224.81491374969482 3.050604547617602 3.565166743003081 -1813.196219384991 -0.03910454691930634 21.57446152159008 -4170.879705079999 -6.20628082525805e-06 0.004286792811387995 0.1706814806812782
-0.6599677708146805 -3.1044019695613265 2.345556593616807 385.1777580976486 530.8420572727919 591.2764666676521 238.28292727470398 3.050604547617602 3.565166743003081 -1813.196219384991 -0.03910454691930634 21.57446152159008 -4170.879705079999 -6.20628082525805e-06 0.004286792811387995 0.1706814806812782
-0.5666687555953429 -3.1996651745747546 2.366610780123311 378.76000586152077 528.0895407348871 581.1157516241074 252.98012852668762 3.050604547617602 3.565166743003081 -1813.196219384991 -0.03910454691930634 21.57446152159008 -4170.879705079999 -6.20628082525805e-06 0.004286792811387995 0.1706814806812782
-0.47336974037600543 -3.2929641897940924 2.356194490192345 372.64443734288216 525.5809744149446 570.5780112743378 268.2458064556122 3.050604547617602 3.565166743003081 -1813.196219384991 -0.03910454691930634 21.57446152159008 -4170.879705079999 -6.20628082525805e-06 0.004286792811387995 0.1706814806812782
-0.3800707251566679 -3.3852811101163844 2.350903534273946 366.8823464810848 523.327228680253 559.7797144055367 283.500283241272 3.050604547617602 3.565166743003081 -1813.196219384991 -0.03910454691930634 21.57446152159008 -4170.879705079999 -6.20628082525805e-06 0.004286792811387995 0.1706814806812782
-0.28677170993733486 -3.4785801253357214 2.3561944901923657 361.51475793123245 521.334459066391 548.821948826313 298.24490785598755 3.050604547617602 3.565166743003081 -1813.196219384991 -0.03910454691930634 21.57446152159008 -4170.879705079999 -6.20628082525805e-06 0.004286792811387995 0.1706814806812782
-0.19347269471799733 -3.5718791405550583 2.3561944901923417 356.5724257528782 519.6041061878204 537.7904228568077 312.0620641708374 3.050604547617602 3.565166743003081 -1813.196219384991 -0.03910454691930634 21.57446152159008 -4170.879705079999 -6.20628082525805e-06 0.004286792811387995 0.1706814806812782
-0.10017367949865981 -3.6661602506714424 2.3614300444487566 352.07583397626877 518.1328960210085 526.7554640173912 324.615163564682 3.050604547617602 3.565166743003081 -1813.196219384991 -0.03910454691930634 21.57446152159008 -4170.879705079999 -6.20628082525805e-06 0.004286792811387995 0.1706814806812782
-0.06678245299910654 -3.732942703670547 2.677945044588977 348.0351973474026 516.9128399640322 515.7720193862915 335.64864468574524 3.050604547617602 3.565166743003081 -1813.196219384991 -0.03910454691930634 21.57446152159008 -4170.879705079999 -6.20628082525805e-06 0.004286792811387995 0.1706814806812782
-0.05892569382273949 -3.7673160250671454 2.916881485175101 344.4504596590996 515.9312342256308 504.87965601682663 344.9879822731018 3.050604547617602 3.565166743003081 -1813.196219384991 -0.03910454691930634 21.57446152159008 -4170.879705079999 -6.20628082525805e-06 0.004286792811387995 0.1706814806812782
-0.06285407341092301 -3.7830295434198753 3.3865713167167155 341.31129586696625 515.1706605255604 494.1025594472885 352.5396771430969 3.050604547617602 3.565166743003081 -1813.196219384991 -0.03910454691930634 21.57446152159008 -4170.879705079999 -6.20628082525805e-06 0.004286792811387995 0.1706814806812782
-0.06285407341092301 -3.793832587287378 3.141592653589793 338.5971099436283 514.6089859157801 483.4495362639427 358.2912621498108 3.050604547617602 3.565166743003081 -1813.196219384991 -0.03910454691930634 21.57446152159008 -4170.879705079999 -6.20628082525805e-06 0.004286792811387995 0.1706814806812782
-0.06383616830796777 -3.8046356311548797 3.232252540790459 336.2770362794399 514.2193625718355 472.91401159763336 362.3112983703613 3.050604547617602 3.565166743003081 -1813.196219384991 -0.03910454691930634 21.57446152159008 -4170.879705079999 -6.20628082525805e-06 0.004286792811387995 0.1706814806812782
-0.06088988361682902 -3.8213312444046568 2.96692045458146 334.3099395930767 513.9702276736498 462.4740309715271 364.74937987327576 3.050604547617602 3.565166743003081 -1813.196219384991 -0.03910454691930634 21.57446152159008 -4170.879705079999 -6.20628082525805e-06 0.004286792811387995 0.1706814806812782
-0.05401521933750673 -3.8429373321396607 2.833539872565895 332.6444138288498 513.8253040015697 452.09225898981094 365.83613109588623 3.050604547617602 3.565166743003081 -1813.196219384991 -0.03910454691930634 21.57446152159008 -4170.879705079999 -6.20628082525805e-06 0.004286792811387995 0.1706814806812782
-0.047140555058184444 -3.868471799462849 2.8785979219087836 331.2187839150429 513.7435994148254 441.7159798145294 365.8832001686096 3.050604547617602 3.565166743003081 -1813.196219384991 -0.03910454691930634 21.57446152159008 -4170.879705079999 -6.20628082525805e-06 0.004286792811387995 0.1706814806812782
-0.0363375111906831 -3.896952551477172 2.779048416325304 329.9611043334007 513.6794069707394 431.2770974636078 365.28327465057373 3.050604547617602 3.565166743003081 -1813.196219384991 -0.03910454691930634 21.57446152159008 -4170.879705079999 -6.20628082525805e-06 0.004286792811387995 0.1706814806812782
-0.012767233661599807 -3.9303437779767245 2.4887460224892095 328.7891592979431 513.58230496943 420.69213569164276 364.51006603240967 3.050604547617602 3.565166743003081 -1813.196219384991 -0.03910454691930634 21.57446152159008 -4170.879705079999 -6.20628082525805e-06 0.004286792811387995 0.1706814806812782
0.014731423455675938 -3.9647170993733214 2.4329663814621068 327.6104636192322 513.3971571177244 409.86223739385605 364.1183190345764 3.050604547617602 3.565166743003081 -1813.196219384991 -0.03910454691930634 21.57446152159008 -4170.879705079999 -6.20628082525805e-06 0.004286792811387995 0.1706814806812782
0.046158460161139676 -3.9981083258728742 2.35619449019227 326.3222615122795 513.0641120821238 398.6731656193733 364.74380469322205 3.050604547617602 3.565166743003081 -1813.196219384991 -0.03910454691930634 21.57446152159008 -4170.879705079999 -6.20628082525805e-06 0.004286792811387995 0.1706814806812782
0.08544225604297047 -4.030517457475381 2.2367655641739765 324.8115279972553 512.5186039209366 386.9953023195267 367.1033298969269 3.050604547617602 3.565166743003081 -1813.196219384991 -0.03910454691930634 21.57446152159008 -4170.879705079999 -6.20628082525805e-06 0.004286792811387995 0.1706814806812782
0.12079767233661326 -4.059980304386752 2.2390857456254665 322.954967468977 511.6913520693779 374.68364959955215 371.9947292804718 3.0767040939302204 3.54594812314489 -1818.712299517458 0.05595727248526695 21.45288712102763 -4195.633127248928 2.2606828073008743e-05 0.004256507976438745 0.16331645158105987
0.16106356311548883 -4.08747896150403 2.14798854066834 320.6190146803856 510.50836081802845 361.57782912254333 380.29686427116394 3.0767040939302204 3.54594812314489 -1818.712299517458 0.05595727248526695 21.45288712102763 -4195.633127248928 2.2606828073008743e-05 0.004256507976438745 0.16331645158105987
0.20525783348253898 -4.113995523724263 2.092230766566664 317.659834086895 508.89092007279396 347.5020821094513 392.96963238716125 3.0767040939302204 3.54594812314489 -1818.712299517458 0.05595727248526695 21.45288712102763 -4195.633127248928 2.2606828073008743e-05 0.004256507976438745 0.16331645158105987
0.24945210384959357 -4.1385478961504045 2.059648681122651 313.92332035303116 506.75560489296913 332.2652693390846 411.0539565086365 3.0767040939302204 3.54594812314489 -1818.712299517458 0.05595727248526695 21.45288712102763 -4195.633127248928 2.2606828073008743e-05 0.004256507976438745 0.16331645158105987
0.2936463742166527 -4.1621181736795 2.042918309198646 309.24509873986244 504.0142752677202 315.66087102890015 435.6717927455902 3.0767040939302204 3.54594812314489 -1818.712299517458 0.05595727248526695 21.45288712102763 -4195.633127248928 2.2606828073008743e-05 0.004256507976438745 0.16331645158105987
0.33784064458370283 -4.183724261414505 2.0085876304364656 322.4331926461309 507.8117343420163 132.55415061116219 311.06859585642815 3.0767040939302204 3.54594812314489 -1818.712299517458 0.05595727248526695 21.45288712102763 -4195.633127248928 2.2606828073008743e-05 0.004256507976438745 0.16331645158105987
0.3731960608773456 -4.199437779767235 1.9890206563741404 318.7386614214629 506.17535791825503 159.95070031285286 304.94598077237606 3.0767040939302204 3.54594812314489 -1818.712299517458 0.05595727248526695 21.45288712102763 -4195.633127248928 2.2606828073008743e-05 0.004256507976438745 0.16331645158105987
0.41640823634735546 -4.214169203222919 1.8993494973463299 315.48565575666726 504.5886746593751 187.07893785834312 299.6141577064991 3.0767040939302204 3.54594812314489 -1818.712299517458 0.05595727248526695 21.45288712102763 -4195.633127248928 2.2606828073008743e-05 0.004256507976438745 0.16331645158105987
0.4596204118173653 -4.230864816472696 1.9394922294529484 312.65422752685845 503.0535967438482 213.84726157784462 294.9977849572897 3.0767040939302204 3.54594812314489 -1818.712299517458 0.05595727248526695 21.45288712102763 -4195.633127248928 2.2606828073008743e-05 0.004256507976438745 0.16331645158105987
0.5028325872873751 -4.247560429722472 1.939492229452926 310.22487461566925 501.5719600720331 240.16908657550812 291.0244277268648 3.0767040939302204 3.54594812314489 -1818.712299517458 0.05595727248526695 21.45288712102763 -4195.633127248928 2.2606828073008743e-05 0.004256507976438745 0.16331645158105987
0.549973142345564 -4.265238137869294 1.9295669970654896 308.1785408873111 500.1455242689699 265.9628436565399 287.62455758452415 3.0767040939302204 3.54594812314489 -1818.712299517458 0.05595727248526695 21.45288712102763 -4195.633127248928 2.2606828073008743e-05 0.004256507976438745 0.16331645158105987
0.597113697403753 -4.282915846016116 1.9295669970654896 306.4966161940247 498.7759726708755 291.15198001265526 284.7315531373024 3.0767040939302204 3.54594812314489 -1818.712299517458 0.05595727248526695 21.45288712102763 -4195.633127248928 2.2606828073008743e-05 0.004256507976438745 0.16331645158105987
0.6403258728737629 -4.2996114592658925 1.9394922294529484 305.16093639470637 497.46491233911365 315.6649593412876 282.2816994935274 3.0767040939302204 3.54594812314489 -1818.712299517458 0.05595727248526695 21.45288712102763 -4195.633127248928 2.2606828073008743e-05 0.004256507976438745 0.16331645158105987
0.6796096687555891 -4.3172891674127145 1.9936502529278397 304.15378331393003 496.2138740522787 339.4352606832981 280.21418856084347 3.0767040939302204 3.54594812314489 -1818.712299517458 0.05595727248526695 21.45288712102763 -4195.633127248928 2.2606828073008743e-05 0.004256507976438745 0.16331645158105987
0.7188934646374154 -4.33398478066249 1.9726669742353506 303.45788477919996 495.02431231504306 362.40138006210327 278.4711189568043 3.0767040939302204 3.54594812314489 -1818.712299517458 0.05595727248526695 21.45288712102763 -4195.633127248928 2.2606828073008743e-05 0.004256507976438745 0.16331645158105987
0.759159355416291 -4.350680393912266 1.9638543459767837 303.05641458556056 493.89760534092784 384.5068291425705 276.9974957704544 3.0767040939302204 3.54594812314489 -1818.712299517458 0.05595727248526695 21.45288712102763 -4195.633127248928 2.2606828073008743e-05 0.004256507976438745 0.16331645158105987
0.7994252461951621 -4.369340196956133 2.0047496961888087 302.93299255892634 492.83505507418886 405.7001362144947 275.74123115837574 3.0767040939302204 3.54594812314489 -1818.712299517458 0.05595727248526695 21.45288712102763 -4195.633127248928 2.2606828073008743e-05 0.004256507976438745 0.16331645158105987
0.8318343777976707 -4.388000000000001 2.0931997585113966 303.0716844666749 491.83788716979325 425.93484538793564 274.65314358472824 3.0767040939302204 3.54594812314489 -1818.712299517458 0.05595727248526695 21.45288712102763 -4195.633127248928 2.2606828073008743e-05 0.004256507976438745 0.16331645158105987
0.8642435094001747 -4.402731423455687 1.9974238199218182 303.45700209215283 490.9072510083206 445.16951686143875 273.686958655715 3.0767040939302204 3.54594812314489 -1818.712299517458 0.05595727248526695 21.45288712102763 -4195.633127248928 2.2606828073008743e-05 0.004256507976438745 0.16331645158105987
0.901563115487907 -4.417462846911372 1.9467572806662268 304.07390321977437 490.04421968758106 463.3677275776863 272.79930840432644 3.0767040939302204 3.54594812314489 -1818.712299517458 0.05595727248526695 21.45288712102763 -4195.633127248928 2.2606828073008743e-05 0.004256507976438745 0.16331645158105987
0.9428111011638273 -4.429247985675919 1.8490959857999882 304.9077915903181 489.249790025875 480.4980699121952 271.94973143935204 3.0767040939302204 3.54594812314489 -1818.712299517458 0.05595727248526695 21.45288712102763 -4195.633127248928 2.2606828073008743e-05 0.004256507976438745 0.16331645158105987
0.9850411817367923 -4.436122649955238 1.7321714372155788 305.9445169456303 488.52488256106153 496.53415286540985 271.1006734073162 3.0767040939302204 3.54594812314489 -1818.712299517458 0.05595727248526695 21.45288712102763 -4195.633127248928 2.2606828073008743e-05 0.004256507976438745 0.16331645158105987
1.0272712623097575 -4.439068934646376 1.6404509005234644 307.17037502489984 487.8703415482305 511.45460161566734 270.2174863666296 3.0767040939302204 3.54594812314489 -1818.712299517458 0.05595727248526695 21.45288712102763 -4195.633127248928 2.2606828073008743e-05 0.004256507976438745 0.16331645158105987
1.07834019695613 -4.43808683974933 1.5515679276951844 308.57210754975677 487.2869349694811 525.2430573403835 269.26842926442623 3.0767040939302204 3.54594812314489 -1818.712299517458 0.05595727248526695 21.45288712102763 -4195.633127248928 2.2606828073008743e-05 0.004256507976438745 0.16331645158105987
1.1294091316025023 -4.432194270367056 1.455919721378 310.1369022335857 486.7753545185551 537.8881776034832 268.2246675789356 3.0767040939302204 3.54594812314489 -1818.712299517458 0.05595727248526695 21.45288712102763 -4195.633127248928 2.2606828073008743e-05 0.004256507976438745 0.16331645158105987
1.17949597135183 -4.4253196060877364 1.434393722393949 311.8523927722126 486.33621561247855 549.3836356699467 267.06027376651764 3.0767040939302204 3.54594812314489 -1818.712299517458 0.05595727248526695 21.45288712102763 -4195.633127248928 2.2606828073008743e-05 0.004256507976438745 0.16331645158105987
1.2217260519247906 -4.412552372426143 1.277207339386127 313.7066588625312 485.9700573878363 559.7281215488911 265.75222662091255 3.0767040939302204 3.54594812314489 -1818.712299517458 0.05595727248526695 21.45288712102763 -4195.633127248928 2.2606828073008743e-05 0.004256507976438745 0.16331645158105987
1.2600277529095723 -4.397820948970458 1.2036224929766852 315.6882261764258 485.67734270123765 568.925341129303 264.28041195869446 3.0767040939302204 3.54594812314489 -1818.712299517458 0.05595727248526695 21.45288712102763 -4195.633127248928 2.2606828073008743e-05 0.004256507976438745 0.16331645158105987
1.2855622202327628 -4.377196956132499 0.8913825213871113 317.7860663831234 485.45845812838525 576.9840163886547 262.6276220828295 3.0767040939302204 3.54594812314489 -1818.712299517458 0.05595727248526695 21.45288712102763 -4195.633127248928 2.2606828073008743e-05 0.004256507976438745 0.16331645158105987
1.2983294538943582 -4.350680393912266 0.44872334401076924 319.989597145468 485.31371396547183 583.9178858101368 260.7795560956001 3.0767040939302204 3.54594812314489 -1818.712299517458 0.05595727248526695 21.45288712102763 -4195.633127248928 2.2606828073008743e-05 0.004256507976438745 0.16331645158105987
1.2983294538943582 -4.320235452103851 -0.0 322.28868208639324 485.2433442240581 589.7457036972046 258.7248197644949 3.0767040939302204 3.54594812314489 -1818.712299517458 0.05595727248526695 21.45288712102763 -4195.633127248928 2.2606828073008743e-05 0.004256507976438745 0.16331645158105987
1.2894905998209465 -4.286844225604299 6.024414415215862 324.67363086901605 485.24750664643943 594.4912407398224 256.45492562651634 3.0767040939302204 3.54594812314489 -1818.712299517458 0.05595727248526695 21.45288712102763 -4195.633127248928 2.2606828073008743e-05 0.004256507976438745 0.16331645158105987
1.2727949865711676 -4.248542524619517 5.872120759789672 327.1351990867406 485.3262826814316 598.1832837462425 253.96429277956486 3.0767040939302204 3.54594812314489 -1818.712299517458 0.05595727248526695 21.45288712102763 -4195.633127248928 2.2606828073008743e-05 0.004256507976438745 0.16331645158105987
1.2433321396597978 -4.205330349149509 5.68476641370104 329.66458837874234 485.4796775057912 600.8556355237961 251.25024719536304 3.0767040939302204 3.54594812314489 -1818.712299517458 0.05595727248526695 21.45288712102763 -4195.633127248928 2.2606828073008743e-05 0.004256507976438745 0.16331645158105987
1.2138692927484236 -4.161136078782453 5.6951827036319544 332.25344632193446 485.70762001303956 602.547115445137 248.31302140653133 3.0767040939302204 3.54594812314489 -1818.712299517458 0.05595727248526695 21.45288712102763 -4195.633127248928 2.2606828073008743e-05 0.004256507976438745 0.16331645158105987
1.1716392121754629 -4.11006714413608 5.592242079177209 334.89386652223766 486.00996281951666 603.3015586435795 245.15575470030308 3.0767040939302204 3.54594812314489 -1818.712299517458 0.05595727248526695 21.45288712102763 -4195.633127248928 2.2606828073008743e-05 0.004256507976438745 0.16331645158105987
1.1294091316025023 -4.058998209489706 5.592242079177215 337.5783885512501 486.3864822550677 603.1678165197372 241.78449307382107 3.0767040939302204 3.54594812314489 -1818.712299517458 0.05595727248526695 21.45288712102763 -4195.633127248928 2.2606828073008743e-05 0.004256507976438745 0.16331645158105987
1.0793222918531746 -4.002036705461057 5.561919258783584 340.2999979723245 486.8368783756159 602.1997570097446 238.20818921923637 3.0767040939302204 3.54594812314489 -1818.712299517458 0.05595727248526695 21.45288712102763 -4195.633127248928 2.2606828073008743e-05 0.004256507976438745 0.16331645158105987
1.0380743061772544 -3.9460572963294553 5.648158571789236 343.052126346156 487.36077495478094 600.4562636911869 234.43870250880718 3.0767040939302204 3.54594812314489 -1818.712299517458 0.05595727248526695 21.45288712102763 -4195.633127248928 2.2606828073008743e-05 0.004256507976438745 0.16331645158105987
0.996826320501334 -3.889095792300807 5.65644240596851 345.82865122146904 487.9577194820158 598.0012367367744 230.49079903960228 3.0767040939302204 3.54594812314489 -1818.712299517458 0.05595727248526695 21.45288712102763 -4195.633127248928 2.2606828073008743e-05 0.004256507976438745 0.16331645158105987
0.960488809310642 -3.831152193375113 5.723063922996163 348.62389612570405 488.6271831751801 594.9035920202732 226.3821516185999 3.0767040939302204 3.54594812314489 -1818.712299517458 0.05595727248526695 21.45288712102763 -4195.633127248928 2.2606828073008743e-05 0.004256507976438745 0.16331645158105987
0.9300438675022275 -3.772226499552372 5.732509756267339 351.43263057619333 489.3685609642416 591.2372621893883 222.13333976268768 3.0767040939302204 3.54594812314489 -1818.712299517458 0.05595727248526695 21.45288712102763 -4195.633127248928 2.2606828073008743e-05 0.004256507976438745 0.16331645158105987
0.8956705461056339 -3.7162470904207705 5.6577002669404 354.25007009133697 490.18117149872705 587.0811955630779 217.76784953474998 3.0767040939302204 3.54594812314489 -1818.712299517458 0.05595727248526695 21.45288712102763 -4195.633127248928 2.2606828073008743e-05 0.004256507976438745 0.16331645158105987
0.8603151298119911 -3.6602676812891666 5.645636509040892 357.0718761757016 491.06425715377554 582.519356906414 213.3120739609003 3.0767040939302204 3.54594812314489 -1818.712299517458 0.05595727248526695 21.45288712102763 -4195.633127248928 2.2606828073008743e-05 0.004256507976438745 0.16331645158105987
0.8249597135183483 -3.607234556848701 5.618082620710094 359.89415631629527 492.01698402129114 577.6407270729542 208.79531259834766 3.0767040939302204 3.54594812314489 -1818.712299517458 0.05595727248526695 21.45288712102763 -4195.633127248928 2.2606828073008743e-05 0.004256507976438745 0.16331645158105987
0.7945147717099383 -3.556165622202327 5.66293582119683 362.7134639751166 493.0384419085458 572.539303034544 204.24977174401283 3.0206236614548994 3.5603859435083507 -1800.116697230694 -0.06054735268462248 21.588005535727447 -4187.744239140862 -2.417926661330669e-05 0.004295451041475864 0.17118922304572295
0.7601414503133402 -3.504114592658908 5.620759013346419 365.52679865062237 494.12764435075223 567.3140980899334 199.71056433022022 3.0206236614548994 3.5603859435083507 -1800.116697230694 -0.06054735268462248 21.588005535727447 -4187.744239140862 -2.417926661330669e-05 0.004295451041475864 0.17118922304572295
0.7296965085049257 -3.4569740376007148 5.6221421383289 368.33160576224327 495.28352859802544 562.0691413283348 195.21571016311646 3.0206236614548994 3.5603859435083507 -1800.116697230694 -0.06054735268462248 21.588005535727447 -4187.744239140862 -2.417926661330669e-05 0.004295451041475864 0.17118922304572295
0.6992515666965068 -3.414743957027752 5.564355307557962 371.1257767882198 496.5049556181766 556.9134786128998 190.80613553524017 3.0206236614548994 3.5603859435083507 -1800.116697230694 -0.06054735268462248 21.588005535727447 -4187.744239140862 -2.417926661330669e-05 0.004295451041475864 0.17118922304572295
0.6648782452999132 -3.3744780662488805 5.484800860862014 373.9076491314918 497.7907101036981 551.96117156744 186.52567359805107 3.0206236614548994 3.5603859435083507 -1800.116697230694 -0.06054735268462248 21.588005535727447 -4187.744239140862 -2.417926661330669e-05 0.004295451041475864 0.17118922304572295
0.6226481647269482 -3.3381405550581915 5.3386504179834136 376.6760062407702 499.13950046291575 547.3312979638577 182.42106421291828 3.0206236614548994 3.5603859435083507 -1800.116697230694 -0.06054735268462248 21.588005535727447 -4187.744239140862 -2.417926661330669e-05 0.004295451041475864 0.17118922304572295
0.5666687555953429 -3.3037672336615937 5.263064531296919 379.4300775118172 500.54995882790536 543.147951990366 178.54195369780064 3.0206236614548994 3.5603859435083507 -1800.116697230694 -0.06054735268462248 21.588005535727447 -4187.744239140862 -2.417926661330669e-05 0.004295451041475864 0.17118922304572295
0.511671441360787 -3.2713581020590867 5.244893078686549 382.16953834705055 502.0206410456449 539.5402436852455 174.94089543819427 3.0206236614548994 3.5603859435083507 -1800.116697230694 -0.06054735268462248 21.588005535727447 -4187.744239140862 -2.417926661330669e-05 0.004295451041475864 0.17118922304572295
0.45765622202327133 -3.239931065353625 5.23933220757409 384.8945101518184 503.5500266882591 536.6422996222973 171.67334927618504 3.0206236614548994 3.5603859435083507 -1800.116697230694 -0.06054735268462248 21.588005535727447 -4187.744239140862 -2.417926661330669e-05 0.004295451041475864 0.17118922304572295
0.39971262309758104 -3.206539838854073 5.2351780657651155 387.60556027665734 505.1365190418437 534.5932622849941 168.79768174886703 3.0206236614548994 3.5603859435083507 -1800.116697230694 -0.06054735268462248 21.588005535727447 -4187.744239140862 -2.417926661330669e-05 0.004295451041475864 0.17118922304572295
0.3339122649955193 -3.174130707251566 5.1700486370015675 390.3037021011114 506.7784451129846 533.5372904539108 166.37516623735428 3.0206236614548994 3.5603859435083507 -1800.116697230694 -0.06054735268462248 21.588005535727447 -4187.744239140862 -2.417926661330669e-05 0.004295451041475864 0.17118922304572295
0.2690940017905112 -3.14172157564906 5.176036589385523 392.990394981578 508.4740556348115 533.6235589981079 164.4699826091528 3.0206236614548994 3.5603859435083507 -1800.116697230694 -0.06054735268462248 21.588005535727447 -4187.744239140862 -2.417926661330669e-05 0.004295451041475864 0.17118922304572295
0.20034735899731515 -3.1053840644583706 5.198631613472193 395.6675442736596 510.2215250520967 535.0062590837479 163.1492178440094 3.0206236614548994 3.5603859435083507 -1800.116697230694 -0.06054735268462248 21.588005535727447 -4187.744239140862 -2.417926661330669e-05 0.004295451041475864 0.17118922304572295
0.12767233661593108 -3.06708236347359 5.197423702237199 398.3375012986362 512.0189515347593 537.8445978164673 162.48286505043507 3.0206236614548994 3.5603859435083507 -1800.116697230694 -0.06054735268462248 21.588005535727447 -4187.744239140862 -2.417926661330669e-05 0.004295451041475864 0.17118922304572295
0.05892569382273502 -3.029762757385854 5.209731696731519 401.00306337326765 513.8643569676206 542.302798718214 162.54382446408272 3.0206236614548994 3.5603859435083507 -1800.116697230694 -0.06054735268462248 21.588005535727447 -4187.744239140862 -2.417926661330669e-05 0.004295451041475864 0.17118922304572295
-0.0049104744852327565 -2.9914610564010737 5.252808480655271 403.66747381165624 515.7556869611144 548.5501013994217 163.40790297091007 3.0206236614548994 3.5603859435083507 -1800.116697230694 -0.06054735268462248 21.588005535727447 -4187.744239140862 -2.417926661330669e-05 0.004295451041475864 0.17118922304572295
-0.064818263205017 -2.9531593554162945 5.28123683880604 406.33442193455994 517.6908108410425 556.7607616186142 165.15381395816803 3.0206236614548994 3.5603859435083507 -1800.116697230694 -0.06054735268462248 21.588005535727447 -4187.744239140862 -2.417926661330669e-05 0.004295451041475864 0.17118922304572295
-0.12865443151298478 -2.9119113697403765 5.286055648552855 409.00804299116135 519.6675216504373 567.1140512526035 167.86317770183086 3.0206236614548994 3.5603859435083507 -1800.116697230694 -0.06054735268462248 21.588005535727447 -4187.744239140862 -2.417926661330669e-05 0.004295451041475864 0.17118922304572295
-0.19543688451208685 -2.8677170993733214 5.296990236505034 411.6929183099419 521.6835361621343 579.794258415699 171.62052103877068 3.0206236614548994 3.5603859435083507 -1800.116697230694 -0.06054735268462248 21.588005535727447 -4187.744239140862 -2.417926661330669e-05 0.004295451041475864 0.17118922304572295
-0.2730223813786947 -2.821558639212175 5.249077154688615 414.3940751105547 523.7364948559552 594.9906874895096 176.51327764987946 3.0206236614548994 3.5603859435083507 -1800.116697230694 -0.06054735268462248 21.588005535727447 -4187.744239140862 -2.417926661330669e-05 0.004295451041475864 0.17118922304572295
-0.34569740376006985 -2.774418084153984 5.287813630919993 417.11698667518795 525.823961940594 612.8976589143276 182.63178771734238 3.0206236614548994 3.5603859435083507 -1800.116697230694 -0.06054735268462248 21.588005535727447 -4187.744239140862 -2.417926661330669e-05 0.004295451041475864 0.17118922304572295
-0.42524709042077175 -2.7253133393017013 5.26542042453531 419.867572247982 527.9434253447689 633.7145092785358 190.06929844617844 3.0206236614548994 3.5603859435083507 -1800.116697230694 -0.06054735268462248 21.588005535727447 -4187.744239140862 -2.417926661330669e-05 0.004295451041475864 0.17118922304572295
-0.5038146821844244 -2.676208594449417 5.270988295728262 422.65219704434276 530.0922967093065 657.6455913484097 198.92196348309517 3.0206236614548994 3.5603859435083507 -1800.116697230694 -0.06054735268462248 21.588005535727447 -4187.744239140862 -2.417926661330669e-05 0.004295451041475864 0.17118922304572295
-0.5922032229185337 -2.622193375111907 5.260938382835208 425.47767230682075 532.2679113997146 684.9002741277218 209.2888431251049 3.0206236614548994 3.5603859435083507 -1800.116697230694 -0.06054735268462248 21.588005535727447 -4187.744239140862 -2.417926661330669e-05 0.004295451041475864 0.17118922304572295
-0.6835380483437816 -2.5632676812891666 5.285355123273396 428.3512552436441 534.4675285019912 715.6929426789284 221.27190466225147 3.0206236614548994 3.5603859435083507 -1800.116697230694 -0.06054735268462248 21.588005535727447 -4187.744239140862 -2.417926661330669e-05 0.004295451041475864 0.17118922304572295
-0.7788012533572086 -2.5013957027752904 5.288401750828648 431.2806490454823 536.688330821693 750.2429985404015 234.97602179646492 3.0206236614548994 3.5603859435083507 -1800.116697230694 -0.06054735268462248 21.588005535727447 -4187.744239140862 -2.417926661330669e-05 0.004295451041475864 0.17118922304572295
-0.8760286481647253 -2.4375595344673227 5.2933659384050085 434.2740029003471 538.9274248788133 788.774858891964 250.50897504389286 3.0206236614548994 3.5603859435083507 -1800.116697230694 -0.06054735268462248 21.588005535727447 -4187.744239140862 -2.417926661330669e-05 0.004295451041475864 0.17118922304572295
-0.9693276633840627 -2.3707770814682183 5.333633490914747 437.33991199731827 541.1818409217522 831.5179575383663 267.9814516156912 3.0206236614548994 3.5603859435083507 -1800.116697230694 -0.06054735268462248 21.588005535727447 -4187.744239140862 -2.417926661330669e-05 0.004295451041475864 0.17118922304572295
-1.0616445837063555 -2.303994628469114 5.338650417983437 440.4874174930155 543.4485329124145 878.7067445516586 287.5070455521345 3.0206236614548994 3.5603859435083507 -1800.116697230694 -0.06054735268462248 21.588005535727447 -4187.744239140862 -2.417926661330669e-05 0.004295451041475864 0.17118922304572295
-1.1431584601611469 -2.236230080572964 5.405941017517388 443.72600654885173 545.7243785350583 930.5806854963303 309.20225724577904 3.0206236614548994 3.5603859435083507 -1800.116697230694 -0.06054735268462248 21.588005535727447 -4187.744239140862 -2.417926661330669e-05 0.004295451041475864 0.17118922304572295
