16 -0.2091862130707225 -0.4851548791405571 2.4932606645026465 0.054015219337515664 -1.4584109221128023
-0.2091862130707225 -0.4851548791405571 2.4932606645026465 601.1856722086668 518.185827434063 486.1730329990387 203.75567644834518 3.110434143242977 3.651511800461019 -1831.247004239559 -0.043952943445165885 21.66982987742757 -3977.2456798311377 -1.842118333829256e-05 0.004402755099236188 0.19545980385899905
-0.19150850492389887 -0.521492390331247 2.6888141817662223 598.3075172752142 517.5311907753348 480.756144285202 213.58440274000168 3.110434143242977 3.651511800461019 -1831.247004239559 -0.043952943445165885 21.66982987742757 -3977.2456798311377 -1.842118333829256e-05 0.004402755099236188 0.19545980385899905
-0.17383079677707522 -0.5627403760071639 2.7367008673046676 595.0088198035955 516.9656507223845 475.63121032714844 224.5331574678421 3.110434143242977 3.651511800461019 -1831.247004239559 -0.043952943445165885 21.66982987742757 -3977.2456798311377 -1.842118333829256e-05 0.004402755099236188 0.19545980385899905
-0.15320680393911731 -0.6088988361683091 2.7213959399805288 591.3345322310925 516.4689419269562 470.617050409317 236.56808334589005 3.110434143242977 3.651511800461019 -1831.247004239559 -0.043952943445165885 21.66982987742757 -3977.2456798311377 -1.842118333829256e-05 0.004402755099236188 0.19545980385899905
-0.13258281110115938 -0.6599677708146827 2.757775030301235 587.3263129591942 516.0225548073649 465.5676648616791 249.67039161920547 3.110434143242977 3.651511800461019 -1831.247004239559 -0.043952943445165885 21.66982987742757 -3977.2456798311377 -1.842118333829256e-05 0.004402755099236188 0.19545980385899905
-0.11883348254252374 -0.713000895255148 2.8879185574512127 583.0225264132023 515.6097355335951 460.3722370862961 263.8363625407219 3.110434143242977 3.651511800461019 -1831.247004239559 -0.043952943445165885 21.66982987742757 -3977.2456798311377 -1.842118333829256e-05 0.004402755099236188 0.19545980385899905
-0.10803043867502239 -0.7709444941808417 2.9572682446901086 578.4582427740097 515.2154862359166 454.95512986183167 279.07734429836273 3.110434143242977 3.651511800461019 -1831.247004239559 -0.043952943445165885 21.66982987742757 -3977.2456798311377 -1.842118333829256e-05 0.004402755099236188 0.19545980385899905
-0.09428111011638228 -0.831834377797674 2.919510751684305 573.6652383357286 514.8265647888184 449.27588844299316 295.41975325345993 3.110434143242977 3.651511800461019 -1831.247004239559 -0.043952943445165885 21.66982987742757 -3977.2456798311377 -1.842118333829256e-05 0.004402755099236188 0.19545980385899905
-0.08347806624887646 -0.8966526410026887 2.976443976175116 568.6719951927662 514.4314849302173 443.3292409181595 312.90507543087006 3.110434143242977 3.651511800461019 -1831.247004239559 -0.043952943445165885 21.66982987742757 -3977.2456798311377 -1.842118333829256e-05 0.004402755099236188 0.19545980385899905
-0.0687466427931916 -0.962452999104746 2.9213439301990984 563.5037013888359 514.020516268909 437.1450947523117 331.5898639559746 3.110434143242977 3.651511800461019 -1831.247004239559 -0.043952943445165885 21.66982987742757 -3977.2456798311377 -1.842118333829256e-05 0.004402755099236188 0.19545980385899905
-0.054997314234551495 -1.0282533572068044 2.9356013169139468 558.1822509616613 513.585684157908 430.78854060173035 351.5457418560982 3.110434143242977 3.651511800461019 -1831.247004239559 -0.043952943445165885 21.66982987742757 -3977.2456798311377 -1.842118333829256e-05 0.004402755099236188 0.19545980385899905
-0.0333912264995488 -1.0970000000000006 2.8370817703877043 552.7262437790632 513.1207698434591 424.3598498106003 372.85939967632294 3.110434143242977 3.651511800461019 -1831.247004239559 -0.043952943445165885 21.66982987742757 -3977.2456798311377 -1.842118333829256e-05 0.004402755099236188 0.19545980385899905
-0.011785138764541644 -1.1686929274843343 2.8488795783657643 547.15098567307 512.6213104277849 417.9944758415222 395.63259690999985 3.110434143242977 3.651511800461019 -1831.247004239559 -0.043952943445165885 21.66982987742757 -3977.2456798311377 -1.842118333829256e-05 0.004402755099236188 0.19545980385899905
0.006874664279326753 -1.2433321396598045 2.8966139904629187 541.4684884697199 512.0845987424254 411.86305260658264 419.9821613430977 3.110434143242977 3.651511800461019 -1831.247004239559 -0.043952943445165885 21.66982987742757 -3977.2456798311377 -1.842118333829256e-05 0.004402755099236188 0.19545980385899905
0.02160608773500716 -1.316007162041183 2.9415996969836704 535.6874697804451 511.509683534503 406.17139744758606 446.0399891734123 3.110434143242977 3.651511800461019 -1831.247004239559 -0.043952943445165885 21.66982987742757 -3977.2456798311377 -1.842118333829256e-05 0.004402755099236188 0.19545980385899905
0.04026589077887555 -1.3886821844225614 2.8902648694289406 529.8133532106876 510.89736941456795 401.16050708293915 473.95304584503174 3.110434143242977 3.651511800461019 -1831.247004239559 -0.043952943445165885 21.66982987742757 -3977.2456798311377 -1.842118333829256e-05 0.004402755099236188 0.19545980385899905
0.054015219337515664 -1.4584109221128023 2.9469071142058287 523.8392464676872 509.64148227870464 399.8090537786484 527.0167527198792 3.110434143242977 3.651511800461019 -1831.247004239559 -0.043952943445165885 21.66982987742757 -3977.2456798311377 -1.842118333829256e-05 0.004402755099236188 0.19545980385899905
0.06874664279320053 -1.5301038495971349 2.9389339844423157 518.4869348630309 509.9077957496047 391.95459628105164 503.8027775287628 3.110434143242977 3.651511800461019 -1831.247004239559 -0.043952943445165885 21.66982987742757 -3977.2456798311377 -1.842118333829256e-05 0.004402755099236188 0.19545980385899905
0.07660340196956758 -1.6008146821844238 3.030935432415875 513.1713538700715 510.29569398239255 384.14011573791504 485.1118314266205 3.110434143242977 3.651511800461019 -1831.247004239559 -0.043952943445165885 21.66982987742757 -3977.2456798311377 -1.842118333829256e-05 0.004402755099236188 0.19545980385899905
0.0677645478961513 -1.6695613249776209 3.241261306080992 507.8882529679686 510.7856146208942 376.08357059955597 470.4406269788742 3.110434143242977 3.651511800461019 -1831.247004239559 -0.043952943445165885 21.66982987742757 -3977.2456798311377 -1.842118333829256e-05 0.004402755099236188 0.19545980385899905
0.0520510295434172 -1.7373258728737702 3.341773721555698 502.6336324410513 511.35909673571587 367.5410716533661 459.29729533195496 3.110434143242977 3.651511800461019 -1831.247004239559 -0.043952943445165885 21.66982987742757 -3977.2456798311377 -1.842118333829256e-05 0.004402755099236188 0.19545980385899905
0.02553446732318175 -1.8031262309758285 3.4987266641105896 497.4037433434278 511.9987806379795 358.30688667297363 451.20138585567474 3.110434143242977 3.651511800461019 -1831.247004239559 -0.043952943445165885 21.66982987742757 -3977.2456798311377 -1.842118333829256e-05 0.004402755099236188 0.19545980385899905
-0.0009820948970492309 -1.8659803043867504 3.5139911002665483 492.1950875483453 512.6884080097079 348.2134371995926 445.68386536836624 3.110434143242977 3.651511800461019 -1831.247004239559 -0.043952943445165885 21.66982987742757 -3977.2456798311377 -1.842118333829256e-05 0.004402755099236188 0.19545980385899905
-0.03142703670546374 -1.9229418084154004 3.605240262590536 487.00441770628095 513.4128218963742 337.1312998533249 442.2871193289757 3.186257696474246 3.6901253086312336 -1875.6853074364817 0.08841659363244399 21.811501467800973 -4077.609471120334 3.705640973698413e-05 0.0044370757754648976 0.16336828103992898
-0.06187197851387825 -1.9799033124440468 3.605240262590623 481.828737270087 514.1579666249454 324.96920692920685 440.5649510025978 3.186257696474246 3.6901253086312336 -1875.6853074364817 0.08841659363244399 21.811501467800973 -4077.609471120334 3.705640973698413e-05 0.0044370757754648976 0.16336828103992898
-0.0991915846016195 -2.034900626678604 3.712930133423464 476.6653004800901 514.9108879081905 311.674045085907 440.0825819373131 3.186257696474246 3.6901253086312336 -1875.6853074364817 0.08841659363244399 21.811501467800973 -4077.609471120334 3.705640973698413e-05 0.0044370757754648976 0.16336828103992898
-0.13356490599821308 -2.0928442256042987 3.651564713291164 471.51161238271743 515.6597327776253 297.2308554649353 440.4166517853737 3.186257696474246 3.6901253086312336 -1875.6853074364817 0.08841659363244399 21.811501467800973 -4077.609471120334 3.705640973698413e-05 0.0044370757754648976 0.16336828103992898
-0.17874127126231246 -2.1498057296329462 3.7905882125863077 466.36542880162597 516.3937495909631 281.66283440589905 441.15521788597107 3.186257696474246 3.6901253086312336 -1875.6853074364817 0.08841659363244399 21.811501467800973 -4077.609471120334 3.705640973698413e-05 0.0044370757754648976 0.16336828103992898
-0.21704297224709848 -2.206767233661594 3.70943669785327 461.22475637402385 517.1032880619168 265.03133261203766 441.8977563381195 3.186257696474246 3.6901253086312336 -1875.6853074364817 0.08841659363244399 21.811501467800973 -4077.609471120334 3.705640973698413e-05 0.0044370757754648976 0.16336828103992898
-0.2425774395702847 -2.2666750223813796 3.544504244443295 456.0878525143489 517.7797992043197 247.43585693836212 442.25516068935394 3.186257696474246 3.6901253086312336 -1875.6853074364817 0.08841659363244399 21.811501467800973 -4077.609471120334 3.705640973698413e-05 0.0044370757754648976 0.16336828103992898
-0.2641835273052874 -2.326582811101165 3.487728617159126 450.953225441277 518.4158354215324 229.01406800746918 441.8497430086136 3.186257696474246 3.6901253086312336 -1875.6853074364817 0.08841659363244399 21.811501467800973 -4077.609471120334 3.705640973698413e-05 0.0044370757754648976 0.16336828103992898
-0.2789149507609723 -2.388454789615042 3.375335834458692 445.8196341674775 519.0050504133105 209.94178223609924 440.31523329019547 3.186257696474246 3.6901253086312336 -1875.6853074364817 0.08841659363244399 21.811501467800973 -4077.609471120334 3.705640973698413e-05 0.0044370757754648976 0.16336828103992898
-0.2936463742166571 -2.4513088630259627 3.3718122408666416 440.6860884958878 519.5421992242336 190.43296933174133 437.2967795729637 3.186257696474246 3.6901253086312336 -1875.6853074364817 0.08841659363244399 21.811501467800973 -4077.609471120334 3.705640973698413e-05 0.0044370757754648976 0.16336828103992898
-0.31132408236348075 -2.5151450313339305 3.411745853301224 435.5518490197137 520.0231382586062 170.73975598812103 432.45094817876816 3.186257696474246 3.6901253086312336 -1875.6853074364817 0.08841659363244399 21.811501467800973 -4077.609471120334 3.705640973698413e-05 0.0044370757754648976 0.16336828103992898
-0.3250734109221209 -2.581927484333035 3.3446378708432722 430.41642714012414 520.4448252059519 151.15242171287537 425.44572323560715 3.186257696474246 3.6901253086312336 -1875.6853074364817 0.08841659363244399 21.811501467800973 -4077.609471120334 3.705640973698413e-05 0.0044370757754648976 0.16336828103992898
-0.3358764547896267 -2.6496920322291864 3.299682624711528 425.27958503644913 520.8053191378713 131.99940240383148 415.96050733327866 3.186257696474246 3.6901253086312336 -1875.6853074364817 0.08841659363244399 21.811501467800973 -4077.609471120334 3.705640973698413e-05 0.0044370757754648976 0.16336828103992898
-0.3427511190689445 -2.715492390331246 3.2456925916993646 420.14133569039404 521.103780452162 113.64728844165802 403.6861207485199 3.186257696474246 3.6901253086312336 -1875.6853074364817 0.08841659363244399 21.811501467800973 -4077.609471120334 3.705640973698413e-05 0.0044370757754648976 0.16336828103992898
-0.34275111906894 -2.781292748433305 3.141592653589725 415.00194287952036 521.3404708728194 96.50082528591156 388.3248020410538 3.186257696474246 3.6901253086312336 -1875.6853074364817 0.08841659363244399 21.811501467800973 -4077.609471120334 3.705640973698413e-05 0.0044370757754648976 0.16336828103992898
-0.34275111906894 -2.845128916741273 3.141592653589793 409.86192117538303 521.5167534686625 81.00291121006012 369.5902081131935 3.186257696474246 3.6901253086312336 -1875.6853074364817 0.08841659363244399 21.811501467800973 -4077.609471120334 3.705640973698413e-05 0.0044370757754648976 0.16336828103992898
-0.3398048343777968 -2.9099471799462857 3.0961693741681193 404.7220359342173 521.6350926347077 67.63460385799408 347.207413315773 3.186257696474246 3.6901253086312336 -1875.6853074364817 0.08841659363244399 21.811501467800973 -4077.609471120334 3.705640973698413e-05 0.0044370757754648976 0.16336828103992898
-0.3398048343777968 -2.9737833482542535 3.141592653589793 399.58330332301557 521.6990541294217 56.91511046886444 320.9129109978676 3.186257696474246 3.6901253086312336 -1875.6853074364817 0.08841659363244399 21.811501467800973 -4077.609471120334 3.705640973698413e-05 0.0044370757754648976 0.16336828103992898
-0.3398048343777968 -3.0376195165622213 3.141592653589793 394.4469902860001 521.7133049927652 49.40179669857025 290.4546115398407 3.186257696474246 3.6901253086312336 -1875.6853074364817 0.08841659363244399 21.811501467800973 -4077.609471120334 3.705640973698413e-05 0.0044370757754648976 0.16336828103992898
-0.3398048343778013 -3.100473589973143 3.141592653589864 389.31461457069963 521.6836136765778 45.690181732177734 255.59184420108795 3.186257696474246 3.6901253086312336 -1875.6853074364817 0.08841659363244399 21.811501467800973 -4077.609471120334 3.705640973698413e-05 0.0044370757754648976 0.16336828103992898
-0.33685854968666695 -3.165291853178157 3.0961693741682574 384.18794472236186 521.6168498955667 46.413941502571106 216.095356464386 3.186257696474246 3.6901253086312336 -1875.6853074364817 0.08841659363244399 21.811501467800973 -4077.609471120334 3.705640973698413e-05 0.0044370757754648976 0.16336828103992898
-0.33391226499552823 -3.227163831692034 3.0940095503127814 379.06900007277727 521.5209847465158 52.244903445243835 171.74731302261353 3.186257696474246 3.6901253086312336 -1875.6853074364817 0.08841659363244399 21.811501467800973 -4077.609471120334 3.705640973698413e-05 0.0044370757754648976 0.16336828103992898
-0.334894359892573 -3.290017905102955 3.157216382210256 373.9600507495925 521.4050906635821 63.89305281639099 122.3412971496582 3.186257696474246 3.6901253086312336 -1875.6853074364817 0.08841659363244399 21.811501467800973 -4077.609471120334 3.705640973698413e-05 0.0044370757754648976 0.16336828103992898
-0.334894359892573 -3.353854073410923 3.141592653589793 368.86361768003553 521.2793413735926 82.10652792453766 67.68231058120728 3.186257696474246 3.6901253086312336 -1875.6853074364817 0.08841659363244399 21.811501467800973 -4077.609471120334 3.705640973698413e-05 0.0044370757754648976 0.16336828103992898
-0.334894359892573 -3.4176902417188906 3.141592653589793 363.7824725713581 521.1550119817257 107.67162370681763 7.586772859096527 3.186257696474246 3.6901253086312336 -1875.6853074364817 0.08841659363244399 21.811501467800973 -4077.609471120334 3.705640973698413e-05 0.0044370757754648976 0.16336828103992898
-0.33587645478961775 -3.4805443151298125 3.1572163822102555 358.7196379452944 521.0444789417088 141.41278719902039 -58.11747872829437 3.186257696474246 3.6901253086312336 -1875.6853074364817 0.08841659363244399 21.811501467800973 -4077.609471120334 3.705640973698413e-05 0.0044370757754648976 0.16336828103992898
-0.3398048343778013 -3.5414341987466433 3.2060194930153614 353.6783871008083 520.9612199515104 184.19262444972992 -129.59118854999542 3.186257696474246 3.6901253086312336 -1875.6853074364817 0.08841659363244399 21.811501467800973 -4077.609471120334 3.705640973698413e-05 0.0044370757754648976 0.16336828103992898
-0.3437332139659848 -3.60330617726052 3.2049996055566394 348.66224414110184 520.919814184308 236.91189241409302 -206.98368245363235 3.186257696474246 3.6901253086312336 -1875.6853074364817 0.08841659363244399 21.811501467800973 -4077.609471120334 3.705640973698413e-05 0.0044370757754648976 0.16336828103992898
-0.35158997314235185 -3.663213965980306 3.271995961478954 343.67498395685107 520.9359420649707 300.50950515270233 -290.4328693151474 3.186257696474246 3.6901253086312336 -1875.6853074364817 0.08841659363244399 21.811501467800973 -4077.609471120334 3.705640973698413e-05 0.0044370757754648976 0.16336828103992898
-0.3594467323187189 -3.7241038495971366 3.269915881275617 338.7206322401762 521.0263853408396 375.96253049373627 -380.0652385354042 3.186257696474246 3.6901253086312336 -1875.6853074364817 0.08841659363244399 21.811501467800973 -4077.609471120334 3.705640973698413e-05 0.0044370757754648976 0.16336828103992898
-0.36730349149508595 -3.784011638316922 3.271995961478955 333.80346546974033 521.2090271487832 464.2861918210983 -475.995862364769 3.186257696474246 3.6901253086312336 -1875.6853074364817 0.08841659363244399 21.811501467800973 -4077.609471120334 3.705640973698413e-05 0.0044370757754648976 0.16336828103992898
-0.3781065353625873 -3.8439194270367065 3.32000315294082 328.92801092285663 521.5028519108891 566.5338674783707 -578.3283945322037 3.186257696474246 3.6901253086312336 -1875.6853074364817 0.08841659363244399 21.811501467800973 -4077.609471120334 3.705640973698413e-05 0.0044370757754648976 0.16336828103992898
-0.38498119964190514 -3.9048093106535373 3.2540197844199543 324.0990466736257 521.9279454238713 683.7970907688141 -687.1550707817078 3.186257696474246 3.6901253086312336 -1875.6853074364817 0.08841659363244399 21.811501467800973 -4077.609471120334 3.705640973698413e-05 0.0044370757754648976 0.16336828103992898
-0.395784243509402 -3.9617708146821853 3.329021766033377 319.3216015836224 522.5054948106408 817.2055487632751 -802.5567089319229 3.186257696474246 3.6901253086312336 -1875.6853074364817 0.08841659363244399 21.811501467800973 -4077.609471120334 3.705640973698413e-05 0.0044370757754648976 0.16336828103992898
-0.40658728737690336 -4.019714413607879 3.3259170624894776 314.6009553158656 523.2577885128558 967.9270853996277 -924.602708876133 3.186257696474246 3.6901253086312336 -1875.6853074364817 0.08841659363244399 21.811501467800973 -4077.609471120334 3.705640973698413e-05 0.0044370757754648976 0.16336828103992898
-0.42033661593554345 -4.078640107430618 3.3708245868668025 309.942638319917 524.2082163393497 1137.1676964759827 -1053.3510513305664 3.186257696474246 3.6901253086312336 -1875.6853074364817 0.08841659363244399 21.811501467800973 -4077.609471120334 3.705640973698413e-05 0.0044370757754648976 0.16336828103992898
-0.43015756490600005 -4.1385478961504045 3.3040817628069945 305.35243184119463 525.3812694139779 1326.1715356111526 -1188.8483004570007 3.186257696474246 3.6901253086312336 -1875.6853074364817 0.08841659363244399 21.811501467800973 -4077.609471120334 3.705640973698413e-05 0.0044370757754648976 0.16336828103992898
