20 -0.03339122649955327 -1.5320680393912267 2.088809155950928 0.19445478961504656 -1.763842435094002
-0.03339122649955327 -1.5320680393912267 2.088809155950928 523.9421052488033 522.0556064127013 656.8021635119803 199.55752025730908 3.254255371311074 3.831119607757387 -2059.1468259950093 -0.0484503685209638 22.698333647830413 -4732.169262575344 -2.0306105834435784e-05 0.004603817608236057 0.044240483699017966
-0.014731423455693804 -1.5389427036705468 2.0711590459390727 523.5003189712297 521.4309825964738 651.9007697161287 201.30275291204453 3.254255371311074 3.831119607757387 -2059.1468259950093 -0.0484503685209638 22.698333647830413 -4732.169262575344 -2.0306105834435784e-05 0.004603817608236057 0.044240483699017966
0.007856759176358119 -1.5467994628469126 2.0535089359272174 523.0399849852547 520.7870841950644 646.8248347050976 203.8848982360214 3.254255371311074 3.831119607757387 -2059.1468259950093 -0.0484503685209638 22.698333647830413 -4732.169262575344 -2.0306105834435784e-05 0.004603817608236057 0.044240483699017966
0.038301700984772626 -1.5556383169203234 2.0358588259153616 522.5390984131955 520.1435786031652 641.5818679530639 207.26318644173443 3.254255371311074 3.831119607757387 -2059.1468259950093 -0.0484503685209638 22.698333647830413 -4732.169262575344 -2.0306105834435784e-05 0.004603817608236057 0.044240483699017966
0.06383616830796777 -1.5664413607878258 2.018208715903506 521.9802561204415 519.5174930742942 636.1764481591526 211.40863201860338 3.254255371311074 3.831119607757387 -2059.1468259950093 -0.0484503685209638 22.698333647830413 -4732.169262575344 -2.0306105834435784e-05 0.004603817608236057 0.044240483699017966
0.08544225604297047 -1.5772444046553282 2.0005586058916505 521.350656720344 518.9232147135772 630.6102232479025 216.30403374135494 3.254255371311074 3.831119607757387 -2059.1468259950093 -0.0484503685209638 22.698333647830413 -4732.169262575344 -2.0306105834435784e-05 0.004603817608236057 0.044240483699017966
0.10017367949865534 -1.5880474485228306 2.1451011569696568 520.6421005707234 518.3724904840346 624.8819103678688 221.94397467654198 3.254255371311074 3.831119607757387 -2059.1468259950093 -0.0484503685209638 22.698333647830413 -4732.169262575344 -2.0306105834435784e-05 0.004603817608236057 0.044240483699017966
0.11785138764547898 -1.6008146821844227 2.1471715473860242 519.8509897708427 517.8744272023905 618.9872958948836 228.33482217323035 3.254255371311074 3.831119607757387 -2059.1468259950093 -0.0484503685209638 22.698333647830413 -4732.169262575344 -2.0306105834435784e-05 0.004603817608236057 0.044240483699017966
0.12865443151298478 -1.6145640107430617 2.393214606066197 518.9783281695563 517.4354915411677 612.9192354264669 235.49472786858678 3.2803173594315296 3.8059883487453177 -2061.124675095569 -6.524369475059297e-16 22.62300959191159 -4722.796169870919 -2.4221329722639804e-19 0.004585344883263552 0.04276001987123453
0.14338585496866965 -1.6283133393017017 2.2597207150098426 518.0297213564627 517.0595100275241 606.6676537871826 243.45362767204642 3.2803173594315296 3.8059883487453177 -2061.124675095569 -6.524369475059297e-16 22.62300959191159 -4722.796169870919 -2.4221329722639804e-19 0.004585344883263552 0.04276001987123453
0.1620456580125336 -1.6430447627573868 2.1910458127777384 517.0153766714502 516.7476690448821 600.2195450244471 252.2532417960465 3.2803173594315296 3.8059883487453177 -2061.124675095569 -6.524369475059297e-16 22.62300959191159 -4722.796169870919 -2.4221329722639804e-19 0.004585344883263552 0.04276001987123453
0.1728487018800394 -1.6577761862130715 2.427501954977566 515.9501031944528 516.4985148292035 593.5589724136516 261.9470747243613 3.2803173594315296 3.8059883487453177 -2061.124675095569 -6.524369475059297e-16 22.62300959191159 -4722.796169870919 -2.4221329722639804e-19 0.004585344883263552 0.04276001987123453
0.17972336615936169 -1.6744717994628482 2.6546934217784934 514.8533117496409 516.3079534745775 586.6670684523415 272.60041523724794 3.2803173594315296 3.8059883487453177 -2061.124675095569 -6.524369475059297e-16 22.62300959191159 -4722.796169870919 -2.4221329722639804e-19 0.004585344883263552 0.04276001987123453
0.18266965085049597 -1.6911674127126237 2.628797061334245 513.7490149131045 516.169250928564 579.5220348637085 284.2903363863006 3.2803173594315296 3.8059883487453177 -2061.124675095569 -6.524369475059297e-16 22.62300959191159 -4722.796169870919 -2.4221329722639804e-19 0.004585344883263552 0.04276001987123453
0.18266965085049597 -1.7058988361683085 2.6029007008899967 512.6658269984182 516.0730329935905 572.0991425961256 297.10569552425295 3.2803173594315296 3.8059883487453177 -2061.124675095569 -6.524369475059297e-16 22.62300959191159 -4722.796169870919 -2.4221329722639804e-19 0.004585344883263552 0.04276001987123453
0.18266965085049597 -1.7196481647269475 2.577004340445748 511.6369640652556 516.0072853297461 564.3707318238448 311.1471342789009 3.2803173594315296 3.8059883487453177 -2061.124675095569 -6.524369475059297e-16 22.62300959191159 -4722.796169870919 -2.4221329722639804e-19 0.004585344883263552 0.04276001987123453
0.1865980304386795 -1.7324153983885406 2.5511079800014995 510.70024392497726 515.9573534494266 556.306211943971 326.5270785605535 3.2803173594315296 3.8059883487453177 -2061.124675095569 -6.524369475059297e-16 22.62300959191159 -4722.796169870919 -2.4221329722639804e-19 0.004585344883263552 0.04276001987123453
0.19052641002686302 -1.743218442256043 2.5252116195572514 509.8980861220043 515.9059427205939 547.8720615792554 343.3697385750711 3.2803173594315296 3.8059883487453177 -2061.124675095569 -6.524369475059297e-16 22.62300959191159 -4722.796169870919 -2.4221329722639804e-19 0.004585344883263552 0.04276001987123453
0.19445478961504656 -1.751075201432408 2.499315259113003 509.27751195733435 515.8331183670089 539.0318285762332 361.81110880244523 3.2803173594315296 3.8059883487453177 -2061.124675095569 -6.524369475059297e-16 22.62300959191159 -4722.796169870919 -2.4221329722639804e-19 0.004585344883263552 0.04276001987123453
0.19445478961504656 -1.757949865711728 2.473418898668754 508.8901444715448 515.7163054679986 529.746130010346 381.99896802101284 3.2803173594315296 3.8059883487453177 -2061.124675095569 -6.524369475059297e-16 22.62300959191159 -4722.796169870919 -2.4221329722639804e-19 0.004585344883263552 0.04276001987123453
0.19445478961504656 -1.763842435094002 2.447522538224506 509.6892374411691 518.0323645631725 444.9093087071087 310.80598878860474 3.2803173594315296 3.8059883487453177 -2061.124675095569 -6.524369475059297e-16 22.62300959191159 -4722.796169870919 -2.4221329722639804e-19 0.004585344883263552 0.04276001987123453
0.19445478961504656 -1.7707170993733221 2.4216261777802575 508.3167019345565 517.0877862080815 440.9086908081081 343.92473724111915 3.2803173594315296 3.8059883487453177 -2061.124675095569 -6.524369475059297e-16 22.62300959191159 -4722.796169870919 -2.4221329722639804e-19 0.004585344883263552 0.04276001987123453
0.19052641002686302 -1.7746454789615058 2.395729817336009 507.2469995506108 516.2531592934392 437.7081389024388 371.0417596679181 3.2803173594315296 3.8059883487453177 -2061.124675095569 -6.524369475059297e-16 22.62300959191159 -4722.796169870919 -2.4221329722639804e-19 0.004585344883263552 0.04276001987123453
0.1865980304386795 -1.7775917636526422 2.3698334568917607 506.4510145151289 515.5199525945354 435.2449320410378 392.66637652367353 3.2803173594315296 3.8059883487453177 -2061.124675095569 -6.524369475059297e-16 22.62300959191159 -4722.796169870919 -2.4221329722639804e-19 0.004585344883263552 0.04276001987123453
0.1865980304386795 -1.7815201432408247 2.343937096447512 505.90085471153725 514.8798983119486 433.45870920969173 409.2888101171702 3.2803173594315296 3.8059883487453177 -2061.124675095569 -6.524369475059297e-16 22.62300959191159 -4722.796169870919 -2.4221329722639804e-19 0.004585344883263552 0.04276001987123453
0.19052641002686302 -1.784466427931961 2.3180407360032635 505.5698516756529 514.3249920701201 432.29146932135336 421.38018463552 3.2803173594315296 3.8059883487453177 -2061.124675095569 -6.524369475059297e-16 22.62300959191159 -4722.796169870919 -2.4221329722639804e-19 0.004585344883263552 0.04276001987123453
0.19445478961504656 -1.7893769024171895 2.2921443755590154 505.4325606012717 513.847492918605 431.68757122475654 429.39252610877156 3.2803173594315296 3.8059883487453177 -2061.124675095569 -6.524369475059297e-16 22.62300959191159 -4722.796169870919 -2.4221329722639804e-19 0.004585344883263552 0.04276001987123453
0.20623992837959265 -1.7942873769024177 2.266248015114767 505.4647603359772 513.4399233314616 431.59373369882815 433.75876241363585 3.2803173594315296 3.8059883487453177 -2061.124675095569 -6.524369475059297e-16 22.62300959191159 -4722.796169870919 -2.4221329722639804e-19 0.004585344883263552 0.04276001987123453
0.22588182632050582 -1.800179946284692 2.2403516546705187 505.64345338277053 513.0950692074257 431.95903545361944 434.8927232902497 3.2803173594315296 3.8059883487453177 -2061.124675095569 -6.524369475059297e-16 22.62300959191159 -4722.796169870919 -2.4221329722639804e-19 0.004585344883263552 0.04276001987123453
0.253380483437786 -1.807054610564012 2.21445529422627 505.94686590030324 512.8059798699105 432.734915131703 433.1891403608024 3.2803173594315296 3.8059883487453177 -2061.124675095569 -6.524369475059297e-16 22.62300959191159 -4722.796169870919 -2.4221329722639804e-19 0.004585344883263552 0.04276001987123453
0.2848075201432453 -1.8119650850492404 2.1885589337820215 506.35444770229515 512.5659680665412 433.8751713067759 429.02364707551897 3.2803173594315296 3.8059883487453177 -2061.124675095569 -6.524369475059297e-16 22.62300959191159 -4722.796169870919 -2.4221329722639804e-19 0.004585344883263552 0.04276001987123453
0.3201629364368881 -1.8139292748433309 2.1626625733377733 506.846872257418 512.3686099702318 435.33596248552203 422.7527787350118 3.2803173594315296 3.8059883487453177 -2061.124675095569 -6.524369475059297e-16 22.62300959191159 -4722.796169870919 -2.4221329722639804e-19 0.004585344883263552 0.04276001987123453
0.35944673231871443 -1.8119650850492393 2.1367662128935248 507.406036690576 512.2077451779915 437.07580710644834 414.7139725238085 3.2803173594315296 3.8059883487453177 -2061.124675095569 -6.524369475059297e-16 22.62300959191159 -4722.796169870919 -2.4221329722639804e-19 0.004585344883263552 0.04276001987123453
0.3987305282005408 -1.807054610564012 2.110869852449276 508.0150617797626 512.0774767117691 439.0555835356936 405.22556747309864 3.2803173594315296 3.8059883487453177 -2061.124675095569 -6.524369475059297e-16 22.62300959191159 -4722.796169870919 -2.4221329722639804e-19 0.004585344883263552 0.04276001987123453
0.42622918531782095 -1.7962515666965106 2.084973492005028 508.65829196141567 511.9721710179583 441.2385300784372 394.5868044588715 3.2803173594315296 3.8059883487453177 -2061.124675095569 -6.524369475059297e-16 22.62300959191159 -4722.796169870919 -2.4221329722639804e-19 0.004585344883263552 0.04276001987123453
0.43801432408236707 -1.7854485228290082 2.0590771315607794 509.32129532378167 511.8864579675719 443.5902449651621 383.0778262242675 3.2803173594315296 3.8059883487453177 -2061.124675095569 -6.524369475059297e-16 22.62300959191159 -4722.796169870919 -2.4221329722639804e-19 0.004585344883263552 0.04276001987123453
0.4497994628469132 -1.7707170993733221 2.033180771116531 509.99086361320224 511.8152308566787 446.0786863632966 370.9596773739904 3.2803173594315296 3.8059883487453177 -2061.124675095569 -6.524369475059297e-16 22.62300959191159 -4722.796169870919 -2.4221329722639804e-19 0.004585344883263552 0.04276001987123453
0.4497994628469132 -1.7559856759176373 2.0072844106722822 510.6550122294575 511.7536464050354 448.6741723655723 358.4743043631315 3.2803173594315296 3.8059883487453177 -2061.124675095569 -6.524369475059297e-16 22.62300959191159 -4722.796169870919 -2.4221329722639804e-19 0.004585344883263552 0.04276001987123453
0.44194270367054617 -1.7422363473589983 1.981388050228034 511.3029802290257 511.6971247581532 451.349381003296 345.8445555008948 3.2803173594315296 3.8059883487453177 -2061.124675095569 -6.524369475059297e-16 22.62300959191159 -4722.796169870919 -2.4221329722639804e-19 0.004585344883263552 0.04276001987123453
0.42622918531781206 -1.7275049239033136 1.9554916897837857 511.9252303225221 511.64134948537685 454.079350234475 333.27418094687164 3.2803173594315296 3.8059883487453177 -2061.124675095569 -6.524369475059297e-16 22.62300959191159 -4722.796169870919 -2.4221329722639804e-19 0.004585344883263552 0.04276001987123453
0.4026589077887198 -1.7147376902417204 1.9295953293395374 512.5134488759795 511.58226758096134 456.8414779526647 320.94783275574446 3.2803173594315296 3.8059883487453177 -2061.124675095569 -6.524369475059297e-16 22.62300959191159 -4722.796169870919 -2.4221329722639804e-19 0.004585344883263552 0.04276001987123453
0.3790886302596276 -1.7019704565801272 1.9036989688952888 513.0605459109647 511.5160894638684 459.6155219799839 309.0310647841543 3.2803173594315296 3.8059883487453177 -2061.124675095569 -6.524369475059297e-16 22.62300959191159 -4722.796169870919 -2.4221329722639804e-19 0.004585344883263552 0.04276001987123453
0.35158997314234736 -1.6931316025067165 1.8778026084510402 513.5606551051605 511.4392889775336 462.38360007246956 297.6703327782452 3.2803173594315296 3.8059883487453177 -2061.124675095569 -6.524369475059297e-16 22.62300959191159 -4722.796169870919 -2.4221329722639804e-19 0.004585344883263552 0.04276001987123453
0.3240913160250672 -1.6872390331244413 1.851906248006792 514.0091337886406 511.3486033899535 465.13018991681747 286.992994338274 3.2803173594315296 3.8059883487453177 -2061.124675095569 -6.524369475059297e-16 22.62300959191159 -4722.796169870919 -2.4221329722639804e-19 0.004585344883263552 0.04276001987123453
0.30837779767233753 -1.6862569382273964 1.8260098875625435 514.402562950505 511.2410333940352 467.8421291320119 277.1073089297861 3.2803173594315296 3.8059883487453177 -2061.124675095569 -6.524369475059297e-16 22.62300959191159 -4722.796169870919 -2.4221329722639804e-19 0.004585344883263552 0.04276001987123453
0.30837779767233753 -1.6862569382273964 1.800113527118295 514.7387472325936 511.1138431071013 470.50861526886 268.10243783704937 3.2803173594315296 3.8059883487453177 -2061.124675095569 -6.524369475059297e-16 22.62300959191159 -4722.796169870919 -2.4221329722639804e-19 0.004585344883263552 0.04276001987123453
0.31230617726052107 -1.6882211280214883 1.7742171666740467 515.0167149320478 510.96456007121014 473.12120580882765 260.0484442412853 3.2803173594315296 3.8059883487453177 -2061.124675095569 -6.524369475059297e-16 22.62300959191159 -4722.796169870919 -2.4221329722639804e-19 0.004585344883263552 0.04276001987123453
0.3201629364368926 -1.6901853178155801 1.7483208062297981 515.2367180025904 510.79097525274847 475.67381816753186 252.99629316478968 3.2803173594315296 3.8059883487453177 -2061.124675095569 -6.524369475059297e-16 22.62300959191159 -4722.796169870919 -2.4221329722639804e-19 0.004585344883263552 0.04276001987123453
0.32801969561325517 -1.6901853178155801 1.7224244457855495 515.4002320528962 510.59114304339164 478.16272969008423 246.97785149514675 3.2803173594315296 3.8059883487453177 -2061.124675095569 -6.524369475059297e-16 22.62300959191159 -4722.796169870919 -2.4221329722639804e-19 0.004585344883263552 0.04276001987123453
0.34373321396598033 -1.6931316025067165 1.6965280853413014 515.5099563456606 510.3633812586486 480.5865776522551 242.00588795728981 3.2803173594315296 3.8059883487453177 -2061.124675095569 -6.524369475059297e-16 22.62300959191159 -4722.796169870919 -2.4221329722639804e-19 0.004585344883263552 0.04276001987123453
0.3722139659803008 -1.696077887197853 1.6706317248970528 515.5698137995787 510.10627113922965 482.94635926629417 238.07407315075397 3.2803173594315296 3.8059883487453177 -2061.124675095569 -6.524369475059297e-16 22.62300959191159 -4722.796169870919 -2.4221329722639804e-19 0.004585344883263552 0.04276001987123453
0.4006947179946303 -1.6990241718889896 1.6447353644528044 515.5849509906257 509.81865735014435 485.2454316718504 235.15697954036295 3.2803173594315296 3.8059883487453177 -2061.124675095569 -6.524369475059297e-16 22.62300959191159 -4722.796169870919 -2.4221329722639804e-19 0.004585344883263552 0.04276001987123453
0.4291754700089553 -1.702952551477173 1.6814535479688062 515.5617381456541 509.4996479813999 487.4895119420253 233.21008140407503 3.2803173594315296 3.8059883487453177 -2061.124675095569 -6.524369475059297e-16 22.62300959191159 -4722.796169870919 -2.4221329722639804e-19 0.004585344883263552 0.04276001987123453
0.45765622202327577 -1.7068809310653557 1.681453547968783 515.5077691504266 509.1486145472154 489.68667708174326 232.16975493729115 3.253709353864651 3.8104695817734178 -2053.348582162261 -0.048433906164806216 22.675988130975654 -4724.726463013686 -2.0299206271922194e-05 0.004597409547675694 0.046138521973082075
0.4900653536257843 -1.710809310653537 1.6672701019774578 515.4318615449592 508.7651919866912 491.8473640263546 231.95327814482152 3.253709353864651 3.8104695817734178 -2053.348582162261 -0.048433906164806216 22.675988130975654 -4724.726463013686 -2.0299206271922194e-05 0.004597409547675694 0.046138521973082075
0.5185461056401093 -1.7147376902417193 1.6814535479687645 515.3440565236378 508.3492786633142 493.9843696455937 232.45883092470467 3.253709353864651 3.8104695817734178 -2053.348582162261 -0.048433906164806216 22.675988130975654 -4724.726463013686 -2.0299206271922194e-05 0.004597409547675694 0.046138521973082075
0.5470268576544298 -1.7196481647269486 1.717874682183342 515.2556189370807 507.901036365598 496.1128507379908 233.56549497507513 3.253709353864651 3.8104695817734178 -2053.348582162261 -0.048433906164806216 22.675988130975654 -4724.726463013686 -2.0299206271922194e-05 0.004597409547675694 0.046138521973082075
0.5755076096687503 -1.722594449418084 1.6447353644528293 515.1790372913238 507.4208903062681 498.25032403692603 235.13325392641127 3.253709353864651 3.8104695817734178 -2053.348582162261 -0.048433906164806216 22.675988130975654 -4724.726463013686 -2.0299206271922194e-05 0.004597409547675694 0.046138521973082075
0.6039883616830664 -1.7255407341092206 1.6447353644528293 515.1280237471219 506.90952912328066 500.41666620294563 237.00299321487546 3.253709353864651 3.8104695817734178 -2053.348582162261 -0.048433906164806216 22.675988130975654 -4724.726463013686 -2.0299206271922194e-05 0.004597409547675694 0.046138521973082075
0.6246123545210287 -1.7255407341092206 3.141592653589793 515.1175141198328 506.36790487816324 502.63411383517087 238.99650012888014 3.253709353864651 3.8104695817734178 -2053.348582162261 -0.048433906164806216 22.675988130975654 -4724.726463013686 -2.0299206271922194e-05 0.004597409547675694 0.046138521973082075
0.6403258728737629 -1.7255407341092206 3.141592653589793 515.1636678817449 505.7972330582561 504.9272634568624 240.91646385379136 3.253709353864651 3.8104695817734178 -2053.348582162261 -0.048433906164806216 22.675988130975654 -4724.726463013686 -2.0299206271922194e-05 0.004597409547675694 0.046138521973082075
0.652111011638309 -1.724558639212177 1.4876550949066123 515.2838681599824 505.1989925747039 507.3230715286918 242.5464754011482 3.253709353864651 3.8104695817734178 -2053.348582162261 -0.048433906164806216 22.675988130975654 -4724.726463013686 -2.0299206271922194e-05 0.004597409547675694 0.046138521973082075
0.6638961504028595 -1.7225944494180863 1.405647649380362 515.4967217344092 504.57492576379445 509.85085443919525 243.65102765522897 3.253709353864651 3.8104695817734178 -2053.348582162261 -0.048433906164806216 22.675988130975654 -4724.726463013686 -2.0299206271922194e-05 0.004597409547675694 0.046138521973082075
0.6756812891674057 -1.7196481647269486 1.3258176636679433 515.8220590435667 503.9270383857656 512.5422885145526 243.97551533207297 3.253709353864651 3.8104695817734178 -2053.348582162261 -0.048433906164806216 22.675988130975654 -4724.726463013686 -2.0299206271922194e-05 0.004597409547675694 0.046138521973082075
0.6835380483437726 -1.716701880035812 1.212025656524449 516.2809341799002 503.25759962640586 515.4314100048505 243.24623503163457 3.253709353864651 3.8104695817734178 -2053.348582162261 -0.048433906164806216 22.675988130975654 -4724.726463013686 -2.0299206271922194e-05 0.004597409547675694 0.046138521973082075
0.6913948075201353 -1.7127735004476285 1.107148717793863 516.8956248908071 502.56914209545357 518.5546150966547 241.1703852135688 3.253709353864651 3.8104695817734178 -2053.348582162261 -0.048433906164806216 22.675988130975654 -4724.726463013686 -2.0299206271922194e-05 0.004597409547675694 0.046138521973082075
0.6953231871083143 -1.7078630259624004 0.674740942223109 517.6896325792186 501.86446182758664 521.9506599095184 237.43606615066528 3.253709353864651 3.8104695817734178 -2053.348582162261 -0.048433906164806216 22.675988130975654 -4724.726463013686 -2.0299206271922194e-05 0.004597409547675694 0.046138521973082075
0.6992515666964978 -1.702952551477172 0.6747409422236635 518.6876823030179 501.14661828189855 525.6606604910921 231.7122800257057 3.253709353864651 3.8104695817734178 -2053.348582162261 -0.048433906164806216 22.675988130975654 -4724.726463013686 -2.0299206271922194e-05 0.004597409547675694 0.046138521973082075
