35 -1.9484762757385865 -0.05008683974932879 2.8864102629688877 0.6864843330349159 -1.0960179051029546
-1.9484762757385865 -0.05008683974932879 2.8864102629688877 635.3892047288273 571.9935853146403 610.6120826709848 230.52270581007178 3.1535897722527695 3.694204922525656 -1872.332276655716 -1.9347272566994974e-15 21.759144409783815 -4018.9152280502108 -7.181639387584797e-19 0.004431273492026505 0.18154353032590168
-1.927852282900633 -0.11588719785138832 2.8378581677472825 629.6676569657952 571.7021986604082 608.5511875512475 257.5319868536026 3.1535897722527695 3.694204922525656 -1872.332276655716 -1.9347272566994974e-15 21.759144409783815 -4018.9152280502108 -7.181639387584797e-19 0.004431273492026505 0.18154353032590168
-1.8983894359892632 -0.1787412712623102 2.703256093731834 624.1398936394652 571.193535240946 606.873524594148 280.13146923691966 3.1535897722527695 3.694204922525656 -1872.332276655716 -1.9347272566994974e-15 21.759144409783815 -4018.9152280502108 -7.181639387584797e-19 0.004431273492026505 0.18154353032590168
-1.8689265890778937 -0.24061324977618734 2.6971734436886985 618.8089957056919 570.4673956512779 605.5413059255789 298.74170867411885 3.1535897722527695 3.694204922525656 -1872.332276655716 -1.9347272566994974e-15 21.759144409783815 -4018.9152280502108 -7.181639387584797e-19 0.004431273492026505 0.18154353032590168
-1.8345532676813001 -0.3015031333930186 2.652472848078359 613.6778237004879 569.5248746823377 604.5187006482229 313.7669362168235 3.1535897722527695 3.694204922525656 -1872.332276655716 -1.9347272566994974e-15 21.759144409783815 -4018.9152280502108 -7.181639387584797e-19 0.004431273492026505 0.18154353032590168
-1.7972336615935587 -0.3623930170098498 2.615526234592989 608.7490177400236 568.3683613209951 603.7718348415838 325.59505825427186 3.1535897722527695 3.694204922525656 -1872.332276655716 -1.9347272566994974e-15 21.759144409783815 -4018.9152280502108 -7.181639387584797e-19 0.004431273492026505 0.18154353032590168
-1.7559856759176384 -0.4213187108325882 2.553590050042217 604.0249975206266 567.0015387500348 603.2687915619717 334.5976565131132 3.1535897722527695 3.694204922525656 -1872.332276655716 -1.9347272566994974e-15 21.759144409783815 -4018.9152280502108 -7.181639387584797e-19 0.004431273492026505 0.18154353032590168
-1.7117914055505794 -0.4753339301700983 2.4780369272121803 599.5079623187819 565.4293843481714 602.9796108425253 341.1299880576262 3.1535897722527695 3.694204922525656 -1872.332276655716 -1.9347272566994974e-15 21.759144409783815 -4018.9152280502108 -7.181639387584797e-19 0.004431273492026505 0.18154353032590168
-1.6705434198746592 -0.5244386750223834 2.466851711366263 595.199890991132 563.6581696900348 602.8762896931876 345.5309852895589 3.1750227063419394 3.6914852522334565 -1881.4641318936297 0.04443572389175159 21.84894807610412 -4075.943025220155 1.862352216754058e-05 0.0044449400248200086 0.16718306922863016
-1.6234028648164702 -0.5705971351835287 2.366946763983449 591.1025419744774 561.6954605461888 602.9327821007246 348.12325594846334 3.1750227063419394 3.6914852522334565 -1881.4641318936297 0.04443572389175159 21.84894807610412 -4075.943025220155 1.862352216754058e-05 0.0044449400248200086 0.16718306922863016
-1.5693876454789544 -0.6167555953446751 2.2962663350711248 587.2174532857771 559.550116883117 603.1249990287142 349.21308311104076 3.1750227063419394 3.6914852522334565 -1881.4641318936297 0.04443572389175159 21.84894807610412 -4075.943025220155 1.862352216754058e-05 0.0044449400248200086 0.16718306922863016
-1.5094798567591747 -0.6609498657117296 2.222383512717784 583.5459425221452 557.2322928632216 603.4308084175482 349.09042519178183 3.1750227063419394 3.6914852522334565 -1881.4641318936297 0.04443572389175159 21.84894807610412 -4075.943025220155 1.862352216754058e-05 0.0044449400248200086 0.16718306922863016
-1.445643688451207 -0.7051441360787831 2.1910458127776926 580.0891068608566 554.7534368448328 603.83003518443 348.0289159427193 3.1750227063419394 3.6914852522334565 -1881.4641318936297 0.04443572389175159 21.84894807610412 -4075.943025220155 1.862352216754058e-05 0.0044449400248200086 0.16718306922863016
-1.3690402864816438 -0.7444279319606095 2.055274255831925 576.8478230593407 552.1262913822093 604.3044612233807 346.2858644531516 3.1750227063419394 3.6914852522334565 -1881.4641318936297 0.04443572389175159 21.84894807610412 -4075.943025220155 1.862352216754058e-05 0.0044449400248200086 0.16718306922863016
-1.2806517457475346 -0.7817475380483452 1.9703118207942776 573.822747455186 549.3648932255214 604.8378254052241 344.1022551502829 3.1750227063419394 3.6914852522334565 -1881.4641318936297 0.04443572389175159 21.84894807610412 -4075.943025220155 1.862352216754058e-05 0.0044449400248200086 0.16718306922863016
-1.1853885407341076 -0.8180850492390339 1.9352039159400993 571.0143159661393 546.4845733208749 605.415823577634 341.7027477986703 3.1750227063419394 3.6914852522334565 -1881.4641318936297 0.04443572389175159 21.84894807610412 -4075.943025220155 1.862352216754058e-05 0.0044449400248200086 0.16718306922863016
-1.0773581020590852 -0.8554046553267685 1.9034160183688054 568.4227440901032 543.5019568102957 606.0261085650527 339.2956775004277 3.1750227063419394 3.6914852522334565 -1881.4641318936297 0.04443572389175159 21.84894807610412 -4075.943025220155 1.862352216754058e-05 0.0044449400248200086 0.16718306922863016
-0.9644171888988344 -0.8927242614145041 1.8899359210671889 566.0480269051384 540.434963031726 606.6582901687652 337.07305469531275 3.1750227063419394 3.6914852522334565 -1881.4641318936297 0.04443572389175159 21.84894807610412 -4075.943025220155 1.862352216754058e-05 0.0044449400248200086 0.16718306922863016
-0.8446016114592615 -0.9261154879140563 1.8425884854695886 563.889939069465 537.3028055190407 607.3039351668849 335.21056516036333 3.1750227063419394 3.6914852522334565 -1881.4641318936297 0.04443572389175159 21.84894807610412 -4075.943025220155 1.862352216754058e-05 0.0044449400248200086 0.16718306922863016
-0.7267502238137781 -0.9575425246195177 1.8313987185422318 561.9480348214593 534.1259920020402 607.956567314297 333.8675700104359 3.1750227063419394 3.6914852522334565 -1881.4641318936297 0.04443572389175159 21.84894807610412 -4075.943025220155 1.862352216754058e-05 0.0044449400248200086 0.16718306922863016
-0.6138093106535274 -0.9850411817367958 1.8096275263795505 560.2216479796541 530.9263244064355 608.6116673427387 333.1871056977834 3.1750227063419394 3.6914852522334565 -1881.4641318936297 0.04443572389175159 21.84894807610412 -4075.943025220155 1.862352216754058e-05 0.0044449400248200086 0.16718306922863016
-0.4998863025962319 -1.010575649059982 1.7912900881615625 558.7098919427401 527.7268988538744 609.2666729607481 333.29588401218643 3.1750227063419394 3.6914852522334565 -1881.4641318936297 0.04443572389175159 21.84894807610412 -4075.943025220155 1.862352216754058e-05 0.0044449400248200086 0.16718306922863016
-0.39087376902416476 -1.032181736794988 1.7664587861269638 557.4116596895684 524.552105661925 609.9209788536609 334.3042920811131 3.1750227063419394 3.6914852522334565 -1881.4641318936297 0.04443572389175159 21.84894807610412 -4075.943025220155 1.862352216754058e-05 0.0044449400248200086 0.16718306922863016
-0.2916821844225542 -1.052805729632947 1.7757963027984747 556.3256237791448 521.4276293440726 610.5759366836628 336.30639236934076 3.1750227063419394 3.6914852522334565 -1881.4641318936297 0.04443572389175159 21.84894807610412 -4075.943025220155 1.862352216754058e-05 0.0044449400248200086 0.16718306922863016
-0.19838316920322116 -1.0695013428827236 1.7478694815737847 555.4502363506328 518.3804486097324 611.2348550897295 339.3799226793635 3.1750227063419394 3.6914852522334565 -1881.4641318936297 0.04443572389175159 21.84894807610412 -4075.943025220155 1.862352216754058e-05 0.0044449400248200086 0.16718306922863016
-0.10803043867501792 -1.081286481647271 1.7004988639507976 554.7837291233551 515.4388363642474 611.9029996876634 343.58629615127575 3.1750227063419394 3.6914852522334565 -1881.4641318936297 0.04443572389175159 21.84894807610412 -4075.943025220155 1.862352216754058e-05 0.0044449400248200086 0.16718306922863016
-0.029462846911369744 -1.0871790510295452 1.6456561745056706 554.3241133967897 512.6323597088735 612.5875930700804 348.97060126245196 3.1750227063419394 3.6914852522334565 -1881.4641318936297 0.04443572389175159 21.84894807610412 -4075.943025220155 1.862352216754058e-05 0.0044449400248200086 0.16718306922863016
0.04517636526409938 -1.0891432408236357 1.5971060440478102 554.0691800505754 509.9918799407974 613.2978148063867 355.5616018279834 3.1750227063419394 3.6914852522334565 -1881.4641318936297 0.04443572389175159 21.84894807610412 -4075.943025220155 1.862352216754058e-05 0.0044449400248200086 0.16718306922863016
0.12079767233661773 -1.0920895255147722 1.6097376698919286 554.0164995445055 507.54955255312916 614.0448014428403 363.37173700047424 3.1750227063419394 3.6914852522334565 -1881.4641318936297 0.04443572389175159 21.84894807610412 -4075.943025220155 1.862352216754058e-05 0.0044449400248200086 0.16718306922863016
0.19740107430618084 -1.0920895255147722 3.141592653589793 554.1634219185323 505.3388272348925 614.8416465024966 372.3971212701872 3.1750227063419394 3.6914852522334565 -1881.4641318936297 0.04443572389175159 21.84894807610412 -4075.943025220155 1.862352216754058e-05 0.0044449400248200086 0.16718306922863016
0.2779328558639275 -1.093071620411818 1.5829908442431508 554.507076792765 503.39444787105504 615.7034004852248 382.617544464636 3.1750227063419394 3.6914852522334565 -1881.4641318936297 0.04443572389175159 21.84894807610412 -4075.943025220155 1.862352216754058e-05 0.0044449400248200086 0.16718306922863016
0.35650044762758015 -1.0920895255147722 1.558296977775532 555.0443733674726 501.7524525424951 616.6470708677007 393.99647174913844 3.1750227063419394 3.6914852522334565 -1881.4641318936297 0.04443572389175159 21.84894807610412 -4075.943025220155 1.862352216754058e-05 0.0044449400248200086 0.16718306922863016
0.43408594449418353 -1.0920895255147733 1.570796326794911 555.7720004230789 500.4501735260069 617.6916221034462 406.48104362645245 3.1750227063419394 3.6914852522334565 -1881.4641318936297 0.04443572389175159 21.84894807610412 -4075.943025220155 1.862352216754058e-05 0.0044449400248200086 0.16718306922863016
0.5205102954341988 -1.093071620411818 1.5821594740591773 556.686426320166 499.5262372943257 618.8579756227518 420.00207593683444 3.1750227063419394 3.6914852522334565 -1881.4641318936297 0.04443572389175159 21.84894807610412 -4075.943025220155 1.862352216754058e-05 0.0044449400248200086 0.16718306922863016
0.6069346463742185 -1.0950358102059088 1.5935196876365294 557.7838989994739 499.0205645160968 620.1690098327654 434.47405985815567 3.1750227063419394 3.6914852522334565 -1881.4641318936297 0.04443572389175159 21.84894807610412 -4075.943025220155 1.862352216754058e-05 0.0044449400248200086 0.16718306922863016
0.6864843330349159 -1.0960179051029546 1.583141378639124 565.0081938133635 490.35856760068987 515.6072495090921 441.40045966100297 3.1750227063419394 3.6914852522334565 -1881.4641318936297 0.04443572389175159 21.84894807610412 -4075.943025220155 1.862352216754058e-05 0.0044449400248200086 0.16718306922863016
0.7660340196956178 -1.0970000000000018 1.5831413786391373 563.0724289828595 489.41833769078426 548.2059354219673 420.9624820897152 3.1750227063419394 3.6914852522334565 -1881.4641318936297 0.04443572389175159 21.84894807610412 -4075.943025220155 1.862352216754058e-05 0.0044449400248200086 0.16718306922863016
0.8426374216651809 -1.0989641897940934 1.5964317353165793 561.3338231020698 488.42177501633296 578.020078288595 401.7569946463482 3.1750227063419394 3.6914852522334565 -1881.4641318936297 0.04443572389175159 21.84894807610412 -4075.943025220155 1.862352216754058e-05 0.0044449400248200086 0.16718306922863016
0.9123661593554172 -1.099946284691138 1.5848799026177451 559.7816546089762 487.3712005508635 605.1624986814422 383.7291141118985 3.1750227063419394 3.6914852522334565 -1881.4641318936297 0.04443572389175159 21.84894807610412 -4075.943025220155 1.862352216754058e-05 0.0044449400248200086 0.16718306922863016
0.9830769919427074 -1.1009283795881841 1.5846843227258662 558.4053828289861 486.26892042637655 629.7442873324471 366.82519416179275 3.1750227063419394 3.6914852522334565 -1881.4641318936297 0.04443572389175159 21.84894807610412 -4075.943025220155 1.862352216754058e-05 0.0044449400248200086 0.16718306922863016
1.049859444941814 -1.0989641897940923 1.5413930385908856 557.1946479749058 485.1172259333464 651.8748051324801 350.9928253658727 3.1750227063419394 3.6914852522334565 -1881.4641318936297 0.04443572389175159 21.84894807610412 -4075.943025220155 1.862352216754058e-05 0.0044449400248200086 0.16718306922863016
1.1166418979409205 -1.0970000000000006 1.5413930385908856 556.1392711469725 483.91839352072475 671.661683131766 336.1808351883883 3.1750227063419394 3.6914852522334565 -1881.4641318936297 0.04443572389175159 21.84894807610412 -4075.943025220155 1.862352216754058e-05 0.0044449400248200086 0.16718306922863016
1.185388540734112 -1.094053715308863 1.5279653941261568 555.2292543328322 482.6746847959339 689.2108225397969 322.3392879879975 3.1750227063419394 3.6914852522334565 -1881.4641318936297 0.04443572389175159 21.84894807610412 -4075.943025220155 1.862352216754058e-05 0.0044449400248200086 0.16718306922863016
1.242350044762762 -1.0911074306177264 1.519118242312476 554.454780407541 481.3883465248723 704.6263947251573 309.41948501778825 3.1750227063419394 3.6914852522334565 -1881.4641318936297 0.04443572389175159 21.84894807610412 -4075.943025220155 1.862352216754058e-05 0.0044449400248200086 0.16718306922863016
1.2914547896150448 -1.0891432408236357 1.5308176396716202 553.8062131335819 480.0616106319144 718.0108412157424 297.37396442524187 3.1750227063419394 3.6914852522334565 -1881.4641318936297 0.04443572389175159 21.84894807610412 -4075.943025220155 1.862352216754058e-05 0.0044449400248200086 0.16718306922863016
1.3405595344673278 -1.0901253357206804 1.5907936607680289 553.2740971608482 478.69669419990555 729.4648736986273 286.15650125229877 3.1750227063419394 3.6914852522334565 -1881.4641318936297 0.04443572389175159 21.84894807610412 -4075.943025220155 1.862352216754058e-05 0.0044449400248200086 0.16718306922863016
1.385735899731427 -1.0920895255147722 1.6142472221864381 552.8491580266409 477.29579947016896 739.0874740200525 275.72210743526375 3.1750227063419394 3.6914852522334565 -1881.4641318936297 0.04443572389175159 21.84894807610412 -4075.943025220155 1.862352216754058e-05 0.0044449400248200086 0.16718306922863016
1.43484064458371 -1.0970000000000006 1.6704649792860586 552.5223021556903 475.86111384249875 746.9758941855689 266.02703180485696 3.1750227063419394 3.6914852522334565 -1881.4641318936297 0.04443572389175159 21.84894807610412 -4075.943025220155 1.862352216754058e-05 0.0044449400248200086 0.16718306922863016
1.4888558639212168 -1.1048567591763665 1.7152379051695645 552.2846168601327 474.3948098751671 753.225656359893 257.028760086243 3.1750227063419394 3.6914852522334565 -1881.4641318936297 0.04443572389175159 21.84894807610412 -4075.943025220155 1.862352216754058e-05 0.0044449400248200086 0.16718306922863016
1.5350143240823655 -1.1166418979409147 1.8207749482557143 552.1273703395245 472.89904528491843 757.9305528669356 248.6860148989581 3.1750227063419394 3.6914852522334565 -1881.4641318936297 0.04443572389175159 21.84894807610412 -4075.943025220155 1.862352216754058e-05 0.0044449400248200086 0.16718306922863016
1.581172784243514 -1.1313733213965986 1.8797270707185996 552.0420116808373 471.37596294697073 761.1826461898454 240.95875575704122 3.1750227063419394 3.6914852522334565 -1881.4641318936297 0.04443572389175159 21.84894807610412 -4075.943025220155 1.862352216754058e-05 0.0044449400248200086 0.16718306922863016
1.6243849597135238 -1.1480689346463742 1.939492229452926 552.0201708584527 469.8276908950197 763.0722689710237 233.80817906885204 3.1750227063419394 3.6914852522334565 -1881.4641318936297 0.04443572389175159 21.84894807610412 -4075.943025220155 1.862352216754058e-05 0.0044449400248200086 0.16718306922863016
1.666615040286489 -1.1657466427931966 1.9672376100133364 552.053658734173 468.25634232123116 763.6880240120081 227.19671813718742 3.1750227063419394 3.6914852522334565 -1881.4641318936297 0.04443572389175159 21.84894807610412 -4075.943025220155 1.862352216754058e-05 0.0044449400248200086 0.16718306922863016
1.7225944494180851 -1.185388540734111 1.908252396022731 552.1344670572153 466.66401557624954 763.1167842736759 221.0880431593032 3.1287665522914825 3.6241229193805786 -1842.601060453921 -0.04403532860836677 21.515556552841737 -3928.510056868227 -1.8455711906272758e-05 0.004358454658903935 0.20778326501976438
1.7825022381378695 -1.2069946284691146 1.9169322903642523 552.2547684642104 465.0527941691903 761.4436928759824 215.44706122679054 3.1287665522914825 3.6241229193805786 -1842.601060453921 -0.04403532860836677 21.515556552841737 -3928.510056868227 -1.8455711906272758e-05 0.004358454658903935 0.20778326501976438
1.8512488809310654 -1.2276186213070726 1.8622531212727518 552.4069164792063 463.4247467676446 758.7521630980627 210.23991632571415 3.1287665522914825 3.6241229193805786 -1842.601060453921 -0.04403532860836677 21.515556552841737 -3928.510056868227 -1.8455711906272758e-05 0.004358454658903935 0.20778326501976438
1.9249059982094943 -1.2502068039391234 1.8683580515326939 552.5834455136683 461.78192719767935 755.1238783785666 205.43398933656135 3.1287665522914825 3.6241229193805786 -1842.601060453921 -0.04403532860836677 21.515556552841737 -3928.510056868227 -1.8455711906272758e-05 0.004358454658903935 0.20778326501976438
1.9946347358997352 -1.2727949865711743 1.8840725077885807 552.777070866473 460.1263744438329 750.6387923149741 200.9978980341839 3.1287665522914825 3.6241229193805786 -1842.601060453921 -0.04403532860836677 21.515556552841737 -3928.510056868227 -1.8455711906272758e-05 0.004358454658903935 0.20778326501976438
2.0692739480752045 -1.294401074306178 1.8525681940682437 552.9806887239129 458.46011264912 745.3751286642655 196.90149708789977 3.1287665522914825 3.6241229193805786 -1842.601060453921 -0.04403532860836677 21.515556552841737 -3928.510056868227 -1.8455711906272758e-05 0.004358454658903935 0.20778326501976438
2.147841539838857 -1.3120787824529994 1.7921107691426825 553.1873761596999 456.78515111503043 739.4093813424406 193.11587806137686 3.1287665522914825 3.6241229193805786 -1842.601060453921 -0.04403532860836677 21.515556552841737 -3928.510056868227 -1.8455711906272758e-05 0.004358454658903935 0.20778326501976438
2.227391226499554 -1.3277923008057302 1.765816594199823 553.390391134958 455.10348430152635 732.8163144248974 189.61336941275658 3.1287665522914825 3.6241229193805786 -1842.601060453921 -0.04403532860836677 21.515556552841737 -3928.510056868227 -1.8455711906272758e-05 0.004358454658903935 0.20778326501976438
2.3157797672336637 -1.3395774395702786 1.7033478590915756 553.583172498229 453.4170918270456 725.6689621461264 186.3675364945666 3.1287665522914825 3.6241229193805786 -1842.601060453921 -0.04403532860836677 21.515556552841737 -3928.510056868227 -1.8455711906272758e-05 0.004358454658903935 0.20778326501976438
2.4012220232766386 -1.3474341987466434 1.6624924830547516 553.7593399854686 451.7279384685012 718.0386288997688 183.353181553779 3.1287665522914825 3.6241229193805786 -1842.601060453921 -0.04403532860836677 21.515556552841737 -3928.510056868227 -1.8455711906272758e-05 0.004358454658903935 0.20778326501976438
2.4817538048343852 -1.3513625783348258 1.619538178104824 553.9126942200473 450.0379741612776 709.9948892389366 180.54634373175213 3.1287665522914825 3.6241229193805786 -1842.601060453921 -0.04403532860836677 21.515556552841737 -3928.510056868227 -1.8455711906272758e-05 0.004358454658903935 0.20778326501976438
2.563267681289172 -1.3523446732318705 1.582843936649072 554.0372167127507 448.349133999237 701.6055878756742 177.92429906420875 3.1287665522914825 3.6241229193805786 -1842.601060453921 -0.04403532860836677 21.515556552841737 -3928.510056868227 -1.8455711906272758e-05 0.004358454658903935 0.20778326501976438
2.6457636526410084 -1.3533267681289176 1.5827005263532226 554.1270698617809 446.66333823471336 692.9368396813952 175.46556048138882 3.1287665522914825 3.6241229193805786 -1842.601060453921 -0.04403532860836677 21.515556552841737 -3928.510056868227 -1.8455711906272758e-05 0.004358454658903935 0.20778326501976438
2.7282596239928445 -1.349398388540735 1.5232132235179165 554.1765969527605 444.98249227851807 684.0530296867219 173.14987780791853 3.1287665522914825 3.6241229193805786 -1842.601060453921 -0.04403532860836677 21.515556552841737 -3928.510056868227 -1.8455711906272758e-05 0.004358454658903935 0.20778326501976438
2.81173769024173 -1.342523724261416 1.488628804433209 554.1803221587206 443.3084866999334 675.0168130814563 170.95823776273755 3.1287665522914825 3.6241229193805786 -1842.601060453921 -0.04403532860836677 21.515556552841737 -3928.510056868227 -1.8455711906272758e-05 0.004358454658903935 0.20778326501976438
2.891287376902427 -1.3336848701880055 1.4601391056210025 554.1329505401063 441.64319722671803 665.8891152146243 168.87286395937554 3.1287665522914825 3.6241229193805786 -1842.601060453921 -0.04403532860836677 21.515556552841737 -3928.510056868227 -1.8455711906272758e-05 0.004358454658903935 0.20778326501976438
2.9708370635631245 -1.3238639212175478 1.4479610879169864 554.0293680447849 439.9884847451058 656.729131594373 166.87721690563194 3.1287665522914825 3.6241229193805786 -1842.601060453921 -0.04403532860836677 21.515556552841737 -3928.510056868227 -1.8455711906272758e-05 0.004358454658903935 0.20778326501976438
3.0513688451208667 -1.3130608773500443 1.437446072623325 553.8646415080402 438.3461952998018 647.5943278883205 164.95599400375795 3.1287665522914825 3.6241229193805786 -1842.601060453921 -0.04403532860836677 21.515556552841737 -3928.510056868227 -1.8455711906272758e-05 0.004358454658903935 0.20778326501976438
3.1279722470904257 -1.3071683079677712 1.4940244355251275 553.6340186525576 436.71816009399004 638.5404399230611 163.09512955042737 3.1287665522914825 3.6241229193805786 -1842.601060453921 -0.04403532860836677 21.515556552841737 -3928.510056868227 -1.8455711906272758e-05 0.004358454658903935 0.20778326501976438
3.2045756490599886 -1.3042220232766346 1.5323537367737154 553.3329280884573 435.1061954893246 629.621473684485 161.28179473675846 3.1287665522914825 3.6241229193805786 -1842.601060453921 -0.04403532860836677 21.515556552841737 -3928.510056868227 -1.8455711906272758e-05 0.004358454658903935 0.20778326501976438
3.2772506714413683 -1.3032399283795888 1.5572836357815656 552.9569793132632 433.5121030059363 620.8897053177643 159.50439764823386 3.1287665522914825 3.6241229193805786 -1842.601060453921 -0.04403532860836677 21.515556552841737 -3928.510056868227 -1.8455711906272758e-05 0.004358454658903935 0.20778326501976438
3.3597466427932043 -1.3032399283795888 3.141592653589793 552.5019627119127 431.93766932243057 612.3956811270618 157.7525832647807 3.1287665522914825 3.6241229193805786 -1842.601060453921 -0.04403532860836677 21.515556552841737 -3928.510056868227 -1.8455711906272758e-05 0.004358454658903935 0.20778326501976438
3.437332139659812 -1.3042220232766346 1.5834538786289514 551.9638495567679 430.3846662758849 604.1882175760547 156.01723346073413 3.1287665522914825 3.6241229193805786 -1842.601060453921 -0.04403532860836677 21.515556552841737 -3928.510056868227 -1.8455711906272758e-05 0.004358454658903935 0.20778326501976438
3.511971351835277 -1.3101145926589088 1.649580287784049 551.3387920075984 428.8548508618544 596.3144012874545 154.29046700481558 3.1287665522914825 3.6241229193805786 -1842.601060453921 -0.04403532860836677 21.515556552841737 -3928.510056868227 -1.8455711906272758e-05 0.004358454658903935 0.20778326501976438
3.586610564010746 -1.3189534467323194 1.6886684299921113 550.6231231115989 427.34996523436575 588.8195890431962 152.56563956023456 3.1287665522914825 3.6241229193805786 -1842.601060453921 -0.04403532860836677 21.515556552841737 -3928.510056868227 -1.8455711906272758e-05 0.004358454658903935 0.20778326501976438
3.6612497761862195 -1.3307385854968667 1.7273982037768958 549.8133568033663 425.87173670592324 581.7474077845254 150.83734368451405 3.1287665522914825 3.6241229193805786 -1842.601060453921 -0.04403532860836677 21.515556552841737 -3928.510056868227 -1.8455711906272758e-05 0.004358454658903935 0.20778326501976438
3.7309785138764604 -1.3464521038495976 1.79244588977358 548.9061879049186 424.4218777475014 575.139754611766 149.10140882967244 3.1287665522914825 3.6241229193805786 -1842.601060453921 -0.04403532860836677 21.515556552841737 -3928.510056868227 -1.8455711906272758e-05 0.004358454658903935 0.20778326501976438
3.8016893464637507 -1.3651119068934658 1.8288035686588542 547.8984921256915 423.0020859885526 569.0367967845523 147.3549013420925 3.1287665522914825 3.6241229193805786 -1842.601060453921 -0.04403532860836677 21.515556552841737 -3928.510056868227 -1.8455711906272758e-05 0.004358454658903935 0.20778326501976438
3.872400179051036 -1.3827896150402883 1.8157749899217757 546.7873260625474 421.6140442170017 563.4769717217423 145.59612446262327 3.1287665522914825 3.6241229193805786 -1842.601060453921 -0.04403532860836677 21.515556552841737 -3928.510056868227 -1.8455711906272758e-05 0.004358454658903935 0.20778326501976438
3.9440931065353664 -1.4004673231871088 1.8125491946591277 545.5699271997319 420.25942037924915 558.4969870013156 143.82461832644185 3.1287665522914825 3.6241229193805786 -1842.601060453921 -0.04403532860836677 21.515556552841737 -3928.510056868227 -1.8455711906272758e-05 0.004358454658903935 0.20778326501976438
4.015786034019697 -1.4201092211280217 1.8382071239787796 544.2437139089407 418.9398675801692 554.1318203606352 142.0411599632571 3.1287665522914825 3.6241229193805786 -1842.601060453921 -0.04403532860836677 21.515556552841737 -3928.510056868227 -1.8455711906272758e-05 0.004358454658903935 0.20778326501976438
4.083550581915848 -1.4426974037600715 1.892546881191529 542.8062854492637 417.65702408310995 550.4147196960548 140.24776329707674 3.1287665522914825 3.6241229193805786 -1842.601060453921 -0.04403532860836677 21.515556552841737 -3928.510056868227 -1.8455711906272758e-05 0.004358454658903935 0.20778326501976438
4.151315129811995 -1.467249776186214 1.91840318655083 541.2554219672138 416.41251330989417 547.37720306337 138.4476791464258 3.1287665522914825 3.6241229193805786 -1842.601060453921 -0.04403532860836677 21.515556552841737 -3928.510056868227 -1.8455711906272758e-05 0.004358454658903935 0.20778326501976438
4.223990152193379 -1.4947484333034933 1.9325255683148126 539.5890844967171 415.20794384082114 545.0490586774104 136.64539522412815 3.1287665522914825 3.6241229193805786 -1842.601060453921 -0.04403532860836677 21.515556552841737 -3928.510056868227 -1.8455711906272758e-05 0.004358454658903935 0.20778326501976438
4.29175470008953 -1.5222470904207712 1.9562901937242156 537.8054149591244 414.04490941466133 543.4583449122729 134.84663613753946 3.1287665522914825 3.6241229193805786 -1842.601060453921 -0.04403532860836677 21.515556552841737 -3928.510056868227 -1.8455711906272758e-05 0.004358454658903935 0.20778326501976438
4.355590868397498 -1.5526920322291857 2.0158125515504266 535.9027361631861 412.9249889286614 542.6313903013652 133.05836338834342 3.1287665522914825 3.6241229193805786 -1842.601060453921 -0.04403532860836677 21.515556552841737 -3928.510056868227 -1.8455711906272758e-05 0.004358454658903935 0.20778326501976438
4.424337511190694 -1.5870653536257837 2.0344439357957027 533.8795518050783 411.84974643854207 542.5927935372747 131.28877537269 3.1287665522914825 3.6241229193805786 -1842.601060453921 -0.04403532860836677 21.515556552841737 -3928.510056868227 -1.8455711906272758e-05 0.004358454658903935 0.20778326501976438
4.482281110116389 -1.627331244404656 2.178101551961143 531.7345464683958 410.8207311584979 543.3654234716378 129.54730738109356 3.1287665522914825 3.6241229193805786 -1842.601060453921 -0.04403532860836677 21.515556552841737 -3928.510056868227 -1.8455711906272758e-05 0.004358454658903935 0.20778326501976438
4.5362963294539 -1.6715255147717105 2.256525837701183 529.4665856241327 409.8394774611993 544.9704191154742 127.84463159856386 3.1287665522914825 3.6241229193805786 -1842.601060453921 -0.04403532860836677 21.515556552841737 -3928.510056868227 -1.8455711906272758e-05 0.004358454658903935 0.20778326501976438
4.584418979409138 -1.7216123545210393 2.3761918241654882 527.0747156307189 408.9075048777888 547.4271896390565 126.19265710443142 3.1287665522914825 3.6241229193805786 -1842.601060453921 -0.04403532860836677 21.515556552841737 -3928.510056868227 -1.8455711906272758e-05 0.004358454658903935 0.20778326501976438
4.632541629364372 -1.7736633840644598 2.395390092119443 524.5581637339892 408.0263180978859 550.7534143717203 124.604529872493 3.1287665522914825 3.6241229193805786 -1842.601060453921 -0.04403532860836677 21.515556552841737 -3928.510056868227 -1.8455711906272758e-05 0.004358454658903935 0.20778326501976438
4.6698612354521085 -1.8296427931960617 2.5453935122922835 521.9163380671898 407.1974069695823 554.9650428021414 123.09463277094619 3.1287665522914825 3.6241229193805786 -1842.601060453921 -0.04403532860836677 21.515556552841737 -3928.510056868227 -1.8455711906272758e-05 0.004358454658903935 0.20778326501976438
4.697359892569389 -1.8875863921217553 2.6918330405199256 519.1488276509963 406.4222464994457 560.0762945781171 121.67858556241117 3.1287665522914825 3.6241229193805786 -1842.601060453921 -0.04403532860836677 21.515556552841737 -3928.510056868227 -1.8455711906272758e-05 0.004358454658903935 0.20778326501976438
4.7140555058191635 -1.946512085944496 2.861055861851504 516.2554023934799 405.70229685251707 566.0996595067409 120.37324490389437 3.1287665522914825 3.6241229193805786 -1842.601060453921 -0.04403532860836677 21.515556552841737 -3928.510056868227 -1.8455711906272758e-05 0.004358454658903935 0.20778326501976438
4.735661593554166 -2.009366159355419 2.8056250476636913 513.2360130901443 405.03900335231424 573.0458975542861 119.1967043468976 3.1287665522914825 3.6241229193805786 -1842.601060453921 -0.04403532860836677 21.515556552841737 -3928.510056868227 -1.8455711906272758e-05 0.004358454658903935 0.20778326501976438
4.7513751119069 -2.075166517457477 2.903756726132287 510.09079142391147 404.43379648082396 580.9240388461913 118.16829433724342 3.133849005780026 3.651105036096456 -1851.7423289641135 -0.04407006292380197 21.628640138946604 -3964.085294652067 -1.847026945674841e-05 0.004390898266314167 0.19882378114220073
4.768070725156674 -2.1419489704565815 2.8931052329324176 506.82004996509386 403.88809187851416 589.7413836672058 117.30858221516246 3.133849005780026 3.651105036096456 -1851.7423289641135 -0.04407006292380197 21.628640138946604 -3964.085294652067 -1.847026945674841e-05 0.004390898266314167 0.19882378114220073
4.784766338406449 -2.20774932855864 2.8894966729217417 503.42428217144516 403.4032903443226 599.5035024612735 116.639372215388 3.133849005780026 3.651105036096456 -1851.7423289641135 -0.04407006292380197 21.628640138946604 -3964.085294652067 -1.847026945674841e-05 0.004390898266314167 0.19882378114220073
4.79556938227395 -2.2725675917636536 2.9739502157585913 499.90416238812486 402.980777835661 610.2142358314013 116.18370546701772 3.133849005780026 3.651105036096456 -1851.7423289641135 -0.04407006292380197 21.628640138946604 -3964.085294652067 -1.847026945674841e-05 0.004390898266314167 0.19882378114220073
4.812264995523725 -2.338367949865713 2.88949667292175 496.2605458477083 402.6219254684204 621.8756945401692 115.96585999350646 3.133849005780026 3.651105036096456 -1851.7423289641135 -0.04407006292380197 21.628640138946604 -3964.085294652067 -1.847026945674841e-05 0.004390898266314167 0.19882378114220073
4.824050134288271 -2.407114592658908 2.9694018390668764 492.4944686701847 402.32808951696006 634.4882595088857 116.011350712899 3.133849005780026 3.651105036096456 -1851.7423289641135 -0.04407006292380197 21.628640138946604 -3964.085294652067 -1.847026945674841e-05 0.004390898266314167 0.19882378114220073
4.835835273052822 -2.4748791405550596 2.969401839066818 488.6071478629583 402.1006114141187 648.0505818185338 116.34692943747359 3.133849005780026 3.651105036096456 -1851.7423289641135 -0.04407006292380197 21.628640138946604 -3964.085294652067 -1.847026945674841e-05 0.004390898266314167 0.19882378114220073
4.8525308863026 -2.5406794986571177 2.8931052329323497 484.59998132085275 401.94081775120617 662.5595827090438 117.00058487396018 3.133849005780026 3.651105036096456 -1851.7423289641135 -0.04407006292380197 21.628640138946604 -3964.085294652067 -1.847026945674841e-05 0.004390898266314167 0.19882378114220073
4.869226499552375 -2.607461951656222 2.896613990462953 480.47454782611294 401.85002027800806 678.0104535795545 118.00154262352589 3.133849005780026 3.651105036096456 -1851.7423289641135 -0.04407006292380197 21.628640138946604 -3964.085294652067 -1.847026945674841e-05 0.004390898266314167 0.19882378114220073
4.8810116383169255 -2.6752264995523736 2.969401839066818 476.2326070483814 401.82951590278503 694.3966559885448 119.3802651817823 3.133849005780026 3.651105036096456 -1851.7423289641135 -0.04407006292380197 21.628640138946604 -3964.085294652067 -1.847026945674841e-05 0.004390898266314167 0.19882378114220073
4.8977072515666995 -2.742008952551478 2.896613990462953 471.8760995447301 401.8805866922712 711.7099216536299 121.16845193877816 3.133849005780026 3.651105036096456 -1851.7423289641135 -0.04407006292380197 21.628640138946604 -3964.085294652067 -1.847026945674841e-05 0.004390898266314167 0.19882378114220073
4.903599820948973 -2.808791405550583 3.0535852800620664 467.4071467596432 402.00449987167303 729.9402524517063 123.3990391788393 3.133849005780026 3.651105036096456 -1851.7423289641135 -0.04407006292380197 21.628640138946604 -3964.085294652067 -1.847026945674841e-05 0.004390898266314167 0.19882378114220073
4.897707251566704 -2.872627573858551 3.2336395024531166 462.828051025017 402.2025078246768 749.075920418938 126.10620008081605 3.133849005780026 3.651105036096456 -1851.7423289641135 -0.04407006292380197 21.628640138946604 -3964.085294652067 -1.847026945674841e-05 0.004390898266314167 0.19882378114220073
4.886904207699203 -2.935481647269473 3.3118045788752544 458.14129556016724 402.4758480934372 769.1034677504504 129.32534471798135 3.133849005780026 3.651105036096456 -1851.7423289641135 -0.04407006292380197 21.628640138946604 -3964.085294652067 -1.847026945674841e-05 0.004390898266314167 0.19882378114220073
4.864316025067151 -2.9924431512981204 3.519122849013361 453.34954447182736 402.8257433785873 790.0077068007668 133.09312005791435 3.133849005780026 3.651105036096456 -1851.7423289641135 -0.04407006292380197 21.628640138946604 -3964.085294652067 -1.847026945674841e-05 0.004390898266314167 0.19882378114220073
4.847620411817372 -3.0484225604297235 3.4314391435014544 448.4556427541438 403.25340153923344 811.7717200837797 137.4474099627696 3.133849005780026 3.651105036096456 -1851.7423289641135 -0.04407006292380197 21.628640138946604 -3964.085294652067 -1.847026945674841e-05 0.004390898266314167 0.19882378114220073
4.825032229185324 -3.1034198746642807 3.5313012249326157 443.4626162886698 403.7600155929556 834.376860272183 142.42733518905152 3.133849005780026 3.651105036096456 -1851.7423289641135 -0.04407006292380197 21.628640138946604 -3964.085294652067 -1.847026945674841e-05 0.004390898266314167 0.19882378114220073
4.797533572068044 -3.1603813786929282 3.5913522666596607 438.3736718443879 404.3467637158085 857.8027501981996 148.0732533875198 3.133849005780026 3.651105036096456 -1851.7423289641135 -0.04407006292380197 21.628640138946604 -3964.085294652067 -1.847026945674841e-05 0.004390898266314167 0.19882378114220073
4.770034914950768 -3.216360787824531 3.598198125482249 433.1921970776939 405.0148092423226 882.0272828533634 154.42675910363323 3.133849005780026 3.651105036096456 -1851.7423289641135 -0.04407006292380197 21.628640138946604 -3964.085294652067 -1.847026945674841e-05 0.004390898266314167 0.19882378114220073
4.731733213965987 -3.2644834377797682 3.813839835396765 427.9217605323838 405.7653006655012 907.026621387995 161.53068377703312 3.133849005780026 3.651105036096456 -1851.7423289641135 -0.04407006292380197 21.628640138946604 -3964.085294652067 -1.847026945674841e-05 0.004390898266314167 0.19882378114220073
4.688521038495981 -3.310641897940914 3.894035719372903 422.56611163969137 406.59937163682184 932.7751991121768 169.4290957418707 3.133849005780026 3.651105036096456 -1851.7423289641135 -0.04407006292380197 21.628640138946604 -3964.085294652067 -1.847026945674841e-05 0.004390898266314167 0.19882378114220073
4.63941629364369 -3.350907788719786 4.025571330626137 417.12918071825425 407.5181409662382 959.2457194946328 178.167300226698 3.133849005780026 3.651105036096456 -1851.7423289641135 -0.04407006292380197 21.628640138946604 -3964.085294652067 -1.847026945674841e-05 0.004390898266314167 0.19882378114220073
