21 -1.7844664279319635 -2.6546025067144154 1.8925468811916257 -0.7120188003581066 -2.7321880035810224
-1.7844664279319635 -2.6546025067144154 1.8925468811916257 406.34774158895016 568.6258328594267 619.4273008108139 214.09146738052368 3.1845462167167335 3.685883514627455 -1882.2785267681527 0.04438223924764122 21.78240947140253 -4098.369938528363 1.8601106138994556e-05 0.0044258536315711135 0.16368782232237117
-1.7373258728737655 -2.6693339301700996 1.8736811951698087 406.16826218366623 567.0939478054643 609.380969285965 217.86964797973633 3.1845462167167335 3.685883514627455 -1882.2785267681527 0.04438223924764122 21.78240947140253 -4098.369938528363 1.8601106138994556e-05 0.0044258536315711135 0.16368782232237117
-1.6931316025067153 -2.684065353625784 1.892546881191569 405.68900471925735 565.6840237751603 598.0964088439941 229.08698320388794 3.1845462167167335 3.685883514627455 -1882.2785267681527 0.04438223924764122 21.78240947140253 -4098.369938528363 1.8601106138994556e-05 0.0044258536315711135 0.16368782232237117
-1.6509015219337504 -2.6968325872873775 1.864385314203625 404.9945268332958 564.37172780931 585.9261937141418 245.55154418945312 3.1845462167167335 3.685883514627455 -1882.2785267681527 0.04438223924764122 21.78240947140253 -4098.369938528363 1.8601106138994556e-05 0.0044258536315711135 0.16368782232237117
-1.6165282005371524 -2.7086177260519255 1.8844169790115843 404.1630079001188 563.1335911545902 573.1776586771011 265.32725286483765 3.1845462167167335 3.685883514627455 -1882.2785267681527 0.04438223924764122 21.78240947140253 -4098.369938528363 1.8601106138994556e-05 0.0044258536315711135 0.16368782232237117
-1.5841190689346527 -2.7184386750223823 1.8490959858000422 403.266248986125 561.9470093213022 560.1129006147385 286.73387002944946 3.1845462167167335 3.685883514627455 -1882.2785267681527 0.04438223924764122 21.78240947140253 -4098.369938528363 1.8601106138994556e-05 0.0044258536315711135 0.16368782232237117
-1.5458173679498712 -2.735134288272159 1.9638543459768072 402.36967308819294 560.790242061019 546.9487763643265 308.3469867706299 3.1845462167167335 3.685883514627455 -1882.2785267681527 0.04438223924764122 21.78240947140253 -4098.369938528363 1.8601106138994556e-05 0.0044258536315711135 0.16368782232237117
-1.5075156669650895 -2.7498657117278436 1.9215242750431074 401.53232473134995 559.6424133554101 533.8569048643112 328.9980492591858 3.1845462167167335 3.685883514627455 -1882.2785267681527 0.04438223924764122 21.78240947140253 -4098.369938528363 1.8601106138994556e-05 0.0044258536315711135 0.16368782232237117
-1.4692139659803125 -2.76656132497762 1.9638543459768465 400.8068702965975 558.4835114330053 520.9636660814285 347.7743330001831 3.162197149584703 3.6894538825194583 -1870.609111831895 -3.0255538656432255e-15 21.800949621508696 -4075.6910685830658 -1.1230508620146039e-18 0.004443290901472086 0.16932604511963736
-1.4318943598925757 -2.7812927484333043 1.9295669970654439 400.23959785699844 557.2943887934089 508.35019993782043 364.01895570755005 3.162197149584703 3.6894538825194583 -1870.609111831895 -3.0255538656432255e-15 21.800949621508696 -4075.6910685830658 -1.1230508620146039e-18 0.004443290901472086 0.16932604511963736
-1.39064637421666 -2.7930778871978523 1.8370483759458263 399.8704172074795 556.0567621085793 496.052409529686 377.3308811187744 3.162197149584703 3.6894538825194583 -1870.609111831895 -3.0255538656432255e-15 21.800949621508696 -4075.6910685830658 -1.1230508620146039e-18 0.004443290901472086 0.16932604511963736
-1.3493983885407397 -2.7999525514771726 1.7285650643908574 399.7328599989414 554.7532123737037 484.06095719337463 387.5649037361145 3.162197149584703 3.6894538825194583 -1870.609111831895 -3.0255538656432255e-15 21.800949621508696 -4075.6910685830658 -1.1230508620146039e-18 0.004443290901472086 0.16932604511963736
-1.3052041181736804 -2.803880931065355 1.6556981202446088 399.85407949984074 553.3671847749501 472.3212684392929 394.8316659927368 3.162197149584703 3.6894538825194583 -1870.609111831895 -3.0255538656432255e-15 21.800949621508696 -4075.6910685830658 -1.1230508620146039e-18 0.004443290901472086 0.16932604511963736
-1.2570814682184512 -2.804863025962401 1.5904016576521078 400.2548507899046 551.8829887472093 460.73352694511414 399.4976453781128 3.162197149584703 3.6894538825194583 -1870.609111831895 -3.0255538656432255e-15 21.800949621508696 -4075.6910685830658 -1.1230508620146039e-18 0.004443290901472086 0.16932604511963736
-1.2099409131602579 -2.8019167412712633 1.5083775167989275 400.9495706409216 550.2857979945838 449.1526800394058 402.185161113739 3.162197149584703 3.6894538825194583 -1870.609111831895 -3.0255538656432255e-15 21.800949621508696 -4075.6910685830658 -1.1230508620146039e-18 0.004443290901472086 0.16932604511963736
-1.156907788719787 -2.797988361683081 1.4968572891369678 401.94625756144524 548.5616504363716 437.38843536376953 403.77237606048584 3.162197149584703 3.6894538825194583 -1870.609111831895 -3.0255538656432255e-15 21.800949621508696 -4075.6910685830658 -1.1230508620146039e-18 0.004443290901472086 0.16932604511963736
-1.0999462846911414 -2.78914950760967 1.4168516623365435 403.2465518862009 546.6974482368678 425.2052615880966 405.3932828903198 3.162197149584703 3.6894538825194583 -1870.609111831895 -3.0255538656432255e-15 21.800949621508696 -4075.6910685830658 -1.1230508620146039e-18 0.004443290901472086 0.16932604511963736
-1.0321817367949901 -2.7803106535362594 1.4410937896389895 404.8457156717777 544.680957807228 412.3223890066147 408.43773078918457 3.162197149584703 3.6894538825194583 -1870.609111831895 -3.0255538656432255e-15 21.800949621508696 -4075.6910685830658 -1.1230508620146039e-18 0.004443290901472086 0.16932604511963736
-0.9614709042077046 -2.7695076096687568 1.4191908393566168 406.73263266682625 542.5008098166436 398.41380846500397 414.5513925552368 3.162197149584703 3.6894538825194583 -1870.609111831895 -3.0255538656432255e-15 21.800949621508696 -4075.6910685830658 -1.1230508620146039e-18 0.004443290901472086 0.16932604511963736
-0.882903312444052 -2.7587045658012546 1.4341531643038068 408.8898082971573 540.1464991495013 383.1082719564438 425.63579177856445 3.162197149584703 3.6894538825194583 -1870.609111831895 -3.0255538656432255e-15 21.800949621508696 -4075.6910685830658 -1.1230508620146039e-18 0.004443290901472086 0.16932604511963736
-0.8013894359892606 -2.745937332139661 1.4154320729433723 411.29336984455585 537.6083849426359 365.989293217659 443.8482880592346 3.162197149584703 3.6894538825194583 -1870.609111831895 -3.0255538656432255e-15 21.800949621508696 -4075.6910685830658 -1.1230508620146039e-18 0.004443290901472086 0.16932604511963736
-0.7120188003581066 -2.7321880035810224 1.4181469983996324 572.4243737310171 465.47234936989844 308.73131427168846 424.19851268827915 3.162197149584703 3.6894538825194583 -1870.609111831895 -3.0255538656432255e-15 21.800949621508696 -4075.6910685830658 -1.1230508620146039e-18 0.004443290901472086 0.16932604511963736
-0.6285407341092301 -2.7115640107430634 1.3285877396852612 527.5935641974211 484.4641576502472 338.58290365338326 399.75468469411135 3.162197149584703 3.6894538825194583 -1870.609111831895 -3.0255538656432255e-15 21.800949621508696 -4075.6910685830658 -1.1230508620146039e-18 0.004443290901472086 0.16932604511963736
-0.5548836168308058 -2.686029543419875 1.23709415025733 484.4970364421606 502.61691669374704 364.8915092200041 376.8907236941159 3.162197149584703 3.6894538825194583 -1870.609111831895 -3.0255538656432255e-15 21.800949621508696 -4075.6910685830658 -1.1230508620146039e-18 0.004443290901472086 0.16932604511963736
-0.4812264995523814 -2.656566696508506 1.1902899496825448 443.1808803603053 519.9293243121356 387.9064413756132 355.53608199954033 3.162197149584703 3.6894538825194583 -1870.609111831895 -3.0255538656432255e-15 21.800949621508696 -4075.6910685830658 -1.1230508620146039e-18 0.004443290901472086 0.16932604511963736
-0.4242649955237314 -2.621211280214862 1.0153025915293643 403.68745571374893 536.4010250549763 407.8696636855602 335.62184029072523 3.162197149584703 3.6894538825194583 -1870.609111831895 -3.0255538656432255e-15 21.800949621508696 -4075.6910685830658 -1.1230508620146039e-18 0.004443290901472086 0.16932604511963736
-0.3839991047448559 -2.5789811996418996 0.7615931372124279 366.0553924366832 552.0326102245599 425.0157928317785 317.08070735633373 3.162197149584703 3.6894538825194583 -1870.609111831895 -3.0255538656432255e-15 21.800949621508696 -4075.6910685830658 -1.1230508620146039e-18 0.004443290901472086 0.16932604511963736
-0.35453625783348613 -2.531840644583707 0.558599315343556 330.31959042698145 566.8256178777665 439.5720986276865 299.84702038019896 3.162197149584703 3.6894538825194583 -1870.609111831895 -3.0255538656432255e-15 21.800949621508696 -4075.6910685830658 -1.1230508620146039e-18 0.004443290901472086 0.16932604511963736
-0.33391226499552823 -2.4827358997314244 0.39762799152211387 296.5112196430564 580.7825328242034 451.7585039138794 283.85674461349845 3.162197149584703 3.6894538825194583 -1870.609111831895 -3.0255538656432255e-15 21.800949621508696 -4075.6910685830658 -1.1230508620146039e-18 0.004443290901472086 0.16932604511963736
-0.7051441360787888 -2.6624592658907806 4.261520228461771 264.65771993249655 593.9067866392434 461.78758449852467 269.0474737249315 3.162197149584703 3.6894538825194583 -1870.609111831895 -3.0255538656432255e-15 21.800949621508696 -4075.6910685830658 -1.1230508620146039e-18 0.004443290901472086 0.16932604511963736
-1.1834243509400224 -2.968872873769025 4.14260977894903 234.78280125558376 606.2027576174587 469.8645697236061 255.35842945426702 3.162197149584703 3.6894538825194583 -1870.609111831895 -3.0255538656432255e-15 21.800949621508696 -4075.6910685830658 -1.1230508620146039e-18 0.004443290901472086 0.16932604511963736
-1.6970599820949035 -3.3440331244404664 4.081549332072559 206.9064436107874 617.6757708489895 476.1873417645693 242.730461910367 3.162197149584703 3.6894538825194583 -1870.609111831895 -3.0255538656432255e-15 21.800949621508696 -4075.6910685830658 -1.1230508620146039e-18 0.004443290901472086 0.16932604511963736
-2.2126598030438696 -3.749638316920323 4.045831161555003 181.0448969528079 628.3320981301367 480.94643580913544 231.10604935139418 3.162197149584703 3.6894538825194583 -1870.609111831895 -3.0255538656432255e-15 21.800949621508696 -4075.6910685830658 -1.1230508620146039e-18 0.004443290901472086 0.16932604511963736
-2.7223670546105714 -4.159171888988363 4.035536851994434 157.210681296885 638.1789580583572 484.32504028081894 220.42929834127426 3.162197149584703 3.6894538825194583 -1870.609111831895 -3.0255538656432255e-15 21.800949621508696 -4075.6910685830658 -1.1230508620146039e-18 0.004443290901472086 0.16932604511963736
-3.2281459265890855 -4.5579024171889 4.044792474829036 135.41258668899536 647.2245159298182 486.49899685382843 210.64594366028905 3.162197149584703 3.6894538825194583 -1870.609111831895 -3.0255538656432255e-15 21.800949621508696 -4075.6910685830658 -1.1230508620146039e-18 0.004443290901472086 0.16932604511963736
-3.715264995523731 -4.948776186213072 4.036174561820828 115.6556730568409 655.4778838455677 487.6367999613285 201.70334830507636 3.162197149584703 3.6894538825194583 -1870.609111831895 -3.0255538656432255e-15 21.800949621508696 -4075.6910685830658 -1.1230508620146039e-18 0.004443290901472086 0.16932604511963736
-4.1905989256938305 -5.3278648164726965 4.03916165960864 97.94127061218023 662.9491206109524 487.89959755539894 193.5505035109818 3.162197149584703 3.6894538825194583 -1870.609111831895 -3.0255538656432255e-15 21.800949621508696 -4075.6910685830658 -1.1230508620146039e-18 0.004443290901472086 0.16932604511963736
-4.660040286481652 -5.699096687555954 4.043286112709661 82.26697931438684 669.6492318343371 487.44119039177895 186.1380288042128 3.162197149584703 3.6894538825194583 -1870.609111831895 -3.0255538656432255e-15 21.800949621508696 -4075.6910685830658 -1.1230508620146039e-18 0.004443290901472086 0.16932604511963736
-5.122606982990156 -6.06443598925694 4.043893077972484 68.62666929513216 675.5901698321104 486.4080323576927 179.418171916157 3.162197149584703 3.6894538825194583 -1870.609111831895 -3.0255538656432255e-15 21.800949621508696 -4075.6910685830658 -1.1230508620146039e-18 0.004443290901472086 0.16932604511963736
-5.202156669650858 -6.196036705461058 3.685298012790433 57.01048065721989 680.7848336882889 484.93923069536686 173.3448088169098 3.162197149584703 3.6894538825194583 -1870.609111831895 -3.0255538656432255e-15 21.800949621508696 -4075.6910685830658 -1.1230508620146039e-18 0.004443290901472086 0.16932604511963736
-5.184478961504034 -6.200947179946286 1.841743177133291 47.40482348948717 685.247069247067 483.16654551029205 167.87344367429614 3.162197149584703 3.6894538825194583 -1870.609111831895 -3.0255538656432255e-15 21.800949621508696 -4075.6910685830658 -1.1230508620146039e-18 0.004443290901472086 0.16932604511963736
-5.140284691136984 -6.140057296329455 0.62783659381174 39.79237803816795 688.9916691016406 481.21439005434513 162.96120900660753 3.162197149584703 3.6894538825194583 -1870.609111831895 -3.0255538656432255e-15 21.800949621508696 -4075.6910685830658 -1.1230508620146039e-18 0.004443290901472086 0.16932604511963736
-5.0941262309758315 -6.055597135183529 0.5001610537477466 34.15209433436394 692.0343725904822 479.1998306810856 158.5668654590845 3.162197149584703 3.6894538825194583 -1870.609111831895 -3.0255538656432255e-15 21.800949621508696 -4075.6910685830658 -1.1230508620146039e-18 0.004443290901472086 0.16932604511963736
-5.053860340196955 -5.973101163831693 0.45407852309323027 30.45919269323349 694.3918658103794 477.23258708417416 154.65080196410418 3.162197149584703 3.6894538825194583 -1870.609111831895 -3.0255538656432255e-15 21.800949621508696 -4075.6910685830658 -1.1230508620146039e-18 0.004443290901472086 0.16932604511963736
-5.0204691136974064 -5.906318710832589 0.46364760900076263 28.685163214802742 696.0817816052586 475.4150317758322 151.17503571510315 3.162197149584703 3.6894538825194583 -1870.609111831895 -3.0255538656432255e-15 21.800949621508696 -4075.6910685830658 -1.1230508620146039e-18 0.004443290901472086 0.16932604511963736
-4.998863025962404 -5.854267681289168 0.39345063792890556 28.797766119241714 697.1226995699108 473.8421904742718 148.1032120846212 3.162197149584703 3.6894538825194583 -1870.609111831895 -3.0255538656432255e-15 21.800949621508696 -4075.6910685830658 -1.1230508620146039e-18 0.004443290901472086 0.16932604511963736
-4.98511369740376 -5.818912264995525 0.37089128881279726 30.761031679809093 697.534146072343 472.60174210369587 145.40060474723577 3.162197149584703 3.6894538825194583 -1870.609111831895 -3.0255538656432255e-15 21.800949621508696 -4075.6910685830658 -1.1230508620146039e-18 0.004443290901472086 0.16932604511963736
-4.977256938227392 -5.794359892569384 0.3097029445425222 34.53526012599468 697.336594203487 471.77401845157146 143.03411557525396 3.162197149584703 3.6894538825194583 -1870.609111831895 -3.0255538656432255e-15 21.800949621508696 -4075.6910685830658 -1.1230508620146039e-18 0.004443290901472086 0.16932604511963736
-4.9733285586392135 -5.777664279319607 0.23109066719569207 40.07702179253101 696.5514638200402 471.4320046752691 140.9722747132182 3.162197149584703 3.6894538825194583 -1870.609111831895 -3.0255538656432255e-15 21.800949621508696 -4075.6910685830658 -1.1230508620146039e-18 0.004443290901472086 0.16932604511963736
-4.975292748433308 -5.764897045658014 5.98468637559302 47.33915688097477 695.2011215481907 471.64133900403976 139.1852404922247 3.162197149584703 3.6894538825194583 -1870.609111831895 -3.0255538656432255e-15 21.800949621508696 -4075.6910685830658 -1.1230508620146039e-18 0.004443290901472086 0.16932604511963736
-4.975292748433308 -5.755076096687557 6.085789747329443 56.27077570557594 693.3088807277381 472.46031257510185 137.6447995454073 3.162197149584703 3.6894538825194583 -1870.609111831895 -3.0255538656432255e-15 21.800949621508696 -4075.6910685830658 -1.1230508620146039e-18 0.004443290901472086 0.16932604511963736
-4.977256938227397 -5.747219337511193 5.819537698178666 66.81725857406855 690.8990014735609 473.93986988067627 136.3243667036295 3.162197149584703 3.6894538825194583 -1870.609111831895 -3.0255538656432255e-15 21.800949621508696 -4075.6910685830658 -1.1230508620146039e-18 0.004443290901472086 0.16932604511963736
-4.979221128021487 -5.739362578334827 5.819537698179164 78.92025592178106 687.996690671891 476.1236083060503 135.1989850588143 3.162197149584703 3.6894538825194583 -1870.609111831895 -3.0255538656432255e-15 21.800949621508696 -4075.6910685830658 -1.1230508620146039e-18 0.004443290901472086 0.16932604511963736
-4.981185317815571 -5.730523724261416 5.864960977600686 92.51768802851439 684.628101926297 479.047778531909 134.2453259266913 3.181172979446202 3.7265460836925812 -1889.53729834899 0.044534367846550814 21.973926605985383 -4159.21285525063 1.8664864981789905e-05 0.004480873176777825 0.14828685131046332
-4.9831495076096655 -5.718738585496868 5.96143475278288 107.54374533891678 680.8203355967999 482.7412842512131 133.44168885424733 3.181172979446202 3.7265460836925812 -1889.53729834899 0.044534367846550814 21.973926605985383 -4159.21285525063 1.8664864981789905e-05 0.004480873176777825 0.14828685131046332
-4.985113697403751 -5.703025067144137 6.038206644052935 123.92888816446066 676.6014388240874 487.22568233311176 132.76800168305635 3.181172979446202 3.7265460836925812 -1889.53729834899 0.044534367846550814 21.973926605985383 -4159.21285525063 1.8664864981789905e-05 0.004480873176777825 0.14828685131046332
-4.987077887197844 -5.684365264100271 6.075689080744335 141.59984695911407 672.0004054810852 492.5151826441288 132.20582040399313 3.181172979446202 3.7265460836925812 -1889.53729834899 0.044534367846550814 21.973926605985383 -4159.21285525063 1.8664864981789905e-05 0.004480873176777825 0.14828685131046332
-4.989042076991934 -5.662759176365266 6.10333180738727 160.47962210327387 667.0471761915833 498.61664812266827 131.7383293285966 3.181172979446202 3.7265460836925812 -1889.53729834899 0.044534367846550814 21.973926605985383 -4159.21285525063 1.8664864981789905e-05 0.004480873176777825 0.14828685131046332
-4.991006266786024 -5.640170993733216 6.110994492656608 180.48748417943716 661.7726383302361 505.5295951217413 131.35034097358584 3.181172979446202 3.7265460836925812 -1889.53729834899 0.044534367846550814 21.973926605985383 -4159.21285525063 1.8664864981789905e-05 0.004480873176777825 0.14828685131046332
-4.692449418084148 -5.353399283795883 0.805529671527844 201.53897354751825 656.208626024425 513.2461928278208 131.0282960832119 3.181172979446202 3.7265460836925812 -1889.53729834899 0.044534367846550814 21.973926605985383 -4159.21285525063 1.8664864981789905e-05 0.004480873176777825 0.14828685131046332
-4.269166517457469 -4.845656222023278 0.6949284987548036 223.54590073227882 650.387920178473 521.7512636035681 130.7602636627853 3.181172979446202 3.7265460836925812 -1889.53729834899 0.044534367846550814 21.973926605985383 -4159.21285525063 1.8664864981789905e-05 0.004480873176777825 0.14828685131046332
-3.808564010743055 -4.215151298119966 0.6309231557810028 246.41634618490934 644.3442484103143 531.0222828090191 130.53594094887376 3.181172979446202 3.7265460836925812 -1889.53729834899 0.044534367846550814 21.973926605985383 -4159.21285525063 1.8664864981789905e-05 0.004480873176777825 0.14828685131046332
-3.340104744852278 -3.543398388540735 0.6089576196365062 270.05466045439243 638.1122851297259 541.0293791145086 130.34665340557694 3.181172979446202 3.7265460836925812 -1889.53729834899 0.044534367846550814 21.973926605985383 -4159.21285525063 1.8664864981789905e-05 0.004480873176777825 0.14828685131046332
-2.8853948075201408 -2.8765559534467333 0.5984645910519617 294.3614641427994 631.7276514545083 551.7353342473507 130.1853547990322 3.181172979446202 3.7265460836925812 -1889.53729834899 0.044534367846550814 21.973926605985383 -4159.21285525063 1.8664864981789905e-05 0.004480873176777825 0.14828685131046332
-2.441487914055505 -2.2391763652641004 0.6083435367442631 319.23364774137735 625.2269152961671 563.0955830067396 130.04662699252367 3.181172979446202 3.7265460836925812 -1889.53729834899 0.044534367846550814 21.973926605985383 -4159.21285525063 1.8664864981789905e-05 0.004480873176777825 0.14828685131046332
-2.0113303491495094 -1.6381342882721583 0.6211762697767862 344.5643717944622 618.647591277957 575.0582131743431 129.92668027430773 3.181172979446202 3.7265460836925812 -1889.53729834899 0.044534367846550814 21.973926605985383 -4159.21285525063 1.8664864981789905e-05 0.004480873176777825 0.14828685131046332
-1.5909937332139705 -1.0685192479856755 0.6357321197078346 370.24306693673134 612.0281408317387 587.5639660358429 129.82335299625993 3.181172979446202 3.7265460836925812 -1889.53729834899 0.044534367846550814 21.973926605985383 -4159.21285525063 1.8664864981789905e-05 0.004480873176777825 0.14828685131046332
-1.183424350940018 -0.5254207699194282 0.6437903769367993 396.155433781445 605.4079720731825 600.5462354421616 129.73611190915108 3.181172979446202 3.7265460836925812 -1889.53729834899 0.044534367846550814 21.973926605985383 -4159.21285525063 1.8664864981789905e-05 0.004480873176777825 0.14828685131046332
-0.7788012533572086 0.0019641897940906464 0.6544344792657923 422.18344300985336 598.8274399433285 613.9310687184334 129.66605186089873 3.181172979446202 3.7265460836925812 -1889.53729834899 0.044534367846550814 21.973926605985383 -4159.21285525063 1.8664864981789905e-05 0.004480873176777825 0.14828685131046332
-0.6776454789614996 0.25632676812891586 0.3785077122187571 448.20533516258 592.3278460502625 627.6371663063765 129.61589605361223 3.181172979446202 3.7265460836925812 -1889.53729834899 0.044534367846550814 21.973926605985383 -4159.21285525063 1.8664864981789905e-05 0.004480873176777825 0.14828685131046332
-0.7031799462846858 0.2867717099373315 5.58528248458455 474.0956209972501 585.9514388460666 641.5758815556765 129.58999582752585 3.181172979446202 3.7265460836925812 -1889.53729834899 0.044534367846550814 21.973926605985383 -4159.21285525063 1.8664864981789905e-05 0.004480873176777825 0.14828685131046332
-0.7817475380483385 0.20034735899731404 3.8794077137102603 499.72508113086224 579.7414134573191 655.6512210071087 129.5943308621645 3.181172979446202 3.7265460836925812 -1889.53729834899 0.044534367846550814 21.973926605985383 -4159.21285525063 1.8664864981789905e-05 0.004480873176777825 0.14828685131046332
-0.8779928379588103 0.07758549686660565 3.806501070999061 524.9607662782073 573.7419118192047 669.7598444372416 129.636508975178 3.181172979446202 3.7265460836925812 -1889.53729834899 0.044534367846550814 21.973926605985383 -4159.21285525063 1.8664864981789905e-05 0.004480873176777825 0.14828685131046332
-0.9663813786929195 -0.03437332139659691 3.809882072420388 549.6659971401095 567.9980225730687 683.7910645902157 129.72576631605625 3.181172979446202 3.7265460836925812 -1889.53729834899 0.044534367846550814 21.973926605985383 -4159.21285525063 1.8664864981789905e-05 0.004480873176777825 0.14828685131046332
-1.0498594449418048 -0.1129409131602518 3.9572845769060288 573.7003645300865 562.5557811502367 697.6268473416567 129.87296721339226 3.181172979446202 3.7265460836925812 -1889.53729834899 0.044534367846550814 21.973926605985383 -4159.21285525063 1.8664864981789905e-05 0.004480873176777825 0.14828685131046332
-1.1294091316025068 -0.15026051924798636 4.273736165002825 596.9197291508317 557.4621697384864 711.1418116539717 130.090604275465 3.181172979446202 3.7265460836925812 -1889.53729834899 0.044534367846550814 21.973926605985383 -4159.21285525063 1.8664864981789905e-05 0.004480873176777825 0.14828685131046332
-1.202084153983882 -0.15418889883616987 4.658387480008706 619.1762217134237 552.7651172149926 724.2032297700644 130.3927983082831 3.181172979446202 3.7265460836925812 -1889.53729834899 0.044534367846550814 21.973926605985383 -4159.21285525063 1.8664864981789905e-05 0.004480873176777825 0.14828685131046332
-1.2678845120859392 -0.1306186213070732 5.0563581001080715 640.318243123591 548.5134992934763 736.6710268110037 130.79529838263988 3.181172979446202 3.7265460836925812 -1889.53729834899 0.044534367846550814 21.973926605985383 -4159.21285525063 1.8664864981789905e-05 0.004480873176777825 0.14828685131046332
-1.3366311548791399 -0.08838854073411147 5.263246514916361 660.1904641166329 544.7571383770555 748.3977811336517 131.31548177823424 3.181172979446202 3.7265460836925812 -1889.53729834899 0.044534367846550814 21.973926605985383 -4159.21285525063 1.8664864981789905e-05 0.004480873176777825 0.14828685131046332
-1.40734198746643 -0.035355416293643915 5.355890089177974 678.6338255479932 541.5468036513776 759.2287240773439 131.9723540879786 3.181172979446202 3.7265460836925812 -1889.53729834899 0.044534367846550814 21.973926605985383 -4159.21285525063 1.8664864981789905e-05 0.004480873176777825 0.14828685131046332
-1.480999104744854 0.024552372426140334 5.395207291363836 695.4855382740498 538.9342110399157 769.0017403364182 132.78654908016324 3.181172979446202 3.7265460836925812 -1889.53729834899 0.044534367846550814 21.973926605985383 -4159.21285525063 1.8664864981789905e-05 0.004480873176777825 0.14828685131046332
-1.5418889883616833 0.08249597135183394 5.472998833744851 710.5790831148624 536.972023235634 777.5473674237728 133.78032874688506 3.181172979446202 3.7265460836925812 -1889.53729834899 0.044534367846550814 21.973926605985383 -4159.21285525063 1.8664864981789905e-05 0.004480873176777825 0.14828685131046332
-1.5959042076991898 0.1414216651745734 5.5412380391737095 723.7442109435797 535.7138496730477 784.6887962073088 134.97758339717984 3.181172979446202 3.7265460836925812 -1889.53729834899 0.044534367846550814 21.973926605985383 -4159.21285525063 1.8664864981789905e-05 0.004480873176777825 0.14828685131046332
-1.6469731423455625 0.20034735899731404 5.569094608567455 734.8069427087903 535.2142465338111 790.2418705075979 136.40383150428534 3.181172979446202 3.7265460836925812 -1889.53729834899 0.044534367846550814 21.973926605985383 -4159.21285525063 1.8664864981789905e-05 0.004480873176777825 0.14828685131046332
-1.695095792300805 0.2632014324082359 5.629758965998769 743.5895692929626 535.5287167578936 794.0150873959064 138.08621982485056 3.181172979446202 3.7265460836925812 -1889.53729834899 0.044534367846550814 21.973926605985383 -4159.21285525063 1.8664864981789905e-05 0.004480873176777825 0.14828685131046332
-1.739290062667864 0.32900179051029543 5.691746291041987 749.9106516391039 536.7137100379914 795.8095967918634 140.05352330580354 3.181172979446202 3.7265460836925812 -1889.53729834899 0.044534367846550814 21.973926605985383 -4159.21285525063 1.8664864981789905e-05 0.004480873176777825 0.14828685131046332
-1.7805380483437754 0.39971262309758104 5.755110858753282 753.5850207358599 538.8266228288412 795.4192021936178 142.33614520728588 3.181172979446202 3.7265460836925812 -1889.53729834899 0.044534367846550814 21.973926605985383 -4159.21285525063 1.8664864981789905e-05 0.004480873176777825 0.14828685131046332
-1.8158934646374227 0.469441360787823 5.813919779753785 754.4237774536014 541.9257983118296 792.6303595006466 144.96611696109176 3.181172979446202 3.7265460836925812 -1889.53729834899 0.044534367846550814 21.973926605985383 -4159.21285525063 1.8664864981789905e-05 0.004480873176777825 0.14828685131046332
-1.848302596239931 0.5381880035810201 5.8426549665630585 752.2342928349972 546.0705264378339 787.2221785187721 147.9770982824266 3.181172979446202 3.7265460836925812 -1889.53729834899 0.044534367846550814 21.973926605985383 -4159.21285525063 1.8664864981789905e-05 0.004480873176777825 0.14828685131046332
-1.8748191584601621 0.6059525514771704 5.910197585379547 746.8202079460025 551.3210439179093 778.9664215445518 151.40437709912658 3.181172979446202 3.7265460836925812 -1889.53729834899 0.044534367846550814 21.973926605985383 -4159.21285525063 1.8664864981789905e-05 0.004480873176777825 0.14828685131046332
-1.900353625783344 0.6727350044762747 5.917983857391481 737.9814337417483 557.7385342046618 767.6275043040514 155.2848696000874 3.181172979446202 3.7265460836925812 -1889.53729834899 0.044534367846550814 21.973926605985383 -4159.21285525063 1.8664864981789905e-05 0.004480873176777825 0.14828685131046332
-1.9258880931065345 0.7414816472694719 5.927549422878786 725.5141513124108 565.385127497837 752.962495431304 159.65712017938495 3.181172979446202 3.7265460836925812 -1889.53729834899 0.044534367846550814 21.973926605985383 -4159.21285525063 1.8664864981789905e-05 0.004480873176777825 0.14828685131046332
-1.9484762757385865 0.8102282900626668 5.965726571924927 709.2108115851879 574.3239007424563 734.7211169600487 164.56130151078105 3.181172979446202 3.7265460836925812 -1889.53729834899 0.044534367846550814 21.973926605985383 -4159.21285525063 1.8664864981789905e-05 0.004480873176777825 0.14828685131046332
-1.9710644583706385 0.8779928379588181 5.961434752782925 688.8601357713342 584.6188776940107 712.6457436531782 170.0392144843936 3.181172979446202 3.7265460836925812 -1889.53729834899 0.044534367846550814 21.973926605985383 -4159.21285525063 1.8664864981789905e-05 0.004480873176777825 0.14828685131046332
-1.9946347358997307 0.9388827215756482 5.91920635066999 664.2471149489284 596.335028750822 686.4714038074017 176.1342882514 3.181172979446202 3.7265460836925812 -1889.53729834899 0.044534367846550814 21.973926605985383 -4159.21285525063 1.8664864981789905e-05 0.004480873176777825 0.14828685131046332
-2.015258728737684 0.9958442256042971 5.941235480201963 635.153010211885 609.5382711924613 655.9257785230875 182.89158014580607 3.181172979446202 3.7265460836925812 -1889.53729834899 0.044534367846550814 21.973926605985383 -4159.21285525063 1.8664864981789905e-05 0.004480873176777825 0.14828685131046332
-2.038829006266785 1.0508415398388542 5.884662861513087 601.3553527370095 624.2954689376056 620.7292019575834 190.35777582973242 3.181172979446202 3.7265460836925812 -1889.53729834899 0.044534367846550814 21.973926605985383 -4159.21285525063 1.8664864981789905e-05 0.004480873176777825 0.14828685131046332
-2.076148612354522 1.106820948970457 5.703182532971889 562.6279435530305 640.6744327396154 580.5946616083384 198.5811891183257 3.181172979446202 3.7265460836925812 -1889.53729834899 0.044534367846550814 21.973926605985383 -4159.21285525063 1.8664864981789905e-05 0.004480873176777825 0.14828685131046332
