18 -3.3617108325872893 0.4448889883616838 3.729595257137424 -3.966681289167414 0.7188934646374222
-3.3617108325872893 0.4448889883616838 3.729595257137424 679.7502579819411 633.5836944840848 604.8751290440559 135.7389060407877 3.109088654142016 3.6118147525364064 -1815.249245661541 3.985129078664058e-16 21.33411945292274 -3941.3434695499736 1.4793230496591962e-19 0.004338516678828269 0.19848651746014181
-3.378406445837068 0.4242649955237236 3.822113878257054 678.110629491508 634.1133384741843 606.5394737422466 140.48606806993484 3.109088654142016 3.6118147525364064 -1815.249245661541 3.985129078664058e-16 21.33411945292274 -3941.3434695499736 1.4793230496591962e-19 0.004338516678828269 0.19848651746014181
-3.3951020590868515 0.4134619516562223 4.13808415021022 677.1575335096568 634.8360164910555 608.8929308950901 147.42569659650326 3.109088654142016 3.6118147525364064 -1815.249245661541 3.985129078664058e-16 21.33411945292274 -3941.3434695499736 1.4793230496591962e-19 0.004338516678828269 0.19848651746014181
-3.4157260519248096 0.40953357206803986 4.5241674750799215 676.8074819091707 635.7909958586097 611.767285913229 156.2450980246067 3.109088654142016 3.6118147525364064 -1815.249245661541 3.985129078664058e-16 21.33411945292274 -3941.3434695499736 1.4793230496591962e-19 0.004338516678828269 0.19848651746014181
-3.444206803939126 0.41247985675917526 4.815470588907364 676.9845002535731 637.001921068877 615.0167103782296 166.67313642799854 3.109088654142016 3.6118147525364064 -1815.249245661541 3.985129078664058e-16 21.33411945292274 -3941.3434695499736 1.4793230496591962e-19 0.004338516678828269 0.19848651746014181
-3.476615935541634 0.41935452103849535 4.9214119231909565 677.6201277878135 638.4768139049411 618.5177622064948 178.48023334145546 3.109088654142016 3.6118147525364064 -1815.249245661541 3.985129078664058e-16 21.33411945292274 -3941.3434695499736 1.4793230496591962e-19 0.004338516678828269 0.19848651746014181
-3.5188460161145994 0.4291754700089519 4.940885619676543 678.6534174587578 640.2080733403563 622.1693855971098 191.47836777567863 3.109088654142016 3.6118147525364064 -1815.249245661541 3.985129078664058e-16 21.33411945292274 -3941.3434695499736 1.4793230496591962e-19 0.004338516678828269 0.19848651746014181
-3.563040286481654 0.43997851387645326 4.952132089255127 680.0309359189123 642.1724755726755 625.892911054194 205.52107639610767 3.109088654142016 3.6118147525364064 -1815.249245661541 3.985129078664058e-16 21.33411945292274 -3941.3434695499736 1.4793230496591962e-19 0.004338516678828269 0.19848651746014181
-3.6141092211280306 0.45372784243509334 4.975383712065613 681.7067634928972 644.3311740681529 629.6320552751422 220.50345312058926 3.109088654142016 3.6118147525364064 -1815.249245661541 3.985129078664058e-16 21.33411945292274 -3941.3434695499736 1.4793230496591962e-19 0.004338516678828269 0.19848651746014181
-3.670088630259636 0.47140555058191475 5.0182678517895205 683.6424942165613 646.6296994946897 633.352921359241 236.3621496707201 3.109088654142016 3.6118147525364064 -1815.249245661541 3.985129078664058e-16 21.33411945292274 -3941.3434695499736 1.4793230496591962e-19 0.004338516678828269 0.19848651746014181
-3.724103849597143 0.4920295434198749 5.077123794649152 685.8072358313948 648.9979597963393 637.043998606503 253.07537499070168 3.109088654142016 3.6118147525364064 -1815.249245661541 3.985129078664058e-16 21.33411945292274 -3941.3434695499736 1.4793230496591962e-19 0.004338516678828269 0.19848651746014181
-3.780083258728743 0.5146177260519235 5.095916496341669 688.1776097230613 651.350240111351 640.7161625921726 270.6628959476948 3.109088654142016 3.6118147525364064 -1815.249245661541 3.985129078664058e-16 21.33411945292274 -3941.3434695499736 1.4793230496591962e-19 0.004338516678828269 0.19848651746014181
-3.8331163831692097 0.539170098478065 5.145970464336445 690.7377510368824 653.5852027982473 644.4026753082871 289.18603636324406 3.109088654142016 3.6118147525364064 -1815.249245661541 3.985129078664058e-16 21.33411945292274 -3941.3434695499736 1.4793230496591962e-19 0.004338516678828269 0.19848651746014181
-3.8773106535362643 0.566668755595344 5.268988298394923 693.4793085400015 655.5858874768019 648.1591847985983 308.74767804145813 3.109088654142016 3.6118147525364064 -1815.249245661541 3.985129078664058e-16 21.33411945292274 -3941.3434695499736 1.4793230496591962e-19 0.004338516678828269 0.19848651746014181
-3.9116839749328625 0.5941674127126221 5.387129922608234 696.4014447629452 657.2197110243142 652.0637255311012 329.49226009845734 3.109088654142016 3.6118147525364064 -1815.249245661541 3.985129078664058e-16 21.33411945292274 -3941.3434695499736 1.4793230496591962e-19 0.004338516678828269 0.19848651746014181
-3.937218442256049 0.6246123545210377 5.58528248458455 699.5108358841389 658.338467463851 656.2167183160782 351.6057791262865 3.109088654142016 3.6118147525364064 -1815.249245661541 3.985129078664058e-16 21.33411945292274 -3941.3434695499736 1.4793230496591962e-19 0.004338516678828269 0.19848651746014181
-3.9529319606087783 0.6550572963294533 5.806717887705906 702.8216718062758 658.7783281356096 660.7409700900316 375.3157894015312 3.109088654142016 3.6118147525364064 -1815.249245661541 3.985129078664058e-16 21.33411945292274 -3941.3434695499736 1.4793230496591962e-19 0.004338516678828269 0.19848651746014181
-3.9647170993733245 0.6864843330349147 5.924414636909068 706.3556560929865 658.3598415665329 665.7816742360592 400.89140252768993 3.109088654142016 3.6118147525364064 -1815.249245661541 3.985129078664058e-16 21.33411945292274 -3941.3434695499736 1.4793230496591962e-19 0.004338516678828269 0.19848651746014181
-3.966681289167414 0.7188934646374222 5.886202268978583 708.6316914486233 659.7445966543237 588.7147515597753 357.7730216549244 3.109088654142016 3.6118147525364064 -1815.249245661541 3.985129078664058e-16 21.33411945292274 -3941.3434695499736 1.4793230496591962e-19 0.004338516678828269 0.19848651746014181
-3.9666812891674184 0.7503205013428825 5.847989901048098 712.3918692707084 659.7336649155186 612.3627167642117 366.61840836214833 3.109088654142016 3.6118147525364064 -1815.249245661541 3.985129078664058e-16 21.33411945292274 -3941.3434695499736 1.4793230496591962e-19 0.004338516678828269 0.19848651746014181
-3.9666812891674184 0.7817475380483441 5.809777533117613 715.7449278396089 659.7171376998886 634.1917787473649 374.92105121235363 3.109088654142016 3.6118147525364064 -1815.249245661541 3.985129078664058e-16 21.33411945292274 -3941.3434695499736 1.4793230496591962e-19 0.004338516678828269 0.19848651746014181
-3.964717099373329 0.8121924798567597 5.771565165187127 718.7146435889881 659.6956604407969 654.2645926708356 382.6800648642238 3.109088654142016 3.6118147525364064 -1815.249245661541 3.985129078664058e-16 21.33411945292274 -3941.3434695499736 1.4793230496591962e-19 0.004338516678828269 0.19848651746014181
-3.964717099373329 0.8387090420769918 5.733352797256642 721.3241739799269 659.6698582924364 672.6429712809622 389.8951455927454 3.109088654142016 3.6118147525364064 -1815.249245661541 3.985129078664058e-16 21.33411945292274 -3941.3434695499736 1.4793230496591962e-19 0.004338516678828269 0.19848651746014181
-3.964717099373329 0.8612972247090426 5.695140429326156 723.5960575004574 659.6403361296616 689.3878848962486 396.5665712947957 3.109088654142016 3.6118147525364064 -1815.249245661541 3.985129078664058e-16 21.33411945292274 -3941.3434695499736 1.4793230496591962e-19 0.004338516678828269 0.19848651746014181
-3.964717099373329 0.8809391226499558 5.656928061395671 725.5522136727814 659.6076785480473 704.559461417608 402.69520148588344 3.109088654142016 3.6118147525364064 -1815.249245661541 3.985129078664058e-16 21.33411945292274 -3941.3434695499736 1.4793230496591962e-19 0.004338516678828269 0.19848651746014181
-3.9647170993733245 0.8966526410026865 5.618715693465186 727.213943046052 659.5724498639829 718.2169863181189 408.2824773013126 3.109088654142016 3.6118147525364064 -1815.249245661541 3.985129078664058e-16 21.33411945292274 -3941.3434695499736 1.4793230496591962e-19 0.004338516678828269 0.19848651746014181
-3.9647170993733245 0.9104019695613244 5.580503325534701 728.601927199401 659.5351941144836 730.4189026546665 413.3304214954842 3.109088654142016 3.6118147525364064 -1815.249245661541 3.985129078664058e-16 21.33411945292274 -3941.3434695499736 1.4793230496591962e-19 0.004338516678828269 0.19848651746014181
-3.966681289167414 0.9221871083258716 5.542290957604215 729.7362287417054 659.4964350573355 741.2228110544384 417.84163844329305 3.109088654142016 3.6118147525364064 -1815.249245661541 3.985129078664058e-16 21.33411945292274 -3941.3434695499736 1.4793230496591962e-19 0.004338516678828269 0.19848651746014181
-3.971591763652642 0.9310259623992823 5.50407858967373 730.6362913111225 659.4566761710375 750.6854697288945 421.81931413756683 3.109088654142016 3.6118147525364064 -1815.249245661541 3.985129078664058e-16 21.33411945292274 -3941.3434695499736 1.4793230496591962e-19 0.004338516678828269 0.19848651746014181
-3.973555953446732 0.9388827215756471 5.465866221743244 731.3209395764861 659.4164006548817 758.8627944597974 425.26721619302407 3.109088654142016 3.6118147525364064 -1815.249245661541 3.985129078664058e-16 21.33411945292274 -3941.3434695499736 1.4793230496591962e-19 0.004338516678828269 0.19848651746014181
-3.975520143240826 0.9437931960608754 5.427653853812759 731.8083792338148 659.376071428771 765.8098586136475 428.18969384091906 3.109088654142016 3.6118147525364064 -1815.249245661541 3.985129078664058e-16 21.33411945292274 -3941.3434695499736 1.4793230496591962e-19 0.004338516678828269 0.19848651746014181
-3.977484333034915 0.9457573858549672 5.389441485882274 732.1161970098037 659.3361311334156 771.5808931291103 430.591677934397 3.109088654142016 3.6118147525364064 -1815.249245661541 3.985129078664058e-16 21.33411945292274 -3941.3434695499736 1.4793230496591962e-19 0.004338516678828269 0.19848651746014181
-3.977484333034915 0.9487036705461048 5.351229117951789 732.2613606641535 659.2970021302608 776.2292865244672 432.47868094570003 3.109088654142016 3.6118147525364064 -1815.249245661541 3.985129078664058e-16 21.33411945292274 -3941.3434695499736 1.4793230496591962e-19 0.004338516678828269 0.19848651746014181
-3.977484333034915 0.9506678603401955 5.313016750021303 732.2602189811878 659.259086501479 779.8075848966837 433.8567969666328 3.109088654142016 3.6118147525364064 -1815.249245661541 3.985129078664058e-16 21.33411945292274 -3941.3434695499736 1.4793230496591962e-19 0.004338516678828269 0.19848651746014181
-3.974538048343781 0.9516499552372414 5.274804382090818 732.12850177777 659.2227660498538 782.367491917219 434.7327017073985 3.109088654142016 3.6118147525364064 -1815.249245661541 3.985129078664058e-16 21.33411945292274 -3941.3434695499736 1.4793230496591962e-19 0.004338516678828269 0.19848651746014181
-3.976502238137875 0.9496857654431508 5.236592014160332 731.8813198965508 659.1884022990416 783.9598688352853 435.1136524991598 3.109088654142016 3.6118147525364064 -1815.249245661541 3.985129078664058e-16 21.33411945292274 -3941.3434695499736 1.4793230496591962e-19 0.004338516678828269 0.19848651746014181
-3.976502238137875 0.9447752909579236 5.1983796462298475 731.5331652159803 659.15633649339 784.6347344815731 435.0074882917106 3.109088654142016 3.6118147525364064 -1815.249245661541 3.985129078664058e-16 21.33411945292274 -3941.3434695499736 1.4793230496591962e-19 0.004338516678828269 0.19848651746014181
-3.976502238137875 0.9369185317815576 5.160167278299362 731.0979106382001 659.1268895979229 784.4412652594037 434.422629655106 3.109088654142016 3.6118147525364064 -1815.249245661541 3.985129078664058e-16 21.33411945292274 -3941.3434695499736 1.4793230496591962e-19 0.004338516678828269 0.19848651746014181
-3.9765022381378703 0.9280796777081458 5.121954910368877 730.5888100978918 659.1003622984572 783.4277951512486 433.3680787780322 3.107352466035573 3.6150076196669505 -1815.355445840028 -1.6481405914796085e-15 21.368553645799093 -3952.277708291377 -6.117966276610482e-19 0.004348410235993714 0.1957282122553642
-3.9765022381378703 0.9182587287376892 5.083742542438391 730.0184985599481 659.0770350014864 781.6418157182634 431.8534194706008 3.107352466035573 3.6150076196669505 -1815.355445840028 -1.6481405914796085e-15 21.368553645799093 -3952.277708291377 -6.117966276610482e-19 0.004348410235993714 0.1957282122553642
-3.971591763652642 0.9104019695613232 5.045530174507906 729.3989920178428 659.0571678342822 779.1299760988913 429.88881716062315 3.107352466035573 3.6150076196669505 -1815.355445840028 -1.6481405914796085e-15 21.368553645799093 -3952.277708291377 -6.117966276610482e-19 0.004348410235993714 0.1957282122553642
-3.9647170993733245 0.9035273052820043 5.00731780657742 728.7416874922346 659.0410006447273 775.9380830060691 427.4850188968703 3.107352466035573 3.6150076196669505 -1815.355445840028 -1.6481405914796085e-15 21.368553645799093 -3952.277708291377 -6.117966276610482e-19 0.004348410235993714 0.1957282122553642
-3.9598066248880963 0.8946884512085936 4.9691054386469355 728.0573630367871 659.0287530016649 772.1111007337458 424.65335334511474 3.107352466035573 3.6150076196669505 -1815.355445840028 -1.6481405914796085e-15 21.368553645799093 -3952.277708291377 -6.117966276610482e-19 0.004348410235993714 0.1957282122553642
-3.950967770814689 0.8878137869292747 4.930893070716451 727.3561777344439 659.0206241943815 767.6931511503644 421.4057307927869 3.107352466035573 3.6150076196669505 -1815.355445840028 -1.6481405914796085e-15 21.368553645799093 -3952.277708291377 -6.117966276610482e-19 0.004348410235993714 0.1957282122553642
-3.9490035810205946 0.8809391226499547 4.892680702785965 726.64767169673 659.0167932331024 762.7275137053803 417.7546431471128 3.107352466035573 3.6150076196669505 -1815.355445840028 -1.6481405914796085e-15 21.368553645799093 -3952.277708291377 -6.117966276610482e-19 0.004348410235993714 0.1957282122553642
-3.9421289167412725 0.8779928379588181 4.854468334855479 725.9407660630532 659.0174188486199 757.2566254222766 413.7131639330182 3.107352466035573 3.6150076196669505 -1815.355445840028 -1.6481405914796085e-15 21.368553645799093 -3952.277708291377 -6.117966276610482e-19 0.004348410235993714 0.1957282122553642
-3.935254252461959 0.8779928379588181 4.816255966924994 725.243763006758 659.0226394926649 751.3220809055492 409.2949482987169 3.107352466035573 3.6150076196669505 -1815.355445840028 -1.6481405914796085e-15 21.368553645799093 -3952.277708291377 -6.117966276610482e-19 0.004348410235993714 0.1957282122553642
-3.9303437779767307 0.8819212175470005 4.778043598994509 724.564345725812 659.0325733374848 744.9646323304623 404.5142330073286 3.107352466035573 3.6150076196669505 -1815.355445840028 -1.6481405914796085e-15 21.368553645799093 -3952.277708291377 -6.117966276610482e-19 0.004348410235993714 0.1957282122553642
-3.9254333034915025 0.8878137869292747 4.739831231064024 723.9095784507226 659.0473182761707 738.2241894574836 399.3858364438638 3.107352466035573 3.6150076196669505 -1815.355445840028 -1.6481405914796085e-15 21.368553645799093 -3952.277708291377 -6.117966276610482e-19 0.004348410235993714 0.1957282122553642
-3.9116839749328625 0.8946884512085947 4.701618863133538 723.2859064422082 659.0669519224612 731.1398196225055 393.92515861289576 3.107352466035573 3.6150076196669505 -1815.355445840028 -1.6481405914796085e-15 21.368553645799093 -3952.277708291377 -6.117966276610482e-19 0.004348410235993714 0.1957282122553642
-3.897934646374218 0.8976347358997313 4.663406495203053 722.6991559900343 659.0915316109531 723.7497477349825 388.14818113693036 3.107352466035573 3.6150076196669505 -1815.355445840028 -1.6481405914796085e-15 21.368553645799093 -3952.277708291377 -6.117966276610482e-19 0.004348410235993714 0.1957282122553642
-3.8890957923008105 0.8956705461056395 4.625194127272568 722.1545344102196 659.1210943968035 716.0913562858477 382.0714672622271 3.107352466035573 3.6150076196669505 -1815.355445840028 -1.6481405914796085e-15 21.368553645799093 -3952.277708291377 -6.117966276610482e-19 0.004348410235993714 0.1957282122553642
-3.882221128021488 0.8907600716204113 4.586981759342082 721.6566300510895 659.1556570560642 708.2011853419244 375.7121618501842 3.107352466035573 3.6150076196669505 -1815.355445840028 -1.6481405914796085e-15 21.368553645799093 -3952.277708291377 -6.117966276610482e-19 0.004348410235993714 0.1957282122553642
-3.886149507609676 0.8819212175470005 4.548769391411597 721.2094122932758 659.1952160853907 700.1149325468577 369.0879913836252 3.107352466035573 3.6150076196669505 -1815.355445840028 -1.6481405914796085e-15 21.368553645799093 -3952.277708291377 -6.117966276610482e-19 0.004348410235993714 0.1957282122553642
-3.88811369740377 0.8711181736794981 4.510557023481112 720.8162315420341 659.2397477022096 691.8674531243742 362.21726396516897 3.107352466035573 3.6150076196669505 -1815.355445840028 -1.6481405914796085e-15 21.368553645799093 -3952.277708291377 -6.117966276610482e-19 0.004348410235993714 0.1957282122553642
-3.894988361683088 0.8583509400179049 4.472344655550627 720.4798192363232 659.2892078446603 683.4927598722279 355.1188693137374 3.107352466035573 3.6150076196669505 -1815.355445840028 -1.6481405914796085e-15 21.368553645799093 -3952.277708291377 -6.117966276610482e-19 0.004348410235993714 0.1957282122553642
-3.907755595344683 0.8446016114592648 4.434132287620141 720.2022878411226 659.3435321716752 675.024023167789 347.8122787736356 3.107352466035573 3.6150076196669505 -1815.355445840028 -1.6481405914796085e-15 21.368553645799093 -3952.277708291377 -6.117966276610482e-19 0.004348410235993714 0.1957282122553642
-3.921504923903319 0.8298701880035788 4.395919919689656 719.9851308502257 659.402636062805 666.4935709661804 340.31754530454054 3.107352466035573 3.6150076196669505 -1815.355445840028 -1.6481405914796085e-15 21.368553645799093 -3952.277708291377 -6.117966276610482e-19 0.004348410235993714 0.1957282122553642
-3.9372184422560443 0.815138764547894 4.357707551759171 719.8292227943894 659.4664146184296 657.932888796553 332.6553034868557 3.107352466035573 3.6150076196669505 -1815.355445840028 -1.6481405914796085e-15 21.368553645799093 -3952.277708291377 -6.117966276610482e-19 0.004348410235993714 0.1957282122553642
-3.9637350044762796 0.8004073410922102 4.3194951838286855 719.7348192261998 659.5347426595472 649.3726197713986 324.84676951845177 3.107352466035573 3.6150076196669505 -1815.355445840028 -1.6481405914796085e-15 21.368553645799093 -3952.277708291377 -6.117966276610482e-19 0.004348410235993714 0.1957282122553642
-3.9951620411817435 0.788622202327663 4.2812828158982 719.7015567310154 659.6074747279999 640.8425645753741 316.9137412214186 3.107352466035573 3.6150076196669505 -1815.355445840028 -1.6481405914796085e-15 21.368553645799093 -3952.277708291377 -6.117966276610482e-19 0.004348410235993714 0.1957282122553642
-4.0236427931960685 0.7827296329453888 4.243070447967715 719.7284529227763 659.6844450863282 632.3716814732179 308.8785980336834 3.107352466035573 3.6150076196669505 -1815.355445840028 -1.6481405914796085e-15 21.368553645799093 -3952.277708291377 -6.117966276610482e-19 0.004348410235993714 0.1957282122553642
-4.046230975828116 0.780765443151297 4.204858080037229 719.813906445168 659.7654677177197 623.98808630649 300.7643010120373 3.107352466035573 3.6150076196669505 -1815.355445840028 -1.6481405914796085e-15 21.368553645799093 -3952.277708291377 -6.117966276610482e-19 0.004348410235993714 0.1957282122553642
-4.06194449418085 0.7827296329453877 4.166645712106744 719.9556969739497 659.8503363261334 615.7190524931066 292.59439283725806 3.107352466035573 3.6150076196669505 -1815.355445840028 -1.6481405914796085e-15 21.368553645799093 -3952.277708291377 -6.117966276610482e-19 0.004348410235993714 0.1957282122553642
-4.07765801253358 0.788622202327663 4.128433344176258 720.1509852102026 659.9388243363792 607.5910110329278 284.3929978061933 3.107352466035573 3.6150076196669505 -1815.355445840028 -1.6481405914796085e-15 21.368553645799093 -3952.277708291377 -6.117966276610482e-19 0.004348410235993714 0.1957282122553642
-4.086496866606991 0.796478961504029 4.0902209762457735 720.3963128880132 660.0306848937616 599.6295504956506 276.1848218338564 3.107352466035573 3.6150076196669505 -1815.355445840028 -1.6481405914796085e-15 21.368553645799093 -3952.277708291377 -6.117966276610482e-19 0.004348410235993714 0.1957282122553642
-4.084532676812902 0.8043357206803926 4.052008608315288 720.6876027691178 660.1256508644947 591.8594170338474 267.995152460644 3.107352466035573 3.6150076196669505 -1815.355445840028 -1.6481405914796085e-15 21.368553645799093 -3952.277708291377 -6.117966276610482e-19 0.004348410235993714 0.1957282122553642
-4.07569382273949 0.8112103849597138 4.013796240384803 721.0201586443 660.2234348354759 584.3045143797062 259.84985883976333 3.107352466035573 3.6150076196669505 -1815.355445840028 -1.6481405914796085e-15 21.368553645799093 -3952.277708291377 -6.117966276610482e-19 0.004348410235993714 0.1957282122553642
-4.06194449418085 0.8190671441360786 3.9755838724543175 721.3886653380468 660.3237291142796 576.9879038329236 251.77539174747653 3.107352466035573 3.6150076196669505 -1815.355445840028 -1.6481405914796085e-15 21.368553645799093 -3952.277708291377 -6.117966276610482e-19 0.004348410235993714 0.1957282122553642
-4.049177260519254 0.8269239033124446 3.937371504523832 721.7871886983048 660.4262057293017 569.9318042844534 243.79878357844427 3.107352466035573 3.6150076196669505 -1815.355445840028 -1.6481405914796085e-15 21.368553645799093 -3952.277708291377 -6.117966276610482e-19 0.004348410235993714 0.1957282122553642
-4.031499552372435 0.8357627573858553 3.899159136593347 722.2091756083537 660.530516429506 563.1575921908952 235.9476483494509 3.107352466035573 3.6150076196669505 -1815.355445840028 -1.6481405914796085e-15 21.368553645799093 -3952.277708291377 -6.117966276610482e-19 0.004348410235993714 0.1957282122553642
-4.013821844225612 0.844601611459267 3.8609467686628616 722.6474539763294 660.6362926847432 556.6858015907928 228.25018169358373 3.107352466035573 3.6150076196669505 -1815.355445840028 -1.6481405914796085e-15 21.368553645799093 -3952.277708291377 -6.117966276610482e-19 0.004348410235993714 0.1957282122553642
-3.998108325872878 0.8554046553267673 3.8227344007323762 723.094232742209 660.7431456855484 550.5361241027713 220.73516086535528 3.107352466035573 3.6150076196669505 -1815.355445840028 -1.6481405914796085e-15 21.368553645799093 -3952.277708291377 -6.117966276610482e-19 0.004348410235993714 0.1957282122553642
-3.982394807520148 0.8662076991942709 3.784522032801891 723.5411018773448 660.8506663431399 544.7274089180864 213.4319447381422 3.107352466035573 3.6150076196669505 -1815.355445840028 -1.6481405914796085e-15 21.368553645799093 -3952.277708291377 -6.117966276610482e-19 0.004348410235993714 0.1957282122553642
-3.9647170993733245 0.8770107430617722 3.7463096648714056 723.9790323798079 660.9584252894783 539.2776628090069 206.37047380348668 3.107352466035573 3.6150076196669505 -1815.355445840028 -1.6481405914796085e-15 21.368553645799093 -3952.277708291377 -6.117966276610482e-19 0.004348410235993714 0.1957282122553642
-3.94900358102059 0.8878137869292747 3.7080972969409203 724.3983762769494 661.0659728773317 534.2040501236916 199.58127017668448 3.107352466035573 3.6150076196669505 -1815.355445840028 -1.6481405914796085e-15 21.368553645799093 -3952.277708291377 -6.117966276610482e-19 0.004348410235993714 0.1957282122553642
-3.940164726947183 0.8986168307967782 3.669884929010435 724.7888666279614 661.1728391800789 529.5228927871212 193.095437588403 3.107352466035573 3.6150076196669505 -1815.355445840028 -1.6481405914796085e-15 21.368553645799093 -3952.277708291377 -6.117966276610482e-19 0.004348410235993714 0.1957282122553642
-3.937218442256049 0.9094198746642796 3.6316725610799496 725.139617519686 661.2785339918482 525.249670304358 186.94466138933785 3.107352466035573 3.6150076196669505 -1815.355445840028 -1.6481405914796085e-15 21.368553645799093 -3952.277708291377 -6.117966276610482e-19 0.004348410235993714 0.1957282122553642
-3.937218442256049 0.9192408236347362 3.5934601931494647 725.4391240724362 661.3825468276118 521.3990197554231 181.16120855417103 3.107352466035573 3.6150076196669505 -1815.355445840028 -1.6481405914796085e-15 21.368553645799093 -3952.277708291377 -6.117966276610482e-19 0.004348410235993714 0.1957282122553642
-3.937218442256049 0.9270975828111032 3.555247825218979 725.6752624285873 661.4843469229018 517.984735797625 175.7779276687652 3.107352466035573 3.6150076196669505 -1815.355445840028 -1.6481405914796085e-15 21.368553645799093 -3952.277708291377 -6.117966276610482e-19 0.004348410235993714 0.1957282122553642
-3.942128916741277 0.9329901521933763 3.517035457288494 725.8352897681762 661.5833832341596 515.0197706683539 170.82824894739315 3.107352466035573 3.6150076196669505 -1815.355445840028 -1.6481405914796085e-15 21.368553645799093 -3952.277708291377 -6.117966276610482e-19 0.004348410235993714 0.1957282122553642
-3.9470393912265007 0.9359364368845128 3.4788230893580083 725.9058442958631 661.6790844383067 512.5162341799587 166.34618421737105 3.107352466035573 3.6150076196669505 -1815.355445840028 -1.6481405914796085e-15 21.368553645799093 -3952.277708291377 -6.117966276610482e-19 0.004348410235993714 0.1957282122553642
-3.953914055505823 0.9349543419874659 3.440610721427523 725.8729452465195 661.7708589332324 510.485393720679 162.36632693046704 3.107352466035573 3.6150076196669505 -1815.355445840028 -1.6481405914796085e-15 21.368553645799093 -3952.277708291377 -6.117966276610482e-19 0.004348410235993714 0.1957282122553642
-3.9607887197851452 0.9310259623992834 3.402398353497038 725.7219928868581 661.8580948374511 508.9376742639579 158.92385215545073 3.107352466035573 3.6150076196669505 -1815.355445840028 -1.6481405914796085e-15 21.368553645799093 -3952.277708291377 -6.117966276610482e-19 0.004348410235993714 0.1957282122553642
-3.9676633840644677 0.9231692032229197 3.3641859855665524 725.43776851031 661.9401599902048 507.8826583502814 156.0545165776275 3.107352466035573 3.6150076196669505 -1815.355445840028 -1.6481405914796085e-15 21.368553645799093 -3952.277708291377 -6.117966276610482e-19 0.004348410235993714 0.1957282122553642
-3.9765022381378796 0.9113840644583714 3.3259736176360675 725.004434441682 662.016401951405 507.3290861044079 153.79465850861743 3.107352466035573 3.6150076196669505 -1815.355445840028 -1.6481405914796085e-15 21.368553645799093 -3952.277708291377 -6.117966276610482e-19 0.004348410235993714 0.1957282122553642
-3.9902515666965153 0.8976347358997313 3.2877612497055817 724.4055340369232 662.0861480018648 507.28485522791743 152.18119787354954 3.107352466035573 3.6150076196669505 -1815.355445840028 -1.6481405914796085e-15 21.368553645799093 -3952.277708291377 -6.117966276610482e-19 0.004348410235993714 0.1957282122553642
-4.007929274843335 0.8809391226499547 3.249548881775097 723.6239916745108 662.1487051430158 507.7570209959522 151.25163622223772 3.107352466035573 3.6150076196669505 -1815.355445840028 -1.6481405914796085e-15 21.368553645799093 -3952.277708291377 -6.117966276610482e-19 0.004348410235993714 0.1957282122553642
-4.025606982990153 0.8603151298119968 3.2113365138446115 722.6421127729118 662.2033600968862 508.7517962655984 151.0440567189362 3.107352466035573 3.6150076196669505 -1815.355445840028 -1.6481405914796085e-15 21.368553645799093 -3952.277708291377 -6.117966276610482e-19 0.004348410235993714 0.1957282122553642
-4.038374216651749 0.8377269471799459 3.173124145914126 721.4415837724227 662.2493793065078 510.274551470764 151.59712415165268 3.107352466035573 3.6150076196669505 -1815.355445840028 -1.6481405914796085e-15 21.368553645799093 -3952.277708291377 -6.117966276610482e-19 0.004348410235993714 0.1957282122553642
-4.051141450313344 0.8112103849597126 3.134911777983641 720.0034721451811 662.2860089353999 512.329814618919 152.9500849249307 3.107352466035573 3.6150076196669505 -1815.355445840028 -1.6481405914796085e-15 21.368553645799093 -3952.277708291377 -6.117966276610482e-19 0.004348410235993714 0.1957282122553642
-4.059980304386756 0.7837117278424347 3.096699410053155 718.3082263933029 662.3124748679547 514.9212712994777 155.14276706660166 3.107352466035573 3.6150076196669505 -1815.355445840028 -1.6481405914796085e-15 21.368553645799093 -3952.277708291377 -6.117966276610482e-19 0.004348410235993714 0.1957282122553642
-4.066854968666074 0.7552309758281108 3.05848704212267 716.3356760470197 662.3279827092701 518.05176467821 158.21558021730743 3.107352466035573 3.6150076196669505 -1815.355445840028 -1.6481405914796085e-15 21.368553645799093 -3952.277708291377 -6.117966276610482e-19 0.004348410235993714 0.1957282122553642
-4.068819158460168 0.7247860340196952 3.020274674192185 714.0650316681713 662.3317177850113 521.7232954939827 162.20951564540155 3.107352466035573 3.6150076196669505 -1815.355445840028 -1.6481405914796085e-15 21.368553645799093 -3952.277708291377 -6.117966276610482e-19 0.004348410235993714 0.1957282122553642
-4.075693822739486 0.6953231871083244 2.9820623062616995 711.4748848483432 662.3228451418472 525.9370220741257 167.16614623228088 3.107352466035573 3.6150076196669505 -1815.355445840028 -1.6481405914796085e-15 21.368553645799093 -3952.277708291377 -6.117966276610482e-19 0.004348410235993714 0.1957282122553642
-4.077658012533575 0.6648782452999087 2.9438499383312142 708.5432082077023 662.3005095469634 530.6932603064924 173.12762648472562 3.107352466035573 3.6150076196669505 -1815.355445840028 -1.6481405914796085e-15 21.368553645799093 -3952.277708291377 -6.117966276610482e-19 0.004348410235993714 0.1957282122553642
-4.074711727842437 0.6334512085944484 2.905637570400729 705.2473553949967 662.2638354883311 535.9914836743847 180.136692521628 3.107352466035573 3.6150076196669505 -1815.355445840028 -1.6481405914796085e-15 21.368553645799093 -3952.277708291377 -6.117966276610482e-19 0.004348410235993714 0.1957282122553642
-4.065872873769029 0.6020241718889868 2.8674252024702436 701.5640610875562 662.2119271746851 541.8303232253529 188.23666208866052 3.107352466035573 3.6150076196669505 -1815.355445840028 -1.6481405914796085e-15 21.368553645799093 -3952.277708291377 -6.117966276610482e-19 0.004348410235993714 0.1957282122553642
-4.053105640107433 0.5705971351835254 2.7557099841916757 697.4694409999065 662.1438685354515 548.2075675907545 197.47143454640172 3.107352466035573 3.6150076196669505 -1815.355445840028 -1.6481405914796085e-15 21.368553645799093 -3952.277708291377 -6.117966276610482e-19 0.004348410235993714 0.1957282122553642
-4.033463742166525 0.5391700984780661 2.5829933382463075 692.938991863979 662.0587232207763 555.1201629787683 207.8854908782523 3.107352466035573 3.6150076196669505 -1815.355445840028 -1.6481405914796085e-15 21.368553645799093 -3952.277708291377 -6.117966276610482e-19 0.004348410235993714 0.1957282122553642
-4.011857654431527 0.5077430617726045 2.539305307454971 687.9475914512295 661.9555346015841 562.5642131716013 219.5238936834503 3.107352466035573 3.6150076196669505 -1815.355445840028 -1.6481405914796085e-15 21.368553645799093 -3952.277708291377 -6.117966276610482e-19 0.004348410235993714 0.1957282122553642
-3.9912336615935597 0.4753339301700972 2.57486343606612 682.4694985586684 661.8333257694467 570.5349795329385 232.43228718452156 3.107352466035573 3.6150076196669505 -1815.355445840028 -1.6481405914796085e-15 21.368553645799093 -3952.277708291377 -6.117966276610482e-19 0.004348410235993714 0.1957282122553642
-3.9666812891674184 0.44194270367054617 2.507569933926352 676.4783530142158 661.6910995367361 579.0268810023554 246.65689722145908 3.107352466035573 3.6150076196669505 -1815.355445840028 -1.6481405914796085e-15 21.368553645799093 -3952.277708291377 -6.117966276610482e-19 0.004348410235993714 0.1957282122553642
-3.944093106535371 0.408551477170994 2.5468333961064924 669.9471756746061 661.527838436552 588.0334940971807 262.2445312552154 3.107352466035573 3.6150076196669505 -1815.355445840028 -1.6481405914796085e-15 21.368553645799093 -3952.277708291377 -6.117966276610482e-19 0.004348410235993714 0.1957282122553642
-3.912666069829912 0.37319606087734897 2.4149503129081147 662.8483684244566 661.3425047226119 597.5475529143587 279.24257836374454 3.107352466035573 3.6150076196669505 -1815.355445840028 -1.6481405914796085e-15 21.368553645799093 -3952.277708291377 -6.117966276610482e-19 0.004348410235993714 0.1957282122553642
