34 0.19445478961503762 -1.4652855863921224 3.1418618156937757 0.17579498657116924 -2.1340922112802168
0.19445478961503762 -1.4652855863921224 3.1418618156937757 523.6781715005636 507.8401964902878 715.7991196364164 244.47574430704117 3.167701931310268 3.695918139407237 -1881.6846868534901 -2.720988661789192e-15 21.81571130158007 -4102.189289852283 -1.0099921169072857e-18 0.004447535085586435 0.16369305854292684
0.1875801253357198 -1.46823187108326 3.039920765056726 523.1300051212311 509.7630978822708 711.6427327096462 248.39186257123947 3.167701931310268 3.695918139407237 -1881.6846868534901 -2.720988661789192e-15 21.81571130158007 -4102.189289852283 -1.0099921169072857e-18 0.004447535085586435 0.16369305854292684
0.17677708146821847 -1.473142345568487 2.9379797144196766 522.7256871312857 511.01821176707745 707.0698212832212 254.7686369419098 3.167701931310268 3.695918139407237 -1881.6846868534901 -2.720988661789192e-15 21.81571130158007 -4102.189289852283 -1.0099921169072857e-18 0.004447535085586435 0.16369305854292684
0.15811727842435006 -1.47510653536258 2.8360386637826265 522.395510584116 511.69924226403236 702.1570332050323 263.12543588876724 3.167701931310268 3.695918139407237 -1881.6846868534901 -2.720988661789192e-15 21.81571130158007 -4102.189289852283 -1.0099921169072857e-18 0.004447535085586435 0.16369305854292684
0.14731423455684425 -1.4800170098478083 2.7340976131455768 522.0764959454536 511.8944889008999 696.9753969311714 273.01788008213043 3.167701931310268 3.695918139407237 -1881.6846868534901 -2.720988661789192e-15 21.81571130158007 -4102.189289852283 -1.0099921169072857e-18 0.004447535085586435 0.16369305854292684
0.15124261414502777 -1.4868916741271272 2.632156562508527 521.7123907804489 511.6868471354246 691.5903215557337 284.0378397703171 3.167701931310268 3.695918139407237 -1881.6846868534901 -2.720988661789192e-15 21.81571130158007 -4102.189289852283 -1.0099921169072857e-18 0.004447535085586435 0.16369305854292684
0.15909937332139035 -1.4947484333034922 2.530215511871477 521.2536700814962 511.15380796790123 686.061597019434 295.81343710422516 3.167701931310268 3.695918139407237 -1881.6846868534901 -2.720988661789192e-15 21.81571130158007 -4102.189289852283 -1.0099921169072857e-18 0.004447535085586435 0.16369305854292684
0.17383079677707075 -1.5065335720680415 2.428274461234427 520.6575358957052 510.3674582540989 680.4433936476707 308.0090454220772 3.167701931310268 3.695918139407237 -1881.6846868534901 -2.720988661789192e-15 21.81571130158007 -4102.189289852283 -1.0099921169072857e-18 0.004447535085586435 0.16369305854292684
0.19249059982093916 -1.5212649955237263 2.3263334105973774 519.8879176676273 509.3944802582264 674.7842627465725 320.32528871297836 3.167701931310268 3.695918139407237 -1881.6846868534901 -2.720988661789192e-15 21.81571130158007 -4102.189289852283 -1.0099921169072857e-18 0.004447535085586435 0.16369305854292684
0.21409668755594186 -1.5369785138764571 2.2243923599603272 518.9154721498489 508.29615220427513 669.1271360516548 332.49904185533524 3.167701931310268 3.695918139407237 -1881.6846868534901 -2.720988661789192e-15 21.81571130158007 -4102.189289852283 -1.0099921169072857e-18 0.004447535085586435 0.16369305854292684
0.239631154879137 -1.5526920322291868 2.1224513093232775 517.717583283782 507.1283478587866 663.5093261152506 344.3034310936928 3.167701931310268 3.695918139407237 -1881.6846868534901 -2.720988661789192e-15 21.81571130158007 -4102.189289852283 -1.0099921169072857e-18 0.004447535085586435 0.16369305854292684
0.272040286481641 -1.5693876454789635 2.0464915456499333 516.278362184763 505.9415368139744 657.9625260680914 355.5478338599205 3.167701931310268 3.695918139407237 -1881.6846868534901 -2.720988661789192e-15 21.81571130158007 -4102.189289852283 -1.0099921169072857e-18 0.004447535085586435 0.16369305854292684
0.3240913160250627 -1.5890295434198756 1.931633109827957 514.5886473655701 504.7807842195034 652.5128097385168 366.0778778195381 3.167701931310268 3.695918139407237 -1881.6846868534901 -2.720988661789192e-15 21.81571130158007 -4102.189289852283 -1.0099921169072857e-18 0.004447535085586435 0.16369305854292684
0.3869453894359857 -1.613581915846017 1.943194773471646 512.6460045576096 503.68575102090836 647.1806316524744 375.7754428386688 3.167701931310268 3.695918139407237 -1881.6846868534901 -2.720988661789192e-15 21.81571130158007 -4102.189289852283 -1.0099921169072857e-18 0.004447535085586435 0.16369305854292684
0.4458710832587252 -1.6430447627573868 2.0344439357957027 510.4547266960144 502.69069378077984 641.9808269292116 384.55865877866745 3.167701931310268 3.695918139407237 -1881.6846868534901 -2.720988661789192e-15 21.81571130158007 -4102.189289852283 -1.0099921169072857e-18 0.004447535085586435 0.16369305854292684
0.4939937332139589 -1.675453894359893 2.1634937315299876 508.0258340984583 501.82446470856667 636.9226115345955 392.38190722465515 3.167701931310268 3.695918139407237 -1881.6846868534901 -2.720988661789192e-15 21.81571130158007 -4102.189289852283 -1.0099921169072857e-18 0.004447535085586435 0.16369305854292684
0.53425962399283 -1.715719785138765 2.3561944901923586 505.377074226737 501.11051185429096 632.0095818787813 399.2358204126358 3.167701931310268 3.695918139407237 -1881.6846868534901 -2.720988661789192e-15 21.81571130158007 -4102.189289852283 -1.0099921169072857e-18 0.004447535085586435 0.16369305854292684
0.5607761862130655 -1.7599140555058208 2.6011731533191758 502.53292176127434 500.5668788552284 627.2397151887417 405.14728170633316 3.167701931310268 3.695918139407237 -1881.6846868534901 -2.720988661789192e-15 21.81571130158007 -4102.189289852283 -1.0099921169072857e-18 0.004447535085586435 0.16369305854292684
0.5715792300805668 -1.8060725156669672 2.911688225457909 499.52457892894745 500.2062051296234 622.6053692996502 410.17942547798157 3.167701931310268 3.695918139407237 -1881.6846868534901 -2.720988661789192e-15 21.81571130158007 -4102.189289852283 -1.0099921169072857e-18 0.004447535085586435 0.16369305854292684
0.578453894359889 -1.8522309758281126 2.993743288330979 496.3899748623371 500.0357255488634 618.0932828038931 414.4316374063492 3.167701931310268 3.695918139407237 -1881.6846868534901 -2.720988661789192e-15 21.81571130158007 -4102.189289852283 -1.0099921169072857e-18 0.004447535085586435 0.16369305854292684
0.578453894359889 -1.8974073410922119 3.141592653589793 493.17376616597176 500.05727107822895 613.6845748126507 418.0395538210869 3.167701931310268 3.695918139407237 -1881.6846868534901 -2.720988661789192e-15 21.81571130158007 -4102.189289852283 -1.0099921169072857e-18 0.004447535085586435 0.16369305854292684
0.5676508504923833 -1.9435658012533583 3.371497081721769 489.92733654379845 500.2672680616379 609.3547452092171 421.1750622391701 3.167701931310268 3.695918139407237 -1881.6846868534901 -2.720988661789192e-15 21.81571130158007 -4102.189289852283 -1.0099921169072857e-18 0.004447535085586435 0.16369305854292684
0.5372059086839687 -1.9848137869292752 3.777431077113532 486.7087971419096 500.6567384302616 605.0736744999886 424.0463013648987 3.167701931310268 3.695918139407237 -1881.6846868534901 -2.720988661789192e-15 21.81571130158007 -4102.189289852283 -1.0099921169072857e-18 0.004447535085586435 0.16369305854292684
0.4998863025962319 -2.0231154879140556 3.9140045340670957 483.5829863399267 501.2113003283739 600.8056239485741 426.8976604938507 3.167701931310268 3.695918139407237 -1881.6846868534901 -2.720988661789192e-15 21.81571130158007 -4102.189289852283 -1.0099921169072857e-18 0.004447535085586435 0.16369305854292684
0.4664950760966787 -2.057488809310654 3.9124990779217548 480.62146957218647 501.9111669957638 596.5092354416847 430.0097808241844 3.167701931310268 3.695918139407237 -1881.6846868534901 -2.720988661789192e-15 21.81571130158007 -4102.189289852283 -1.0099921169072857e-18 0.004447535085586435 0.16369305854292684
0.42524709042076725 -2.0859695613249785 4.108083473518374 477.902539819479 502.7311477214098 592.1375314593315 433.6995535492897 3.167701931310268 3.695918139407237 -1881.6846868534901 -2.720988661789192e-15 21.81571130158007 -4102.189289852283 -1.0099921169072857e-18 0.004447535085586435 0.16369305854292684
0.3810528200537082 -2.104629364368846 4.312873486385356 475.5112170577049 503.6406474262476 587.6379152238369 438.3201217055321 3.167701931310268 3.695918139407237 -1881.6846868534901 -2.720988661789192e-15 21.81571130158007 -4102.189289852283 -1.0099921169072857e-18 0.004447535085586435 0.16369305854292684
0.3437332139659759 -2.1154324082363485 4.430617113111313 473.5392487794161 504.60366666316986 582.9521705955267 444.2608788013458 3.167701931310268 3.695918139407237 -1881.6846868534901 -2.720988661789192e-15 21.81571130158007 -4102.189289852283 -1.0099921169072857e-18 0.004447535085586435 0.16369305854292684
0.3181987466427852 -2.1213249776186216 4.485590132330867 472.08510959148407 505.5788017362356 578.0164622366428 451.947469830513 3.167701931310268 3.695918139407237 -1881.6846868534901 -2.720988661789192e-15 21.81571130158007 -4102.189289852283 -1.0099921169072857e-18 0.004447535085586435 0.16369305854292684
0.3034673231871048 -2.1262354521038507 4.390638425987889 471.25400127470493 506.51924446225166 572.7613352835178 461.841790497303 3.167701931310268 3.695918139407237 -1881.6846868534901 -2.720988661789192e-15 21.81571130158007 -4102.189289852283 -1.0099921169072857e-18 0.004447535085586435 0.16369305854292684
0.2887358997314199 -2.1311459265890793 4.3906384259880475 471.1578530520201 507.3727826923132 567.1117156594992 474.44198775291443 3.167701931310268 3.695918139407237 -1881.6846868534901 -2.720988661789192e-15 21.81571130158007 -4102.189289852283 -1.0099921169072857e-18 0.004447535085586435 0.16369305854292684
0.2671298119964127 -2.134092211280216 4.576861266399225 471.9153213799 508.0817996263504 560.9869098365307 490.2824591398239 3.167701931310268 3.695918139407237 -1881.6846868534901 -2.720988661789192e-15 21.81571130158007 -4102.189289852283 -1.0099921169072857e-18 0.004447535085586435 0.16369305854292684
0.24159534467322205 -2.1350743061772617 4.673946390363499 473.6517898887396 508.5832744091749 554.3006052672863 509.9338539838791 3.167701931310268 3.695918139407237 -1881.6846868534901 -2.720988661789192e-15 21.81571130158007 -4102.189289852283 -1.0099921169072857e-18 0.004447535085586435 0.16369305854292684
0.21311459265890156 -2.1360564010743075 4.677919879385169 476.4993693679571 508.80878172814846 546.9608695805073 534.003072142601 3.167701931310268 3.695918139407237 -1881.6846868534901 -2.720988661789192e-15 21.81571130158007 -4102.189289852283 -1.0099921169072857e-18 0.004447535085586435 0.16369305854292684
0.17579498657116924 -2.1340922112802168 4.737383774003587 471.86686109006405 510.63968601822853 503.57360219955444 507.83448255062103 3.167701931310268 3.695918139407237 -1881.6846868534901 -2.720988661789192e-15 21.81571130158007 -4102.189289852283 -1.0099921169072857e-18 0.004447535085586435 0.16369305854292684
0.15026051924798747 -2.1331101163831696 4.7123889803847305 471.11412524059415 510.55978710204363 476.2110233306885 474.3403831720352 3.167701931310268 3.695918139407237 -1881.6846868534901 -2.720988661789192e-15 21.81571130158007 -4102.189289852283 -1.0099921169072857e-18 0.004447535085586435 0.16369305854292684
0.13160071620412353 -2.1350743061772604 4.570491925780541 470.3534780293703 510.8337111249566 464.1146306991577 446.20981097221375 3.167701931310268 3.695918139407237 -1881.6846868534901 -2.720988661789192e-15 21.81571130158007 -4102.189289852283 -1.0099921169072857e-18 0.004447535085586435 0.16369305854292684
0.12079767233661773 -2.1399847806624885 4.279981204814191 469.6034343019128 511.4120679721236 464.61216020584106 422.7498859167099 3.167701931310268 3.695918139407237 -1881.6846868534901 -2.720988661789192e-15 21.81571130158007 -4102.189289852283 -1.0099921169072857e-18 0.004447535085586435 0.16369305854292684
0.09919158460161503 -2.145877350044764 4.4285948711763545 468.88055673614144 512.2484926208854 475.2194890975952 403.3113543987274 3.1880185966373586 3.689920483020989 -1890.7776554446207 0.04442421184862864 21.836567109842207 -4137.439748063259 1.8618697338067363e-05 0.004441401476258879 0.15488386844913646
0.05990778871978425 -2.152752014324083 4.524167475079941 468.19945584237576 513.2996451631188 493.6406145095825 387.2885899543762 3.1880185966373586 3.689920483020989 -1890.7776554446207 0.04442421184862864 21.836567109842207 -4137.439748063259 1.8618697338067363e-05 0.004441401476258879 0.15488386844913646
0.009820948970456581 -2.1566803939122665 4.618327745756707 467.57278985902667 514.5252106785774 517.7676630020142 374.11959433555603 3.1880185966373586 3.689920483020989 -1890.7776554446207 0.04442421184862864 21.836567109842207 -4137.439748063259 1.8618697338067363e-05 0.004441401476258879 0.15488386844913646
-0.03731960608773233 -2.1576624888093114 4.672410293261409 467.01126493886113 515.8878994509578 545.6808905601501 363.285995721817 3.1880185966373586 3.689920483020989 -1890.7776554446207 0.04442421184862864 21.836567109842207 -4137.439748063259 1.8618697338067363e-05 0.004441401476258879 0.15488386844913646
-0.08347806624888093 -2.159626678603403 4.651240817735376 466.52363492920995 517.353446803987 575.6486859321594 354.313050866127 3.1880185966373586 3.689920483020989 -1890.7776554446207 0.04442421184862864 21.836567109842207 -4137.439748063259 1.8618697338067363e-05 0.004441401476258879 0.15488386844913646
-0.12963652641002507 -2.159626678603403 4.691983649698147 466.11670158803463 518.8906131982803 606.1275601387024 346.76964342594147 3.1880185966373586 3.689920483020989 -1890.7776554446207 0.04442421184862864 21.836567109842207 -4137.439748063259 1.8618697338067363e-05 0.004441401476258879 0.15488386844913646
-0.178741271262308 -2.159626678603403 3.141592653589793 465.795314386487 520.4711841195822 635.762149810791 340.268284201622 3.1880185966373586 3.689920483020989 -1890.7776554446207 0.04442421184862864 21.836567109842207 -4137.439748063259 1.8618697338067363e-05 0.004441401476258879 0.15488386844913646
-0.23079230080572966 -2.1586445837063573 4.731254666406364 465.5623706355691 522.0699701085687 663.3852291107178 334.46511125564575 3.1880185966373586 3.689920483020989 -1890.7776554446207 0.04442421184862864 21.836567109842207 -4137.439748063259 1.8618697338067363e-05 0.004441401476258879 0.15488386844913646
-0.2857896150402856 -2.1556982990152207 4.765909248843998 465.418815523386 523.6648069173098 688.0176935195923 329.05989038944244 3.1880185966373586 3.689920483020989 -1890.7776554446207 0.04442421184862864 21.836567109842207 -4137.439748063259 1.8618697338067363e-05 0.004441401476258879 0.15488386844913646
-0.3594467323187055 -2.1488236347359018 4.805452709109105 465.3636419028044 525.2365553081036 708.8685688972473 323.7960147857666 3.1880185966373586 3.689920483020989 -1890.7776554446207 0.04442421184862864 21.836567109842207 -4137.439748063259 1.8618697338067363e-05 0.004441401476258879 0.15488386844913646
-0.42524709042076725 -2.140966875559537 4.831229324952443 465.39389057457447 526.7691011279821 725.3350086212158 318.46050465106964 3.1880185966373586 3.689920483020989 -1890.7776554446207 0.04442421184862864 21.836567109842207 -4137.439748063259 1.8618697338067363e-05 0.004441401476258879 0.15488386844913646
-0.4871190689346411 -2.1311459265890793 4.869805853111305 465.5046500377357 528.2493553757668 737.0022969245911 312.8840082883835 3.1880185966373586 3.689920483020989 -1890.7776554446207 0.04442421184862864 21.836567109842207 -4137.439748063259 1.8618697338067363e-05 0.004441401476258879 0.15488386844913646
-0.5352417188898747 -2.1223070725156683 4.89403781038471 465.68905667960644 529.6672540232539 743.6438422203064 306.9408005475998 3.1880185966373586 3.689920483020989 -1890.7776554446207 0.04442421184862864 21.836567109842207 -4137.439748063259 1.8618697338067363e-05 0.004441401476258879 0.15488386844913646
-0.5755076096687458 -2.113468218442257 4.928473952681502 465.93829461559653 531.0157582163811 745.2211828231812 300.5487838983536 3.1880185966373586 3.689920483020989 -1890.7776554446207 0.04442421184862864 21.836567109842207 -4137.439748063259 1.8618697338067363e-05 0.004441401476258879 0.15488386844913646
-0.6118451208594379 -2.102665174574754 5.001364390377241 466.2415958084166 532.2908542379737 741.8839902877808 293.66948890686035 3.1880185966373586 3.689920483020989 -1890.7776554446207 0.04442421184862864 21.836567109842207 -4137.439748063259 1.8618697338067363e-05 0.004441401476258879 0.15488386844913646
-0.6452363473589912 -2.091862130707253 5.025290208265043 466.58624006062746 533.4915533289313 733.9700508117676 286.30807161331177 3.1880185966373586 3.689920483020989 -1890.7776554446207 0.04442421184862864 21.836567109842207 -4137.439748063259 1.8618697338067363e-05 0.004441401476258879 0.15488386844913646
-0.6746991942703653 -2.082041181736796 5.0341395347812865 466.95755491405725 534.6198919117451 722.0052947998047 278.51331853866577 3.1880185966373586 3.689920483020989 -1890.7776554446207 0.04442421184862864 21.836567109842207 -4137.439748063259 1.8618697338067363e-05 0.004441401476258879 0.15488386844913646
-0.7051441360787798 -2.0732023276633855 4.994943932854278 467.33891575038433 535.6809314638376 706.7037744522095 270.3776408433914 3.1880185966373586 3.689920483020989 -1890.7776554446207 0.04442421184862864 21.836567109842207 -4137.439748063259 1.8618697338067363e-05 0.004441401476258879 0.15488386844913646
-0.7355890778871943 -2.0663276633840657 4.93447088229019 467.7117457911372 536.6827585399151 688.9676685333252 262.03707814216614 3.1880185966373586 3.689920483020989 -1890.7776554446207 0.04442421184862864 21.836567109842207 -4137.439748063259 1.8618697338067363e-05 0.004441401476258879 0.15488386844913646
-0.7650519247985641 -2.0604350940017913 4.909784540234577 468.05551597103477 537.6364848539233 669.8872804641724 253.67129778862 3.1880185966373586 3.689920483020989 -1890.7776554446207 0.04442421184862864 21.836567109842207 -4137.439748063259 1.8618697338067363e-05 0.004441401476258879 0.15488386844913646
-0.7984431512981128 -2.056506714413608 4.829497724951593 468.34774512425065 538.5562471076846 650.7410516738892 245.5035935640335 3.1880185966373586 3.689920483020989 -1890.7776554446207 0.04442421184862864 21.836567109842207 -4137.439748063259 1.8618697338067363e-05 0.004441401476258879 0.15488386844913646
-0.8308522829006214 -2.0535604297224714 4.803048867585416 468.5639998242259 539.459207162261 632.9955487251282 237.80088686943054 3.1880185966373586 3.689920483020989 -1890.7776554446207 0.04442421184862864 21.836567109842207 -4137.439748063259 1.8618697338067363e-05 0.004441401476258879 0.15488386844913646
-0.8662076991942687 -2.050614145031335 4.79553021227311 468.67789451777935 540.3655519261956 618.3054609298706 230.87372756004333 3.1880185966373586 3.689920483020989 -1890.7776554446207 0.04442421184862864 21.836567109842207 -4137.439748063259 1.8618697338067363e-05 0.004441401476258879 0.15488386844913646
-0.9054914950760949 -2.048649955237243 4.762347376106644 468.66109139099717 541.2984934449196 608.513608455658 225.07629132270813 3.1880185966373586 3.689920483020989 -1890.7776554446207 0.04442421184862864 21.836567109842207 -4137.439748063259 1.8618697338067363e-05 0.004441401476258879 0.15488386844913646
-0.9418290062667826 -2.048649955237243 3.141592653589793 468.48330046981573 542.2842688336968 605.6509442329407 220.80638253688812 3.1880185966373586 3.689920483020989 -1890.7776554446207 0.04442421184862864 21.836567109842207 -4137.439748063259 1.8618697338067363e-05 0.004441401476258879 0.15488386844913646
-0.9781665174574701 -2.049632050134289 4.685368531197417 468.1122796088457 543.3521402403712 611.9365439414978 218.50543189048767 3.1880185966373586 3.689920483020989 -1890.7776554446207 0.04442421184862864 21.836567109842207 -4137.439748063259 1.8618697338067363e-05 0.004441401476258879 0.15488386844913646
-1.0145040286481533 -2.050614145031335 4.685368531197414 467.5138343833387 544.5343950018287 629.7776141166687 218.6584986448288 3.1880185966373586 3.689920483020989 -1890.7776554446207 0.04442421184862864 21.836567109842207 -4137.439748063259 1.8618697338067363e-05 0.004441401476258879 0.15488386844913646
-1.0498594449418004 -2.0515962399283807 4.684618343791265 466.6518182978034 545.8663454279304 661.7694878578186 221.79426848888397 3.1880185966373586 3.689920483020989 -1890.7776554446207 0.04442421184862864 21.836567109842207 -4137.439748063259 1.8618697338067363e-05 0.004441401476258879 0.15488386844913646
-1.0852148612354477 -2.0506141450313358 4.740159616978083 465.488132532686 547.3863290250301 710.695631980896 228.48505425453186 3.1880185966373586 3.689920483020989 -1890.7776554446207 0.04442421184862864 21.836567109842207 -4137.439748063259 1.8618697338067363e-05 0.004441401476258879 0.15488386844913646
-1.1107493285586385 -2.0506141450313358 3.141592653589793 463.9827261865139 549.1357083693147 779.5276293754578 239.3467971086502 3.1880185966373586 3.689920483020989 -1890.7776554446207 0.04442421184862864 21.836567109842207 -4137.439748063259 1.8618697338067363e-05 0.004441401476258879 0.15488386844913646
