17 -1.6950957923008094 4.017750223813787 1.5544043524869073 -0.9408469113697512 4.051141450313339
-1.6950957923008094 4.017750223813787 1.5544043524869073 985.9722586348653 566.9462333023548 733.3990567922592 283.011661529541 3.211069070846993 3.739736812983364 -1934.796267548433 0.04527278752944632 22.092204831649898 -4256.528564390785 1.8974345150648135e-05 0.004499587968823018 0.1293625258594153
-1.6410805729632982 4.016768128916743 1.5889761418678583 984.9322432279587 565.2207173109055 746.5990054607391 305.66491889953613 3.211069070846993 3.739736812983364 -1934.796267548433 0.04527278752944632 22.092204831649898 -4256.528564390785 1.8974345150648135e-05 0.004499587968823018 0.1293625258594153
-1.587065353625787 4.015786034019696 1.5889761418678996 983.8312756940722 563.5113519132137 760.0142531394958 327.57552433013916 3.211069070846993 3.739736812983364 -1934.796267548433 0.04527278752944632 22.092204831649898 -4256.528564390785 1.8974345150648135e-05 0.004499587968823018 0.1293625258594153
-1.538942703670549 4.013821844225604 1.6115900096627704 982.680176243186 561.8430280089378 773.5208814144135 347.684494972229 3.211069070846993 3.739736812983364 -1934.796267548433 0.04527278752944632 22.092204831649898 -4256.528564390785 1.8974345150648135e-05 0.004499587968823018 0.1293625258594153
-1.4927842435094003 4.00989346463742 1.6556981202446328 981.4930126443505 560.23339676857 787.0287607908249 365.2052173614502 3.211069070846993 3.739736812983364 -1934.796267548433 0.04527278752944632 22.092204831649898 -4256.528564390785 1.8974345150648135e-05 0.004499587968823018 0.1293625258594153
-1.446625783348256 4.00498299015219 1.6767806847845483 980.2871005386114 558.6928692162037 800.4815468788147 379.62341117858887 3.211069070846993 3.739736812983364 -1934.796267548433 0.04527278752944632 22.092204831649898 -4256.528564390785 1.8974345150648135e-05 0.004499587968823018 0.1293625258594153
-1.400467323187112 4.001054610564011 1.655698120244545 979.0830032974482 557.2246169745922 813.8566855192184 390.6971683502197 3.211069070846993 3.739736812983364 -1934.796267548433 0.04527278752944632 22.092204831649898 -4256.528564390785 1.8974345150648135e-05 0.004499587968823018 0.1293625258594153
-1.3543088630259679 3.997126230975827 1.655698120244641 977.9045322462916 555.8245713412762 827.1654099225998 398.4569311141968 3.211069070846993 3.739736812983364 -1934.796267548433 0.04527278752944632 22.092204831649898 -4256.528564390785 1.8974345150648135e-05 0.004499587968823018 0.1293625258594153
-1.3110966875559624 3.994179946284691 1.6388727850528915 976.7787463217974 554.4814240634441 840.4527406692505 403.2055025100708 3.211069070846993 3.739736812983364 -1934.796267548433 0.04527278752944632 22.092204831649898 -4256.528564390785 1.8974345150648135e-05 0.004499587968823018 0.1293625258594153
-1.2708307967770869 3.9902515666965073 1.6680495250464757 975.7359524518251 553.1766273379326 853.7974853515625 405.51803970336914 3.211069070846993 3.739736812983364 -1934.796267548433 0.04527278752944632 22.092204831649898 -4256.528564390785 1.8974345150648135e-05 0.004499587968823018 0.1293625258594153
-1.2325290957923054 3.988287376902418 1.6220334941982677 974.8097051084042 551.8843930959702 867.3122406005859 406.24205112457275 3.211069070846993 3.739736812983364 -1934.796267548433 0.04527278752944632 22.092204831649898 -4256.528564390785 1.8974345150648135e-05 0.004499587968823018 0.1293625258594153
-1.195209489704573 3.988287376902418 3.141592653589793 974.0368067771196 550.5716935694218 881.1433911323547 406.49741077423096 3.211069070846993 3.739736812983364 -1934.796267548433 0.04527278752944632 22.092204831649898 -4256.528564390785 1.8974345150648135e-05 0.004499587968823018 0.1293625258594153
-1.1637824529991139 3.9912336615935566 1.4773195456362456 973.4573077335954 549.1982613801956 895.4711077213287 407.6763391494751 3.211069070846993 3.739736812983364 -1934.796267548433 0.04527278752944632 22.092204831649898 -4256.528564390785 1.8974345150648135e-05 0.004499587968823018 0.1293625258594153
-1.1225344673231934 3.997126230975827 1.428899272190816 973.114505879581 547.7165890932083 910.5093510150909 411.44342708587646 3.211069070846993 3.739736812983364 -1934.796267548433 0.04527278752944632 22.092204831649898 -4256.528564390785 1.8974345150648135e-05 0.004499587968823018 0.1293625258594153
-1.071465532676821 4.009893464637423 1.3258176636679913 973.0549470335245 546.0719298422337 926.5058678388596 419.7356081008911 3.211069070846993 3.739736812983364 -1934.796267548433 0.04527278752944632 22.092204831649898 -4256.528564390785 1.8974345150648135e-05 0.004499587968823018 0.1293625258594153
-1.0194145031333994 4.025606982990152 1.2776094302370395 973.3284247815609 544.202296257019 943.7421944141388 434.76218032836914 3.1620615260962928 3.7099923198985416 -1909.0753646026087 -0.045360419234713616 22.023557142306114 -4205.998888225793 -1.9011072604657795e-05 0.004473916281835556 0.14929415553247763
-0.9732560429722552 4.038374216651743 1.3009471708564713 973.9879806041718 542.038461714983 962.5336519479752 459.00479888916016 3.1620615260962928 3.7099923198985416 -1909.0753646026087 -0.045360419234713616 22.023557142306114 -4205.998888225793 -1.9011072604657795e-05 0.004473916281835556 0.14929415553247763
-0.9408469113697512 4.051141450313339 1.1955255039388635 905.7984138727188 571.9680732488632 873.6031913757324 418.4279311299324 3.1620615260962928 3.7099923198985416 -1909.0753646026087 -0.045360419234713616 22.023557142306114 -4205.998888225793 -1.9011072604657795e-05 0.004473916281835556 0.14929415553247763
-0.9084377797672427 4.064890778871979 1.1695675277900444 947.7227017879486 551.2685173749924 851.3151264190674 400.15850611031055 3.1620615260962928 3.7099923198985416 -1909.0753646026087 -0.045360419234713616 22.023557142306114 -4205.998888225793 -1.9011072604657795e-05 0.004473916281835556 0.14929415553247763
-0.8789749328558685 4.081586392121755 1.055247319335971 979.9574337005615 535.6101408600807 833.5722706317902 382.9076080471277 3.1620615260962928 3.7099923198985416 -1909.0753646026087 -0.045360419234713616 22.023557142306114 -4205.998888225793 -1.9011072604657795e-05 0.004473916281835556 0.14929415553247763
-0.8495120859444987 4.099264100268576 1.0303768265243236 1003.3850598335266 524.5033850073814 819.7686154842377 366.6183448731899 3.1620615260962928 3.7099923198985416 -1909.0753646026087 -0.045360419234713616 22.023557142306114 -4205.998888225793 -1.9011072604657795e-05 0.004473916281835556 0.14929415553247763
-0.8190671441360842 4.11890599820949 0.9978301839061771 1018.8540050983429 517.4790549874306 809.3326382637024 351.23674891889095 3.1620615260962928 3.7099923198985416 -1909.0753646026087 -0.045360419234713616 22.023557142306114 -4205.998888225793 -1.9011072604657795e-05 0.004473916281835556 0.14929415553247763
-0.7886222023276742 4.138547896150403 0.9978301839061102 1027.178664445877 514.0883195996284 801.7273026704788 336.71177707612514 3.1620615260962928 3.7099923198985416 -1909.0753646026087 -0.045360419234713616 22.023557142306114 -4205.998888225793 -1.9011072604657795e-05 0.004473916281835556 0.14929415553247763
-0.7679982094897162 4.160153983885408 0.7621465405869534 1029.1394064426422 513.9027100801468 796.4500561952591 322.9953108429909 3.1620615260962928 3.7099923198985416 -1909.0753646026087 -0.045360419234713616 22.023557142306114 -4205.998888225793 -1.9011072604657795e-05 0.004473916281835556 0.14929415553247763
-0.7621056401074388 4.180777976723366 0.278299659005283 1025.4825721979141 516.5141202807426 793.0328340530396 310.04215613007545 3.1620615260962928 3.7099923198985416 -1909.0753646026087 -0.045360419234713616 22.023557142306114 -4205.998888225793 -1.9011072604657795e-05 0.004473916281835556 0.14929415553247763
-0.7630877350044835 4.2023840644583705 6.237762027758051 1016.9204754829407 521.5348086953163 791.042054772377 297.8100433796644 3.1620615260962928 3.7099923198985416 -1909.0753646026087 -0.045360419234713616 22.023557142306114 -4205.998888225793 -1.9011072604657795e-05 0.004473916281835556 0.14929415553247763
-0.7640698299015283 4.227918531781559 6.244742717158435 1004.1314004659653 528.5973954796791 790.0786226987839 286.2596276551485 3.1620615260962928 3.7099923198985416 -1909.0753646026087 -0.045360419234713616 22.023557142306114 -4205.998888225793 -1.9011072604657795e-05 0.004473916281835556 0.14929415553247763
-0.7581772605192552 4.258363473589974 0.19118445959699162 987.7596055269241 537.3548647165298 789.7779284715652 275.3544884175062 3.1620615260962928 3.7099923198985416 -1909.0753646026087 -0.045360419234713616 22.023557142306114 -4205.998888225793 -1.9011072604657795e-05 0.004473916281835556 0.14929415553247763
-0.7581772605192507 4.289790510295433 1.4210854715202812e-13 968.4153207540512 547.4805631637573 789.8098472356796 265.06112982332706 3.1620615260962928 3.7099923198985416 -1909.0753646026087 -0.045360419234713616 22.023557142306114 -4205.998888225793 -1.9011072604657795e-05 0.004473916281835556 0.14929415553247763
-0.7581772605192507 4.324163831692033 -0.0 946.6747492551804 558.6682010889053 789.878740310669 255.3489803224802 3.1620615260962928 3.7099923198985416 -1909.0753646026087 -0.045360419234713616 22.023557142306114 -4205.998888225793 -1.9011072604657795e-05 0.004473916281835556 0.14929415553247763
-0.7621056401074342 4.360501342882723 6.1754954363467425 923.0800647735596 570.6318511366844 789.7234537601471 246.1903931647539 3.1620615260962928 3.7099923198985416 -1909.0753646026087 -0.045360419234713616 22.023557142306114 -4205.998888225793 -1.9011072604657795e-05 0.004473916281835556 0.14929415553247763
-1.1461047448522856 4.0884610564010755 4.096021085775934 898.1394152641296 583.1059504151344 789.1173195838928 237.56064580380917 3.1620615260962928 3.7099923198985416 -1909.0753646026087 -0.045360419234713616 22.023557142306114 -4205.998888225793 -1.9011072604657795e-05 0.004473916281835556 0.14929415553247763
-1.630277529095797 3.686784243509398 4.0198493814365674 872.3269200325012 595.8452976942062 787.8681557178497 229.43794053792953 3.1620615260962928 3.7099923198985416 -1909.0753646026087 -0.045360419234713616 22.023557142306114 -4205.998888225793 -1.9011072604657795e-05 0.004473916281835556 0.14929415553247763
-2.1360564010743155 3.189844225604296 3.935805476051056 846.0826704502106 608.6250553131104 785.8182638883591 221.80340394377708 3.1620615260962928 3.7099923198985416 -1909.0753646026087 -0.045360419234713616 22.023557142306114 -4205.998888225793 -1.9011072604657795e-05 0.004473916281835556 0.14929415553247763
-2.6398710832587353 2.649692032229184 3.892197713925455 819.8127318620682 621.2407492995262 782.8444324731827 214.64108730852604 3.1620615260962928 3.7099923198985416 -1909.0753646026087 -0.045360419234713616 22.023557142306114 -4205.998888225793 -1.9011072604657795e-05 0.004473916281835556 0.14929415553247763
-3.1387752909579314 2.0997188898836177 3.8783400984575223 793.8891400098801 633.5082684755325 778.857935667038 207.93796634674072 3.1620615260962928 3.7099923198985416 -1909.0753646026087 -0.045360419234713616 22.023557142306114 -4205.998888225793 -1.9011072604657795e-05 0.004473916281835556 0.14929415553247763
-3.609198746642798 1.5644771709937328 3.862626720691228 768.6499038934708 645.2638638019562 773.80453145504 201.6839411854744 3.1620615260962928 3.7099923198985416 -1909.0753646026087 -0.045360419234713616 22.023557142306114 -4205.998888225793 -1.9011072604657795e-05 0.004473916281835556 0.14929415553247763
-4.062926589077895 1.0478952551477165 3.862303865719462 744.399004817009 656.3641510605812 767.6644649505615 195.8718367367983 3.1620615260962928 3.7099923198985416 -1909.0753646026087 -0.045360419234713616 22.023557142306114 -4205.998888225793 -1.9011072604657795e-05 0.004473916281835556 0.14929415553247763
-4.50585138764549 0.5480089525514767 3.866647500184406 721.4063968658447 666.6861082315445 760.4524657726288 190.49740228056908 3.1620615260962928 3.7099923198985416 -1909.0753646026087 -0.045360419234713616 22.023557142306114 -4205.998888225793 -1.9011072604657795e-05 0.004473916281835556 0.14929415553247763
-4.944847806624898 0.05990778871978537 3.874074162594277 699.9080054759979 676.127075791359 752.2177491188049 185.5593116134405 3.1620615260962928 3.7099923198985416 -1909.0753646026087 -0.045360419234713616 22.023557142306114 -4205.998888225793 -1.9011072604657795e-05 0.004473916281835556 0.14929415553247763
-5.379915846016122 -0.42033661593554233 3.7744394529427723 680.1057288646698 684.6047584414482 743.0440167188644 181.05916312336922 3.1620615260962928 3.7099923198985416 -1909.0753646026087 -0.045360419234713616 22.023557142306114 -4205.998888225793 -1.9011072604657795e-05 0.004473916281835556 0.14929415553247763
-5.430984780662498 -0.5863106535362583 3.674804743291268 662.1674385070801 692.0572236776352 733.0494532585144 177.00147965550423 3.1620615260962928 3.7099923198985416 -1909.0753646026087 -0.045360419234713616 22.023557142306114 -4205.998888225793 -1.9011072604657795e-05 0.004473916281835556 0.14929415553247763
-5.381880035810211 -0.6206839749328552 3.5751700336397634 646.2269760370255 698.4429019093513 722.3867305517197 173.3937085568905 3.1620615260962928 3.7099923198985416 -1909.0753646026087 -0.045360419234713616 22.023557142306114 -4205.998888225793 -1.9011072604657795e-05 0.004473916281835556 0.14929415553247763
-5.309205013428831 -0.5617582811101157 3.475535323988259 632.3841578960419 703.7405866384506 711.2430064678192 170.24622184038162 3.1620615260962928 3.7099923198985416 -1909.0753646026087 -0.045360419234713616 22.023557142306114 -4205.998888225793 -1.9011072604657795e-05 0.004473916281835556 0.14929415553247763
-5.235547896150411 -0.46354879140554994 3.3759006143367545 620.7047721147537 707.9494341015816 699.8399230241776 167.57231591641903 3.1620615260962928 3.7099923198985416 -1909.0753646026087 -0.045360419234713616 22.023557142306114 -4205.998888225793 -1.9011072604657795e-05 0.004473916281835556 0.14929415553247763
-5.166801253357216 -0.360428827215757 3.27626590468525 611.2205770015717 711.0889651179314 688.4336075782776 165.3882118165493 3.1620615260962928 3.7099923198985416 -1909.0753646026087 -0.045360419234713616 22.023557142306114 -4205.998888225793 -1.9011072604657795e-05 0.004473916281835556 0.14929415553247763
-5.1245711727842505 -0.27695076096687604 3.1766311950337456 603.929306268692 713.199061870575 677.3146741390228 163.7130549699068 3.1620615260962928 3.7099923198985416 -1909.0753646026087 -0.045360419234713616 22.023557142306114 -4205.998888225793 -1.9011072604657795e-05 0.004473916281835556 0.14929415553247763
-5.099036705461059 -0.2190071620411813 3.0769964853822414 598.7946652173996 714.3399701118469 666.8082211017609 162.56891545653343 3.1620615260962928 3.7099923198985416 -1909.0753646026087 -0.045360419234713616 22.023557142306114 -4205.998888225793 -1.9011072604657795e-05 0.004473916281835556 0.14929415553247763
-5.0813589973142355 -0.18168755595344788 2.9773617757307367 595.7463297843933 714.5922999978065 657.2738326787949 161.98078772425652 3.1620615260962928 3.7099923198985416 -1909.0753646026087 -0.045360419234713616 22.023557142306114 -4205.998888225793 -1.9011072604657795e-05 0.004473916281835556 0.14929415553247763
-5.077430617726057 -0.16499194270367123 2.877727066079232 594.6799492835999 714.057022869587 649.1055785417557 161.97659097611904 3.1620615260962928 3.7099923198985416 -1909.0753646026087 -0.045360419234713616 22.023557142306114 -4205.998888225793 -1.9011072604657795e-05 0.004473916281835556 0.14929415553247763
-5.08135899731424 -0.16302775290958058 2.7780923564277273 595.4571462869644 712.8554742336273 642.7320132255554 162.58716870844364 3.1620615260962928 3.7099923198985416 -1909.0753646026087 -0.045360419234713616 22.023557142306114 -4205.998888225793 -1.9011072604657795e-05 0.004473916281835556 0.14929415553247763
-5.089215756490607 -0.17186660698299017 2.678457646776223 597.905514717102 711.1293528079987 638.6161785125732 163.84628915786743 3.1620615260962928 3.7099923198985416 -1909.0753646026087 -0.045360419234713616 22.023557142306114 -4205.998888225793 -1.9011072604657795e-05 0.004473916281835556 0.14929415553247763
-5.097072515666975 -0.18463384064458438 2.578822937124719 601.8186209201813 709.0407202839851 637.2555985450745 165.79064489901066 3.1620615260962928 3.7099923198985416 -1909.0753646026087 -0.045360419234713616 22.023557142306114 -4205.998888225793 -1.9011072604657795e-05 0.004473916281835556 0.14929415553247763
-5.106893464637431 -0.19936526410026925 2.479188227473214 606.9560036659241 706.772000670433 639.182285785675 168.45985309779644 3.1620615260962928 3.7099923198985416 -1909.0753646026087 -0.045360419234713616 22.023557142306114 -4205.998888225793 -1.9011072604657795e-05 0.004473916281835556 0.14929415553247763
-5.118678603401977 -0.21311459265890825 2.3795535178217095 613.043173789978 704.5259827375412 644.9627369642258 171.8964554965496 3.1620615260962928 3.7099923198985416 -1909.0753646026087 -0.045360419234713616 22.023557142306114 -4205.998888225793 -1.9011072604657795e-05 0.004473916281835556 0.14929415553247763
-5.128499552372438 -0.22588182632050247 2.2799188081702053 619.7716153860092 702.5258167386055 655.1979331970215 176.14591823518276 3.1620615260962928 3.7099923198985416 -1909.0753646026087 -0.045360419234713616 22.023557142306114 -4205.998888225793 -1.9011072604657795e-05 0.004473916281835556 0.14929415553247763
-5.135374216651756 -0.23177439570277553 2.180284098518701 626.7987840175629 701.0150163173676 670.523343205452 181.25663220882416 3.1620615260962928 3.7099923198985416 -1909.0753646026087 -0.045360419234713616 22.023557142306114 -4205.998888225793 -1.9011072604657795e-05 0.004473916281835556 0.14929415553247763
-5.142248880931074 -0.23570277529095796 2.0806493888671964 633.7481081485748 700.2574595212936 691.6089196205139 187.27991254627705 3.1620615260962928 3.7099923198985416 -1909.0753646026087 -0.045360419234713616 22.023557142306114 -4205.998888225793 -1.9011072604657795e-05 0.004473916281835556 0.14929415553247763
-5.149123545210392 -0.2386490599820956 1.9810146792156917 640.2089881896973 700.5373855829239 719.1591002941132 194.26999919116497 3.1620615260962928 3.7099923198985416 -1909.0753646026087 -0.045360419234713616 22.023557142306114 -4205.998888225793 -1.9011072604657795e-05 0.004473916281835556 0.14929415553247763
-5.146177260519253 -0.2376669650850497 1.8813799695641873 645.7367962598801 702.1593990325928 753.9128105640411 202.284056276083 3.1620615260962928 3.7099923198985416 -1909.0753646026087 -0.045360419234713616 22.023557142306114 -4205.998888225793 -1.9011072604657795e-05 0.004473916281835556 0.14929415553247763
