19 -0.5322954341987582 3.0386016114592636 2.003204102365462 0.20132945389435544 2.2872990152193373
-0.5322954341987582 3.0386016114592636 2.003204102365462 881.974987052381 531.2653373330832 666.3431671857834 260.4664897918701 3.205361178348778 3.7220641160328443 -1936.4035601936207 0.045550829601306186 22.01478869674261 -4290.88846203573 1.9090875775903666e-05 0.0044618915556858966 0.1266020862088014
-0.47336974037601437 3.015031333930167 1.9513027039072484 879.631211720407 529.5967944189906 671.3126766681671 275.3139486312866 3.205361178348778 3.7220641160328443 -1936.4035601936207 0.045550829601306186 22.01478869674261 -4290.88846203573 1.9090875775903666e-05 0.0044618915556858966 0.1266020862088014
-0.42131871083259714 2.990478961504028 2.0115471745743037 877.0325966402888 528.1133626028895 676.5451447367668 293.17497062683105 3.205361178348778 3.7220641160328443 -1936.4035601936207 0.045550829601306186 22.01478869674261 -4290.88846203573 1.9090875775903666e-05 0.0044618915556858966 0.1266020862088014
-0.373196060877359 2.9639623992837945 2.074422622918992 874.2165671363473 526.7767191007733 681.8881331682205 312.28917264938354 3.205361178348778 3.7220641160328443 -1936.4035601936207 0.045550829601306186 22.01478869674261 -4290.88846203573 1.9090875775903666e-05 0.0044618915556858966 0.1266020862088014
-0.3309659803043984 2.9315532676812905 2.225367094118279 871.2170092687011 525.5526643320918 687.2130584716797 331.1869707107544 3.205361178348778 3.7220641160328443 -1936.4035601936207 0.045550829601306186 22.01478869674261 -4290.88846203573 1.9090875775903666e-05 0.0044618915556858966 0.1266020862088014
-0.2887358997314333 2.896197851387648 2.267817704047463 868.0642698183656 524.4111219495535 692.4151882529259 348.6895956993103 3.205361178348778 3.7220641160328443 -1936.4035601936207 0.045550829601306186 22.01478869674261 -4290.88846203573 1.9090875775903666e-05 0.0044618915556858966 0.1266020862088014
-0.2612372426141531 2.8569140555058192 2.5308666892005807 864.7851563021541 523.3261389732361 697.4136442542076 363.9090943336487 3.205361178348778 3.7220641160328443 -1936.4035601936207 0.045550829601306186 22.01478869674261 -4290.88846203573 1.9090875775903666e-05 0.0044618915556858966 0.1266020862088014
-0.22588182632050582 2.816648164726948 2.4210385177454907 861.402937091887 522.2758856937289 702.1514012217522 376.2483148574829 3.205361178348778 3.7220641160328443 -1936.4035601936207 0.045550829601306186 22.01478869674261 -4290.88846203573 1.9090875775903666e-05 0.0044618915556858966 0.1266020862088014
-0.18266965085049597 2.77540017905103 2.332942867381877 857.9373411387205 521.2426555231214 706.5952867269516 385.40091943740845 3.2077114931376927 3.7516701431201644 -1945.4468485734099 0.04574309512662009 22.186219428497036 -4346.251460715242 1.917145646547364e-05 0.004511090039363263 0.11254945997216277
-0.14338585496866965 2.734152193375112 2.380579899365069 854.4045581743121 520.21286534518 710.7359812259674 391.35138463974 3.2077114931376927 3.7516701431201644 -1945.4468485734099 0.04574309512662009 22.186219428497036 -4346.251460715242 1.917145646547364e-05 0.004511090039363263 0.11254945997216277
-0.09624529991048074 2.6948683974932854 2.265534602991628 850.8172387927771 519.1770552694798 714.5880196094513 394.374990940094 3.2077114931376927 3.7516701431201644 -1945.4468485734099 0.04574309512662009 22.186219428497036 -4346.251460715242 1.917145646547364e-05 0.004511090039363263 0.11254945997216277
-0.06383616830797224 2.651656222023278 2.4980915447964676 847.1844941601157 518.1298885643482 718.1897881031036 395.03783559799194 3.2077114931376927 3.7516701431201644 -1945.4468485734099 0.04574309512662009 22.186219428497036 -4346.251460715242 1.917145646547364e-05 0.004511090039363263 0.11254945997216277
-0.0314270367054682 2.6074619516562234 2.5088438185876494 843.5118962302804 517.0701518878341 721.60352653265 394.19682025909424 3.2077114931376927 3.7516701431201644 -1945.4468485734099 0.04574309512662009 22.186219428497036 -4346.251460715242 1.917145646547364e-05 0.004511090039363263 0.11254945997216277
0.003928379588179059 2.5652318710832605 2.4445712763371388 839.8014778122306 516.0007551163435 724.9153286218643 392.999662399292 3.2077114931376927 3.7516701431201644 -1945.4468485734099 0.04574309512662009 22.186219428497036 -4346.251460715242 1.917145646547364e-05 0.004511090039363263 0.11254945997216277
0.04321217547000538 2.5220196956132486 2.403777593469364 836.0517322644591 514.9287315011024 728.2351406812668 392.88488721847534 3.2077114931376927 3.7516701431201644 -1945.4468485734099 0.04574309512662009 22.186219428497036 -4346.251460715242 1.917145646547364e-05 0.004511090039363263 0.11254945997216277
0.08347806624887646 2.477825425246196 2.4026726215433336 832.2576138302684 513.8652374148369 731.6967614293098 395.58183431625366 3.2077114931376927 3.7516701431201644 -1945.4468485734099 0.04574309512662009 22.186219428497036 -4346.251460715242 1.917145646547364e-05 0.004511090039363263 0.11254945997216277
0.12374395702774756 2.434613249776186 2.3914739637859577 828.4105374664068 512.8255526274443 735.4578437805176 403.1106491088867 3.2077114931376927 3.7516701431201644 -1945.4468485734099 0.04574309512662009 22.186219428497036 -4346.251460715242 1.917145646547364e-05 0.004511090039363263 0.11254945997216277
0.16106356311548436 2.388454789615042 2.4616837987173934 824.4983788132668 511.82908014953136 739.699892938137 417.78228521347046 3.2077114931376927 3.7516701431201644 -1945.4468485734099 0.04574309512662009 22.186219428497036 -4346.251460715242 1.917145646547364e-05 0.004511090039363263 0.11254945997216277
0.1905264100268541 2.339350044762757 2.601173153319229 820.5054742470384 510.8993462175131 744.6282675862312 442.19851541519165 3.2077114931376927 3.7516701431201644 -1945.4468485734099 0.04574309512662009 22.186219428497036 -4346.251460715242 1.917145646547364e-05 0.004511090039363263 0.11254945997216277
0.20132945389435544 2.2872990152193373 2.9369508437600302 825.469806868583 516.1269102375954 1023.5721289217472 562.1638096570969 3.2077114931376927 3.7516701431201644 -1945.4468485734099 0.04574309512662009 22.186219428497036 -4346.251460715242 1.917145646547364e-05 0.004511090039363263 0.11254945997216277
0.20427573858548972 2.2332837958818264 3.0871011973491114 817.647710300982 513.8694633762352 939.1598066389561 510.21555745601654 3.2077114931376927 3.7516701431201644 -1945.4468485734099 0.04574309512662009 22.186219428497036 -4346.251460715242 1.917145646547364e-05 0.004511090039363263 0.11254945997216277
0.22195344673231338 2.181232766338407 2.814192441789533 810.3707425184548 511.8687441647053 862.6824862957001 462.8121974468231 3.2077114931376927 3.7516701431201644 -1945.4468485734099 0.04574309512662009 22.186219428497036 -4346.251460715242 1.917145646547364e-05 0.004511090039363263 0.11254945997216277
0.24748791405550405 2.1281996418979405 2.692869309579024 803.6053876280785 510.1136317178607 793.6897105574608 419.71071392297745 3.2077114931376927 3.7516701431201644 -1945.4468485734099 0.04574309512662009 22.186219428497036 -4346.251460715242 1.917145646547364e-05 0.004511090039363263 0.11254945997216277
0.2700760966875515 2.0722202327663375 2.7580651376328453 797.3190604783595 508.5931691341102 731.7427135109901 380.67411264777184 3.2077114931376927 3.7516701431201644 -1945.4468485734099 0.04574309512662009 22.186219428497036 -4346.251460715242 1.917145646547364e-05 0.004511090039363263 0.11254945997216277
0.292664279319599 2.0162408236347367 2.7580651376328316 791.4801066219807 507.29656347911805 676.4144204258919 345.47142048180103 3.2077114931376927 3.7516701431201644 -1945.4468485734099 0.04574309512662009 22.186219428497036 -4346.251460715242 1.917145646547364e-05 0.004511090039363263 0.11254945997216277
0.30739570277528383 1.959279319606089 2.888517001425189 786.057802323252 506.2131858021021 627.2894482016563 313.8776856958866 3.2077114931376927 3.7516701431201644 -1945.4468485734099 0.04574309512662009 22.186219428497036 -4346.251460715242 1.917145646547364e-05 0.004511090039363263 0.11254945997216277
0.32212712623096873 1.9042820053715308 2.8798791511885944 781.0223545692861 505.332571126055 583.964105039835 285.67397782206535 3.2077114931376927 3.7516701431201644 -1945.4468485734099 0.04574309512662009 22.186219428497036 -4346.251460715242 1.917145646547364e-05 0.004511090039363263 0.11254945997216277
0.32900179051028655 1.8483025962399278 3.0193974828984707 776.3449010699987 504.6444184486754 546.0463909804821 260.6473877131939 3.2077114931376927 3.7516701431201644 -1945.4468485734099 0.04574309512662009 22.186219428497036 -4346.251460715242 1.917145646547364e-05 0.004511090039363263 0.11254945997216277
0.33980483437779235 1.7942873769024155 2.9441970937398527 771.9975102581084 504.1385907395743 513.1559971570969 238.5910275876522 3.2077114931376927 3.7516701431201644 -1945.4468485734099 0.04574309512662009 22.186219428497036 -4346.251460715242 1.917145646547364e-05 0.004511090039363263 0.11254945997216277
0.3623930170098398 1.7402721575649054 2.7455112120255207 767.9531812816858 503.80511494912207 484.9243061542511 219.304030880332 3.2077114931376927 3.7516701431201644 -1945.4468485734099 0.04574309512662009 22.186219428497036 -4346.251460715242 1.917145646547364e-05 0.004511090039363263 0.11254945997216277
0.3810528200537082 1.688221128021486 2.7973739706073077 764.1858440078795 503.63418200286105 460.9943920969963 202.5915523469448 3.2077114931376927 3.7516701431201644 -1945.4468485734099 0.04574309512662009 22.186219428497036 -4346.251460715242 1.917145646547364e-05 0.004511090039363263 0.11254945997216277
0.3889095792300708 1.6361700984780654 2.991780197016948 760.6703590005636 503.6161467982456 441.0210206210613 188.26476815342903 3.2077114931376927 3.7516701431201644 -1945.4468485734099 0.04574309512662009 22.186219428497036 -4346.251460715242 1.917145646547364e-05 0.004511090039363263 0.11254945997216277
0.3889095792300708 1.586083258728738 3.141592653589793 757.3825175985694 503.7415282111615 424.67064893245697 176.14087562263012 3.2077114931376927 3.7516701431201644 -1945.4468485734099 0.04574309512662009 22.186219428497036 -4346.251460715242 1.917145646547364e-05 0.004511090039363263 0.11254945997216277
0.38498119964188726 1.5379606087735007 3.223044697895683 754.2990418002009 504.00100909313187 411.62142512202263 166.04309351742268 3.2077114931376927 3.7516701431201644 -1945.4468485734099 0.04574309512662009 22.186219428497036 -4346.251460715242 1.917145646547364e-05 0.004511090039363263 0.11254945997216277
0.3692676812891576 1.4908200537153096 3.463343207986421 751.3975843340158 504.3854362736456 401.5631895363331 157.80066174268723 3.2077114931376927 3.7516701431201644 -1945.4468485734099 0.04574309512662009 22.186219428497036 -4346.251460715242 1.917145646547364e-05 0.004511090039363263 0.11254945997216277
0.3506078782452892 1.4436794986571173 3.5185019239146254 748.6567287035286 504.8858205471188 394.19747310876846 151.2488416582346 3.2077114931376927 3.7516701431201644 -1945.4468485734099 0.04574309512662009 22.186219428497036 -4346.251460715242 1.917145646547364e-05 0.004511090039363263 0.11254945997216277
0.3280196956132418 1.3965389435989262 3.5884351220755146 746.0559890456498 505.493336699903 389.23749896883965 146.22891587018967 3.2077114931376927 3.7516701431201644 -1945.4468485734099 0.04574309512662009 22.186219428497036 -4346.251460715242 1.917145646547364e-05 0.004511090039363263 0.11254945997216277
0.30150313339301077 1.3523446732318727 3.6820121538603585 743.5758102834225 506.1993234786205 386.4081814289093 142.588188290596 3.2077114931376927 3.7516701431201644 -1945.4468485734099 0.04574309512662009 22.186219428497036 -4346.251460715242 1.917145646547364e-05 0.004511090039363263 0.11254945997216277
0.27105819158459626 1.308150402864817 3.7448225065144523 741.1975680217147 506.9952836171724 385.44612604379654 140.1799840927124 3.2077114931376927 3.7516701431201644 -1945.4468485734099 0.04574309512662009 22.186219428497036 -4346.251460715242 1.917145646547364e-05 0.004511090039363263 0.11254945997216277
0.2445416293643653 1.2639561324977613 3.6820121538603363 738.9035686030984 507.872883815784 386.0996300280094 138.8636498004198 3.2077114931376927 3.7516701431201644 -1945.4468485734099 0.04574309512662009 22.186219428497036 -4346.251460715242 1.917145646547364e-05 0.004511090039363263 0.11254945997216277
0.22195344673231338 1.223690241718889 3.6528233658676137 736.6770490705967 508.82395475683734 388.12868198752403 138.50455331802368 3.2077114931376927 3.7516701431201644 -1945.4468485734099 0.04574309512662009 22.186219428497036 -4346.251460715242 1.917145646547364e-05 0.004511090039363263 0.11254945997216277
0.1993652641002704 1.1853885407341076 3.674436541209033 734.5021772161126 509.84049109974876 391.3049621284008 138.9740837663412 3.2077114931376927 3.7516701431201644 -1945.4468485734099 0.04574309512662009 22.186219428497036 -4346.251460715242 1.917145646547364e-05 0.004511090039363263 0.11254945997216277
0.17284870188003046 1.1500331244404647 3.785093762383219 732.3640515133739 510.9146514683962 395.4118417799473 140.14965152740479 3.2077114931376927 3.7516701431201644 -1945.4468485734099 0.04574309512662009 22.186219428497036 -4346.251460715242 1.917145646547364e-05 0.004511090039363263 0.11254945997216277
0.150260519247983 1.1156598030438678 3.722972837394653 730.248701184988 512.0387584753335 400.2443842291832 141.91468834877014 3.2077114931376927 3.7516701431201644 -1945.4468485734099 0.04574309512662009 22.186219428497036 -4346.251460715242 1.917145646547364e-05 0.004511090039363263 0.11254945997216277
0.13552909579229366 1.0852148612354522 3.592253979670543 728.1430861577392 513.2052987008356 405.6093435585499 144.15864738821983 3.2077114931376927 3.7516701431201644 -1945.4468485734099 0.04574309512662009 22.186219428497036 -4346.251460715242 1.917145646547364e-05 0.004511090039363263 0.11254945997216277
0.12079767233661326 1.0577162041181731 3.633401829578355 726.0350970923901 514.4069227022119 411.32516580820084 146.7770028412342 3.2077114931376927 3.7516701431201644 -1945.4468485734099 0.04574309512662009 22.186219428497036 -4346.251460715242 1.917145646547364e-05 0.004511090039363263 0.11254945997216277
0.10606624888092839 1.03119964189794 3.648691157982123 723.9135553352535 515.6364450147375 417.22198832035065 149.6712504774332 3.2077114931376927 3.7516701431201644 -1945.4468485734099 0.04574309512662009 22.186219428497036 -4346.251460715242 1.917145646547364e-05 0.004511090039363263 0.11254945997216277
0.09133482542524353 1.0076293643688443 3.7001919689333596 721.7682129889727 516.8868441479281 423.141639739275 152.74890719354153 3.2077114931376927 3.7516701431201644 -1945.4468485734099 0.04574309512662009 22.186219428497036 -4346.251460715242 1.917145646547364e-05 0.004511090039363263 0.11254945997216277
0.07365711727842436 0.9860232766338394 3.8273221644959947 719.5897528491914 518.151262584608 428.93764051795006 155.92351135611534 3.2077114931376927 3.7516701431201644 -1945.4468485734099 0.04574309512662009 22.186219428497036 -4346.251460715242 1.917145646547364e-05 0.004511090039363263 0.11254945997216277
0.04812264995523367 0.9663813786929273 4.092139494402002 717.3697884380817 519.4230067878962 434.47520223259926 159.1146224141121 3.2077114931376927 3.7516701431201644 -1945.4468485734099 0.04574309512662009 22.186219428497036 -4346.251460715242 1.917145646547364e-05 0.004511090039363263 0.11254945997216277
0.018659803043863932 0.9428111011638306 4.0688878715914285 715.1008640304208 520.6955471923575 439.63122776150703 162.24782133102417 3.2077114931376927 3.7516701431201644 -1945.4468485734099 0.04574309512662009 22.186219428497036 -4346.251460715242 1.917145646547364e-05 0.004511090039363263 0.11254945997216277
-0.013749328558635641 0.9182587287376903 4.092139494401828 712.7764545455575 521.9625182086602 444.2943121790886 165.2547102421522 3.2077114931376927 3.7516701431201644 -1945.4468485734099 0.04574309512662009 22.186219428497036 -4346.251460715242 1.917145646547364e-05 0.004511090039363263 0.11254945997216277
-0.0491047448522829 0.8917421665174571 4.094633254818472 710.3909657113254 523.2177182277665 448.3647411763668 168.07291267812252 3.2077114931376927 3.7516701431201644 -1945.4468485734099 0.04574309512662009 22.186219428497036 -4346.251460715242 1.917145646547364e-05 0.004511090039363263 0.11254945997216277
-0.09231692032228829 0.8642435094001791 4.1656001394954405 707.9397338666022 524.4551096083596 451.7544922232628 170.64607341587543 3.1904377252197462 3.7296068407582683 -1931.0228501849217 1.98927743367512e-15 22.091382814830293 -4286.176650865988 7.384241074305963e-19 0.0044963871757949395 0.12760962554106245
-0.1453500447627547 0.8357627573858553 4.234557925392571 705.4190261997283 525.668818693608 454.3872343301773 172.92385855317116 3.1904377252197462 3.7296068407582683 -1931.0228501849217 1.98927743367512e-15 22.091382814830293 -4286.176650865988 7.384241074305963e-19 0.0044963871757949395 0.12760962554106245
-0.2023115487914002 0.8062999104744856 4.2487413713838835 702.8260404802859 526.8531357920729 456.1983278989792 174.86195549368858 3.1904377252197462 3.7296068407582683 -1931.0228501849217 1.98927743367512e-15 22.091382814830293 -4286.176650865988 7.384241074305963e-19 0.0044963871757949395 0.12760962554106245
-0.2622193375111889 0.7768370635631158 4.267969770483601 700.1589053347707 528.0025151981972 457.13482454419136 176.42207297682762 3.1904377252197462 3.7296068407582683 -1931.0228501849217 1.98927743367512e-15 22.091382814830293 -4286.176650865988 7.384241074305963e-19 0.0044963871757949395 0.12760962554106245
-0.32507341092210745 0.7444279319606084 4.24874137138387 697.4166799709201 529.1115751741454 457.1554679274559 177.5719409584999 3.1904377252197462 3.7296068407582683 -1931.0228501849217 1.98927743367512e-15 22.091382814830293 -4286.176650865988 7.384241074305963e-19 0.0044963871757949395 0.12760962554106245
-0.3879274843330305 0.7100546105640103 4.22479385446167 694.5993544459343 530.1750979591161 456.23069244623184 178.28531081974506 3.1904377252197462 3.7296068407582683 -1931.0228501849217 1.98927743367512e-15 22.091382814830293 -4286.176650865988 7.384241074305963e-19 0.0044963871757949395 0.12760962554106245
-0.45667412712622657 0.6737170993733217 4.226146347297192 691.7078494243324 531.1880297749303 454.3426243364811 178.54195514321327 3.1904377252197462 3.7296068407582683 -1931.0228501849217 1.98927743367512e-15 22.091382814830293 -4286.176650865988 7.384241074305963e-19 0.0044963871757949395 0.12760962554106245
-0.5254207699194227 0.6373795881826319 4.226146347297179 688.7440163716674 532.1454808134586 451.4850814342499 178.32766783237457 3.1904377252197462 3.7296068407582683 -1931.0228501849217 1.98927743367512e-15 22.091382814830293 -4286.176650865988 7.384241074305963e-19 0.0044963871757949395 0.12760962554106245
-0.5971136974037574 0.6000599820948962 4.232438468065224 685.7106374129653 533.0427252352238 447.6635724902153 177.63426420092583 3.1904377252197462 3.7296068407582683 -1931.0228501849217 1.98927743367512e-15 22.091382814830293 -4286.176650865988 7.384241074305963e-19 0.0044963871757949395 0.12760962554106245
-0.66193196060877 0.5627403760071628 4.189985548668172 682.6114254519343 533.8752011908218 442.8952984511852 176.45958077907562 3.1904377252197462 3.7296068407582683 -1931.0228501849217 1.98927743367512e-15 22.091382814830293 -4286.176650865988 7.384241074305963e-19 0.0044963871757949395 0.12760962554106245
-0.7188934646374154 0.5244386750223801 4.120418143698043 679.4510240368545 534.6385107971728 437.2091507911682 174.8074753433466 3.1904377252197462 3.7296068407582683 -1931.0228501849217 1.98927743367512e-15 22.091382814830293 -4286.176650865988 7.384241074305963e-19 0.0044963871757949395 0.12760962554106245
-0.7699623992837924 0.4851548791405549 4.056693354143192 676.2350075058639 535.3284201459028 430.6457133293152 172.68782711029053 3.1904377252197462 3.7296068407582683 -1931.0228501849217 1.98927743367512e-15 22.091382814830293 -4286.176650865988 7.384241074305963e-19 0.0044963871757949395 0.12760962554106245
-0.8102282900626679 0.44587108325872854 3.93933586883151 672.9698808826506 535.940859308932 423.25726076960564 170.11653649806976 3.1904377252197462 3.7296068407582683 -1931.0228501849217 1.98927743367512e-15 22.091382814830293 -4286.176650865988 7.384241074305963e-19 0.0044963871757949395 0.12760962554106245
-0.8436195165622212 0.40462309758281045 3.822113878257015 669.6630799025297 536.471922332421 415.107759565115 167.11552529037 3.1904377252197462 3.7296068407582683 -1931.0228501849217 1.98927743367512e-15 22.091382814830293 -4286.176650865988 7.384241074305963e-19 0.0044963871757949395 0.12760962554106245
-0.8701360787824521 0.36141092211280285 3.691978601266568 666.3229710422456 536.9178672395647 406.2728672325611 163.7127365320921 3.1904377252197462 3.7296068407582683 -1931.0228501849217 1.98927743367512e-15 22.091382814830293 -4286.176650865988 7.384241074305963e-19 0.0044963871757949395 0.12760962554106245
-0.8937063563115488 0.31721665174574826 3.631549979843537 662.9588514603674 537.2751160231419 396.8399332165718 159.94213461875916 3.1904377252197462 3.7296068407582683 -1931.0228501849217 1.98927743367512e-15 22.091382814830293 -4286.176650865988 7.384241074305963e-19 0.0044963871757949395 0.12760962554106245
-0.907455684870189 0.2740044762757384 3.4496454346135823 659.5809491090477 537.5402546585537 386.9079982638359 155.84370516240597 3.1904377252197462 3.7296068407582683 -1931.0228501849217 1.98927743367512e-15 22.091382814830293 -4286.176650865988 7.384241074305963e-19 0.0044963871757949395 0.12760962554106245
-0.9172766338406455 0.23177439570277553 3.3700892928816577 656.2004225477576 537.7100330926478 376.5877942740917 151.4634552448988 3.1904377252197462 3.7296068407582683 -1931.0228501849217 1.98927743367512e-15 22.091382814830293 -4286.176650865988 7.384241074305963e-19 0.0044963871757949395 0.12760962554106245
-0.9212050134288291 0.18954431512981157 3.2343489737779563 652.8293611779809 537.781365247909 366.00174498558044 146.8534130603075 3.1904377252197462 3.7296068407582683 -1931.0228501849217 1.98927743367512e-15 22.091382814830293 -4286.176650865988 7.384241074305963e-19 0.0044963871757949395 0.12760962554106245
-0.915312444046556 0.1443679498657122 3.0118901164338983 649.4807850010693 537.7513290243223 355.28396517038345 142.07162830233574 3.1904377252197462 3.7296068407582683 -1931.0228501849217 1.98927743367512e-15 22.091382814830293 -4286.176650865988 7.384241074305963e-19 0.0044963871757949395 0.12760962554106245
-0.8927242614145041 0.09722739480751992 2.6947501851040037 646.1686448417604 537.6171662993729 344.58026161789894 137.1821716427803 3.1904377252197462 3.7296068407582683 -1931.0228501849217 1.98927743367512e-15 22.091382814830293 -4286.176650865988 7.384241074305963e-19 0.0044963871757949395 0.12760962554106245
-0.8554046553267673 0.049104744852281786 2.4819639109528584 642.9078221768141 537.3762829187326 334.0481323003769 132.25513556599617 3.1904377252197462 3.7296068407582683 -1931.0228501849217 1.98927743367512e-15 22.091382814830293 -4286.176650865988 7.384241074305963e-19 0.0044963871757949395 0.12760962554106245
-0.8151387645478918 -1.1165126318765693e-15 2.4547750038311045 639.7141292281449 537.0262487106957 323.8567662835121 127.36663345992565 3.1904377252197462 3.7296068407582683 -1931.0228501849217 1.98927743367512e-15 22.091382814830293 -4286.176650865988 7.384241074305963e-19 0.0044963871757949395 0.12760962554106245
-0.7640698299015193 -0.04910474485228402 2.3365891593351575 636.6043089218438 536.564797480125 314.18704465031624 122.59880006313324 3.1904377252197462 3.7296068407582683 -1931.0228501849217 1.98927743367512e-15 22.091382814830293 -4286.176650865988 7.384241074305963e-19 0.0044963871757949395 0.12760962554106245
-0.7031799462846858 -0.09722739480752216 2.239608484731017 633.5960349142551 535.9898269986734 305.2315394282341 118.03979162871838 3.1904377252197462 3.7296068407582683 -1931.0228501849217 1.98927743367512e-15 22.091382814830293 -4286.176650865988 7.384241074305963e-19 0.0044963871757949395 0.12760962554106245
-0.6383616830796733 -0.1443679498657122 2.1995926132103203 630.707911580801 535.2993990210816 297.19451454281807 113.78378547728062 3.1904377252197462 3.7296068407582683 -1931.0228501849217 1.98927743367512e-15 22.091382814830293 -4286.176650865988 7.384241074305963e-19 0.0044963871757949395 0.12760962554106245
-0.5666687555953385 -0.19052641002685744 2.142825848040519 627.9594740197062 534.4917392777279 290.2919251918793 109.93098033964634 3.1904377252197462 3.7296068407582683 -1931.0228501849217 1.98927743367512e-15 22.091382814830293 -4286.176650865988 7.384241074305963e-19 0.0044963871757949395 0.12760962554106245
-0.49104744852282456 -0.23472068039391206 2.099677877548032 625.3711880333722 533.5652374713682 284.7514179944992 106.58759625256062 3.1904377252197462 3.7296068407582683 -1931.0228501849217 1.98927743367512e-15 22.091382814830293 -4286.176650865988 7.384241074305963e-19 0.0044963871757949395 0.12760962554106245
-0.4085514771709884 -0.27498657117278424 2.02487484988809 622.9644501581788 532.5184472808614 280.8123307824135 103.86587458848953 3.1904377252197462 3.7296068407582683 -1931.0228501849217 1.98927743367512e-15 22.091382814830293 -4286.176650865988 7.384241074305963e-19 0.0044963871757949395 0.12760962554106245
-0.3319480752014253 -0.30739570277529055 1.9710369838288575 620.7615876346827 531.3500863634981 278.7256932556629 101.88407799601555 3.1904377252197462 3.7296068407582683 -1931.0228501849217 1.98927743367512e-15 22.091382814830293 -4286.176650865988 7.384241074305963e-19 0.0044963871757949395 0.12760962554106245
-0.272040286481641 -0.32998388540734136 1.9313623272730172 618.7858584262431 530.0590363452211 278.7542265355587 100.76649038493633 3.1904377252197462 3.7296068407582683 -1931.0228501849217 1.98927743367512e-15 22.091382814830293 -4286.176650865988 7.384241074305963e-19 0.0044963871757949395 0.12760962554106245
-0.21606087735003585 -0.34569740376007096 1.8444556478769598 617.0614512301981 528.6443428373896 281.1723427474499 100.64341706037521 3.1904377252197462 3.7296068407582683 -1931.0228501849217 1.98927743367512e-15 22.091382814830293 -4286.176650865988 7.384241074305963e-19 0.0044963871757949395 0.12760962554106245
-0.16008146821843958 -0.35355416293643693 1.7102363838862615 615.6134854443371 527.1052154190838 286.26614609360695 101.6511844843626 3.1904377252197462 3.7296068407582683 -1931.0228501849217 1.98927743367512e-15 22.091382814830293 -4286.176650865988 7.384241074305963e-19 0.0044963871757949395 0.12760962554106245
-0.11097672336615222 -0.3555183527305287 1.610775013918192 614.4680112041533 525.4410276515409 294.333431661129 103.93214058876038 3.1904377252197462 3.7296068407582683 -1931.0228501849217 1.98927743367512e-15 22.091382814830293 -4286.176650865988 7.384241074305963e-19 0.0044963871757949395 0.12760962554106245
-0.0638361683079633 -0.35158997314234625 1.4876550949064553 613.6520093381405 523.6513170641847 305.68368622660637 107.6346545368433 3.1904377252197462 3.7296068407582683 -1931.0228501849217 1.98927743367512e-15 22.091382814830293 -4286.176650865988 7.384241074305963e-19 0.0044963871757949395 0.12760962554106245
-0.017677708146819165 -0.34275111906893446 1.3815973046949026 613.1933914236724 521.7357851671986 320.63808819651604 112.91311676800251 3.1904377252197462 3.7296068407582683 -1931.0228501849217 1.98927743367512e-15 22.091382814830293 -4286.176650865988 7.384241074305963e-19 0.0044963871757949395 0.12760962554106245
0.029462846911369744 -0.3290017905102966 1.2870022175865796 613.1209997087717 519.6942974450067 339.52950701117516 119.9279391169548 3.1904377252197462 3.7296068407582683 -1931.0228501849217 1.98927743367512e-15 22.091382814830293 -4286.176650865988 7.384241074305963e-19 0.0044963871757949395 0.12760962554106245
0.06874664279319606 -0.31328827215756583 1.1902899496825268 613.4646072350442 517.5268833562732 362.70250415802 128.8455545157194 3.1904377252197462 3.7296068407582683 -1931.0228501849217 1.98927743367512e-15 22.091382814830293 -4286.176650865988 7.384241074305963e-19 0.0044963871757949395 0.12760962554106245
0.10901253357206715 -0.29462846911369855 1.1368429574009962 614.2549176923931 515.2337363371626 390.5133317708969 139.83841761946678 3.1904377252197462 3.7296068407582683 -1931.0228501849217 1.98927743367512e-15 22.091382814830293 -4286.176650865988 7.384241074305963e-19 0.0044963871757949395 0.12760962554106245
0.1492784243509427 -0.2759686660698313 1.1368429574010384 615.5235655419528 512.8152137999423 423.32993414998055 153.08500382304192 3.1904377252197462 3.7296068407582683 -1931.0228501849217 1.98927743367512e-15 22.091382814830293 -4286.176650865988 7.384241074305963e-19 0.0044963871757949395 0.12760962554106245
0.1895443151298138 -0.257308863025964 1.1368429574009962 617.3031158968806 510.27183713251725 461.5319467484951 168.76981031894684 3.1904377252197462 3.7296068407582683 -1931.0228501849217 1.98927743367512e-15 22.091382814830293 -4286.176650865988 7.384241074305963e-19 0.0044963871757949395 0.12760962554106245
0.2229355416293626 -0.23668487018800383 1.0427218783684977 619.6270646825433 507.6042916914448 505.5106965303421 187.08335529267788 3.1904377252197462 3.7296068407582683 -1931.0228501849217 1.98927743367512e-15 22.091382814830293 -4286.176650865988 7.384241074305963e-19 0.0044963871757949395 0.12760962554106245
0.24945210384958913 -0.21409668755595412 0.900274768814296 622.5298384651542 504.81342682335526 555.6692015528679 208.2221784889698 3.1904377252197462 3.7296068407582683 -1931.0228501849217 1.98927743367512e-15 22.091382814830293 -4286.176650865988 7.384241074305963e-19 0.0044963871757949395 0.12760962554106245
0.2798970456580081 -0.18856222023276792 0.9034901918165861 626.0467945709825 501.9002558342181 612.4221720099449 232.38884080946445 3.1904377252197462 3.7296068407582683 -1931.0228501849217 1.98927743367512e-15 22.091382814830293 -4286.176650865988 7.384241074305963e-19 0.0044963871757949395 0.12760962554106245
0.30248522829005553 -0.1610635631154877 0.7288547264525986 630.2142210155725 498.86595601495355 676.1960092186928 259.79192428290844 3.1904377252197462 3.7296068407582683 -1931.0228501849217 1.98927743367512e-15 22.091382814830293 -4286.176650865988 7.384241074305963e-19 0.0044963871757949395 0.12760962554106245
