17 -5.14421307072515 -0.01964189794091428 2.368468935560249 -5.16974753804835 0.05892569382273949
-5.14421307072515 -0.01964189794091428 2.368468935560249 635.0219843536615 713.5841817259789 312.3621711730957 93.8064832687378 3.0932664661425573 3.6513773571315924 -1823.3470257522924 -0.04338532000546757 21.5447314728733 -3988.1303061306803 -1.8183285836323332e-05 0.004381626526503966 0.19238394664873842
-5.144213070725154 -0.007856759176365935 2.3346879455721017 634.617157522589 713.1527475900948 410.00898265838623 129.82710123062134 3.0932664661425573 3.6513773571315924 -1823.3470257522924 -0.04338532000546757 21.5447314728733 -3988.1303061306803 -1.8183285836323332e-05 0.004381626526503966 0.19238394664873842
-5.144213070725159 0.003928379588181293 2.3009069555839545 634.4078720733523 712.865122307092 495.4553327560425 164.55107831954956 3.0932664661425573 3.6513773571315924 -1823.3470257522924 -0.04338532000546757 21.5447314728733 -3988.1303061306803 -1.8183285836323332e-05 0.004381626526503966 0.19238394664873842
-5.144213070725154 0.008838854073409582 2.267125965595807 634.3676831200719 712.6918528564274 567.9913167953491 196.77418994903564 3.0932664661425573 3.6513773571315924 -1823.3470257522924 -0.04338532000546757 21.5447314728733 -3988.1303061306803 -1.8183285836323332e-05 0.004381626526503966 0.19238394664873842
-5.150105640107432 0.011785138764548344 2.2333449756076598 634.472759898752 712.6049791015685 627.3081455230713 225.64499187469482 3.0932664661425573 3.6513773571315924 -1823.3470257522924 -0.04338532000546757 21.5447314728733 -3988.1303061306803 -1.8183285836323332e-05 0.004381626526503966 0.19238394664873842
-5.155998209489709 0.012767233661593108 2.1995639856195126 634.7018858343363 712.5780337527394 673.4981422424316 250.66480016708374 3.0932664661425573 3.6513773571315924 -1823.3470257522924 -0.04338532000546757 21.5447314728733 -3988.1303061306803 -1.8183285836323332e-05 0.004381626526503966 0.19238394664873842
-5.163854968666077 0.013749328558638989 2.165782995631365 635.0364585220814 712.5860423818231 707.0547409057617 271.68772077560425 3.0932664661425573 3.6513773571315924 -1823.3470257522924 -0.04338532000546757 21.5447314728733 -3988.1303061306803 -1.8183285836323332e-05 0.004381626526503966 0.19238394664873842
-5.171711727842439 0.0176777081468214 2.1320020056432183 635.4604896828532 712.605523429811 728.8724966049194 288.92062759399414 3.0932664661425573 3.6513773571315924 -1823.3470257522924 -0.04338532000546757 21.5447314728733 -3988.1303061306803 -1.8183285836323332e-05 0.004381626526503966 0.19238394664873842
-5.1776042972247165 0.019641897940912045 2.098221015655071 635.960605211556 712.6144881136715 740.247052192688 302.92317295074463 3.171022184792295 3.6606409903473978 -1863.5126229228524 0.08755361560494919 21.651778367617347 -4091.6394519198466 3.669472573551934e-05 0.004391248919872244 0.16313419297813225
-5.1854610564010795 0.019641897940912045 2.064440025666924 636.5260452143848 712.5924405939877 742.8751916885376 314.60777521133423 3.171022184792295 3.6606409903473978 -1863.5126229228524 0.08755361560494919 21.651778367617347 -4091.6394519198466 3.669472573551934e-05 0.004391248919872244 0.16313419297813225
-5.18349686660699 0.02258818263204857 2.0306590356787764 637.148663919419 712.5203778333962 738.8547954559326 325.23964166641235 3.171022184792295 3.6606409903473978 -1863.5126229228524 0.08755361560494919 21.651778367617347 -4091.6394519198466 3.669472573551934e-05 0.004391248919872244 0.16313419297813225
-5.179568487018811 0.027498657117276865 1.9968780456906292 637.8229297064245 712.3807896673679 730.6848621368408 336.4367427825928 3.171022184792295 3.6606409903473978 -1863.5126229228524 0.08755361560494919 21.651778367617347 -4091.6394519198466 3.669472573551934e-05 0.004391248919872244 0.16313419297813225
-5.179568487018806 0.03240913160250515 1.963097055702482 638.5459251329303 712.1576587744057 721.2654981613159 350.1698274612427 3.171022184792295 3.6606409903473978 -1863.5126229228524 0.08755361560494919 21.651778367617347 -4091.6394519198466 3.669472573551934e-05 0.004391248919872244 0.16313419297813225
-5.177604297224721 0.04321217547000873 1.9293160657143344 639.3173469379544 711.8364606723189 713.8979301452637 368.7624177932739 3.171022184792295 3.6606409903473978 -1863.5126229228524 0.08755361560494919 21.651778367617347 -4091.6394519198466 3.669472573551934e-05 0.004391248919872244 0.16313419297813225
-5.16974753804835 0.05401521933751008 1.8955350757261877 640.1395060010254 711.4041637703776 712.2844858169556 394.8908181190491 3.171022184792295 3.6606409903473978 -1863.5126229228524 0.08755361560494919 21.651778367617347 -4091.6394519198466 3.669472573551934e-05 0.004391248919872244 0.16313419297813225
-5.1677833482542646 0.060889883616830134 1.8617540857380406 641.0173273682594 710.849229298532 720.5286226272583 431.58409214019775 3.171022184792295 3.6606409903473978 -1863.5126229228524 0.08755361560494919 21.651778367617347 -4091.6394519198466 3.669472573551934e-05 0.004391248919872244 0.16313419297813225
-5.16778334825426 0.06187197851387713 1.827973095749893 641.9583502709866 710.1616113372147 743.1348848342896 482.2240962982178 3.171022184792295 3.6606409903473978 -1863.5126229228524 0.08755361560494919 21.651778367617347 -4091.6394519198466 3.669472573551934e-05 0.004391248919872244 0.16313419297813225
-5.16974753804835 0.05892569382273949 1.7941921057617458 577.0662267655134 792.1027173250914 732.5446945689619 504.0558004505001 3.171022184792295 3.6606409903473978 -1863.5126229228524 0.08755361560494919 21.651778367617347 -4091.6394519198466 3.669472573551934e-05 0.004391248919872244 0.16313419297813225
-5.171711727842439 0.054997314234557074 1.7604111157735987 595.2983660921454 762.3197093904018 726.2482142969966 494.0566184693016 3.171022184792295 3.6606409903473978 -1863.5126229228524 0.08755361560494919 21.651778367617347 -4091.6394519198466 3.669472573551934e-05 0.004391248919872244 0.16313419297813225
-5.169747538048354 0.05303312444046531 1.7266301257854515 611.8627650178969 735.3463247790933 720.8037387169898 484.15052074799314 3.171022184792295 3.6606409903473978 -1863.5126229228524 0.08755361560494919 21.651778367617347 -4091.6394519198466 3.669472573551934e-05 0.004391248919872244 0.16313419297813225
-5.177604297224721 0.04714055505819114 1.692849135797304 626.8420844078064 711.0417970493436 716.1504006125033 474.34486804157495 3.171022184792295 3.6606409903473978 -1863.5126229228524 0.08755361560494919 21.651778367617347 -4091.6394519198466 3.669472573551934e-05 0.004391248919872244 0.16313419297813225
-5.187425246195177 0.039283795881826324 1.6590681458091572 640.3171365112066 689.2684618234634 712.2290833517909 464.64676450937986 3.171022184792295 3.6606409903473978 -1863.5126229228524 0.08755361560494919 21.651778367617347 -4091.6394519198466 3.669472573551934e-05 0.004391248919872244 0.16313419297813225
-5.092162041181746 0.0088388540734107 1.62528715582101 652.3668846189976 669.8917565345764 708.9824208691716 455.0630577118136 3.171022184792295 3.6606409903473978 -1863.5126229228524 0.08755361560494919 21.651778367617347 -4091.6394519198466 3.669472573551934e-05 0.004391248919872244 0.16313419297813225
-4.965471799462855 -0.03731960608773568 1.5915061658328624 663.0684433020651 652.7802206873894 706.3547977767885 445.6003386150114 3.171022184792295 3.6606409903473978 -1863.5126229228524 0.08755361560494919 21.651778367617347 -4091.6394519198466 3.669472573551934e-05 0.004391248919872244 0.16313419297813225
-4.664950760966885 -0.03339122649955327 1.5577251758447155 672.4970783665776 637.8054956421256 704.2923493385315 436.26494157360867 3.171022184792295 3.6606409903473978 -1863.5126229228524 0.08755361560494919 21.651778367617347 -4091.6394519198466 3.669472573551934e-05 0.004391248919872244 0.16313419297813225
-4.296665174574759 0.0176777081468214 1.6520775002766266 680.7262067720294 624.8423248305917 702.7429613657296 427.06294436054304 3.171022184792295 3.6606409903473978 -1863.5126229228524 0.08755361560494919 21.651778367617347 -4091.6394519198466 3.669472573551934e-05 0.004391248919872244 0.16313419297813225
-3.9057914055505893 0.09919158460161058 1.746429824708538 687.8273967169225 613.7685535028577 701.6562703028321 418.0001681316644 3.171022184792295 3.6606409903473978 -1863.5126229228524 0.08755361560494919 21.651778367617347 -4091.6394519198466 3.669472573551934e-05 0.004391248919872244 0.16313419297813225
-3.5158997314234606 0.19543688451208463 1.8407821491404492 693.8703675866127 604.4651289954782 700.9836632572114 409.0821774620563 3.171022184792295 3.6606409903473978 -1863.5126229228524 0.08755361560494919 21.651778367617347 -4091.6394519198466 3.669472573551934e-05 0.004391248919872244 0.16313419297813225
-3.1377931960608865 0.29757475380483284 1.9351344735723603 698.9229899793863 596.8161005079746 700.6782779432833 400.3142803092487 3.171022184792295 3.6606409903473978 -1863.5126229228524 0.08755361560494919 21.651778367617347 -4091.6394519198466 3.669472573551934e-05 0.004391248919872244 0.16313419297813225
-2.767543419874671 0.39971262309758104 2.0294867980042715 703.0512857250869 590.7086192816496 700.6950026527047 391.70152805093676 3.171022184792295 3.6606409903473978 -1863.5126229228524 0.08755361560494919 21.651778367617347 -4091.6394519198466 3.669472573551934e-05 0.004391248919872244 0.16313419297813225
-2.4022041181736875 0.5008683974932845 2.123839122436183 706.319427806884 586.0329383760691 700.9904763400555 383.2487154500559 3.171022184792295 3.6606409903473978 -1863.5126229228524 0.08755361560494919 21.651778367617347 -4091.6394519198466 3.669472573551934e-05 0.004391248919872244 0.16313419297813225
-2.045703670546112 0.601042076991941 2.218191446868094 708.7897404804826 582.6824129745364 701.5230886004865 374.96038068132475 3.171022184792295 3.6606409903473978 -1863.5126229228524 0.08755361560494919 21.651778367617347 -4091.6394519198466 3.669472573551934e-05 0.004391248919872244 0.16313419297813225
-1.7962515666965095 0.7247860340196941 2.312543771300005 710.522699162364 580.5535001009703 702.2529795877635 366.8408053130843 3.171022184792295 3.6606409903473978 -1863.5126229228524 0.08755361560494919 21.651778367617347 -4091.6394519198466 3.669472573551934e-05 0.004391248919872244 0.16313419297813225
-1.5880474485228318 0.8632614145031321 2.4068960957319163 711.5769304744899 579.545758806169 703.1420401185751 358.89401432313025 3.171022184792295 3.6606409903473978 -1863.5126229228524 0.08755361560494919 21.651778367617347 -4091.6394519198466 3.669472573551934e-05 0.004391248919872244 0.16313419297813225
-1.564477170993735 0.9516499552372425 2.5012484201638276 712.0092123039067 579.561849988997 704.1539116315544 351.12377607868984 3.171022184792295 3.6606409903473978 -1863.5126229228524 0.08755361560494919 21.651778367617347 -4091.6394519198466 3.669472573551934e-05 0.004391248919872244 0.16313419297813225
-1.6057251566696555 1.0007547000895254 2.595600744595739 711.874473657459 580.507536649704 705.2539861388505 343.533602357842 3.171022184792295 3.6606409903473978 -1863.5126229228524 0.08755361560494919 21.651778367617347 -4091.6394519198466 3.669472573551934e-05 0.004391248919872244 0.16313419297813225
-1.668579230080574 1.0262891674127128 2.6899530690276503 711.2257948219776 582.2916835919023 706.4094063676894 336.12674833927304 3.171022184792295 3.6606409903473978 -1863.5126229228524 0.08755361560494919 21.651778367617347 -4091.6394519198466 3.669472573551934e-05 0.004391248919872244 0.16313419297813225
-1.7314333034915015 1.0410205908683965 2.7843053934595616 710.1144072562456 584.8262577429414 707.5890655554831 328.90621259389445 3.171022184792295 3.6606409903473978 -1863.5126229228524 0.08755361560494919 21.651778367617347 -4091.6394519198466 3.669472573551934e-05 0.004391248919872244 0.16313419297813225
-1.782502238137874 1.0537878245299908 2.8786577178914725 708.5896936357021 588.0263278484344 708.7636076286435 321.87473710719496 3.171022184792295 3.6606409903473978 -1863.5126229228524 0.08755361560494919 21.651778367617347 -4091.6394519198466 3.669472573551934e-05 0.004391248919872244 0.16313419297813225
-1.832589077887206 1.0695013428827214 2.9730100423233834 706.6991878412664 591.8100646138191 709.9054271318018 315.0348072545603 3.171022184792295 3.6606409903473978 -1863.5126229228524 0.08755361560494919 21.651778367617347 -4091.6394519198466 3.669472573551934e-05 0.004391248919872244 0.16313419297813225
-1.8816938227394844 1.0891432408236346 3.0673623667552947 704.4885749332607 596.0987408012152 710.9886691793799 308.3886518175714 3.171022184792295 3.6606409903473978 -1863.5126229228524 0.08755361560494919 21.651778367617347 -4091.6394519198466 3.669472573551934e-05 0.004391248919872244 0.16313419297813225
-1.9219597135183555 1.1117314234556854 3.161714691187206 702.0016912519932 600.8167310804129 711.9892295822501 301.9382429770194 3.171022184792295 3.6606409903473978 -1863.5126229228524 0.08755361560494919 21.651778367617347 -4091.6394519198466 3.669472573551934e-05 0.004391248919872244 0.16313419297813225
-1.9592793196060923 1.1372658907788726 3.2560670156191174 699.2805242799222 605.8915120214224 712.8847547210753 295.6852963180281 3.171022184792295 3.6606409903473978 -1863.5126229228524 0.08755361560494919 21.651778367617347 -4091.6394519198466 3.669472573551934e-05 0.004391248919872244 0.16313419297813225
-1.9907063563115561 1.162800358102059 3.3504193400510287 696.3652127087116 611.2536622062325 713.6546416059136 289.6312708207406 3.171022184792295 3.6606409903473978 -1863.5126229228524 0.08755361560494919 21.651778367617347 -4091.6394519198466 3.669472573551934e-05 0.004391248919872244 0.16313419297813225
-2.160608773500457 1.1244986571172797 3.4447716644829396 693.2940464839339 616.8368621915579 714.2800378724933 283.7773688766174 3.171022184792295 3.6606409903473978 -1863.5126229228524 0.08755361560494919 21.651778367617347 -4091.6394519198466 3.669472573551934e-05 0.004391248919872244 0.16313419297813225
-2.373723366159363 1.0508415398388542 3.539123988914851 690.1034666970372 622.5778944641352 714.7438417598605 278.12453626235947 3.171022184792295 3.6606409903473978 -1863.5126229228524 0.08755361560494919 21.651778367617347 -4091.6394519198466 3.669472573551934e-05 0.004391248919872244 0.16313419297813225
-2.59764100268577 0.961470904207698 3.6334763133467627 686.8280657306314 628.4166434258223 715.0307021774352 272.6734621725045 3.171022184792295 3.6606409903473978 -1863.5126229228524 0.08755361560494919 21.651778367617347 -4091.6394519198466 3.669472573551934e-05 0.004391248919872244 0.16313419297813225
-2.827451208594455 0.8642435094001791 3.727828637778673 683.5005870684981 634.2960954606533 715.1270185858011 267.4245791924186 3.171022184792295 3.6606409903473978 -1863.5126229228524 0.08755361560494919 21.651778367617347 -4091.6394519198466 3.669472573551934e-05 0.004391248919872244 0.16313419297813225
-3.0572614145031443 0.7650519247985674 3.8221809622105845 680.1519254595041 640.1623389795423 715.0209411010146 262.37806331552565 3.171022184792295 3.6606409903473978 -1863.5126229228524 0.08755361560494919 21.651778367617347 -4091.6394519198466 3.669472573551934e-05 0.004391248919872244 0.16313419297813225
-3.2772506714413683 0.664878245299911 3.916533286642496 676.8111268952489 645.9645642489195 714.7023704908788 257.53383392607793 3.171022184792295 3.6606409903473978 -1863.5126229228524 0.08755361560494919 21.651778367617347 -4091.6394519198466 3.669472573551934e-05 0.004391248919872244 0.16313419297813225
-3.5767896150402896 0.5499731423455685 4.010885611074407 673.5053884871304 651.6550635322928 714.1629581004381 252.89155382057652 3.171022184792295 3.6606409903473978 -1863.5126229228524 0.08755361560494919 21.651778367617347 -4091.6394519198466 3.669472573551934e-05 0.004391248919872244 0.16313419297813225
-3.901863025962401 0.42819337511190825 4.105237935506318 670.2600586526096 657.1892310380936 713.3961058743298 248.45062919007614 3.171022184792295 3.6606409903473978 -1863.5126229228524 0.08755361560494919 21.651778367617347 -4091.6394519198466 3.669472573551934e-05 0.004391248919872244 0.16313419297813225
-4.226936436884518 0.3015031333930175 4.19959025993823 667.0986369103193 662.5255629867315 712.3969664685428 244.2102096285671 3.171022184792295 3.6606409903473978 -1863.5126229228524 0.08755361560494919 21.651778367617347 -4091.6394519198466 3.669472573551934e-05 0.004391248919872244 0.16313419297813225
-4.551027752909576 0.1748128916741278 4.29394258437014 664.0427740775049 667.625657454133 711.162443049252 240.16918813064694 3.125240803171758 3.638031315246961 -1834.6592799219286 3.177820177877019e-15 21.512566745876253 -3991.147674767726 1.1796381917916462e-18 0.004375225384360067 0.1882804676145515
-4.723876454789611 0.11392300805729544 4.3882949088020515 661.1122721545398 672.4542145431042 709.691189493984 236.3262010938488 3.125240803171758 3.638031315246961 -1834.6592799219286 3.177820177877019e-15 21.512566745876253 -3991.147674767726 1.1796381917916462e-18 0.004375225384360067 0.1882804676145515
-4.848602506714412 0.08838854073411147 4.482647233233963 658.3250842727721 676.979036308825 707.9836102351546 232.6796283153817 3.125240803171758 3.638031315246961 -1834.6592799219286 3.177820177877019e-15 21.512566745876253 -3991.147674767726 1.1796381917916462e-18 0.004375225384360067 0.1882804676145515
-4.957615040286484 0.07071083258728894 4.52034096314396 655.6973149143159 681.1710267588496 706.0418603718281 229.22759299073368 3.125240803171758 3.638031315246961 -1834.6592799219286 3.177820177877019e-15 21.512566745876253 -3991.147674767726 1.1796381917916462e-18 0.004375225384360067 0.1882804676145515
-5.061717099373318 0.055979409131604076 4.53937882970752 653.2432196103036 685.0041918084025 703.8698456175625 225.96796172345057 3.125240803171758 3.638031315246961 -1834.6592799219286 3.177820177877019e-15 21.512566745876253 -3991.147674767726 1.1796381917916462e-18 0.004375225384360067 0.1882804676145515
-5.157962399283795 0.03830170098478044 4.494834861250678 650.9752052426338 688.4556393548846 701.4732222482562 222.89834451163188 3.125240803171758 3.638031315246961 -1834.6592799219286 3.177820177877019e-15 21.512566745876253 -3991.147674767726 1.1796381917916462e-18 0.004375225384360067 0.1882804676145515
-5.257153983885405 0.017677708146822516 4.507389004381123 648.9038297981024 691.5055793225765 698.8593972399831 220.01609475677833 3.125240803171758 3.638031315246961 -1834.6592799219286 3.177820177877019e-15 21.512566745876253 -3991.147674767726 1.1796381917916462e-18 0.004375225384360067 0.1882804676145515
-5.26893912264996 0.008838854073411817 4.068887871591708 647.0378025174141 694.1373234912753 696.0375281609595 217.31830926332623 3.125240803171758 3.638031315246961 -1834.6592799219286 3.177820177877019e-15 21.512566745876253 -3991.147674767726 1.1796381917916462e-18 0.004375225384360067 0.1882804676145515
-5.253225604297226 0.0049104744852282904 1.8157749899217608 645.3839838169515 696.3372856676579 693.01852318272 214.8018282353878 3.125240803171758 3.638031315246961 -1834.6592799219286 3.177820177877019e-15 21.512566745876253 -3991.147674767726 1.1796381917916462e-18 0.004375225384360067 0.1882804676145515
-5.232601611459268 0.0029462846911387608 1.6657480331375711 643.9473853930831 698.0949815288186 689.8150411173701 212.46323527488858 3.125240803171758 3.638031315246961 -1834.6592799219286 3.177820177877019e-15 21.512566745876253 -3991.147674767726 1.1796381917916462e-18 0.004375225384360067 0.1882804676145515
-5.224744852282901 -0.0058925693822730555 2.414950312908005 642.7311700321734 699.4030287787318 686.4414913803339 210.2988573941402 3.125240803171758 3.638031315246961 -1834.6592799219286 3.177820177877019e-15 21.512566745876253 -3991.147674767726 1.1796381917916462e-18 0.004375225384360067 0.1882804676145515
-5.222780662488812 -0.020623992837957926 3.0090411212932384 641.7366518601775 700.257147103548 682.9140340164304 208.30476499255747 3.125240803171758 3.638031315246961 -1834.6592799219286 3.177820177877019e-15 21.512566745876253 -3991.147674767726 1.1796381917916462e-18 0.004375225384360067 0.1882804676145515
-5.224744852282897 -0.039283795881825206 3.2464695923196967 640.9632960781455 700.6561580896378 679.2505796998739 206.47677188646048 3.125240803171758 3.638031315246961 -1834.6592799219286 3.177820177877019e-15 21.512566745876253 -3991.147674767726 1.1796381917916462e-18 0.004375225384360067 0.1882804676145515
-5.226709042076995 -0.05303312444046531 3.283489708194457 640.4087192006409 700.6019852310419 675.470789719373 204.81043527601287 3.125240803171758 3.638031315246961 -1834.6592799219286 3.177820177877019e-15 21.512566745876253 -3991.147674767726 1.1796381917916462e-18 0.004375225384360067 0.1882804676145515
-5.224744852282897 -0.06383616830796666 2.96173915379666 640.0686888955534 700.0996540859342 671.5960759818554 203.30105578154325 3.125240803171758 3.638031315246961 -1834.6592799219286 3.177820177877019e-15 21.512566745876253 -3991.147674767726 1.1796381917916462e-18 0.004375225384360067 0.1882804676145515
-5.230637421665165 -0.07267502238137735 3.7295952571369524 639.9371240623295 699.157292149961 667.6496010124683 201.9436774062924 3.125240803171758 3.638031315246961 -1834.6592799219286 3.177820177877019e-15 21.512566745876253 -3991.147674767726 1.1796381917916462e-18 0.004375225384360067 0.1882804676145515
-5.238494180841537 -0.08053178155774218 3.9269908169876677 640.006094776094 697.7861288189888 663.6562779508531 200.73308757180348 3.125240803171758 3.638031315246961 -1834.6592799219286 3.177820177877019e-15 21.512566745876253 -3991.147674767726 1.1796381917916462e-18 0.004375225384360067 0.1882804676145515
-5.246350940017904 -0.08937063563115287 3.868234994271644 640.2658223360777 696.0004954114556 659.6427705958486 199.66381708486006 3.125240803171758 3.638031315246961 -1834.6592799219286 3.177820177877019e-15 21.512566745876253 -3991.147674767726 1.1796381917916462e-18 0.004375225384360067 0.1882804676145515
-5.256171888988365 -0.09722739480751881 4.037648038161317 640.7046792842448 693.8178253695369 655.6374932937324 198.73014016309753 3.125240803171758 3.638031315246961 -1834.6592799219286 3.177820177877019e-15 21.512566745876253 -3991.147674767726 1.1796381917916462e-18 0.004375225384360067 0.1882804676145515
-5.097072515666966 -0.1070483437779754 1.6324464974341546 641.30918931216 691.2586538717151 651.6706110872328 197.92607442336157 3.125240803171758 3.638031315246961 -1834.6592799219286 3.177820177877019e-15 21.512566745876253 -3991.147674767726 1.1796381917916462e-18 0.004375225384360067 0.1882804676145515
-4.859405550581913 -0.11097672336615669 1.5873237473976116 642.0640273429453 688.3466182425618 647.7740395925939 197.24538088170812 3.125240803171758 3.638031315246961 -1834.6592799219286 3.177820177877019e-15 21.512566745876253 -3991.147674767726 1.1796381917916462e-18 0.004375225384360067 0.1882804676145515
-4.601114592658904 -0.11097672336615892 1.5707963267949052 642.9520195201039 685.1084576621652 643.9814450889826 196.68156395852566 3.125240803171758 3.638031315246961 -1834.6592799219286 3.177820177877019e-15 21.512566745876253 -3991.147674767726 1.1796381917916462e-18 0.004375225384360067 0.1882804676145515
-4.340859444941804 -0.10803043867502127 1.559476055661435 643.9541431479156 681.5740132778883 640.3282444253564 196.22787147015333 3.125240803171758 3.638031315246961 -1834.6592799219286 3.177820177877019e-15 21.512566745876253 -3991.147674767726 1.1796381917916462e-18 0.004375225384360067 0.1882804676145515
-4.087478961504023 -0.10311996418979298 1.5514189075040565 645.0495268031955 677.7762282192707 636.8516050763428 195.8772946409881 3.125240803171758 3.638031315246961 -1834.6592799219286 3.177820177877019e-15 21.512566745876253 -3991.147674767726 1.1796381917916462e-18 0.004375225384360067 0.1882804676145515
-3.849811996418975 -0.042230080572962854 1.3199924868384447 646.2154502347112 673.7511475458741 633.5904451683164 195.62256808951497 3.125240803171758 3.638031315246961 -1834.6592799219286 3.177820177877019e-15 21.512566745876253 -3991.147674767726 1.1796381917916462e-18 0.004375225384360067 0.1882804676145515
-3.6249122649955186 0.04910474485228402 1.1850307945639091 647.427344378084 669.5379182398319 630.5854334719479 195.45616984227672 3.125240803171758 3.638031315246961 -1834.6592799219286 3.177820177877019e-15 21.512566745876253 -3991.147674767726 1.1796381917916462e-18 0.004375225384360067 0.1882804676145515
-3.4098334825425187 0.15026051924798636 1.1311736692010415 648.6587914116681 665.1787893399596 627.878989327699 195.3703213161789 3.125240803171758 3.638031315246961 -1834.6592799219286 3.177820177877019e-15 21.512566745876253 -3991.147674767726 1.1796381917916462e-18 0.004375225384360067 0.1882804676145515
-3.1996651745747515 0.2523983885407346 1.1184264351324802 649.8815247379243 660.7191117703915 625.5152826756239 195.35698734642938 3.125240803171758 3.638031315246961 -1834.6592799219286 3.177820177877019e-15 21.512566745876253 -3991.147674767726 1.1796381917916462e-18 0.004375225384360067 0.1882804676145515
-2.994407341092208 0.3447153088630273 1.1481413660393522 651.0654288977385 656.207338385284 623.5402341373265 195.4078761478886 3.125240803171758 3.638031315246961 -1834.6592799219286 3.177820177877019e-15 21.512566745876253 -3991.147674767726 1.1796381917916462e-18 0.004375225384360067 0.1882804676145515
-2.9678907788719813 0.42426499552372476 0.32175055439657485 652.1785396896303 651.6950240582228 622.0015149116516 195.5144393602386 3.125240803171758 3.638031315246961 -1834.6592799219286 3.177820177877019e-15 21.512566745876253 -3991.147674767726 1.1796381917916462e-18 0.004375225384360067 0.1882804676145515
-3.0130671441360763 0.4900653536257832 5.681531674521311 653.1870441138744 647.2368256226182 620.9485468715429 195.66787200002 3.125240803171758 3.638031315246961 -1834.6592799219286 3.177820177877019e-15 21.512566745876253 -3991.147674767726 1.1796381917916462e-18 0.004375225384360067 0.1882804676145515
-3.078867502238138 0.5421163831692037 5.381645516902134 654.0552803687751 642.8905018046498 620.4325024373829 195.859112507198 3.125240803171758 3.638031315246961 -1834.6592799219286 3.177820177877019e-15 21.512566745876253 -3991.147674767726 1.1796381917916462e-18 0.004375225384360067 0.1882804676145515
-3.1446678603402 0.5823822739480771 5.261541883063697 654.7457378543913 638.7169132828712 620.506304718554 196.07884270185605 3.125240803171758 3.638031315246961 -1834.6592799219286 3.177820177877019e-15 21.512566745876253 -3991.147674767726 1.1796381917916462e-18 0.004375225384360067 0.1882804676145515
-3.2104682184422573 0.6118451208594456 5.133379554636932 655.2190572246909 634.780022777617 621.2246273905039 196.31748782470822 3.125240803171758 3.638031315246961 -1834.6592799219286 3.177820177877019e-15 21.512566745876253 -3991.147674767726 1.1796381917916462e-18 0.004375225384360067 0.1882804676145515
-3.265465532676813 0.5755076096687559 4.128518584722562 655.4340302497149 631.1468949317932 622.6438947916031 196.56521650590003 3.125240803171758 3.638031315246961 -1834.6592799219286 3.177820177877019e-15 21.512566745876253 -3991.147674767726 1.1796381917916462e-18 0.004375225384360067 0.1882804676145515
-3.3126060877350065 0.5008683974932856 3.704908915081777 655.3475999683142 627.8876962959766 624.822281844914 196.81194077525288 3.125240803171758 3.638031315246961 -1834.6592799219286 3.177820177877019e-15 21.512566745876253 -3991.147674767726 1.1796381917916462e-18 0.004375225384360067 0.1882804676145515
-3.356800358102061 0.4105156669650846 3.5965068601821706 654.9148606620729 625.0756953582168 627.8197141252458 197.04731607437134 3.125240803171758 3.638031315246961 -1834.6592799219286 3.177820177877019e-15 21.512566745876253 -3991.147674767726 1.1796381917916462e-18 0.004375225384360067 0.1882804676145515
-3.4049230080572994 0.31525246195165646 3.6093554656977207 654.0890577174723 622.7872627228498 631.6978677995503 197.260741236154 3.125240803171758 3.638031315246961 -1834.6592799219286 3.177820177877019e-15 21.512566745876253 -3991.147674767726 1.1796381917916462e-18 0.004375225384360067 0.1882804676145515
-3.4559919427036716 0.22195344673231895 3.6424132135542613 652.8215878456831 621.1018707081676 636.5201696939766 197.44135849690065 3.125240803171758 3.638031315246961 -1834.6592799219286 3.177820177877019e-15 21.512566745876253 -3991.147674767726 1.1796381917916462e-18 0.004375225384360067 0.1882804676145515
-3.5060787824530038 0.1404395702775298 3.6925751412634646 651.0619988702238 620.1020938754082 642.3517972193658 197.5780535005033 3.125240803171758 3.638031315246961 -1834.6592799219286 3.177820177877019e-15 21.512566745876253 -3991.147674767726 1.1796381917916462e-18 0.004375225384360067 0.1882804676145515
-3.555183527305287 0.06972873769024307 3.7485803176362054 648.7579898349941 619.873608417809 649.2596784047782 197.65945527795702 3.125240803171758 3.638031315246961 -1834.6592799219286 3.177820177877019e-15 21.512566745876253 -3991.147674767726 1.1796381917916462e-18 0.004375225384360067 0.1882804676145515
-3.6033061772605204 0.006874664279320053 3.8475125723789723 645.8554110303521 620.5051927790046 657.3124919235706 197.6739362757653 3.125240803171758 3.638031315246961 -1834.6592799219286 3.177820177877019e-15 21.512566745876253 -3991.147674767726 1.1796381917916462e-18 0.004375225384360067 0.1882804676145515
-3.653393017009857 -0.050086839749329905 3.9178167624421714 642.2982639744878 622.0887271389365 666.5806670747697 197.6096123359166 3.125240803171758 3.638031315246961 -1834.6592799219286 3.177820177877019e-15 21.512566745876253 -3991.147674767726 1.1796381917916462e-18 0.004375225384360067 0.1882804676145515
-3.6985693822739565 -0.10213786929275046 3.9168901504018825 638.0287013277411 624.7191938310862 677.1363837495446 197.45434269495308 3.125240803171758 3.638031315246961 -1834.6592799219286 3.177820177877019e-15 21.512566745876253 -3991.147674767726 1.1796381917916462e-18 0.004375225384360067 0.1882804676145515
-3.7407994628469172 -0.15418889883616876 3.8853482378886546 632.9870269708335 628.4946769326925 689.0535724870861 197.19573000771925 3.125240803171758 3.638031315246961 -1834.6592799219286 3.177820177877019e-15 21.512566745876253 -3991.147674767726 1.1796381917916462e-18 0.004375225384360067 0.1882804676145515
-3.7830295434198864 -0.20525783348254342 3.8954223604994933 627.1116960085928 633.5163626521826 702.4079143926501 196.8211203101091 3.1214563417208594 3.604717423450821 -1821.4599718545778 2.814391369322563e-16 21.376454462748345 -3948.001890611774 1.0448036398086962e-19 0.004336138250035891 0.19916176749852138
-3.8203491495076145 -0.2582909579230099 3.818720226126718 620.3393147438765 639.8885390534997 717.2768412828445 196.3176030535251 3.1214563417208594 3.604717423450821 -1821.4599718545778 2.814391369322563e-16 21.376454462748345 -3948.001890611774 1.0448036398086962e-19 0.004336138250035891 0.19916176749852138
-3.853740376007168 -0.31328827215756583 3.7510511915346942 612.6046407371759 647.7185962051153 733.7395355291665 195.67201107973233 3.1214563417208594 3.604717423450821 -1821.4599718545778 2.814391369322563e-16 21.376454462748345 -3948.001890611774 1.0448036398086962e-19 0.004336138250035891 0.19916176749852138
-3.883203222918533 -0.367303491495077 3.707076541744586 603.8405826725066 657.1170261055231 751.8769301436841 194.87092064274475 3.1214563417208594 3.604717423450821 -1821.4599718545778 2.814391369322563e-16 21.376454462748345 -3948.001890611774 1.0448036398086962e-19 0.004336138250035891 0.19916176749852138
-3.908737690241728 -0.43015756490599893 3.5853753263395665 593.9782004915178 668.1974227204919 771.7717087268829 193.90065138880163 3.1214563417208594 3.604717423450821 -1821.4599718545778 2.814391369322563e-16 21.376454462748345 -3948.001890611774 1.0448036398086962e-19 0.004336138250035891 0.19916176749852138
-3.93230796777082 -0.4979221128021502 3.5299113717621693 582.9467053003609 681.0764819532633 793.5083055570722 192.74726637266576 3.1214563417208594 3.604717423450821 -1821.4599718545778 2.814391369322563e-16 21.376454462748345 -3948.001890611774 1.0448036398086962e-19 0.004336138250035891 0.19916176749852138
-3.9548961504028677 -0.5656866606983004 3.4633432079864006 570.6734594777226 695.8740016594529 817.1729055196047 191.3965720422566 3.1214563417208594 3.604717423450821 -1821.4599718545778 2.814391369322563e-16 21.376454462748345 -3948.001890611774 1.0448036398086962e-19 0.004336138250035891 0.19916176749852138
