49 -3.857668755595342 -4.238721575649061 6.189708526021082 -3.5758075201432358 0.7287144136078776
-3.857668755595342 -4.238721575649061 6.189708526021082 255.4276277385652 652.5491812517866 364.9883188009262 62.146049082279205 3.382468894192878 3.9519295701293777 -2233.0797590716647 -0.05217885986321741 23.55052860236461 -5338.250094225567 -2.1868759372681284e-05 0.004780049494414432 -0.07905698178552155
-3.860615040286481 -4.173903312444048 6.237762027757982 261.86633424740285 652.8012016434222 394.3450230062008 102.66899996995926 3.382468894192878 3.9519295701293777 -2233.0797590716647 -0.05217885986321741 23.55052860236461 -5338.250094225567 -2.1868759372681284e-05 0.004780049494414432 -0.07905698178552155
-3.863561324977611 -4.105156669650852 6.240354374510963 268.3993785092607 653.0224696090445 423.0113139152527 139.13225689530373 3.382468894192878 3.9519295701293777 -2233.0797590716647 -0.05217885986321741 23.55052860236461 -5338.250094225567 -2.1868759372681284e-05 0.004780049494414432 -0.07905698178552155
-3.8665076096687496 -4.034445837063564 6.241542728080973 275.0317924115807 653.2095815306529 450.8953492641449 171.84949105978012 3.382468894192878 3.9519295701293777 -2233.0797590716647 -0.05217885986321741 23.55052860236461 -5338.250094225567 -2.1868759372681284e-05 0.004780049494414432 -0.07905698178552155
-3.8704359892569378 -3.9588245299910487 6.231948139776097 281.7682616850361 653.359490157105 477.91279497742653 201.1226762831211 3.382468894192878 3.9519295701293777 -2233.0797590716647 -0.05217885986321741 23.55052860236461 -5338.250094225567 -2.1868759372681284e-05 0.004780049494414432 -0.07905698178552155
-3.8694538943598884 -3.881239033124442 0.012499349019407234 288.61312586441636 653.4695046255365 503.98682460188866 227.24208921194077 3.382468894192878 3.9519295701293777 -2233.0797590716647 -0.05217885986321741 23.55052860236461 -5338.250094225567 -2.1868759372681284e-05 0.004780049494414432 -0.07905698178552155
-3.868471799462848 -3.7997251566696524 0.011904199558244826 295.57037832494825 653.5372904539108 529.0481191575527 250.48630765080452 3.382468894192878 3.9519295701293777 -2233.0797590716647 -0.05217885986321741 23.55052860236461 -5338.250094225567 -2.1868759372681284e-05 0.004780049494414432 -0.07905698178552155
-3.864543419874669 -3.718211280214863 0.04758310327693999 302.6436662506312 653.5608695335686 553.0348675847054 271.122212857008 3.382468894192878 3.9519295701293777 -2233.0797590716647 -0.05217885986321741 23.55052860236461 -5338.250094225567 -2.1868759372681284e-05 0.004780049494414432 -0.07905698178552155
-3.8635613249776197 -3.6337511190689367 0.011493746715072346 309.83629066403955 653.5386201441288 575.8927662968636 289.40498822927475 3.4389333022331665 4.032229343303973 -2282.686876522335 0.05257337942253961 23.80283867879102 -5477.3475975299325 2.2034107050519663e-05 0.004841497407867003 -0.11857193267179533
-3.866507609668754 -3.54929095792301 6.248716206180109 317.1512063946575 653.4692769441754 597.5750194787979 305.57811841368675 3.4389333022331665 4.032229343303973 -2282.686876522335 0.05257337942253961 23.80283867879102 -5477.3475975299325 2.2034107050519663e-05 0.004841497407867003 -0.11857193267179533
-3.8694538943598884 -3.461884512085946 6.249864311301369 324.59102210309356 653.3519309666008 618.0423391163349 319.8733919560909 3.4389333022331665 4.032229343303973 -2282.686876522335 0.05257337942253961 23.80283867879102 -5477.3475975299325 2.2034107050519663e-05 0.004841497407867003 -0.11857193267179533
-3.872400179051027 -3.373495971351837 6.250230209565268 332.1580002857372 653.1860296353698 637.2629445493221 332.51089814305305 3.4389333022331665 4.032229343303973 -2282.686876522335 0.05257337942253961 23.80283867879102 -5477.3475975299325 2.2034107050519663e-05 0.004841497407867003 -0.11857193267179533
-3.8753464637421615 -3.287071620411818 6.2494901998336 339.85405723936856 652.971376744099 655.2125630676746 343.69902977347374 3.4389333022331665 4.032229343303973 -2282.686876522335 0.05257337942253961 23.80283867879102 -5477.3475975299325 2.2034107050519663e-05 0.004841497407867003 -0.11857193267179533
-3.883203222918524 -3.198683079677709 6.195498652050116 347.68076311051846 652.7081324784085 671.8744296729565 353.6344812810421 3.4389333022331665 4.032229343303973 -2282.686876522335 0.05257337942253961 23.80283867879102 -5477.3475975299325 2.2034107050519663e-05 0.004841497407867003 -0.11857193267179533
-3.8881136974037567 -3.1122587287376913 6.226428149357441 355.63934184238315 652.3968133907765 687.2392867207527 362.50224977731705 3.4389333022331665 4.032229343303973 -2282.686876522335 0.05257337942253961 23.80283867879102 -5477.3475975299325 2.2034107050519663e-05 0.004841497407867003 -0.11857193267179533
-3.8920420769919404 -3.024852282900627 6.238271711709787 363.73067122418433 652.0382924191654 701.3053846657276 370.47563430666924 3.4389333022331665 4.032229343303973 -2282.686876522335 0.05257337942253961 23.80283867879102 -5477.3475975299325 2.2034107050519663e-05 0.004841497407867003 -0.11857193267179533
-3.891059982094891 -2.935481647269473 0.010988568682773703 371.9552828492597 651.6337988935411 714.0784814655781 377.71623653173447 3.4389333022331665 4.032229343303973 -2282.686876522335 0.05257337942253961 23.80283867879102 -5477.3475975299325 2.2034107050519663e-05 0.004841497407867003 -0.11857193267179533
-3.8881136974037522 -2.8421826320501355 0.03156845648779719 380.3133621523157 651.184918506071 725.5718425214291 384.3739601075649 3.4389333022331665 4.032229343303973 -2282.686876522335 0.05257337942253961 23.80283867879102 -5477.3475975299325 2.2034107050519663e-05 0.004841497407867003 -0.11857193267179533
-3.874364368845112 -2.747901521933752 0.14481249823894798 388.8047483880073 650.6935933399945 735.8062413036823 390.58701142668724 3.4389333022331665 4.032229343303973 -2282.686876522335 0.05257337942253961 23.80283867879102 -5477.3475975299325 2.2034107050519663e-05 0.004841497407867003 -0.11857193267179533
-3.8507940913160246 -2.652638316920323 0.24255148342711008 397.4289346160367 650.1621218593791 744.8099586367607 396.4818989634514 3.4389333022331665 4.032229343303973 -2282.686876522335 0.05257337942253961 23.80283867879102 -5477.3475975299325 2.2034107050519663e-05 0.004841497407867003 -0.11857193267179533
-3.8252596239928383 -2.555410922112804 0.2568264499698026 406.18506775051355 649.5931589016691 752.6187832355499 402.17343336343765 3.4389333022331665 4.032229343303973 -2282.686876522335 0.05257337942253961 23.80283867879102 -5477.3475975299325 2.2034107050519663e-05 0.004841497407867003 -0.11857193267179533
-3.7967788719785087 -2.458183527305284 0.2849573502502056 415.07194850128144 648.9897156953812 759.276011377573 407.7647273540497 3.4389333022331665 4.032229343303973 -2282.686876522335 0.05257337942253961 23.80283867879102 -5477.3475975299325 2.2034107050519663e-05 0.004841497407867003 -0.11857193267179533
-3.7682981199641885 -2.358991942703672 0.2796068478030109 424.0880314214155 648.3551598396152 764.8324472010136 413.347196996212 3.4389333022331665 4.032229343303973 -2282.686876522335 0.05257337942253961 23.80283867879102 -5477.3475975299325 2.2034107050519663e-05 0.004841497407867003 -0.11857193267179533
-3.7349068934646352 -2.2617645478961523 0.3308137503423594 433.2314248736948 647.6932153170928 769.3464022874832 419.0005594789982 3.4389333022331665 4.032229343303973 -2282.686876522335 0.05257337942253961 23.80283867879102 -5477.3475975299325 2.2034107050519663e-05 0.004841497407867003 -0.11857193267179533
-3.703479856759176 -2.165519247985677 0.31561566203874747 442.4998910566792 647.0079624922946 772.8836960196495 424.7928349375725 3.4389333022331665 4.032229343303973 -2282.686876522335 0.05257337942253961 23.80283867879102 -5477.3475975299325 2.2034107050519663e-05 0.004841497407867003 -0.11857193267179533
-3.679909579230079 -2.0682918531781573 0.23783592745745996 451.8908459767699 646.3038381095976 775.517655402422 430.7803456187248 3.4389333022331665 4.032229343303973 -2282.686876522335 0.05257337942253961 23.80283867879102 -5477.3475975299325 2.2034107050519663e-05 0.004841497407867003 -0.11857193267179533
-3.661249776186215 -1.9691002685765455 0.18594567855567562 461.40135948266834 645.5856352942064 777.329115062952 437.0077158808708 3.4389333022331665 4.032229343303973 -2282.686876522335 0.05257337942253961 23.80283867879102 -5477.3475975299325 2.2034107050519663e-05 0.004841497407867003 -0.11857193267179533
-3.642589973142347 -1.869908683974934 0.1859456785557191 471.02815523929894 644.8585035540164 778.4064175784588 443.5078729689121 3.4389333022331665 4.032229343303973 -2282.686876522335 0.05257337942253961 23.80283867879102 -5477.3475975299325 2.2034107050519663e-05 0.004841497407867003 -0.11857193267179533
-3.6268764547896173 -1.7677708146821858 0.15264932839525694 480.76761072687805 644.127948762849 778.8454129099846 450.3020460307598 3.4389333022331665 4.032229343303973 -2282.686876522335 0.05257337942253961 23.80283867879102 -5477.3475975299325 2.2034107050519663e-05 0.004841497407867003 -0.11857193267179533
-3.616073410922111 -1.661704565801255 0.10150183100598698 490.61575725488365 643.3998331995681 778.7494588494301 457.39976638555527 3.4389333022331665 4.032229343303973 -2282.686876522335 0.05257337942253961 23.80283867879102 -5477.3475975299325 2.2034107050519663e-05 0.004841497407867003 -0.11857193267179533
-3.604288272157561 -1.5526920322291868 0.10768987083284476 500.5682799657807 642.6803755098954 778.2294208705425 464.79886785149574 3.4389333022331665 4.032229343303973 -2282.686876522335 0.05257337942253961 23.80283867879102 -5477.3475975299325 2.2034107050519663e-05 0.004841497407867003 -0.11857193267179533
-3.5954494180841445 -1.439751119068935 0.07810167772003179 510.62051781173795 641.9761507092044 777.4036719799042 472.4854864180088 3.4389333022331665 4.032229343303973 -2282.686876522335 0.05257337942253961 23.80283867879102 -5477.3475975299325 2.2034107050519663e-05 0.004841497407867003 -0.11857193267179533
-3.5836642793196027 -1.322881826320502 0.10050059905457706 520.7674635695294 641.2940902123228 776.3980930447578 480.4340608417988 3.4389333022331665 4.032229343303973 -2282.686876522335 0.05257337942253961 23.80283867879102 -5477.3475975299325 2.2034107050519663e-05 0.004841497407867003 -0.11857193267179533
-3.5699149507609627 -1.2030662488809323 0.11425432796144752 531.003763852641 640.6414818093181 775.346072524786 488.60733166337013 3.4389333022331665 4.032229343303973 -2282.686876522335 0.05257337942253961 23.80283867879102 -5477.3475975299325 2.2034107050519663e-05 0.004841497407867003 -0.11857193267179533
-3.5542014324082376 -1.0812864816472698 0.12832322768575058 541.3237190898508 640.0259696673602 774.3885064721107 496.9563416838646 3.4389333022331665 4.032229343303973 -2282.686876522335 0.05257337942253961 23.80283867879102 -5477.3475975299325 2.2034107050519663e-05 0.004841497407867003 -0.11857193267179533
-3.533577439570275 -0.9604888093106554 0.16910122600140792 551.7212835242972 639.4555543316528 773.6737988293171 505.4204365313053 3.4389333022331665 4.032229343303973 -2282.686876522335 0.05257337942253961 23.80283867879102 -5477.3475975299325 2.2034107050519663e-05 0.004841497407867003 -0.11857193267179533
-3.517863921217541 -0.8416553267681294 0.1314686956868971 562.1900652395561 638.9385927310213 773.357861071825 513.9272634983063 3.4389333022331665 4.032229343303973 -2282.686876522335 0.05257337942253961 23.80283867879102 -5477.3475975299325 2.2034107050519663e-05 0.004841497407867003 -0.11857193267179533
-3.5070608773500354 -0.7218397493285587 0.0899207890352819 572.7233261344954 638.4837981825694 773.6041122674942 522.3927729129791 3.4389333022331665 4.032229343303973 -2282.686876522335 0.05257337942253961 23.80283867879102 -5477.3475975299325 2.2034107050519663e-05 0.004841497407867003 -0.11857193267179533
-3.5011683079677667 -0.6108630259623986 0.053047529761422636 583.3139819260687 638.1002403628081 774.5834793448448 530.7212167978287 3.4389333022331665 4.032229343303973 -2282.686876522335 0.05257337942253961 23.80283867879102 -5477.3475975299325 2.2034107050519663e-05 0.004841497407867003 -0.11857193267179533
-3.498222023276628 -0.49595792300805736 0.025635408521693166 593.9546021716669 637.7973453542218 776.4743970632553 538.8051494061947 3.4389333022331665 4.032229343303973 -2282.686876522335 0.05257337942253961 23.80283867879102 -5477.3475975299325 2.2034107050519663e-05 0.004841497407867003 -0.11857193267179533
-3.4952757385854936 -0.37810653536257727 0.0249947936188972 604.6374102309346 637.5848956014961 779.4628072977066 546.5254281461239 3.4389333022331665 4.032229343303973 -2282.686876522335 0.05257337942253961 23.80283867879102 -5477.3475975299325 2.2034107050519663e-05 0.004841497407867003 -0.11857193267179533
-3.486436884512086 -0.257308863025964 0.07304056530309151 615.3542833095416 637.4730299366638 783.7421600818634 553.7512116134167 3.4389333022331665 4.032229343303973 -2282.686876522335 0.05257337942253961 23.80283867879102 -5477.3475975299325 2.2034107050519663e-05 0.004841497407867003 -0.11857193267179533
-3.4834905998209518 -0.13651119068934625 0.024385409172696007 626.096752406098 637.4722435753793 789.5134129822254 560.339961618185 3.4389333022331665 4.032229343303973 -2282.686876522335 0.05257337942253961 23.80283867879102 -5477.3475975299325 2.2034107050519663e-05 0.004841497407867003 -0.11857193267179533
-3.4854547896150416 -0.016695613249777752 6.266793332871596 636.8560023820028 637.593388098292 796.9850313067436 566.1374418139458 3.4389333022331665 4.032229343303973 -2282.686876522335 0.05257337942253961 23.80283867879102 -5477.3475975299325 2.2034107050519663e-05 0.004841497407867003 -0.11857193267179533
-3.4844726947179923 0.10410205908683887 0.008129902179973442 647.622871896252 637.8476714938879 806.3729878664017 570.9777179658413 3.4389333022331665 4.032229343303973 -2282.686876522335 0.05257337942253961 23.80283867879102 -5477.3475975299325 2.2034107050519663e-05 0.004841497407867003 -0.11857193267179533
-3.488401074306176 0.2248997314234566 6.250676438897555 658.3878534259275 638.2466581007466 817.9007633626461 574.6831590533257 3.4389333022331665 4.032229343303973 -2282.686876522335 0.05257337942253961 23.80283867879102 -5477.3475975299325 2.2034107050519663e-05 0.004841497407867003 -0.11857193267179533
-3.492329453894355 0.34766159355416276 6.2511962231403 669.1410933025181 638.8022686643526 831.7993461191654 577.0644349455833 3.4389333022331665 4.032229343303973 -2282.686876522335 0.05257337942253961 23.80283867879102 -5477.3475975299325 2.2034107050519663e-05 0.004841497407867003 -0.11857193267179533
-3.5100071620411786 0.4723876454789618 6.142390787961082 679.8723916467279 639.5267802895978 848.3072320222855 577.9205193817616 3.4389333022331665 4.032229343303973 -2282.686876522335 0.05257337942253961 23.80283867879102 -5477.3475975299325 2.2034107050519663e-05 0.004841497407867003 -0.11857193267179533
-3.5375058191584543 0.6039883616830786 6.077193970503772 690.5712024215609 640.432826471515 867.6704248189926 577.0386870801449 3.4389333022331665 4.032229343303973 -2282.686876522335 0.05257337942253961 23.80283867879102 -5477.3475975299325 2.2034107050519663e-05 0.004841497407867003 -0.11857193267179533
-3.5758075201432358 0.7287144136078776 5.985239778968008 800.2610259652138 614.5659201182425 917.1129820793867 686.8275207132101 3.4389333022331665 4.032229343303973 -2282.686876522335 0.05257337942253961 23.80283867879102 -5477.3475975299325 2.2034107050519663e-05 0.004841497407867003 -0.11857193267179533
-3.6170555058191516 0.8475478961504014 5.949089700938731 782.47652977705 624.541613176465 879.7067156434059 645.2475442439318 3.4389333022331665 4.032229343303973 -2282.686876522335 0.05257337942253961 23.80283867879102 -5477.3475975299325 2.2034107050519663e-05 0.004841497407867003 -0.11857193267179533
-3.666160250671439 0.9624529991047438 5.879325512272178 768.4370360374451 633.4279349669814 845.6757338792086 606.7347633689642 3.4389333022331665 4.032229343303973 -2282.686876522335 0.05257337942253961 23.80283867879102 -5477.3475975299325 2.2034107050519663e-05 0.004841497407867003 -0.11857193267179533
-3.717229185317816 1.0744118173679487 5.8552368108580835 757.8850037157536 641.2794396653771 814.8265373408794 571.1449826210737 3.4389333022331665 4.032229343303973 -2282.686876522335 0.05257337942253961 23.80283867879102 -5477.3475975299325 2.2034107050519663e-05 0.004841497407867003 -0.11857193267179533
-3.7682981199641885 1.1873527305282003 5.85852502462983 750.5693036019802 648.1495596282184 786.9704309850931 538.3370644450188 3.3773312381738347 3.9394256556316867 -2226.2815691644264 -0.052055082500889374 23.40463306506269 -5287.611772539223 -2.1816882858712978e-05 0.0047381742669038345 -0.06600489711049665
-3.8252596239928383 1.30029364368845 5.816065489910523 746.245218873024 654.0906055867672 761.9235234409571 508.17292898893356 3.3773312381738347 3.9394256556316867 -2226.2815691644264 -0.052055082500889374 23.40463306506269 -5287.611772539223 -2.1816882858712978e-05 0.0047381742669038345 -0.06600489711049665
-3.8773106535362554 1.4161808415398371 5.861036350968651 744.6744448542595 659.1537665054202 739.5067277997732 480.51755452156067 3.3773312381738347 3.9394256556316867 -2226.2815691644264 -0.052055082500889374 23.40463306506269 -5287.611772539223 -2.1816882858712978e-05 0.0047381742669038345 -0.06600489711049665
-3.926415398388538 1.5310859444941818 5.879325512272218 745.6250892877579 663.3891095779836 719.5457610040903 455.23897708952427 3.3773312381738347 3.9394256556316867 -2226.2815691644264 -0.052055082500889374 23.40463306506269 -5287.611772539223 -2.1816882858712978e-05 0.0047381742669038345 -0.06600489711049665
-3.96471709937332 1.6450089525514773 5.958850779205779 748.8716717064381 666.8455803319812 701.8711442500353 432.20829080045223 3.3773312381738347 3.9394256556316867 -2226.2815691644264 -0.052055082500889374 23.40463306506269 -5287.611772539223 -2.1816882858712978e-05 0.0047381742669038345 -0.06600489711049665
-3.9951620411817346 1.7530393912264997 6.0084914017784845 754.1951240897179 669.5710025504231 686.3182027488947 411.29964739084244 3.3773312381738347 3.9394256556316867 -2226.2815691644264 -0.052055082500889374 23.40463306506269 -5287.611772539223 -2.1816882858712978e-05 0.0047381742669038345 -0.06600489711049665
-4.0177502238137865 1.8699086839749328 6.092262148856986 761.3827905356884 671.6120782718062 672.7270659357309 392.39025673270226 3.3773312381738347 3.9394256556316867 -2226.2815691644264 -0.052055082500889374 23.40463306506269 -5287.611772539223 -2.1816882858712978e-05 0.0047381742669038345 -0.06600489711049665
-4.043284691136977 1.99267054610564 6.078109406796812 770.2284271717072 673.0143878497183 660.9426673352718 375.3603864312172 3.3773312381738347 3.9394256556316867 -2226.2815691644264 -0.052055082500889374 23.40463306506269 -5287.611772539223 -2.1816882858712978e-05 0.0047381742669038345 -0.06600489711049665
-4.063908683974935 2.1144503133393004 6.115422256636381 780.5322026908398 673.822389870882 650.8147442340851 360.0933620631695 3.3773312381738347 3.9394256556316867 -2226.2815691644264 -0.052055082500889374 23.40463306506269 -5287.611772539223 -2.1816882858712978e-05 0.0047381742669038345 -0.06600489711049665
-4.077658012533575 2.234265890778871 6.16893097921814 792.1006976366043 674.0794211924076 642.1978386193514 346.47556710243225 3.3773312381738347 3.9394256556316867 -2226.2815691644264 -0.052055082500889374 23.40463306506269 -5287.611772539223 -2.1816882858712978e-05 0.0047381742669038345 -0.06600489711049665
-4.088461056401072 2.353099373321395 6.192525419978885 804.7469046413898 673.8276970088482 634.9512961059809 334.3964429497719 3.3773312381738347 3.9394256556316867 -2226.2815691644264 -0.052055082500889374 23.40463306506269 -5287.611772539223 -2.1816882858712978e-05 0.0047381742669038345 -0.06600489711049665
-4.093371530886296 2.468986571172782 6.240837758159048 818.2902291417122 673.1083106808364 628.9392665922642 323.748488843441 3.3773312381738347 3.9394256556316867 -2226.2815691644264 -0.052055082500889374 23.40463306506269 -5287.611772539223 -2.1816882858712978e-05 0.0047381742669038345 -0.06600489711049665
-4.096317815577439 2.579963294538941 6.256642869428132 832.5564880669117 671.9612339325249 624.0307040661573 314.42726196348667 3.3773312381738347 3.9394256556316867 -2226.2815691644264 -0.052055082500889374 23.40463306506269 -5287.611772539223 -2.1816882858712978e-05 0.0047381742669038345 -0.06600489711049665
-4.097299910474488 2.6899579230080573 6.2742569729997175 847.3779108226299 670.4253167398274 620.0993666946888 306.33137734234333 3.3773312381738347 3.9394256556316867 -2226.2815691644264 -0.052055082500889374 23.40463306506269 -5287.611772539223 -2.1816882858712978e-05 0.0047381742669038345 -0.06600489711049665
-4.093371530886301 2.796024171888988 0.037020115873980644 862.593139052391 668.5382873378694 617.0238166004419 299.3625080138445 3.3773312381738347 3.9394256556316867 -2226.2815691644264 -0.052055082500889374 23.40463306506269 -5287.611772539223 -2.1816882858712978e-05 0.0047381742669038345 -0.06600489711049665
-4.081586392121759 2.905036705461055 0.10768987083276486 878.0472264587879 666.3367522209883 614.687420040369 293.4253847748041 3.3773312381738347 3.9394256556316867 -2226.2815691644264 -0.052055082500889374 23.40463306506269 -5287.611772539223 -2.1816882858712978e-05 0.0047381742669038345 -0.06600489711049665
-4.0648907788719795 3.002264100268576 0.17005862159208157 893.5916390419006 663.8561962358654 612.9783474802971 288.4277963787317 3.3773312381738347 3.9394256556316867 -2226.2815691644264 -0.052055082500889374 23.40463306506269 -5287.611772539223 -2.1816882858712978e-05 0.0047381742669038345 -0.06600489711049665
-4.040338406445838 3.09163473589973 0.26811078306982966 909.0842550098896 661.1309823617339 611.7895734012127 284.2805895656347 3.3773312381738347 3.9394256556316867 -2226.2815691644264 -0.052055082500889374 23.40463306506269 -5287.611772539223 -2.1816882858712978e-05 0.0047381742669038345 -0.06600489711049665
-4.013821844225598 3.17805908683975 0.2977002097113706 924.3893646895885 658.1943520009518 611.0188764333725 280.89766880869865 3.3773312381738347 3.9394256556316867 -2226.2815691644264 -0.052055082500889374 23.40463306506269 -5287.611772539223 -2.1816882858712978e-05 0.0047381742669038345 -0.06600489711049665
-3.9863231871083227 3.2625192479856757 0.3147576613912833 939.3776703774929 655.0784247070551 610.5688393265009 278.1959965378046 3.3773312381738347 3.9394256556316867 -2226.2815691644264 -0.052055082500889374 23.40463306506269 -5287.611772539223 -2.1816882858712978e-05 0.0047381742669038345 -0.06600489711049665
-3.9539140555058188 3.3420689346463752 0.38687571773099333 953.9262869358063 651.8141984157264 610.3468487411737 276.09559321403503 3.3773312381738347 3.9394256556316867 -2226.2815691644264 -0.052055082500889374 23.40463306506269 -5287.611772539223 -2.1816882858712978e-05 0.0047381742669038345 -0.06600489711049665
-3.919540734109225 3.4176902417188892 0.42662749312683607 967.9187412559986 648.4315492846072 610.2650958895683 274.51953695714474 3.3773312381738347 3.9394256556316867 -2226.2815691644264 -0.052055082500889374 23.40463306506269 -5287.611772539223 -2.1816882858712978e-05 0.0047381742669038345 -0.06600489711049665
-3.8792748433303497 3.4903652641002685 0.5059503992711085 981.2449722588062 644.9592316783965 610.2405754625797 273.39396400749683 3.3773312381738347 3.9394256556316867 -2226.2815691644264 -0.052055082500889374 23.40463306506269 -5287.611772539223 -2.1816882858712978e-05 0.0047381742669038345 -0.06600489711049665
-3.839008952551474 3.5581298119964178 0.5361460220122823 993.8013315200806 641.4248783588409 610.1950868070126 272.6480683386326 3.3773312381738347 3.9394256556316867 -2226.2815691644264 -0.052055082500889374 23.40463306506269 -5287.611772539223 -2.1816882858712978e-05 0.0047381742669038345 -0.06600489711049665
-3.7957967770814642 3.623930170098477 0.5810822987973334 1005.4905821084976 637.8550003059208 610.0552331358194 272.2141019999981 3.3773312381738347 3.9394256556316867 -2226.2815691644264 -0.052055082500889374 23.40463306506269 -5287.611772539223 -2.1816882858712978e-05 0.0047381742669038345 -0.06600489711049665
-3.7525846016114586 3.688748433303492 0.5880026035475199 1016.2218998074532 634.27498671785 609.7524217069149 272.0273747444153 3.3773312381738347 3.9394256556316867 -2226.2815691644264 -0.052055082500889374 23.40463306506269 -5287.611772539223 -2.1816882858712978e-05 0.0047381742669038345 -0.06600489711049665
-3.703479856759176 3.75258460161146 0.6556956262415362 1025.9108724296093 630.709105156362 609.2228641360998 272.02625428140163 3.3773312381738347 3.9394256556316867 -2226.2815691644264 -0.052055082500889374 23.40463306506269 -5287.611772539223 -2.1816882858712978e-05 0.0047381742669038345 -0.06600489711049665
-3.64848254252462 3.8154386750223828 0.7188299996216094 1034.4795000255108 627.1805014312267 608.4075757414103 272.15216636657715 3.3773312381738347 3.9394256556316867 -2226.2815691644264 -0.052055082500889374 23.40463306506269 -5287.611772539223 -2.1816882858712978e-05 0.0047381742669038345 -0.06600489711049665
-3.5826821844225534 3.876328558639214 0.8241384610609781 1041.8561947345734 623.7111995741725 607.2523763328791 272.34959441423416 3.3773312381738347 3.9394256556316867 -2226.2815691644264 -0.052055082500889374 23.40463306506269 -5287.611772539223 -2.1816882858712978e-05 0.0047381742669038345 -0.06600489711049665
-3.5080429722470887 3.93132587287377 0.9357695914045563 1047.975780814886 620.3221019394696 605.7078896015882 272.56607995927334 3.3773312381738347 3.9394256556316867 -2226.2815691644264 -0.052055082500889374 23.40463306506269 -5287.611772539223 -2.1816882858712978e-05 0.0047381742669038345 -0.06600489711049665
-3.427511190689342 3.9814127126230976 1.0143923976059697 1052.77949488163 617.0329891853034 603.7295434325933 272.75222228467464 3.3773312381738347 3.9394256556316867 -2226.2815691644264 -0.052055082500889374 23.40463306506269 -5287.611772539223 -2.1816882858712978e-05 0.0047381742669038345 -0.06600489711049665
-3.343051029543421 4.0236427931960606 1.1071487177940693 1056.2149859070778 613.862520147115 601.2775698900223 272.86167861521244 3.3773312381738347 3.9394256556316867 -2226.2815691644264 -0.052055082500889374 23.40463306506269 -5287.611772539223 -2.1816882858712978e-05 0.0047381742669038345 -0.06600489711049665
-3.2546624888093074 4.06194449418084 1.1618884978440025 1058.2363145649433 610.8282320052385 598.3170048296452 272.8511641174555 3.3773312381738347 3.9394256556316867 -2226.2815691644264 -0.052055082500889374 23.40463306506269 -5287.611772539223 -2.1816882858712978e-05 0.0047381742669038345 -0.06600489711049665
-3.155470904207697 4.097299910474485 1.2283997388640213 1058.8039540052414 607.946540210396 594.8176885843277 272.68045178055763 3.3773312381738347 3.9394256556316867 -2226.2815691644264 -0.052055082500889374 23.40463306506269 -5287.611772539223 -2.1816882858712978e-05 0.0047381742669038345 -0.06600489711049665
-3.0494046553267684 4.127744852282899 1.2912741745112575 1057.8847896456718 605.2327384874225 590.7542653679848 272.3123725056648 3.3773312381738347 3.9394256556316867 -2226.2815691644264 -0.052055082500889374 23.40463306506269 -5287.611772539223 -2.1816882858712978e-05 0.0047381742669038345 -0.06600489711049665
-2.9394100268576566 4.150333034914949 1.3682550147645915 1055.4521187841892 602.7009987905622 586.1061835736036 271.71281522512436 3.3773312381738347 3.9394256556316867 -2226.2815691644264 -0.052055082500889374 23.40463306506269 -5287.611772539223 -2.1816882858712978e-05 0.0047381742669038345 -0.06600489711049665
-2.8284333034914955 4.170957027752909 1.3870517960557651 1051.4856511950493 600.3643713817 580.8576956987381 270.8507264852524 3.3773312381738347 3.9394256556316867 -2226.2815691644264 -0.052055082500889374 23.40463306506269 -5287.611772539223 -2.1816882858712978e-05 0.0047381742669038345 -0.06600489711049665
-2.719420769919428 4.183724261414502 1.4542103213335842 1045.9715088009834 598.2347848191857 574.9978583157063 269.69811104238033 3.3773312381738347 3.9394256556316867 -2226.2815691644264 -0.052055082500889374 23.40463306506269 -5287.611772539223 -2.1816882858712978e-05 0.0047381742669038345 -0.06600489711049665
-2.6163008057296295 4.19158102059087 1.4947527675157657 1038.902225613594 596.3230458945036 568.5205322951078 268.23003137111664 3.3773312381738347 3.9394256556316867 -2226.2815691644264 -0.052055082500889374 23.40463306506269 -5287.611772539223 -2.1816882858712978e-05 0.0047381742669038345 -0.06600489711049665
-2.5161271262309697 4.198455684870189 1.5022763112361985 1030.2767477035522 594.6388396695256 561.4243821799755 266.4246079027653 3.3773312381738347 3.9394256556316867 -2226.2815691644264 -0.052055082500889374 23.40463306506269 -5287.611772539223 -2.1816882858712978e-05 0.0047381742669038345 -0.06600489711049665
-2.416935541629359 4.201401969561326 1.5411020871879912 1020.1004336774349 593.1907295025885 553.7128769755363 264.2630189359188 3.3773312381738347 3.9394256556316867 -2226.2815691644264 -0.052055082500889374 23.40463306506269 -5287.611772539223 -2.1816882858712978e-05 0.0047381742669038345 -0.06600489711049665
-2.3147976723366144 4.204348254252464 1.5519306407732214 1008.3850540518761 591.9861570633948 545.3942896872759 261.72950069606304 3.3773312381738347 3.9394256556316867 -2226.2815691644264 -0.052055082500889374 23.40463306506269 -5287.611772539223 -2.1816882858712978e-05 0.0047381742669038345 -0.06600489711049665
-2.21167770814682 4.204348254252462 1.580141849102399 995.1487916707993 591.0314421951771 536.4816974103451 258.8113473057747 3.3773312381738347 3.9394256556316867 -2226.2815691644264 -0.052055082500889374 23.40463306506269 -5287.611772539223 -2.1816882858712978e-05 0.0047381742669038345 -0.06600489711049665
-2.105611459265887 4.20041987466428 1.6162196062164735 980.4162415862083 590.3317830748856 526.9929814785719 255.4989106953144 3.3773312381738347 3.9394256556316867 -2226.2815691644264 -0.052055082500889374 23.40463306506269 -5287.611772539223 -2.1816882858712978e-05 0.0047381742669038345 -0.06600489711049665
-2.005437779767241 4.188634735899731 1.695151321341685 964.2184106707573 589.8912562131882 516.95082706213 251.78560091555119 3.3773312381738347 3.9394256556316867 -2226.2815691644264 -0.052055082500889374 23.40463306506269 -5287.611772539223 -2.1816882858712978e-05 0.0047381742669038345 -0.06600489711049665
-1.9052641002685766 4.172921217546999 1.732824889529459 946.5927185118198 589.712816234678 506.3827236443758 247.6678856164217 3.406486899787422 3.9941989117693204 -2254.599892618216 2.829429461047564e-15 23.549817012836467 -5355.506766186711 1.0503496104893348e-18 0.004783222910229458 -0.08776143126505556
-1.8070546105640153 4.153279319606087 1.7738415440483568 927.5829966068268 589.79829621315 495.32096467912197 243.14529058337212 3.406486899787422 3.9941989117693204 -2254.599892618216 2.829429461047564e-15 23.549817012836467 -5355.506766186711 1.0503496104893348e-18 0.004783222910229458 -0.08776143126505556
-1.7108093106535391 4.129709042076993 1.8157749899217395 907.2394886612892 590.1484073810279 483.8026479482651 238.2203993946314 3.406486899787422 3.9941989117693204 -2254.599892618216 2.829429461047564e-15 23.549817012836467 -5355.506766186711 1.0503496104893348e-18 0.004783222910229458 -0.08776143126505556
-1.617510295434206 4.101228290062668 1.8707434832918437 885.6188505291939 590.7627392672002 471.86967515945435 232.89885360002518 3.406486899787422 3.9941989117693204 -2254.599892618216 2.829429461047564e-15 23.549817012836467 -5355.506766186711 1.0503496104893348e-18 0.004783222910229458 -0.08776143126505556
-1.526175470008958 4.068819158460161 1.9144869337835098 862.7841504514217 591.63975969702 459.56875202059746 227.18935246765614 3.406486899787422 3.9941989117693204 -2254.599892618216 2.829429461047564e-15 23.549817012836467 -5355.506766186711 1.0503496104893348e-18 0.004783222910229458 -0.08776143126505556
-1.430912264995531 4.036410026857656 1.901610077137232 838.8048685193062 592.7768147736788 446.9513886421919 221.10365344583988 3.406486899787422 3.9941989117693204 -2254.599892618216 2.829429461047564e-15 23.549817012836467 -5355.506766186711 1.0503496104893348e-18 0.004783222910229458 -0.08776143126505556
-1.3405595344673278 4.004982990152194 1.9055331641117066 813.7568971216679 594.1701288409531 434.07389898598194 214.65657165646553 3.406486899787422 3.9941989117693204 -2254.599892618216 2.829429461047564e-15 23.549817012836467 -5355.506766186711 1.0503496104893348e-18 0.004783222910229458 -0.08776143126505556
-1.256099373321402 3.972573858549688 1.937190737544136 787.7225411534309 595.8148045651615 420.99740120768547 207.86598020792007 3.406486899787422 3.9941989117693204 -2254.599892618216 2.829429461047564e-15 23.549817012836467 -5355.506766186711 1.0503496104893348e-18 0.004783222910229458 -0.08776143126505556
-1.1775317815577495 3.9391826320501324 1.9726669742353868 760.7905174195766 597.7048227973282 407.7878175377846 200.75281001627445 3.406486899787422 3.9941989117693204 -2254.599892618216 2.829429461047564e-15 23.549817012836467 -5355.506766186711 1.0503496104893348e-18 0.004783222910229458 -0.08776143126505556
-1.0871790510295463 3.9126660698299016 1.8562591870616154 733.0559548139572 599.8330427445471 394.5158744007349 193.34105011820793 3.406486899787422 3.9941989117693204 -2254.599892618216 2.829429461047564e-15 23.549817012836467 -5355.506766186711 1.0503496104893348e-18 0.004783222910229458 -0.08776143126505556
-0.9997726051924817 3.889095792300807 1.8341939593403804 704.6203946173191 602.191201902926 381.2571023851633 185.65774714946747 3.406486899787422 3.9941989117693204 -2254.599892618216 2.829429461047564e-15 23.549817012836467 -5355.506766186711 1.0503496104893348e-18 0.004783222910229458 -0.08776143126505556
-1.231547000895256 3.2998388540734123 3.5163387257505176 675.5917903482914 604.769915945828 368.09183579683304 177.73300589621067 3.406486899787422 3.9941989117693204 -2254.599892618216 2.829429461047564e-15 23.549817012836467 -5355.506766186711 1.0503496104893348e-18 0.004783222910229458 -0.08776143126505556
-1.5595666965085113 2.4454162936436874 3.5081501546663354 646.084507226944 607.5586788915098 355.10521344840527 169.59998887777328 3.406486899787422 3.9941989117693204 -2254.599892618216 2.829429461047564e-15 23.549817012836467 -5355.506766186711 1.0503496104893348e-18 0.004783222910229458 -0.08776143126505556
-1.915085049239042 1.4692139659803047 3.4908482315179423 616.2193233072758 610.5458630397916 342.3871781527996 161.2949166148901 3.406486899787422 3.9941989117693204 -2254.599892618216 2.829429461047564e-15 23.549817012836467 -5355.506766186711 1.0503496104893348e-18 0.004783222910229458 -0.08776143126505556
-2.2794422560429806 0.45765622202327577 3.4873201204498483 586.1234285235405 613.718718893826 330.03247670829296 152.85706746578217 3.406486899787422 3.9941989117693204 -2254.599892618216 2.829429461047564e-15 23.549817012836467 -5355.506766186711 1.0503496104893348e-18 0.004783222910229458 -0.08776143126505556
-2.650674127126232 -0.5411342882721589 3.4974507107373687 555.9304248392582 617.0633753016591 318.1406602561474 144.3287777006626 3.406486899787422 3.9941989117693204 -2254.599892618216 2.829429461047564e-15 23.549817012836467 -5355.506766186711 1.0503496104893348e-18 0.004783222910229458 -0.08776143126505556
-3.019941808415399 -1.5035872873769038 3.507945694158682 525.7803268134594 620.5648393891752 306.816083624959 135.75544148683548 3.406486899787422 3.9941989117693204 -2254.599892618216 2.829429461047564e-15 23.549817012836467 -5355.506766186711 1.0503496104893348e-18 0.004783222910229458 -0.08776143126505556
-3.389209489704574 -2.4208639212175496 3.524312232547784 495.81956085562706 624.2069964632392 296.16790632903576 127.18551102280617 3.406486899787422 3.9941989117693204 -2254.599892618216 2.829429461047564e-15 23.549817012836467 -5355.506766186711 1.0503496104893348e-18 0.004783222910229458 -0.08776143126505556
-3.7624055505819243 -3.29591047448523 3.5447222077286122 466.2009655237198 627.9726102165878 286.31009143590927 118.67049603164196 3.406486899787422 3.9941989117693204 -2254.599892618216 2.829429461047564e-15 23.549817012836467 -5355.506766186711 1.0503496104893348e-18 0.004783222910229458 -0.08776143126505556
-4.1464046553267755 -4.140512085944495 3.5683077507462295 437.08379194140434 631.8433225303888 277.3614064157009 110.26496456563473 3.406486899787422 3.9941989117693204 -2254.599892618216 2.829429461047564e-15 23.549817012836467 -5355.506766186711 1.0503496104893348e-18 0.004783222910229458 -0.08776143126505556
-4.529421665174582 -4.960561324977619 3.578547574781306 408.63370299339294 635.7996536418796 269.4454228132963 102.02654241025448 3.406486899787422 3.9941989117693204 -2254.599892618216 2.829429461047564e-15 23.549817012836467 -5355.506766186711 1.0503496104893348e-18 0.004783222910229458 -0.08776143126505556
-4.596204118173689 -5.199210384959715 3.414448708227077 381.02277398109436 639.8210019804537 262.6905161589384 94.01591320335865 3.406486899787422 3.9941989117693204 -2254.599892618216 2.829429461047564e-15 23.549817012836467 -5355.506766186711 1.0503496104893348e-18 0.004783222910229458 -0.08776143126505556
-4.568705461056409 -5.1579623992837975 0.588002603547605 354.4294924438 643.8856442905962 257.2298663854599 86.2968183606863 3.406486899787422 3.9941989117693204 -2254.599892618216 2.829429461047564e-15 23.549817012836467 -5355.506766186711 1.0503496104893348e-18 0.004783222910229458 -0.08776143126505556
-4.520582811101166 -4.9880599820948985 0.27600783719646804 329.03875797986984 647.9707355611026 253.2014570683241 78.93605755269527 3.406486899787422 3.9941989117693204 -2254.599892618216 2.829429461047564e-15 23.549817012836467 -5355.506766186711 1.0503496104893348e-18 0.004783222910229458 -0.08776143126505556
-4.46558549686661 -4.780837958818264 0.2594221031245694 305.0418821275234 652.0523091368377 250.74807623028755 72.00348809361458 3.406486899787422 3.9941989117693204 -2254.599892618216 2.829429461047564e-15 23.549817012836467 -5355.506766186711 1.0503496104893348e-18 0.004783222910229458 -0.08776143126505556
-4.417462846911372 -4.585401074306179 0.24142838218545562 282.6365891993046 656.1052764989436 250.01731592416763 65.57202510535717 3.406486899787422 3.9941989117693204 -2254.599892618216 2.829429461047564e-15 23.549817012836467 -5355.506766186711 1.0503496104893348e-18 0.004783222910229458 -0.08776143126505556
-4.376214861235456 -4.426301700984782 0.2536740961386315 262.0270153284073 660.1034275181592 251.16157221794128 59.71764187514782 3.406486899787422 3.9941989117693204 -2254.599892618216 2.829429461047564e-15 23.549817012836467 -5355.506766186711 1.0503496104893348e-18 0.004783222910229458 -0.08776143126505556
-4.338895255147719 -4.31336078782453 0.31913959427229976 243.4237087070942 664.0194303356111 254.3380455225706 54.519369423389435 3.406486899787422 3.9941989117693204 -2254.599892618216 2.829429461047564e-15 23.549817012836467 -5355.506766186711 1.0503496104893348e-18 0.004783222910229458 -0.08776143126505556
-4.305504028648166 -4.241667860340198 0.4358769724073977 227.04363012313843 667.824831251055 259.7087399661541 50.059296667575836 3.406486899787422 3.9941989117693204 -2254.599892618216 2.829429461047564e-15 23.549817012836467 -5355.506766186711 1.0503496104893348e-18 0.004783222910229458 -0.08776143126505556
-4.278987466427935 -4.203366159355417 0.6055446636049344 213.1101522743702 671.4900549612939 267.4404640644789 46.4225704818964 3.406486899787422 3.9941989117693204 -2254.599892618216 2.829429461047564e-15 23.549817012836467 -5355.506766186711 1.0503496104893348e-18 0.004783222910229458 -0.08776143126505556
-4.260327663384067 -4.188634735899733 0.9025069079643543 201.85305979847908 674.9844044074416 277.70483046770096 43.69739571213722 3.406486899787422 3.9941989117693204 -2254.599892618216 2.829429461047564e-15 23.549817012836467 -5355.506766186711 1.0503496104893348e-18 0.004783222910229458 -0.08776143126505556
-4.245596239928382 -4.188634735899733 3.141592653589793 193.5085503757 678.2760607413948 290.67825566232204 41.97503489255905 3.406486899787422 3.9941989117693204 -2254.599892618216 2.829429461047564e-15 23.549817012836467 -5355.506766186711 1.0503496104893348e-18 0.004783222910229458 -0.08776143126505556
-4.235775290957925 -4.198455684870189 2.356194490192345 188.31923270225525 681.3320834562182 306.5419606268406 41.34980855882168 3.406486899787422 3.9941989117693204 -2254.599892618216 2.829429461047564e-15 23.549817012836467 -5355.506766186711 1.0503496104893348e-18 0.004783222910229458 -0.08776143126505556
-4.225954341987468 -4.211222918531783 2.4858970273482615 186.53412851691246 684.1184103190899 325.48196993768215 41.91909521818161 3.406486899787422 3.9941989117693204 -2254.599892618216 2.829429461047564e-15 23.549817012836467 -5355.506766186711 1.0503496104893348e-18 0.004783222910229458 -0.08776143126505556
-4.221043867502241 -4.222025962399285 2.7149651604629055 188.40867173671722 686.599857326597 347.68911300599575 43.78333123028278 3.406486899787422 3.9941989117693204 -2254.599892618216 2.829429461047564e-15 23.549817012836467 -5355.506766186711 1.0503496104893348e-18 0.004783222910229458 -0.08776143126505556
-4.216133393017012 -4.230864816472695 2.6344941491974185 194.204707801342 688.7401187904179 373.35902240872383 47.046010717749596 3.406486899787422 3.9941989117693204 -2254.599892618216 2.829429461047564e-15 23.549817012836467 -5355.506766186711 1.0503496104893348e-18 0.004783222910229458 -0.08776143126505556
-4.213187108325873 -4.238721575649061 2.7828219833190495 204.19049483537674 690.5017672292888 402.69213561713696 51.813685923814774 3.406486899787422 3.9941989117693204 -2254.599892618216 2.829429461047564e-15 23.549817012836467 -5355.506766186711 1.0503496104893348e-18 0.004783222910229458 -0.08776143126505556
