31 -0.37908863025962314 -1.7068809310653532 4.2487413713838835 -0.5980957923008156 -2.575052820053715
-0.37908863025962314 -1.7068809310653532 4.2487413713838835 503.7073028534651 526.6154015660286 678.1166983544827 253.32707023620605 3.42515187190049 3.9811902794100122 -2048.494490883151 0.004616128468780687 22.439369077302572 -3852.448538679604 8.22839299247986e-06 0.0047869036662231005 0.17528464426145823
-0.3820349149507619 -1.7078630259623993 4.42093218590676 503.4188153743744 527.6903232783079 673.8589491546154 255.45487332344055 3.42515187190049 3.9811902794100122 -2048.494490883151 0.004616128468780687 22.439369077302572 -3852.448538679604 8.22839299247986e-06 0.0047869036662231005 0.17528464426145823
-0.3879274843330394 -1.710809310653537 4.345215146566517 503.0910908281803 528.3373757749796 668.8407768905163 262.965224981308 3.42515187190049 3.9811902794100122 -2048.494490883151 0.004616128468780687 22.439369077302572 -3852.448538679604 8.22839299247986e-06 0.0047869036662231005 0.17528464426145823
-0.3908737690241782 -1.7137555953446735 4.2487413713838835 502.67868457734585 528.6331863999367 663.2053042054176 274.7322018146515 3.42515187190049 3.9811902794100122 -2048.494490883151 0.004616128468780687 22.439369077302572 -3852.448538679604 8.22839299247986e-06 0.0047869036662231005 0.17528464426145823
-0.3908737690241782 -1.7186660698299028 3.926990816987404 502.1413207054138 528.648918569088 657.0851114988327 289.71785378456116 3.42515187190049 3.9811902794100122 -2048.494490883151 0.004616128468780687 22.439369077302572 -3852.448538679604 8.22839299247986e-06 0.0047869036662231005 0.17528464426145823
-0.38498119964190064 -1.7284870188003583 3.224733885477787 501.44389240443707 528.4502712786198 650.6022367179394 306.9721999168396 3.42515187190049 3.9811902794100122 -2048.494490883151 0.004616128468780687 22.439369077302572 -3852.448538679604 8.22839299247986e-06 0.0047869036662231005 0.17528464426145823
-0.38203491495076636 -1.7392900626678607 2.875340604439104 500.5564613044262 528.097479403019 643.8681759238243 325.6332297325134 3.42515187190049 3.9811902794100122 -2048.494490883151 0.004616128468780687 22.439369077302572 -3852.448538679604 8.22839299247986e-06 0.0047869036662231005 0.17528464426145823
-0.3731960608773501 -1.7550035810205904 2.629203193278772 499.454258069396 527.6453136205673 636.9838825166225 344.92690443992615 3.42515187190049 3.9811902794100122 -2048.494490883151 0.004616128468780687 22.439369077302572 -3852.448538679604 8.22839299247986e-06 0.0047869036662231005 0.17528464426145823
-0.36141092211280845 -1.7736633840644587 2.5782763920980862 498.1176820844412 527.1430805772543 630.0397676825523 364.16715383529663 3.42515187190049 3.9811902794100122 -2048.494490883151 0.004616128468780687 22.439369077302572 -3852.448538679604 8.22839299247986e-06 0.0047869036662231005 0.17528464426145823
-0.3437332139659848 -1.7962515666965095 2.477546490763074 496.53230153024197 526.6346225440502 623.1157002449036 382.75588035583496 3.42515187190049 3.9811902794100122 -2048.494490883151 0.004616128468780687 22.439369077302572 -3852.448538679604 8.22839299247986e-06 0.0047869036662231005 0.17528464426145823
-0.32310922112802243 -1.819821844225604 2.422762653968055 494.68885338306427 526.1583176404238 616.2810072004795 400.18295669555664 3.42515187190049 3.9811902794100122 -2048.494490883151 0.004616128468780687 22.439369077302572 -3852.448538679604 8.22839299247986e-06 0.0047869036662231005 0.17528464426145823
-0.30543151298119875 -1.8453563115487914 2.53604798998478 492.58324351906776 525.7470799088478 609.5944726467133 416.0262258052826 3.42515187190049 3.9811902794100122 -2048.494490883151 0.004616128468780687 22.439369077302572 -3852.448538679604 8.22839299247986e-06 0.0047869036662231005 0.17528464426145823
-0.29070008952552284 -1.8748191584601621 2.677945044589245 490.21654646098614 525.4283591210842 603.1043387651443 429.951500415802 3.42515187190049 3.9811902794100122 -2048.494490883151 0.004616128468780687 22.439369077302572 -3852.448538679604 8.22839299247986e-06 0.0047869036662231005 0.17528464426145823
-0.2877538048343796 -1.9082103849597132 3.053585280061863 487.59500563144684 525.2241408526897 596.8483053445816 441.71256613731384 3.42515187190049 3.9811902794100122 -2048.494490883151 0.004616128468780687 22.439369077302572 -3852.448538679604 8.22839299247986e-06 0.0047869036662231005 0.17528464426145823
-0.2848075201432453 -1.944547896150402 3.0606885544346345 484.7300333082676 525.1509464979172 590.8535300195217 451.15117478370667 3.42515187190049 3.9811902794100122 -2048.494490883151 0.004616128468780687 22.439369077302572 -3852.448538679604 8.22839299247986e-06 0.0047869036662231005 0.17528464426145823
-0.2848075201432453 -1.9828495971351834 3.141592653589793 481.638210311532 525.21983332932 585.1366280019283 458.19705390930176 3.42515187190049 3.9811902794100122 -2048.494490883151 0.004616128468780687 22.439369077302572 -3852.448538679604 8.22839299247986e-06 0.0047869036662231005 0.17528464426145823
-0.29070008952551835 -2.0250796777081463 3.2802323907239317 478.34128661453724 525.4363944530487 579.7036722302437 462.8679003715515 3.42515187190049 3.9811902794100122 -2048.494490883151 0.004616128468780687 22.439369077302572 -3852.448538679604 8.22839299247986e-06 0.0047869036662231005 0.17528464426145823
-0.30248522829006447 -2.069273948075201 3.402195045337096 474.8661807477474 525.800758689642 574.5501932501793 465.26937770843506 3.42515187190049 3.9811902794100122 -2048.494490883151 0.004616128468780687 22.439369077302572 -3852.448538679604 8.22839299247986e-06 0.0047869036662231005 0.17528464426145823
-0.3172166517457538 -2.115432408236347 3.45052339751362 471.24498015642166 526.3075907677412 569.6611798107624 465.5951271057129 3.42515187190049 3.9811902794100122 -2048.494490883151 0.004616128468780687 22.439369077302572 -3852.448538679604 8.22839299247986e-06 0.0047869036662231005 0.17528464426145823
-0.34471530886303403 -2.1586445837063573 3.7083218711133195 467.5149410367012 526.9460911899805 565.0110776424408 464.1267523765564 3.42515187190049 3.9811902794100122 -2048.494490883151 0.004616128468780687 22.439369077302572 -3852.448538679604 8.22839299247986e-06 0.0047869036662231005 0.17528464426145823
-0.37516025067144854 -2.2048030438675026 3.7246691886089307 463.71848829090595 527.6999961286783 560.5637907981873 461.2338342666626 3.42515187190049 3.9811902794100122 -2048.494490883151 0.004616128468780687 22.439369077302572 -3852.448538679604 8.22839299247986e-06 0.0047869036662231005 0.17528464426145823
-0.40265890778872426 -2.248997314234557 3.698191971599972 459.90321585536003 528.5475779175758 556.2726808190346 457.37392139434814 3.42515187190049 3.9811902794100122 -2048.494490883151 0.004616128468780687 22.439369077302572 -3852.448538679604 8.22839299247986e-06 0.0047869036662231005 0.17528464426145823
-0.4272112802148702 -2.2912273948075197 3.668219925023627 456.12188628315926 529.4616444557905 552.0805669724941 453.0925328731537 3.42515187190049 3.9811902794100122 -2048.494490883151 0.004616128468780687 22.439369077302572 -3852.448538679604 8.22839299247986e-06 0.0047869036662231005 0.17528464426145823
-0.44881736794987287 -2.3314932855863932 3.6340784194616695 452.43243104219437 530.4095394462347 547.9197260737419 449.0231592655182 3.42515187190049 3.9811902794100122 -2048.494490883151 0.004616128468780687 22.439369077302572 -3852.448538679604 8.22839299247986e-06 0.0047869036662231005 0.17528464426145823
-0.4763160250671531 -2.3688128916741267 3.7766193889801576 448.8979502469301 531.3531424999237 543.7118929624557 445.88726139068604 3.42515187190049 3.9811902794100122 -2048.494490883151 0.004616128468780687 22.439369077302572 -3852.448538679604 8.22839299247986e-06 0.0047869036662231005 0.17528464426145823
-0.5038146821844288 -2.4041683079677707 3.8026358224404295 445.58671291172504 532.2488690912724 539.368260115385 444.49427008628845 3.42515187190049 3.9811902794100122 -2048.494490883151 0.004616128468780687 22.439369077302572 -3852.448538679604 8.22839299247986e-06 0.0047869036662231005 0.17528464426145823
-0.5283670546105659 -2.4365774395702777 3.789924642676956 442.5721569657326 533.0476703494787 534.7894775271416 445.74159002304077 3.42515187190049 3.9811902794100122 -2048.494490883151 0.004616128468780687 22.439369077302572 -3852.448538679604 8.22839299247986e-06 0.0047869036662231005 0.17528464426145823
-0.5440805729632999 -2.4660402864816464 3.6315499798436313 439.93288888037205 533.6950333416462 529.8656531274319 450.6145899295807 3.42515187190049 3.9811902794100122 -2048.494490883151 0.004616128468780687 22.439369077302572 -3852.448538679604 8.22839299247986e-06 0.0047869036662231005 0.17528464426145823
-0.5627403760071683 -2.4935389435989257 3.737791794887284 437.7526842057705 534.1309808343649 524.4763523936272 460.18661665916443 3.42515187190049 3.9811902794100122 -2048.494490883151 0.004616128468780687 22.439369077302572 -3852.448538679604 8.22839299247986e-06 0.0047869036662231005 0.17528464426145823
-0.5715792300805846 -2.5220196956132495 3.442512887950392 436.12048703432083 534.2900716662407 518.4905986487865 475.618980884552 3.42515187190049 3.9811902794100122 -2048.494490883151 0.004616128468780687 22.439369077302572 -3852.448538679604 8.22839299247986e-06 0.0047869036662231005 0.17528464426145823
-0.580418084153992 -2.548536257833483 3.4633432079863087 435.1304105371237 534.1014002561569 511.7668730914593 498.16096901893616 3.42515187190049 3.9811902794100122 -2048.494490883151 0.004616128468780687 22.439369077302572 -3852.448538679604 8.22839299247986e-06 0.0047869036662231005 0.17528464426145823
-0.5980957923008156 -2.575052820053715 3.7295952571374187 426.6800004132092 531.5115573918447 503.5708658620715 491.9594575762749 3.42515187190049 3.9811902794100122 -2048.494490883151 0.004616128468780687 22.439369077302572 -3852.448538679604 8.22839299247986e-06 0.0047869036662231005 0.17528464426145823
-0.6216660698299034 -2.6005872873769023 3.887012129863777 425.59715777635574 533.7557065063156 505.37840431928635 467.6337194740772 3.42515187190049 3.9811902794100122 -2048.494490883151 0.004616128468780687 22.439369077302572 -3852.448538679604 8.22839299247986e-06 0.0047869036662231005 0.17528464426145823
-0.6442542524619553 -2.6241575649059987 3.905717430963201 424.3757961280644 535.9094516010955 507.327349871397 445.0590967312455 3.42515187190049 3.9811902794100122 -2048.494490883151 0.004616128468780687 22.439369077302572 -3852.448538679604 8.22839299247986e-06 0.0047869036662231005 0.17528464426145823
-0.6668424350940028 -2.649692032229185 3.8658426543378988 423.04074504971504 537.9763461719267 509.3980148509145 424.1455369964242 3.42515187190049 3.9811902794100122 -2048.494490883151 0.004616128468780687 22.439369077302572 -3852.448538679604 8.22839299247986e-06 0.0047869036662231005 0.17528464426145823
-0.6953231871083322 -2.6752264995523722 3.9814822732280617 421.6160014234483 539.9598402986303 511.571406211704 404.80528654158115 3.42515187190049 3.9811902794100122 -2048.494490883151 0.004616128468780687 22.439369077302572 -3852.448538679604 8.22839299247986e-06 0.0047869036662231005 0.17528464426145823
-0.7326427931960645 -2.6968325872873775 4.187593208734542 420.12472934648395 541.8632806432433 513.8292255289853 386.95289035886526 3.42515187190049 3.9811902794100122 -2048.494490883151 0.004616128468780687 22.439369077302572 -3852.448538679604 8.22839299247986e-06 0.0047869036662231005 0.17528464426145823
-0.7817475380483518 -2.7164744852282907 4.331882603272356 418.589260160923 543.6899104570039 516.1538690179586 370.5051920041442 3.42515187190049 3.9811902794100122 -2048.494490883151 0.004616128468780687 22.439369077302572 -3852.448538679604 8.22839299247986e-06 0.0047869036662231005 0.17528464426145823
-0.8308522829006347 -2.734152193375112 4.366833399802985 417.0310924574733 545.4428695701063 518.5284275189042 355.38133378326893 3.42515187190049 3.9811902794100122 -2048.494490883151 0.004616128468780687 22.439369077302572 -3852.448538679604 8.22839299247986e-06 0.0047869036662231005 0.17528464426145823
-0.884867502238146 -2.748883616830797 4.446136931233764 415.4708920530975 547.1251944066025 520.9366864897311 341.5027565360069 3.42515187190049 3.9811902794100122 -2048.494490883151 0.004616128468780687 22.439369077302572 -3852.448538679604 8.22839299247986e-06 0.0047869036662231005 0.17528464426145823
-0.9388827215756572 -2.760668755595344 4.497573579983043 413.9284920245409 548.7398179629818 523.3631260432303 328.7931997552514 3.42515187190049 3.9811902794100122 -2048.494490883151 0.004616128468780687 22.439369077302572 -3852.448538679604 8.22839299247986e-06 0.0047869036662231005 0.17528464426145823
-1.0056651745747593 -2.769507609668756 4.579837448088004 412.42289267480373 550.2895698337816 525.7929208725691 317.1787016391754 3.42515187190049 3.9811902794100122 -2048.494490883151 0.004616128468780687 22.439369077302572 -3852.448538679604 8.22839299247986e-06 0.0047869036662231005 0.17528464426145823
-1.0665550581915837 -2.7773643688451206 4.583478208700702 410.9722615890205 551.777176186908 528.2119403481483 306.58759896457195 3.42515187190049 3.9811902794100122 -2048.494490883151 0.004616128468780687 22.439369077302572 -3852.448538679604 8.22839299247986e-06 0.0047869036662231005 0.17528464426145823
-1.1254807520143233 -2.7842390331244418 4.597512374967771 409.59393353015184 553.2052597855218 530.606748457998 296.9505272433162 3.42515187190049 3.9811902794100122 -2048.494490883151 0.004616128468780687 22.439369077302572 -3852.448538679604 8.22839299247986e-06 0.0047869036662231005 0.17528464426145823
-1.1844064458370627 -2.7871853178155783 4.673946390363513 408.3044105693698 554.5763399708085 532.9646037779748 288.2004205659032 3.42515187190049 3.9811902794100122 -2048.494490883151 0.004616128468780687 22.439369077302572 -3852.448538679604 8.22839299247986e-06 0.0047869036662231005 0.17528464426145823
-1.2462784243509366 -2.7852211280214867 4.766880436625433 407.11936194077134 555.8928326712921 535.2734595574439 280.2725115790963 3.1689234929093777 3.678267165638052 -1892.7966921233606 0.04436030979467332 21.75655740530657 -4133.871089072534 1.859191525342541e-05 0.004418385277736605 0.15686234042059127
-1.3081504028648148 -2.783256938227396 4.766880436625413 406.05362422019243 557.1570504023694 537.5219636633992 273.10433176904917 3.1689234929093777 3.678267165638052 -1892.7966921233606 0.04436030979467332 21.75655740530657 -4133.871089072534 1.859191525342541e-05 0.004418385277736605 0.15686234042059127
-1.3710044762757334 -2.7783464637421678 4.819124653033831 405.12120113521814 558.3712022574618 539.6994585618377 266.635711081326 3.1689234929093777 3.678267165638052 -1892.7966921233606 0.04436030979467332 21.75655740530657 -4133.871089072534 1.859191525342541e-05 0.004418385277736605 0.15686234042059127
-1.4309122649955222 -2.7724538943598946 4.843704419367761 404.33526372537017 559.5373939233832 541.7959813736379 260.8087782263756 3.1689234929093777 3.678267165638052 -1892.7966921233606 0.04436030979467332 21.75655740530657 -4133.871089072534 1.859191525342541e-05 0.004418385277736605 0.15686234042059127
-1.4888558639212168 -2.76459713518353 4.887061179392928 403.70815020799637 560.6576276673004 543.8022638708353 255.56796050816774 3.1689234929093777 3.678267165638052 -1892.7966921233606 0.04436030979467332 21.75655740530657 -4133.871089072534 1.859191525342541e-05 0.004418385277736605 0.15686234042059127
-1.5497457475380458 -2.754776186213072 4.913343244072787 403.25136610120535 561.7338023427874 545.7097323983908 250.85998380929232 3.1689234929093777 3.678267165638052 -1892.7966921233606 0.04436030979467332 21.75655740530657 -4133.871089072534 1.859191525342541e-05 0.004418385277736605 0.15686234042059127
-1.5860832587287335 -2.7449552372426154 4.976352704010407 402.9755841344595 562.7677133893594 547.510507941246 246.63387282937765 3.1689234929093777 3.678267165638052 -1892.7966921233606 0.04436030979467332 21.75655740530657 -4133.871089072534 1.859191525342541e-05 0.004418385277736605 0.15686234042059127
-1.6194744852282865 -2.7331700984780674 5.051681594838738 402.8906442709267 563.7610528245568 549.1974061653018 242.84095074236393 3.1689234929093777 3.678267165638052 -1892.7966921233606 0.04436030979467332 21.75655740530657 -4133.871089072534 1.859191525342541e-05 0.004418385277736605 0.15686234042059127
-1.6528657117278398 -2.720402864816473 5.077590430172871 403.00555374473333 564.7154092607088 550.7639373093843 239.43483950197697 3.1689234929093777 3.678267165638052 -1892.7966921233606 0.04436030979467332 21.75655740530657 -4133.871089072534 1.859191525342541e-05 0.004418385277736605 0.15686234042059127
-1.6833106535362587 -2.706653536257834 5.136583388288406 403.3284869976342 565.632267890498 552.2043062336743 236.37145952880383 3.1689234929093777 3.678267165638052 -1892.7966921233606 0.04436030979467332 21.75655740530657 -4133.871089072534 1.859191525342541e-05 0.004418385277736605 0.15686234042059127
-1.7108093106535347 -2.693886302596241 5.147059195533958 403.86678574979305 566.5130104878917 553.5134124793112 233.60902999341488 3.1689234929093777 3.678267165638052 -1892.7966921233606 0.04436030979467332 21.75655740530657 -4133.871089072534 1.859191525342541e-05 0.004418385277736605 0.15686234042059127
-1.735361683079676 -2.6801369740376018 5.222877302301459 404.6269589662552 567.3589154216461 554.6868501789868 231.10806873440742 3.1689234929093777 3.678267165638052 -1892.7966921233606 0.04436030979467332 21.75655740530657 -4133.871089072534 1.859191525342541e-05 0.004418385277736605 0.15686234042059127
-1.755985675917634 -2.6673697403760075 5.266696476586284 405.61468280106783 568.1711576366797 555.7209080792964 228.83139226585627 3.1689234929093777 3.678267165638052 -1892.7966921233606 0.04436030979467332 21.75655740530657 -4133.871089072534 1.859191525342541e-05 0.004418385277736605 0.15686234042059127
-1.7795559534467262 -2.6555846016114604 5.176036589385534 406.83480068668723 568.9508086638525 556.612569577992 226.74411564320326 3.1689234929093777 3.678267165638052 -1892.7966921233606 0.04436030979467332 21.75655740530657 -4133.871089072534 1.859191525342541e-05 0.004418385277736605 0.15686234042059127
-1.8031262309758274 -2.6447815577439577 5.1421512594813 408.29132330417633 569.6988366232254 557.359512720257 224.81365252286196 3.1689234929093777 3.678267165638052 -1892.7966921233606 0.04436030979467332 21.75655740530657 -4133.871089072534 1.859191525342541e-05 0.004418385277736605 0.15686234042059127
-1.8237502238137853 -2.6329964189794106 5.231535094631207 409.98742857575417 570.4161062142812 557.96011011675 223.00971537828445 3.1689234929093777 3.678267165638052 -1892.7966921233606 0.04436030979467332 21.75655740530657 -4133.871089072534 1.859191525342541e-05 0.004418385277736605 0.15686234042059127
-1.8414279319606088 -2.6202291853178177 5.337874020623854 411.9254616647959 571.1033787298948 558.4134290851653 221.3043151795864 3.1689234929093777 3.678267165638052 -1892.7966921233606 0.04436030979467332 21.75655740530657 -4133.871089072534 1.859191525342541e-05 0.004418385277736605 0.15686234042059127
-1.8561593554162938 -2.603533572068041 5.560205953778109 414.1069349348545 571.761312036775 558.7192315012217 219.6717616468668 3.1689234929093777 3.678267165638052 -1892.7966921233606 0.04436030979467332 21.75655740530657 -4133.871089072534 1.859191525342541e-05 0.004418385277736605 0.15686234042059127
-1.8649982094897055 -2.5838916741271265 5.860331381046629 416.53252805769444 572.3904605968855 558.8779738992453 218.08866304159164 3.1689234929093777 3.678267165638052 -1892.7966921233606 0.04436030979467332 21.75655740530657 -4133.871089072534 1.859191525342541e-05 0.004418385277736605 0.15686234042059127
-1.873837063563113 -2.560321396598031 5.924414636909144 419.20208789780736 572.9912754474208 558.890807453543 216.53392627835274 3.1689234929093777 3.678267165638052 -1892.7966921233606 0.04436030979467332 21.75655740530657 -4133.871089072534 1.859191525342541e-05 0.004418385277736605 0.15686234042059127
-1.8797296329453816 -2.5318406445837063 6.079167327587224 422.11462860554457 573.5641042217612 558.7595779374242 214.98875704407692 3.1689234929093777 3.678267165638052 -1892.7966921233606 0.04436030979467332 21.75655740530657 -4133.871089072534 1.859191525342541e-05 0.004418385277736605 0.15686234042059127
-1.8826759176365202 -2.5004136078782455 6.189708526020938 425.26833153143525 574.1091911285184 558.4868257641792 213.43665949255228 3.1689234929093777 3.678267165638052 -1892.7966921233606 0.04436030979467332 21.75655740530657 -4133.871089072534 1.859191525342541e-05 0.004418385277736605 0.15686234042059127
-1.8826759176365202 -2.465058191584602 -0.0 428.6605452746153 574.6266769627109 558.0757859945297 211.86343657970428 3.1689234929093777 3.678267165638052 -1892.7966921233606 0.04436030979467332 21.75655740530657 -4133.871089072534 1.859191525342541e-05 0.004418385277736605 0.15686234042059127
-1.8797296329453816 -2.423810205908685 0.07130746478533458 432.28778571262956 575.1165991108865 557.5303882919252 210.25718977302313 3.1689234929093777 3.678267165638052 -1892.7966921233606 0.04436030979467332 21.75655740530657 -4133.871089072534 1.859191525342541e-05 0.004418385277736605 0.15686234042059127
-1.8767833482542517 -2.3786338406445844 0.06512516333422806 436.1457359455526 575.5788915390149 556.8552569374442 208.60831920802593 3.1689234929093777 3.678267165638052 -1892.7966921233606 0.04436030979467332 21.75655740530657 -4133.871089072534 1.859191525342541e-05 0.004418385277736605 0.15686234042059127
-1.8846401074306143 -2.3265828111011637 6.133372850606741 440.22924626246095 576.0133848004043 556.0557108782232 206.90952379256487 3.1689234929093777 3.678267165638052 -1892.7966921233606 0.04436030979467332 21.75655740530657 -4133.871089072534 1.859191525342541e-05 0.004418385277736605 0.15686234042059127
-1.89544315129812 -2.2725675917636528 6.085789747329642 444.53233428671956 576.4198060268536 555.1377636678517 205.1558008491993 3.1689234929093777 3.678267165638052 -1892.7966921233606 0.04436030979467332 21.75655740530657 -4133.871089072534 1.859191525342541e-05 0.004418385277736605 0.15686234042059127
-1.9062461951656215 -2.2175702775290955 6.0892261599197095 449.0481848269701 576.7977789454162 554.1081234551966 203.34444661438465 3.1689234929093777 3.678267165638052 -1892.7966921233606 0.04436030979467332 21.75655740530657 -4133.871089072534 1.859191525342541e-05 0.004418385277736605 0.15686234042059127
-1.9199955237242572 -2.160608773500448 6.046336546232723 453.76914993301034 577.1468238611706 552.9741930998862 201.4750557243824 3.1689234929093777 3.678267165638052 -1892.7966921233606 0.04436030979467332 21.75655740530657 -4133.871089072534 1.859191525342541e-05 0.004418385277736605 0.15686234042059127
-1.930798567591763 -2.102665174574754 6.098860898279827 458.6867489479482 577.4663576651365 551.7440700009465 199.54952155798674 3.1689234929093777 3.678267165638052 -1892.7966921233606 0.04436030979467332 21.75655740530657 -4133.871089072534 1.859191525342541e-05 0.004418385277736605 0.15686234042059127
-1.944547896150403 -2.041775290957924 6.06110340527409 463.7916683740914 577.7556938366033 550.4265462420881 197.57203619927168 3.1689234929093777 3.678267165638052 -1892.7966921233606 0.04436030979467332 21.75655740530657 -4133.871089072534 1.859191525342541e-05 0.004418385277736605 0.15686234042059127
-1.9612435094001774 -1.9769570277529105 6.031089326511539 469.07376201823354 578.0140424352139 549.0311085060239 195.5490901991725 3.1689234929093777 3.678267165638052 -1892.7966921233606 0.04436030979467332 21.75655740530657 -4133.871089072534 1.859191525342541e-05 0.004418385277736605 0.15686234042059127
-1.980885407341095 -1.9082103849597143 6.004885648174415 474.522050909698 578.2405101088807 547.5679381303489 193.48947302997112 3.1689234929093777 3.678267165638052 -1892.7966921233606 0.04436030979467332 21.75655740530657 -4133.871089072534 1.859191525342541e-05 0.004418385277736605 0.15686234042059127
-1.997581020590865 -1.8374995523724287 6.051320646330275 480.12472335621715 578.4341000863351 546.0479110330343 191.4042724967003 3.1689234929093777 3.678267165638052 -1892.7966921233606 0.04436030979467332 21.75655740530657 -4133.871089072534 1.859191525342541e-05 0.004418385277736605 0.15686234042059127
-2.011330349149505 -1.7648245299910492 6.096206037260665 485.8691348358989 578.5937121887691 544.4825978130102 189.30687527358532 3.1689234929093777 3.678267165638052 -1892.7966921233606 0.04436030979467332 21.75655740530657 -4133.871089072534 1.859191525342541e-05 0.004418385277736605 0.15686234042059127
-2.0113303491495094 -1.695095792300806 6.283185307179522 491.74180810526013 578.718142812606 542.8842636756599 187.21296654641628 3.1689234929093777 3.678267165638052 -1892.7966921233606 0.04436030979467332 21.75655740530657 -4133.871089072534 1.859191525342541e-05 0.004418385277736605 0.15686234042059127
-2.011330349149505 -1.6234028648164736 6.22941576556804e-14 497.7284331768751 578.8060849490575 541.2658684365451 185.14053022116423 3.1689234929093777 3.678267165638052 -1892.7966921233606 0.04436030979467332 21.75655740530657 -4133.871089072534 1.859191525342541e-05 0.004418385277736605 0.15686234042059127
-2.0142766338406437 -1.550727842435095 6.242666954701215 503.81386731565 578.8561281682923 539.6410665512085 183.1098488420248 3.1689234929093777 3.678267165638052 -1892.7966921233606 0.04436030979467332 21.75655740530657 -4133.871089072534 1.859191525342541e-05 0.004418385277736605 0.15686234042059127
-2.0172229185317825 -1.4770707251566706 6.243206620056272 509.98213497176766 578.8667586245574 538.0242071337998 181.14350351691246 3.1689234929093777 3.678267165638052 -1892.7966921233606 0.04436030979467332 21.75655740530657 -4133.871089072534 1.859191525342541e-05 0.004418385277736605 0.15686234042059127
-2.0231154879140556 -1.4014494180841546 6.205420367576866 516.2164278924465 578.8363590603694 536.4303338713944 179.26637407392263 3.1689234929093777 3.678267165638052 -1892.7966921233606 0.04436030979467332 21.75655740530657 -4133.871089072534 1.859191525342541e-05 0.004418385277736605 0.15686234042059127
-2.0260617726051944 -1.328774395702776 6.242666954701215 522.4991050474346 578.7632088046521 534.8751851283014 177.50563899427652 3.1689234929093777 3.678267165638052 -1892.7966921233606 0.04436030979467332 21.75655740530657 -4133.871089072534 1.859191525342541e-05 0.004418385277736605 0.15686234042059127
-2.0250796777081495 -1.2570814682184435 0.013697773372853416 528.8116926364601 578.6454837638885 533.3751938641071 175.89077533781528 3.1689234929093777 3.678267165638052 -1892.7966921233606 0.04436030979467332 21.75655740530657 -4133.871089072534 1.859191525342541e-05 0.004418385277736605 0.15686234042059127
-2.021151298119966 -1.1873527305282014 0.05627853628877455 535.1348841302097 578.4812564360909 531.9474876597524 174.453558832407 3.1689234929093777 3.678267165638052 -1892.7966921233606 0.04436030979467332 21.75655740530657 -4133.871089072534 1.859191525342541e-05 0.004418385277736605 0.15686234042059127
-2.0172229185317825 -1.1176239928379597 0.05627853628877455 541.4485402069986 578.2684959038161 530.6098887585104 173.2280639335513 3.1689234929093777 3.678267165638052 -1892.7966921233606 0.04436030979467332 21.75655740530657 -4133.871089072534 1.859191525342541e-05 0.004418385277736605 0.15686234042059127
-2.010348254252465 -1.0498594449418095 0.10110337173627276 547.7316888347268 578.005067832768 529.380914028734 172.25066351145506 3.1689234929093777 3.678267165638052 -1892.7966921233606 0.04436030979467332 21.75655740530657 -4133.871089072534 1.859191525342541e-05 0.004418385277736605 0.15686234042059127
-2.003473589973138 -0.9820948970456592 0.10110337173640323 553.9625251591206 577.6887344741262 528.2797749117017 171.5600293725729 3.1833981910296574 3.709527638023495 -1911.0351437585125 0.04447083520796572 21.896280745228243 -4178.572397936487 1.8638237723371997e-05 0.004458546049776291 0.14552386001225526
-1.9965989256938113 -0.914330349149508 0.10110337173640158 560.1184116080403 577.317154662218 527.3263775445521 171.1971317231655 3.1833981910296574 3.709527638023495 -1911.0351437585125 0.04447083520796572 21.896280745228243 -4178.572397936487 1.8638237723371997e-05 0.004458546049776291 0.14552386001225526
-1.9838316920322203 -0.8465658012533588 0.18622284041110687 566.175877880305 576.8878838187084 526.5413226671517 171.20523960888386 3.1833981910296574 3.709527638023495 -1911.0351437585125 0.04447083520796572 21.896280745228243 -4178.572397936487 1.8638237723371997e-05 0.004458546049776291 0.14552386001225526
-1.9710644583706296 -0.7797833482542523 0.18889718087757904 572.1106208488345 576.3983739507385 525.9459056183696 171.6299205943942 3.1833981910296574 3.709527638023495 -1911.0351437585125 0.04447083520796572 21.896280745228243 -4178.572397936487 1.8638237723371997e-05 0.004458546049776291 0.14552386001225526
-1.9524046553267655 -0.7149650850492397 0.28029965633840387 577.8975046873093 575.8459736481309 525.5621164180338 172.51904080808163 3.1833981910296574 3.709527638023495 -1911.0351437585125 0.04447083520796572 21.896280745228243 -4178.572397936487 1.8638237723371997e-05 0.004458546049776291 0.14552386001225526
-1.930798567591763 -0.6521110116383168 0.3310960767041023 583.5105607621372 575.227928086184 525.412639670074 173.92276526242495 3.1833981910296574 3.709527638023495 -1911.0351437585125 0.04447083520796572 21.896280745228243 -4178.572397936487 1.8638237723371997e-05 0.004458546049776291 0.14552386001225526
-1.9042820053715275 -0.5912211280214855 0.41071696311470635 588.9229877181351 574.5413790270686 525.5208546109498 175.89355740696192 3.1833981910296574 3.709527638023495 -1911.0351437585125 0.04447083520796572 21.896280745228243 -4178.572397936487 1.8638237723371997e-05 0.004458546049776291 0.14552386001225526
-1.871872873769019 -0.5352417188898837 0.5247957716501365 594.1071514599025 573.7833648161031 525.910835146904 178.4861794486642 3.1833981910296574 3.709527638023495 -1911.0351437585125 0.04447083520796572 21.896280745228243 -4178.572397936487 1.8638237723371997e-05 0.004458546049776291 0.14552386001225526
-1.839463742166515 -0.4822085944494183 0.5485494024504931 599.034585043788 572.9508203817531 526.6073497645557 181.75769218057394 3.1833981910296574 3.709527638023495 -1911.0351437585125 0.04447083520796572 21.896280745228243 -4178.572397936487 1.8638237723371997e-05 0.004458546049776291 0.14552386001225526
-1.804108325872872 -0.4321217547000907 0.614662951922162 603.6759889014065 572.0405772412196 527.6358615830541 185.76745498925447 3.1833981910296574 3.709527638023495 -1911.0351437585125 0.04447083520796572 21.896280745228243 -4178.572397936487 1.8638237723371997e-05 0.004458546049776291 0.14552386001225526
-1.765806624888095 -0.3859632945389443 0.6926418432092539 608.0012305900455 571.049363497179 529.022528372705 190.5771260857582 3.1833981910296574 3.709527638023495 -1911.0351437585125 0.04447083520796572 21.896280745228243 -4178.572397936487 1.8638237723371997e-05 0.004458546049776291 0.14552386001225526
-1.7245586392121703 -0.3427511190689367 0.7621465405870874 611.9793449677527 569.9738038321957 530.7942025251687 196.25066208094358 3.1833981910296574 3.709527638023495 -1911.0351437585125 0.04447083520796572 21.896280745228243 -4178.572397936487 1.8638237723371997e-05 0.004458546049776291 0.14552386001225526
-1.6833106535362587 -0.30444941808415626 0.8224182792713056 615.5785341337323 568.8104195157066 532.9784310273826 202.8543184325099 3.1833981910296574 3.709527638023495 -1911.0351437585125 0.04447083520796572 21.896280745228243 -4178.572397936487 1.8638237723371997e-05 0.004458546049776291 0.14552386001225526
-1.63617009847807 -0.270076096687556 0.9407624172489235 618.7661673873663 567.5556284082122 535.6034555584192 210.4566491395235 3.1833981910296574 3.709527638023495 -1911.0351437585125 0.04447083520796572 21.896280745228243 -4178.572397936487 1.8638237723371997e-05 0.004458546049776291 0.14552386001225526
-1.5880474485228229 -0.24159534467323213 1.036400850040576 621.5087813176215 566.2057449426502 538.6982123591006 219.12850683182478 3.1833981910296574 3.709527638023495 -1911.0351437585125 0.04447083520796572 21.896280745228243 -4178.572397936487 1.8638237723371997e-05 0.004458546049776291 0.14552386001225526
