25 -0.7601414503133358 -3.1299364368845137 1.3521273809209424 0.46453088630260253 -2.5023777976723376
-0.7601414503133358 -3.1299364368845137 1.3521273809209424 392.24591880352455 544.554451566956 634.5622507134103 233.25619657780044 3.3215308151069154 3.8326998538711505 -2097.6030165005923 0.09771348130956785 22.74462860781647 -4894.50917128982 4.095284212471407e-05 0.004593298194498387 0.0033775276024304002
-0.702197851387641 -3.1191333930170115 1.380157420880806 393.7494528057432 542.777234918869 628.8344543547137 242.04092344734818 3.3215308151069154 3.8326998538711505 -2097.6030165005923 0.09771348130956785 22.74462860781647 -4894.50917128982 4.095284212471407e-05 0.004593298194498387 0.0033775276024304002
-0.6432721575649016 -3.1063661593554173 1.3503025654282037 395.36792701266313 541.0261344492894 622.0210629146313 254.46144133759663 3.3215308151069154 3.8326998538711505 -2097.6030165005923 0.09771348130956785 22.74462860781647 -4894.50917128982 4.095284212471407e-05 0.004593298194498387 0.0033775276024304002
-0.5804180841539786 -3.093598925693824 1.3641131083106632 397.10963100914887 539.303774168668 614.360221501498 269.3567759555299 3.3215308151069154 3.8326998538711505 -2097.6030165005923 0.09771348130956785 22.74462860781647 -4894.50917128982 4.095284212471407e-05 0.004593298194498387 0.0033775276024304002
-0.5205102954341988 -3.077885407341092 1.3059789968890707 398.98011342525206 537.6126407610118 606.0648091840558 285.6924808318727 3.3215308151069154 3.8326998538711505 -2097.6030165005923 0.09771348130956785 22.74462860781647 -4894.50917128982 4.095284212471407e-05 0.004593298194498387 0.0033775276024304002
-0.46354879140554883 -3.0621718889883627 1.292496667789796 400.982181936437 535.9550835838879 597.3224389938405 302.56063731363975 3.3215308151069154 3.8326998538711505 -2097.6030165005923 0.09771348130956785 22.74462860781647 -4894.50917128982 4.095284212471407e-05 0.004593298194498387 0.0033775276024304002
-0.4006947179946258 -3.0484225604297235 1.355438627097165 403.1159032634205 534.3333146684245 588.2954579233192 319.17985456972383 3.3215308151069154 3.8326998538711505 -2097.6030165005923 0.09771348130956785 22.74462860781647 -4894.50917128982 4.095284212471407e-05 0.004593298194498387 0.0033775276024304002
-0.3427511190689356 -3.0297627573858565 1.2592494998921941 405.3786031721902 532.7494087192999 579.1209469272289 334.8952695899643 3.3215308151069154 3.8326998538711505 -2097.6030165005923 0.09771348130956785 22.74462860781647 -4894.50917128982 4.095284212471407e-05 0.004593298194498387 0.0033775276024304002
-0.2877538048343751 -3.0071745747538055 1.1810877554520434 407.76486647411 531.2053031147586 569.9107209213544 349.1785471814219 3.3215308151069154 3.8326998538711505 -2097.6030165005923 0.09771348130956785 22.74462860781647 -4894.50917128982 4.095284212471407e-05 0.004593298194498387 0.0033775276024304002
-0.23275649059981918 -2.9845863921217557 1.181087755452032 410.2665370257855 529.7027979066015 560.7513287838665 361.62787997350097 3.3215308151069154 3.8326998538711505 -2097.6030165005923 0.09771348130956785 22.74462860781647 -4894.50917128982 4.095284212471407e-05 0.004593298194498387 0.0033775276024304002
-0.176777081468214 -2.9590519247985685 1.1428478304734293 412.8727177291439 528.2435558201853 551.7040533540421 371.96798841492273 3.3215308151069154 3.8326998538711505 -2097.6030165005923 0.09771348130956785 22.74462860781647 -4894.50917128982 4.095284212471407e-05 0.004593298194498387 0.0033775276024304002
-0.12374395702774756 -2.929589077887199 1.0636978224025668 415.56977053141236 526.829102254427 542.8049114331952 380.05012077465653 3.3215308151069154 3.8326998538711505 -2097.6030165005923 0.09771348130956785 22.74462860781647 -4894.50917128982 4.095284212471407e-05 0.004593298194498387 0.0033775276024304002
-0.07463921217546912 -2.8971799462846923 0.9874233198010052 418.3413164251506 525.4608252818036 534.0646537844441 385.85205314308405 3.3215308151069154 3.8326998538711505 -2097.6030165005923 0.09771348130956785 22.74462860781647 -4894.50917128982 4.095284212471407e-05 0.004593298194498387 0.0033775276024304002
-0.02455237242614145 -2.864770814682186 0.996491496620193 421.16823544816 524.1399756483445 525.4687651318382 389.4780894257128 3.3215308151069154 3.8326998538711505 -2097.6030165005923 0.09771348130956785 22.74462860781647 -4894.50917128982 4.095284212471407e-05 0.004593298194498387 0.0033775276024304002
0.02553446732319515 -2.830397493285588 0.9693416199346984 424.0286666835891 522.8676667736461 516.9774641624535 391.15906135109253 3.3215308151069154 3.8326998538711505 -2097.6030165005923 0.09771348130956785 22.74462860781647 -4894.50917128982 4.095284212471407e-05 0.004593298194498387 0.0033775276024304002
0.07562130707251835 -2.7989704565801268 1.010436449889999 426.89800825990824 521.644874750855 508.5257035237155 391.25232847221196 3.3215308151069154 3.8326998538711505 -2097.6030165005923 0.09771348130956785 22.74462860781647 -4894.50917128982 4.095284212471407e-05 0.004593298194498387 0.0033775276024304002
0.11785138764547898 -2.767543419874665 0.9310265439682337 429.74891735082565 520.4724383466789 500.0231698254356 390.2417781515978 3.3215308151069154 3.8326998538711505 -2097.6030165005923 0.09771348130956785 22.74462860781647 -4894.50917128982 4.095284212471407e-05 0.004593298194498387 0.0033775276024304002
0.16106356311548883 -2.7370984780662497 0.9570262317783346 432.5513101753968 519.3510590013886 491.35428363928804 388.7378255825024 3.3215308151069154 3.8326998538711505 -2097.6030165005923 0.09771348130956785 22.74462860781647 -4894.50917128982 4.095284212471407e-05 0.004593298194498387 0.0033775276024304002
0.20427573858549866 -2.7086177260519255 0.9880568325449376 435.2723619979879 518.2813008288042 482.3781994978781 387.47741377237253 3.3215308151069154 3.8326998538711505 -2097.6030165005923 0.09771348130956785 22.74462860781647 -4894.50917128982 4.095284212471407e-05 0.004593298194498387 0.0033775276024304002
0.247487914055513 -2.6821011638316925 1.0204103791181531 437.8765071282214 517.2635906163118 472.92880589625565 387.32401354867034 3.3215308151069154 3.8326998538711505 -2097.6030165005923 0.09771348130956785 22.74462860781647 -4894.50917128982 4.095284212471407e-05 0.004593298194498387 0.0033775276024304002
0.2867717099373393 -2.6595129811996427 1.0489620469804948 440.3254389210706 516.2982178248519 462.8147252909839 389.26762356236577 3.3215308151069154 3.8326998538711505 -2097.6030165005923 0.09771348130956785 22.74462860781647 -4894.50917128982 4.095284212471407e-05 0.004593298194498387 0.0033775276024304002
0.31819874664279857 -2.6329964189794106 0.8699419189104309 442.5781097767831 515.385334588924 451.8193140999647 394.42477028025314 3.3215308151069154 3.8326998538711505 -2097.6030165005923 0.09771348130956785 22.74462860781647 -4894.50917128982 4.095284212471407e-05 0.004593298194498387 0.0033775276024304002
0.34962578334826233 -2.605497761862132 0.8519663271733023 444.5907311409137 514.5249557165891 439.7006627031369 404.03850799123757 3.3215308151069154 3.8326998538711505 -2097.6030165005923 0.09771348130956785 22.74462860781647 -4894.50917128982 4.095284212471407e-05 0.004593298194498387 0.0033775276024304002
0.38498119964190064 -2.573088630259625 0.8288490587889105 446.3167735043353 513.7169586894597 426.19159544224385 419.478418803541 3.3215308151069154 3.8326998538711505 -2097.6030165005923 0.09771348130956785 22.74462860781647 -4894.50917128982 4.095284212471407e-05 0.004593298194498387 0.0033775276024304002
0.4242649955237314 -2.5396974037600732 0.8663022625527383 447.7069664032242 512.9610836627126 410.9996706201928 442.24061264819466 3.3215308151069154 3.8326998538711505 -2097.6030165005923 0.09771348130956785 22.74462860781647 -4894.50917128982 4.095284212471407e-05 0.004593298194498387 0.0033775276024304002
0.46453088630260253 -2.5023777976723376 0.8233546085857426 449.5463271820154 511.29433437097214 476.6786546087242 498.6248900075152 3.3215308151069154 3.8326998538711505 -2097.6030165005923 0.09771348130956785 22.74462860781647 -4894.50917128982 4.095284212471407e-05 0.004593298194498387 0.0033775276024304002
0.5087251566696527 -2.463094001790511 0.8441539861131209 454.01051267507137 510.02328640478663 479.40726072640973 463.15809889603406 3.3215308151069154 3.8326998538711505 -2097.6030165005923 0.09771348130956785 22.74462860781647 -4894.50917128982 4.095284212471407e-05 0.004593298194498387 0.0033775276024304002
0.5529194270367073 -2.4257743957027764 0.8695364039286252 458.2520344816003 508.9380731604051 480.6204960704781 430.2756094043725 3.3215308151069154 3.8326998538711505 -2097.6030165005923 0.09771348130956785 22.74462860781647 -4894.50917128982 4.095284212471407e-05 0.004593298194498387 0.0033775276024304002
0.5892569382273949 -2.388454789615042 0.7720656201032841 462.2846873930139 508.0306386306129 480.50107254469185 399.86174459019094 3.3215308151069154 3.8326998538711505 -2097.6030165005923 0.09771348130956785 22.74462860781647 -4894.50917128982 4.095284212471407e-05 0.004593298194498387 0.0033775276024304002
0.6216660698299034 -2.349170993733215 0.689800044733621 466.12189192391816 507.29311091635645 479.22474143776344 371.8032704885991 3.3215308151069154 3.8326998538711505 -2097.6030165005923 0.09771348130956785 22.74462860781647 -4894.50917128982 4.095284212471407e-05 0.004593298194498387 0.0033775276024304002
0.6462184422560449 -2.305958818263206 0.5166951387622795 469.7766943121933 506.7178022267435 476.960293422424 345.9893961119815 3.3215308151069154 3.8326998538711505 -2097.6030165005923 0.09771348130956785 22.74462860781647 -4894.50917128982 4.095284212471407e-05 0.004593298194498387 0.0033775276024304002
0.6904127126231039 -2.2656929274843347 0.8318762947485125 473.26176651893184 506.2972088790484 473.86955855606357 322.31177345017204 3.3215308151069154 3.8326998538711505 -2097.6030165005923 0.09771348130956785 22.74462860781647 -4894.50917128982 4.095284212471407e-05 0.004593298194498387 0.0033775276024304002
0.730678603401975 -2.2264091316025074 0.7977432152416475 476.58940622850787 506.0240112986976 470.1074062810512 300.66449747019215 3.3215308151069154 3.8326998538711505 -2097.6030165005923 0.09771348130956785 22.74462860781647 -4894.50917128982 4.095284212471407e-05 0.004593298194498387 0.0033775276024304002
0.7513025962399329 -2.187125335720681 0.4834470015671812 479.77153684851874 505.89107401928413 465.82174542327994 280.9441061166581 3.3215308151069154 3.8326998538711505 -2097.6030165005923 0.09771348130956785 22.74462860781647 -4894.50917128982 4.095284212471407e-05 0.004593298194498387 0.0033775276024304002
0.7562130707251612 -2.147841539838856 0.12435499454676494 482.819707509796 505.8914456825587 461.1535241942911 263.04958031122806 3.3215308151069154 3.8326998538711505 -2097.6030165005923 0.09771348130956785 22.74462860781647 -4894.50917128982 4.095284212471407e-05 0.004593298194498387 0.0033775276024304002
0.7483563115487986 -2.106593554162938 6.09496380187488 485.7450930664563 506.01835903842766 456.23673018909176 246.8823439530679 3.3215308151069154 3.8326998538711505 -2097.6030165005923 0.09771348130956785 22.74462860781647 -4894.50917128982 4.095284212471407e-05 0.004593298194498387 0.0033775276024304002
0.7316606982990197 -2.0653455684870194 5.8985805923573205 488.5584940958215 506.265230944975 451.19839038793 232.34626391870552 3.3215308151069154 3.8326998538711505 -2097.6030165005923 0.09771348130956785 22.74462860781647 -4894.50917128982 4.095284212471407e-05 0.004593298194498387 0.0033775276024304002
0.7071083258728739 -2.023115487914057 5.756558035745752 491.27033689846576 506.6256623684221 446.1585711550142 219.34765006194357 3.3215308151069154 3.8326998538711505 -2097.6030165005923 0.09771348130956785 22.74462860781647 -4894.50917128982 4.095284212471407e-05 0.004593298194498387 0.0033775276024304002
0.6786275738585533 -1.9779391226499574 5.720687376110561 493.8906734982229 507.0934383831773 441.2303782396775 207.7952552139759 3.3215308151069154 3.8326998538711505 -2097.6030165005923 0.09771348130956785 22.74462860781647 -4894.50917128982 4.095284212471407e-05 0.004593298194498387 0.0033775276024304002
0.6501468218442328 -1.932762757385856 5.720687376110583 496.42918164215007 507.6625281717879 436.51995677530067 197.60027518335846 3.3215308151069154 3.8326998538711505 -2097.6030165005923 0.09771348130956785 22.74462860781647 -4894.50917128982 4.095284212471407e-05 0.004593298194498387 0.0033775276024304002
0.6216660698299078 -1.890532676812893 5.689835161022849 498.89516480056045 508.3270850249701 432.1264912796905 188.67634875592194 3.3215308151069154 3.8326998538711505 -2097.6030165005923 0.09771348130956785 22.74462860781647 -4894.50917128982 4.095284212471407e-05 0.004593298194498387 0.0033775276024304002
0.578453894359898 -1.8532130707251573 5.424746578479017 501.2975521670123 509.08144634160453 428.1422056554584 180.9395576949173 3.3215308151069154 3.8326998538711505 -2097.6030165005923 0.09771348130956785 22.74462860781647 -4894.50917128982 4.095284212471407e-05 0.004593298194498387 0.0033775276024304002
0.5273849597135211 -1.8158934646374227 5.343468367855988 503.64489865830546 509.9201336287297 424.6523631894379 174.30842674078303 3.3215308151069154 3.8326998538711505 -2097.6030165005923 0.09771348130956785 22.74462860781647 -4894.50917128982 4.095284212471407e-05 0.004593298194498387 0.0033775276024304002
0.4802444046553277 -1.7815201432408247 5.342422889930587 505.9453849144775 510.8378525015396 421.73526655323803 168.70392361158156 3.3215308151069154 3.8326998538711505 -2097.6030165005923 0.09771348130956785 22.74462860781647 -4894.50917128982 4.095284212471407e-05 0.004593298194498387 0.0033775276024304002
0.4370322291853223 -1.7491110116383173 5.355890089178024 508.20681729882926 511.8294926833896 419.4622578031849 164.0494590025046 3.3215308151069154 3.8326998538711505 -2097.6030165005923 0.09771348130956785 22.74462860781647 -4894.50917128982 4.095284212471407e-05 0.004593298194498387 0.0033775276024304002
0.397748433303496 -1.7186660698299028 5.371699048717534 510.43662789788505 512.8901280058144 417.8977183790994 160.2708865860477 3.2818926865217524 3.8538312738426472 -2082.995169447327 -3.306930269886261e-15 22.823176148487146 -4858.0667870194675 -1.2275576727470121e-18 0.0046428209059436775 0.01174429472474204
0.3555183527305309 -1.6882211280214872 5.337024403156287 512.6418745214323 514.0150164084862 417.0990691064799 157.2965030123014 3.2818926865217524 3.8538312738426472 -2082.995169447327 -3.306930269886261e-15 22.823176148487146 -4858.0667870194675 -1.2275576727470121e-18 0.0046428209059436775 0.01174429472474204
0.3093598925693868 -1.655811996418982 5.324541477329769 514.8292407024783 515.1995999392439 417.1167701946397 155.0570479084272 3.2818926865217524 3.8538312738426472 -2082.995169447327 -3.306930269886261e-15 22.823176148487146 -4858.0667870194675 -1.2275576727470121e-18 0.0046428209059436775 0.01174429472474204
0.2681119068934664 -1.6243849597135194 5.363465701829162 517.0050356972934 516.4395047540947 417.99432123769657 153.48570387909422 3.2818926865217524 3.8538312738426472 -2082.995169447327 -3.306930269886261e-15 22.823176148487146 -4858.0667870194675 -1.2275576727470121e-18 0.0046428209059436775 0.01174429472474204
0.2229355416293626 -1.590993733213966 5.348897196172616 519.1751944853931 517.7305411171928 419.76826121419435 152.51809650630457 3.2818926865217524 3.8538312738426472 -2082.995169447327 -3.306930269886261e-15 22.823176148487146 -4858.0667870194675 -1.2275576727470121e-18 0.0046428209059436775 0.01174429472474204
0.1777591763652677 -1.5546562220232762 5.389775419082156 521.3452777695238 519.0687034008788 422.4681684866373 152.09229434921872 3.2818926865217524 3.8538312738426472 -2082.995169447327 -3.306930269886261e-15 22.823176148487146 -4858.0667870194675 -1.2275576727470121e-18 0.0046428209059436775 0.01174429472474204
0.1237439570277565 -1.5153724261414512 5.341185266800109 523.5204719756875 520.450170085629 426.1166608033236 152.14880894470843 3.2818926865217524 3.8538312738426472 -2082.995169447327 -3.306930269886261e-15 22.823176148487146 -4858.0667870194675 -1.2275576727470121e-18 0.0046428209059436775 0.01174429472474204
0.07758549686661236 -1.4770707251566706 5.405030823594011 525.7055892531425 521.8713037600774 430.72939529575524 152.63059480665834 3.2818926865217524 3.8538312738426472 -2082.995169447327 -3.306930269886261e-15 22.823176148487146 -4858.0667870194675 -1.2275576727470121e-18 0.0046428209059436775 0.01174429472474204
0.0324091316025085 -1.4368048343777995 5.440379029145288 527.9050674743448 523.328651121059 436.3150684806169 153.48304942646064 3.2818926865217524 3.8538312738426472 -2082.995169447327 -3.306930269886261e-15 22.823176148487146 -4858.0667870194675 -1.2275576727470121e-18 0.0046428209059436775 0.01174429472474204
-0.012767233661590875 -1.3955568487018815 5.452363864360576 530.1229702350502 524.8189429735048 442.87541625875747 154.65401327278232 3.2818926865217524 3.8538312738426472 -2082.995169447327 -3.306930269886261e-15 22.823176148487146 -4858.0667870194675 -1.2275576727470121e-18 0.0046428209059436775 0.01174429472474204
-0.05794359892569025 -1.3552909579230092 5.440379029145351 532.3629868542303 526.3390942305687 450.40521391600487 156.09376979165245 3.2818926865217524 3.8538312738426472 -2082.995169447327 -3.306930269886261e-15 22.823176148487146 -4858.0667870194675 -1.2275576727470121e-18 0.0046428209059436775 0.01174429472474204
-0.09526320501342259 -1.3169892569382278 5.510773426702358 534.6284323740874 527.8862039135383 458.8922761223512 157.75504540634574 3.2818926865217524 3.8538312738426472 -2082.995169447327 -3.306930269886261e-15 22.823176148487146 -4858.0667870194675 -1.2275576727470121e-18 0.0046428209059436775 0.01174429472474204
-0.13552909579229366 -1.2816338406445849 5.4329431162289294 536.9222475601091 529.4575551518483 468.31745693203993 159.59300951784826 3.2818926865217524 3.8538312738426472 -2082.995169447327 -3.306930269886261e-15 22.823176148487146 -4858.0667870194675 -1.2275576727470121e-18 0.0046428209059436775 0.01174429472474204
-0.17972336615934828 -1.2482426141450316 5.359436173605026 539.2469989009987 531.0506151831214 478.6546497842355 161.56527450398426 3.2818926865217524 3.8538312738426472 -2082.995169447327 -3.306930269886261e-15 22.823176148487146 -4858.0667870194675 -1.2275576727470121e-18 0.0046428209059436775 0.01174429472474204
-0.2307923008057252 -1.217797672336617 5.2499756270434 541.6048786086976 532.66303535312 489.870787502412 163.63189572028932 3.2818926865217524 3.8538312738426472 -2082.995169447327 -3.306930269886261e-15 22.823176148487146 -4858.0667870194675 -1.2275576727470121e-18 0.0046428209059436775 0.01174429472474204
-0.2848075201432319 -1.1902990152193391 5.18328283936542 543.9977046184213 534.2926511157839 501.9258422948187 165.7553714995738 3.2818926865217524 3.8538312738426472 -2082.995169447327 -3.306930269886261e-15 22.823176148487146 -4858.0667870194675 -1.2275576727470121e-18 0.0046428209059436775 0.01174429472474204
-0.3417690241718819 -1.164764547896152 5.133808187272486 546.4269205885939 535.9374820332032 514.7728257541312 167.90064315177733 3.2818926865217524 3.8538312738426472 -2082.995169447327 -3.306930269886261e-15 22.823176148487146 -4858.0667870194675 -1.2275576727470121e-18 0.0046428209059436775 0.01174429472474204
-0.4026589077887153 -1.1411942703670552 5.081722638058313 548.8935959009104 537.595731775622 528.3577888568689 170.03509496437619 3.2818926865217524 3.8538312738426472 -2082.995169447327 -3.306930269886261e-15 22.823176148487146 -4858.0667870194675 -1.2275576727470121e-18 0.0046428209059436775 0.01174429472474204
-0.4704234556848622 -1.121552372426142 4.994512712527419 551.3984256602998 539.2657881214764 542.6198219649086 172.12855420223786 3.2818926865217524 3.8538312738426472 -2082.995169447327 -3.306930269886261e-15 22.823176148487146 -4858.0667870194675 -1.2275576727470121e-18 0.0046428209059436775 0.01174429472474204
-0.5411342882721523 -1.1048567591763665 4.944253641234061 553.9417306949363 540.946222957311 557.4910548242624 174.15329110762104 3.2818926865217524 3.8538312738426472 -2082.995169447327 -3.306930269886261e-15 22.823176148487146 -4858.0667870194675 -1.2275576727470121e-18 0.0046428209059436775 0.01174429472474204
-0.6147914055505767 -1.087179051029543 4.947933961105576 556.523457556239 542.635792277888 572.8966565653391 176.08401889973902 3.2818926865217524 3.8538312738426472 -2082.995169447327 -3.306930269886261e-15 22.823176148487146 -4858.0667870194675 -1.2275576727470121e-18 0.0046428209059436775 0.01174429472474204
-0.6913948075201397 -1.0626266786034024 5.0225570411726554 559.1431785188688 544.3334361860925 588.7548357034975 177.89789377560373 3.2818926865217524 3.8538312738426472 -2082.995169447327 -3.306930269886261e-15 22.823176148487146 -4858.0667870194675 -1.2275576727470121e-18 0.0046428209059436775 0.01174429472474204
-0.761123545210385 -1.0351280214861234 5.088029215857746 561.800091580717 546.0382788929801 604.9768401379406 179.57451490915264 3.2818926865217524 3.8538312738426472 -2082.995169447327 -3.306930269886261e-15 22.823176148487146 -4858.0667870194675 -1.2275576727470121e-18 0.0046428209059436775 0.01174429472474204
-0.8269239033124424 -1.0056651745747536 5.133379554636946 564.4930204629636 547.7496287177746 621.4669571532286 181.09592445220915 3.2818926865217524 3.8538312738426472 -2082.995169447327 -3.306930269886261e-15 22.823176148487146 -4858.0667870194675 -1.2275576727470121e-18 0.0046428209059436775 0.01174429472474204
-0.8917421665174549 -0.9712918531781567 5.199984106307696 567.2204146100012 549.4669780878448 638.1225134173874 182.44660753349308 3.2818926865217524 3.8538312738426472 -2082.995169447327 -3.306930269886261e-15 22.823176148487146 -4858.0667870194675 -1.2275576727470121e-18 0.0046428209059436775 0.01174429472474204
-0.9536141450313331 -0.9339722470904221 5.255139478764383 569.9803491894527 551.1900035387407 654.8338749836548 183.61349225917365 3.2818926865217524 3.8538312738426472 -2082.995169447327 -3.306930269886261e-15 22.823176148487146 -4858.0667870194675 -1.2275576727470121e-18 0.0046428209059436775 0.01174429472474204
-1.0105756490599787 -0.8907600716204124 5.361384539381223 572.7705250922118 552.9185657141606 671.4844472897821 184.58594971289858 3.2818926865217524 3.8538312738426472 -2082.995169447327 -3.306930269886261e-15 22.823176148487146 -4858.0667870194675 -1.2275576727470121e-18 0.0046428209059436775 0.01174429472474204
-1.070483437779763 -0.8455837063563119 5.358507884245301 575.5882689324171 554.652709365957 687.9506751575973 185.35579395538662 3.2818926865217524 3.8538312738426472 -2082.995169447327 -3.306930269886261e-15 22.823176148487146 -4858.0667870194675 -1.2275576727470121e-18 0.0046428209059436775 0.01174429472474204
-1.1274449418084127 -0.7964789615040301 5.42384810612417 578.4305330474126 556.3926633541687 704.102042794053 185.91728202498052 3.2818926865217524 3.8538312738426472 -2082.995169447327 -3.306930269886261e-15 22.823176148487146 -4858.0667870194675 -1.2275576727470121e-18 0.0046428209059436775 0.01174429472474204
-1.1804780662488792 -0.7434458370635636 5.497787143782138 581.2938954978199 558.1388406469632 719.8010737896548 186.26711393738515 3.2818926865217524 3.8538312738426472 -2082.995169447327 -3.306930269886261e-15 22.823176148487146 -4858.0667870194675 -1.2275576727470121e-18 0.0046428209059436775 0.01174429472474204
-1.2295828111011622 -0.6884485228290077 5.554330580726948 584.1745600675458 559.891838320691 734.903331120353 186.40443268531817 3.2818926865217524 3.8538312738426472 -2082.995169447327 -3.306930269886261e-15 22.823176148487146 -4858.0667870194675 -1.2275576727470121e-18 0.0046428209059436775 0.01174429472474204
-1.282615935541624 -0.637379588182633 5.478921457760505 587.0683562636477 561.652437559851 749.2574171462038 186.3308242392086 3.2818926865217524 3.8538312738426472 -2082.995169447327 -3.306930269886261e-15 22.823176148487146 -4858.0667870194675 -1.2275576727470121e-18 0.0046428209059436775 0.01174429472474204
-1.3376132497761846 -0.5872927484333043 5.451092139738777 589.9707393165008 563.4216036571088 762.704973611777 186.05031754646916 3.2818926865217524 3.8538312738426472 -2082.995169447327 -3.306930269886261e-15 22.823176148487146 -4858.0667870194675 -1.2275576727470121e-18 0.0046428209059436775 0.01174429472474204
-1.396538943598924 -0.5381880035810224 5.407127256581382 592.8767901796782 565.2004860133038 775.080681646301 185.56938453219482 3.2818926865217524 3.8538312738426472 -2082.995169447327 -3.306930269886261e-15 22.823176148487146 -4858.0667870194675 -1.2275576727470121e-18 0.0046428209059436775 0.01174429472474204
-1.45153625783348 -0.4930116383169219 5.40006023642343 595.7812155300453 566.9904181373986 786.2122617628775 184.8969400987262 3.2818926865217524 3.8538312738426472 -2082.995169447327 -3.306930269886261e-15 22.823176148487146 -4858.0667870194675 -1.2275576727470121e-18 0.0046428209059436775 0.01174429472474204
-1.5114440465532641 -0.4488173679498673 5.3479746872092475 598.6783477676618 568.792917646555 795.9204738602275 184.04434212573688 3.2818926865217524 3.8538312738426472 -2082.995169447327 -3.306930269886261e-15 22.823176148487146 -4858.0667870194675 -1.2275576727470121e-18 0.0046428209059436775 0.01174429472474204
-1.5723339301700932 -0.4085514771709951 5.296660257965614 601.5621450158687 570.6096862660797 804.019117220625 183.02539147005882 3.2818926865217524 3.8538312738426472 -2082.995169447327 -3.306930269886261e-15 22.823176148487146 -4858.0667870194675 -1.2275576727470121e-18 0.0046428209059436775 0.01174429472474204
-1.6322417188898863 -0.3702497761862124 5.281236838806011 604.426191121227 572.4426098294407 810.3150305111485 181.85633196603158 3.2818926865217524 3.8538312738426472 -2082.995169447327 -3.306930269886261e-15 22.823176148487146 -4858.0667870194675 -1.2275576727470121e-18 0.0046428209059436775 0.01174429472474204
-1.691167412712626 -0.3368585496866603 5.227937987843665 607.2636956535716 574.2937582782761 814.6080917833606 180.5558504255314 3.2818926865217524 3.8538312738426472 -2082.995169447327 -3.306930269886261e-15 22.823176148487146 -4858.0667870194675 -1.2275576727470121e-18 0.0046428209059436775 0.01174429472474204
-1.7530393912264997 -0.3064136078782469 5.169667248766824 610.0674939059172 576.1653856623561 816.6912184735411 179.14507663750555 3.2818926865217524 3.8538312738426472 -2082.995169447327 -3.306930269886261e-15 22.823176148487146 -4858.0667870194675 -1.2275576727470121e-18 0.0046428209059436775 0.01174429472474204
-1.814911369740369 -0.2808791405550584 5.103794108509959 612.8300468946181 578.0599301396505 816.3503674023086 177.64758336826344 3.2818926865217524 3.8538312738426472 -2082.995169447327 -3.306930269886261e-15 22.823176148487146 -4858.0667870194675 -1.2275576727470121e-18 0.0046428209059436775 0.01174429472474204
-1.7982157564905945 -0.25730886302596284 0.23554498072082894 615.5434413592047 579.9800139762592 813.3645347745623 176.0893863615056 3.2818926865217524 3.8538312738426472 -2082.995169447327 -3.306930269886261e-15 22.823176148487146 -4858.0667870194675 -1.2275576727470121e-18 0.0046428209059436775 0.01174429472474204
-1.7756275738585472 -0.2337385854968673 0.4475199751571107 618.199389762478 581.9284435464633 807.5057561802678 174.498944338382 3.2818926865217524 3.8538312738426472 -2082.995169447327 -3.306930269886261e-15 22.823176148487146 -4858.0667870194675 -1.2275576727470121e-18 0.0046428209059436775 0.01174429472474204
-1.7500931065353609 -0.21115040286481648 0.5585993153435455 620.7892302904547 583.9082093326961 798.5391065929434 172.9071589972882 3.2818926865217524 3.8538312738426472 -2082.995169447327 -3.306930269886261e-15 22.823176148487146 -4858.0667870194675 -1.2275576727470121e-18 0.0046428209059436775 0.01174429472474204
-1.720630259623991 -0.18954431512981268 0.6904464570547252 623.3039268524444 585.9224859255428 786.2227003717853 171.34737501380732 3.2818926865217524 3.8538312738426472 -2082.995169447327 -3.306930269886261e-15 22.823176148487146 -4858.0667870194675 -1.2275576727470121e-18 0.0046428209059436775 0.01174429472474204
-1.686256938227393 -0.166956132497763 0.7853981633973772 625.7340690809251 587.9746320237646 770.3076912599208 169.85538004120463 4.432176378313598 5.193289426756613 -2821.8620456965 0.08763656079046947 26.20937207210174 -4219.524828914895 2.659887290376184e-05 0.006243505022885296 -0.007734389239661279
-1.6489373321396563 -0.1463321396598017 0.8870870151605394 628.0698723317182 590.0681904342819 750.538272384525 168.46940471002017 4.432176378313598 5.193289426756613 -2821.8620456965 0.08763656079046947 26.20937207210174 -4219.524828914895 2.659887290376184e-05 0.006243505022885296 -0.007734389239661279
-1.6234028648164658 -0.12374395702775315 0.558599315343588 630.3011776838248 592.2068880721636 726.6516762581305 167.23012262774864 4.432176378313598 5.193289426756613 -2821.8620456965 0.08763656079046947 26.20937207210174 -4219.524828914895 2.659887290376184e-05 0.006243505022885296 -0.007734389239661279
-1.6008146821844182 -0.09722739480752104 0.4048917862850344 632.4174519394837 594.3946359606525 698.378174776939 166.18065037968336 4.432176378313598 5.193289426756613 -2821.8620456965 0.08763656079046947 26.20937207210174 -4219.524828914895 2.659887290376184e-05 0.006243505022885296 -0.007734389239661279
-1.5762623097582813 -0.06972873769024084 0.449759613069725 634.4077876242263 596.6355292311382 665.4410792226845 165.36654752815957 4.432176378313598 5.193289426756613 -2821.8620456965 0.08763656079046947 26.20937207210174 -4219.524828914895 2.659887290376184e-05 0.006243505022885296 -0.007734389239661279
-1.5536741271262249 -0.04026589077887109 0.36933365767382725 636.2609029867854 598.9338471231822 627.556740260392 164.83581661334028 4.432176378313598 5.193289426756613 -2821.8620456965 0.08763656079046947 26.20937207210174 -4219.524828914895 2.659887290376184e-05 0.006243505022885296 -0.007734389239661279
-1.6067072515666914 -0.009820948970456581 5.233527123868788 637.9651419991569 601.2940529845164 584.4345479403273 164.63890315196477 4.432176378313598 5.193289426756613 -2821.8620456965 0.08763656079046947 26.20937207210174 -4219.524828914895 2.659887290376184e-05 0.006243505022885296 -0.007734389239661279
