16 -0.4782802148612382 3.669106535362579 1.97805217486972 0.2288281110116312 3.3656392121754695
-0.4782802148612382 3.669106535362579 1.97805217486972 920.1935932040215 540.3510406538844 684.5640680789948 286.3846712112427 3.3801624696692825 3.9378680127787566 -2189.046022895164 0.04961017060477221 23.107759708995008 -5055.510539463391 2.079219220652651e-05 0.004711224009854443 -0.03492457907053788
-0.4311396598030448 3.6435720680393904 2.0672190801997847 917.6457896828651 539.1774485856295 690.8425216674805 292.7994260787964 3.3801624696692825 3.9378680127787566 -2189.046022895164 0.04961017060477221 23.107759708995008 -5055.510539463391 2.079219220652651e-05 0.004711224009854443 -0.03492457907053788
-0.39185586392121846 3.614109221128021 2.214297435588181 914.7998539805412 538.0481845065951 698.5355577468872 308.3389663696289 3.3801624696692825 3.9378680127787566 -2189.046022895164 0.04961017060477221 23.107759708995008 -5055.510539463391 2.079219220652651e-05 0.004711224009854443 -0.03492457907053788
-0.35650044762758015 3.5826821844225614 2.297438667476669 911.7968997955322 536.9597185179591 707.073664188385 329.3248071670532 3.3801624696692825 3.9378680127787566 -2189.046022895164 0.04961017060477221 23.107759708995008 -5055.510539463391 2.079219220652651e-05 0.004711224009854443 -0.03492457907053788
-0.3201629364368926 3.549290957923008 2.313966088079381 908.7584428787231 535.9056270942092 715.9889075756073 352.6538906097412 3.3801624696692825 3.9378680127787566 -2189.046022895164 0.04961017060477221 23.107759708995008 -5055.510539463391 2.079219220652651e-05 0.004711224009854443 -0.03492457907053788
-0.28087914055506624 3.515899731423455 2.2752903910371276 905.7864000201225 534.8765932694077 724.9149398803711 375.79860401153564 3.3801624696692825 3.9378680127787566 -2189.046022895164 0.04961017060477221 23.107759708995008 -5055.510539463391 2.079219220652651e-05 0.004711224009854443 -0.03492457907053788
-0.24159534467323993 3.4864368845120874 2.214297435588145 902.9630887508392 533.860406383872 733.586993932724 396.80676078796387 3.3801624696692825 3.9378680127787566 -2189.046022895164 0.04961017060477221 23.107759708995008 -5055.510539463391 2.079219220652651e-05 0.004711224009854443 -0.03492457907053788
-0.2052578334825479 3.4589382273948095 2.218607753721952 900.3512284755707 532.8419623598456 741.8418889045715 414.30163860321045 3.3801624696692825 3.9378680127787566 -2189.046022895164 0.04961017060477221 23.107759708995008 -5055.510539463391 2.079219220652651e-05 0.004711224009854443 -0.03492457907053788
-0.16892032229186033 3.4353679498657126 2.146220977330221 897.9939388036728 531.8032635301352 749.6180222034454 427.4819383621216 3.3801624696692825 3.9378680127787566 -2189.046022895164 0.04961017060477221 23.107759708995008 -5055.510539463391 2.079219220652651e-05 0.004711224009854443 -0.03492457907053788
-0.12767233661594002 3.415726051924797 2.0152155366960143 895.9147416949272 530.7234186902642 756.9553761482239 436.1218013763428 3.3801624696692825 3.9378680127787566 -2189.046022895164 0.04961017060477221 23.107759708995008 -5055.510539463391 2.079219220652651e-05 0.004711224009854443 -0.03492457907053788
-0.08740644583706893 3.3990304386750227 1.9638543459767992 894.1175593137741 529.578643001616 763.9955146312714 440.5708246231079 3.3801624696692825 3.9378680127787566 -2189.046022895164 0.04961017060477221 23.107759708995008 -5055.510539463391 2.079219220652651e-05 0.004711224009854443 -0.03492457907053788
-0.046158460161153075 3.384299015219338 1.9138202672156137 892.5867151618004 528.3422582224011 770.9815855026245 441.75402545928955 3.3801624696692825 3.9378680127787566 -2189.046022895164 0.04961017060477221 23.107759708995008 -5055.510539463391 2.079219220652651e-05 0.004711224009854443 -0.03492457907053788
0.0029462846911298287 3.373495971351834 1.7873466317710118 891.2869347333908 526.9846924617887 778.258318901062 441.1718635559082 3.3801624696692825 3.9378680127787566 -2189.046022895164 0.04961017060477221 23.107759708995008 -5055.510539463391 2.079219220652651e-05 0.004711224009854443 -0.03492457907053788
0.06088988361682455 3.3676034019695615 1.6721428300605476 890.1633432507515 525.4734802916646 786.2720274925232 440.90026569366455 3.3801624696692825 3.9378680127787566 -2189.046022895164 0.04961017060477221 23.107759708995008 -5055.510539463391 2.079219220652651e-05 0.004711224009854443 -0.03492457907053788
0.1188334825425148 3.363675022381378 1.6384893494888848 889.1414685845375 523.7732628211379 795.5706057548523 443.5905694961548 3.3801624696692825 3.9378680127787566 -2189.046022895164 0.04961017060477221 23.107759708995008 -5055.510539463391 2.079219220652651e-05 0.004711224009854443 -0.03492457907053788
0.17383079677707522 3.36367502238138 1.570796326794856 888.1272387504578 521.8457874432206 806.8035321235657 452.4695529937744 3.351906377714746 3.885299617657556 -2159.1674311626857 0.049763708778420485 22.978535075991367 -5027.183989083426 2.0856541818281872e-05 0.0046571898393609305 -0.023105121167939478
0.2288281110116312 3.3656392121754695 1.5350972141156045 888.4301233682781 520.37767374143 798.7196126654744 458.03108983300626 3.351906377714746 3.885299617657556 -2159.1674311626857 0.049763708778420485 22.978535075991367 -5027.183989083426 2.0856541818281872e-05 0.0046571898393609305 -0.023105121167939478
0.2877538048343707 3.3715317815577426 1.4711276743037496 887.6200933391228 519.0839313894976 801.0363819748163 441.4568917490542 3.351906377714746 3.885299617657556 -2159.1674311626857 0.049763708778420485 22.978535075991367 -5027.183989083426 2.0856541818281872e-05 0.0046571898393609305 -0.023105121167939478
0.3427511190689311 3.378406445837063 1.446441332248135 887.0983113572001 517.8915816473309 802.3893430829048 425.8028641883284 3.351906377714746 3.885299617657556 -2159.1674311626857 0.049763708778420485 22.978535075991367 -5027.183989083426 2.0856541818281872e-05 0.0046571898393609305 -0.023105121167939478
0.38596329453893646 3.3852811101163827 1.4130275891989197 886.8471397859976 516.7972316711675 802.8479753062129 411.0372087266296 3.351906377714746 3.885299617657556 -2159.1674311626857 0.049763708778420485 22.978535075991367 -5027.183989083426 2.0856541818281872e-05 0.0046571898393609305 -0.023105121167939478
0.4301575649059911 3.391173679498658 1.4382447944981929 886.8493415601552 515.7975481071044 802.4797564819455 397.12858819775283 3.351906377714746 3.885299617657556 -2159.1674311626857 0.049763708778420485 22.978535075991367 -5027.183989083426 2.0856541818281872e-05 0.0046571898393609305 -0.023105121167939478
0.4694413607878174 3.4009946284691126 1.325817663668086 887.0880802338943 514.8892570943572 801.3501628413796 384.04612666741014 3.351906377714746 3.885299617657556 -2159.1674311626857 0.049763708778420485 22.978535075991367 -5027.183989083426 2.0856541818281872e-05 0.0046571898393609305 -0.023105121167939478
0.5008683974932767 3.411797672336616 1.2397002500907088 887.5469199363142 514.0691442640964 799.522669121623 371.75940947793424 3.351906377714746 3.885299617657556 -2159.1674311626857 0.049763708778420485 22.978535075991367 -5027.183989083426 2.0856541818281872e-05 0.0046571898393609305 -0.023105121167939478
0.5205102954341898 3.4216186213070725 1.1071487177940904 888.2098254216835 513.334054737119 797.0587485432625 360.23848320916295 3.351906377714746 3.885299617657556 -2159.1674311626857 0.049763708778420485 22.978535075991367 -5027.183989083426 2.0856541818281872e-05 0.0046571898393609305 -0.023105121167939478
0.540152193375103 3.434385854968666 0.9944211062037289 889.0611620247364 512.6808931280393 794.0178727656603 349.45385569520295 3.351906377714746 3.885299617657556 -2159.1674311626857 0.049763708778420485 22.978535075991367 -5027.183989083426 2.0856541818281872e-05 0.0046571898393609305 -0.023105121167939478
0.5558657117278372 3.448135183527306 0.8519663271733526 890.0856956699863 512.1066235420294 790.4575119689107 339.3764960281551 3.351906377714746 3.885299617657556 -2159.1674311626857 0.049763708778420485 22.978535075991367 -5027.183989083426 2.0856541818281872e-05 0.0046571898393609305 -0.023105121167939478
0.5637224709041952 3.460902417188899 0.5516549825281566 891.2685929071158 511.6082695766818 786.4331346750259 329.9778345525265 3.351906377714746 3.885299617657556 -2159.1674311626857 0.049763708778420485 22.978535075991367 -5027.183989083426 2.0856541818281872e-05 0.0046571898393609305 -0.023105121167939478
0.5676508504923833 3.4726875559534474 0.3217505543970401 892.595420862548 511.182914321078 781.9982080385089 321.2297628633678 3.351906377714746 3.885299617657556 -2159.1674311626857 0.049763708778420485 22.978535075991367 -5027.183989083426 2.0856541818281872e-05 0.0046571898393609305 -0.023105121167939478
0.5715792300805668 3.485454789615038 0.2984989315863022 894.0521472580731 510.82770035485737 777.2041975855827 313.10463380627334 3.351906377714746 3.885299617657556 -2159.1674311626857 0.049763708778420485 22.978535075991367 -5027.183989083426 2.0856541818281872e-05 0.0046571898393609305 -0.023105121167939478
0.5755076096687503 3.4992041181736804 0.27829965900511133 895.6251404238865 510.5398297512438 772.1005673259497 305.57526147551835 3.351906377714746 3.885299617657556 -2159.1674311626857 0.049763708778420485 22.978535075991367 -5027.183989083426 2.0856541818281872e-05 0.0046571898393609305 -0.023105121167939478
0.5833643688451129 3.5198281110116385 0.36397895650954504 897.30116929207 510.3165640742518 766.7347797453403 298.6149212345481 3.351906377714746 3.885299617657556 -2159.1674311626857 0.049763708778420485 22.978535075991367 -5027.183989083426 2.0856541818281872e-05 0.0046571898393609305 -0.023105121167939478
0.5990778871978425 3.5424162936436883 0.607801996113943 899.0674033733085 510.1552243772894 761.1522957831621 292.19734968058765 3.351906377714746 3.885299617657556 -2159.1674311626857 0.049763708778420485 22.978535075991367 -5027.183989083426 2.0856541818281872e-05 0.0046571898393609305 -0.023105121167939478
0.6108630259623931 3.5679507609668764 0.4324077755706044 900.9114127894863 510.05319120991044 755.3965748772025 286.2967446781695 3.351906377714746 3.885299617657556 -2159.1674311626857 0.049763708778420485 22.978535075991367 -5027.183989083426 2.0856541818281872e-05 0.0046571898393609305 -0.023105121167939478
0.6226481647269436 3.5954494180841543 0.40489178628517164 902.8211682671681 510.0079046108294 749.5090749263763 280.8877653181553 3.351906377714746 3.885299617657556 -2159.1674311626857 0.049763708778420485 22.978535075991367 -5027.183989083426 2.0856541818281872e-05 0.0046571898393609305 -0.023105121167939478
0.6305049239033107 3.624912264995522 0.26060239174741645 904.7850411124527 510.0168641109485 743.5292522609234 275.9455319941044 3.351906377714746 3.885299617657556 -2159.1674311626857 0.049763708778420485 22.978535075991367 -5027.183989083426 2.0856541818281872e-05 0.0046571898393609305 -0.023105121167939478
0.6383616830796778 3.655357206803939 0.2525542757781039 906.79180324357 510.07762872986495 737.4945617318153 271.4456262923777 3.351906377714746 3.885299617657556 -2159.1674311626857 0.049763708778420485 22.978535075991367 -5027.183989083426 2.0856541818281872e-05 0.0046571898393609305 -0.023105121167939478
0.6462184422560403 3.688748433303492 0.23109066719581509 908.8306271620095 510.187816984253 731.4404565915465 267.36409109830856 3.351906377714746 3.885299617657556 -2159.1674311626857 0.049763708778420485 22.978535075991367 -5027.183989083426 2.0856541818281872e-05 0.0046571898393609305 -0.023105121167939478
0.6501468218442195 3.722139659803043 0.1171087445667634 910.8910859851167 510.34510688018054 725.4003886580467 263.6774305179715 3.351906377714746 3.885299617657556 -2159.1674311626857 0.049763708778420485 22.978535075991367 -5027.183989083426 2.0856541818281872e-05 0.0046571898393609305 -0.023105121167939478
0.6540752014324029 3.7594592658907775 0.10487693873025881 912.9631534181535 510.54723591310903 719.4058081582189 260.362609943375 3.351906377714746 3.885299617657556 -2159.1674311626857 0.049763708778420485 22.978535075991367 -5027.183989083426 2.0856541818281872e-05 0.0046571898393609305 -0.023105121167939478
0.6580035810205864 3.798743061772604 0.09966865249118453 915.037203761749 510.79200107231736 713.4861637279391 257.39705598168075 3.351906377714746 3.885299617657556 -2159.1674311626857 0.049763708778420485 22.978535075991367 -5027.183989083426 2.0856541818281872e-05 0.0046571898393609305 -0.023105121167939478
0.6462184422560359 3.832134288272157 5.943892692725479 917.104011924006 511.0772588404361 707.6689026355743 254.75865651480854 3.351906377714746 3.885299617657556 -2159.1674311626857 0.049763708778420485 22.978535075991367 -5027.183989083426 2.0856541818281872e-05 0.0046571898393609305 -0.023105121167939478
0.6226481647269436 3.8625792300805717 5.624379271062169 919.1547533944249 511.4009251880925 701.9794704392552 252.42576068639755 3.351906377714746 3.885299617657556 -2159.1674311626857 0.049763708778420485 22.978535075991367 -5027.183989083426 2.0856541818281872e-05 0.0046571898393609305 -0.023105121167939478
0.5990778871978515 3.890077887197852 5.574559035052023 921.1810042681172 511.76097557949834 696.441311262548 250.37717885896564 3.351906377714746 3.885299617657556 -2159.1674311626857 0.049763708778420485 22.978535075991367 -5027.183989083426 2.0856541818281872e-05 0.0046571898393609305 -0.023105121167939478
0.5755076096687547 3.9165944494180853 5.55654296649785 923.1747412569821 512.1554449708201 691.0758677124977 248.59218268841505 3.351906377714746 3.885299617657556 -2159.1674311626857 0.049763708778420485 22.978535075991367 -5027.183989083426 2.0856541818281872e-05 0.0046571898393609305 -0.023105121167939478
0.5480089525514745 3.9411468218442245 5.441243706837243 925.1283416328952 512.5824278097134 685.9025808051229 247.05050505138934 3.351906377714746 3.885299617657556 -2159.1674311626857 0.049763708778420485 22.978535075991367 -5027.183989083426 2.0856541818281872e-05 0.0046571898393609305 -0.023105121167939478
0.5205102954341944 3.964717099373321 5.421015252512347 927.0345832984895 513.040078033926 680.9388900473714 245.73234008438885 3.351906377714746 3.885299617657556 -2159.1674311626857 0.049763708778420485 22.978535075991367 -5027.183989083426 2.0856541818281872e-05 0.0046571898393609305 -0.023105121167939478
0.49301163831691414 3.986323187108326 5.378358217763778 928.8866447359324 513.5266090754885 676.2002334371209 244.61834319494665 3.351906377714746 3.885299617657556 -2159.1674311626857 0.049763708778420485 22.978535075991367 -5027.183989083426 2.0856541818281872e-05 0.0046571898393609305 -0.023105121167939478
0.4655129811996339 4.006947179946284 5.355890089177922 930.6781050348654 514.0402938574553 671.7000474184752 243.68963101692498 3.351906377714746 3.885299617657556 -2159.1674311626857 0.049763708778420485 22.978535075991367 -5027.183989083426 2.0856541818281872e-05 0.0046571898393609305 -0.023105121167939478
0.43408594449417465 4.024624888093108 5.224778440695495 932.402943876572 514.5794647929724 667.4497669190168 242.92778145708144 3.351906377714746 3.885299617657556 -2159.1674311626857 0.049763708778420485 22.978535075991367 -5027.183989083426 2.0856541818281872e-05 0.0046571898393609305 -0.023105121167939478
0.4026589077887153 4.041320501342882 5.200722931441074 934.0555415414274 515.1425137871411 663.4588252902031 242.31483365409076 3.351906377714746 3.885299617657556 -2159.1674311626857 0.049763708778420485 22.978535075991367 -5027.183989083426 2.0856541818281872e-05 0.0046571898393609305 -0.023105121167939478
0.37908863025961864 4.057034019695611 5.300391583932213 935.6306789070368 515.7278922391124 659.7346544340253 241.83328801766038 3.351906377714746 3.885299617657556 -2159.1674311626857 0.049763708778420485 22.978535075991367 -5027.183989083426 2.0856541818281872e-05 0.0046571898393609305 -0.023105121167939478
0.35944673231871 4.074711727842435 5.44520408217136 937.1235374491662 516.334111037897 656.2826846316457 241.4661062117666 3.351906377714746 3.885299617657556 -2159.1674311626857 0.049763708778420485 22.978535075991367 -5027.183989083426 2.0856541818281872e-05 0.0046571898393609305 -0.023105121167939478
0.3398048343777968 4.092389435989257 5.445204082171184 938.5296992436051 516.9597405625973 653.1063447147608 241.19671113789082 3.351906377714746 3.885299617657556 -2159.1674311626857 0.049763708778420485 22.978535075991367 -5027.183989083426 2.0856541818281872e-05 0.0046571898393609305 -0.023105121167939478
0.32016293643687915 4.108102954341988 5.387129922608173 939.8451469624415 517.6034106872976 650.2070619091392 241.00898695737123 3.351906377714746 3.885299617657556 -2159.1674311626857 0.049763708778420485 22.978535075991367 -5027.183989083426 2.0856541818281872e-05 0.0046571898393609305 -0.023105121167939478
0.300521038495966 4.120870188003582 5.288764200975857 941.0662638731301 518.2638107766397 647.5842619687319 240.88727908208966 3.351906377714746 3.885299617657556 -2159.1674311626857 0.049763708778420485 22.978535075991367 -5027.183989083426 2.0856541818281872e-05 0.0046571898393609305 -0.023105121167939478
0.2769507609668693 4.129709042076991 5.0711596506552 942.1898338478059 518.9396896860562 645.2353690862656 240.81639418751 3.351906377714746 3.885299617657556 -2159.1674311626857 0.049763708778420485 22.978535075991367 -5027.183989083426 2.0856541818281872e-05 0.0046571898393609305 -0.023105121167939478
0.25043419874663836 4.137565801253358 4.877537657799357 943.2130413455889 519.6298557622358 643.1558059155941 240.7816001791507 3.351906377714746 3.885299617657556 -2159.1674311626857 0.049763708778420485 22.978535075991367 -5027.183989083426 2.0856541818281872e-05 0.0046571898393609305 -0.023105121167939478
0.22391763652640737 4.1444404655326785 4.850395004042213 944.1334714284167 520.333176845219 641.3389935791492 240.76862623356283 3.351906377714746 3.885299617657556 -2159.1674311626857 0.049763708778420485 22.978535075991367 -5027.183989083426 2.0856541818281872e-05 0.0046571898393609305 -0.023105121167939478
0.1964189794091316 4.148368845120859 4.766390480760611 944.9491097601131 521.0485802667681 639.776351749897 240.76366278529167 3.351906377714746 3.885299617657556 -2159.1674311626857 0.049763708778420485 22.978535075991367 -5027.183989083426 2.0856541818281872e-05 0.0046571898393609305 -0.023105121167939478
0.1708845120859454 4.149350940017905 4.683825322545956 945.6583425970748 521.7750528478064 638.4572984203696 240.75336149707437 3.351906377714746 3.885299617657556 -2159.1674311626857 0.049763708778420485 22.978535075991367 -5027.183989083426 2.0856541818281872e-05 0.0046571898393609305 -0.023105121167939478
0.14240376007162042 4.149350940017905 4.659805918773738 946.2599567966536 522.51164090354 637.3692501485348 240.72483530454338 4.401997701667621 5.178076288502849 -2854.246925554618 -0.06588725762283358 26.239682074083138 -4319.964688383322 -2.24488100929586e-05 0.0062245483561047974 -0.02168546979980022
0.11392300805729544 4.146404655326771 4.581561584310697 946.7531398097053 523.2574502390344 636.497621960938 240.66565839014947 4.401997701667621 5.178076288502849 -2854.246925554618 -0.06588725762283358 26.239682074083138 -4319.964688383322 -2.24488100929586e-05 0.0062245483561047974 -0.02168546979980022
0.08446016114593016 4.141494180841541 4.5347928131011175 947.1374796917662 524.0116461545695 635.8258273601532 240.56386617571115 4.401997701667621 5.178076288502849 -2854.246925554618 -0.06588725762283358 26.239682074083138 -4319.964688383322 -2.24488100929586e-05 0.0062245483561047974 -0.02168546979980022
0.054997314234551495 4.136583706356312 4.534792813101214 947.4129650872201 524.7734534365591 635.3352782353759 240.40795536711812 4.401997701667621 5.178076288502849 -2854.246925554618 -0.06588725762283358 26.239682074083138 -4319.964688383322 -2.24488100929586e-05 0.0062245483561047974 -0.02168546979980022
0.027498657117275747 4.129709042076991 4.473779657876454 947.5799852404743 525.5421563675627 635.0053850337863 240.18688389845192 4.401997701667621 5.178076288502849 -2854.246925554618 -0.06588725762283358 26.239682074083138 -4319.964688383322 -2.24488100929586e-05 0.0062245483561047974 -0.02168546979980022
0.0009820948970492309 4.121852282900626 4.44144213004623 947.6393300006166 526.317098720232 634.8135566189885 239.8900709450245 4.401997701667621 5.178076288502849 -2854.246925554618 -0.06588725762283358 26.239682074083138 -4319.964688383322 -2.24488100929586e-05 0.0062245483561047974 -0.02168546979980022
-0.020623992837957926 4.111049239033125 4.248741371383966 947.5921898065135 527.0976837589405 634.7352003902197 239.50739697180688 4.401997701667621 5.178076288502849 -2854.246925554618 -0.06588725762283358 26.239682074083138 -4319.964688383322 -2.24488100929586e-05 0.0062245483561047974 -0.02168546979980022
-0.04517636526409938 4.098282005371532 4.232869688392108 947.4401556979865 527.8833742383868 634.7437221482396 239.02920367009938 4.401997701667621 5.178076288502849 -2854.246925554618 -0.06588725762283358 26.239682074083138 -4319.964688383322 -2.24488100929586e-05 0.0062245483561047974 -0.02168546979980022
-0.06678245299910207 4.084532676812894 4.1456597628611895 947.1852193148807 528.673692409182 634.8105261325836 238.44629398733377 4.401997701667621 5.178076288502849 -2854.246925554618 -0.06588725762283358 26.239682074083138 -4319.964688383322 -2.24488100929586e-05 0.0062245483561047974 -0.02168546979980022
-0.08642435094001523 4.0707833482542535 4.101663015995451 946.8297728942707 529.4682200078387 634.9050151333213 237.74993212334812 4.401997701667621 5.178076288502849 -2854.246925554618 -0.06588725762283358 26.239682074083138 -4319.964688383322 -2.24488100929586e-05 0.0062245483561047974 -0.02168546979980022
-0.10508415398388363 4.055069829901522 4.0124961106654276 946.3766092639416 530.2665982665494 634.9945903792977 236.9318435303867 4.401997701667621 5.178076288502849 -2854.246925554618 -0.06588725762283358 26.239682074083138 -4319.964688383322 -2.24488100929586e-05 0.0062245483561047974 -0.02168546979980022
-0.1237439570277565 4.038374216651747 3.982489322233154 945.8289218600839 531.0685279087629 635.0446516051888 235.98421492427588 4.401997701667621 5.178076288502849 -2854.246925554618 -0.06588725762283358 26.239682074083138 -4319.964688383322 -2.24488100929586e-05 0.0062245483561047974 -0.02168546979980022
-0.1404395702775309 4.021678603401971 3.9269908169871743 945.1903046984226 531.8737691491842 635.0185969397426 234.89969426579773 4.401997701667621 5.178076288502849 -2854.246925554618 -0.06588725762283358 26.239682074083138 -4319.964688383322 -2.24488100929586e-05 0.0062245483561047974 -0.02168546979980022
-0.15909937332139928 4.003018800358105 3.9269908169873013 944.4647524179891 532.6821416926105 634.8778229802847 233.6713907662779 4.401997701667621 5.178076288502849 -2854.246925554618 -0.06588725762283358 26.239682074083138 -4319.964688383322 -2.24488100929586e-05 0.0062245483561047974 -0.02168546979980022
-0.178741271262308 3.986323187108328 4.007894916142346 943.656660229899 533.4935247376561 634.5817248672247 232.29287487640977 4.401997701667621 5.178076288502849 -2854.246925554618 -0.06588725762283358 26.239682074083138 -4319.964688383322 -2.24488100929586e-05 0.0062245483561047974 -0.02168546979980022
-0.19740107430618084 3.9696275738585514 3.9824893222330875 942.7708239741623 534.3078569730278 634.0876961946487 230.7581783272326 4.401997701667621 5.178076288502849 -2854.246925554618 -0.06588725762283358 26.239682074083138 -4319.964688383322 -2.24488100929586e-05 0.0062245483561047974 -0.02168546979980022
-0.21704297224708954 3.9548961504028646 4.068887871591223 941.8124400591478 535.1251365812495 633.3511289432645 229.06179409101605 4.401997701667621 5.178076288502849 -2854.246925554618 -0.06588725762283358 26.239682074083138 -4319.964688383322 -2.24488100929586e-05 0.0062245483561047974 -0.02168546979980022
-0.23570277529095796 3.93820053715309 3.982489322233035 940.7871054941788 535.9454212347046 632.3254136368632 227.19867637753487 4.401997701667621 5.178076288502849 -2854.246925554618 -0.06588725762283358 26.239682074083138 -4319.964688383322 -2.24488100929586e-05 0.0062245483561047974 -0.02168546979980022
-0.25436257833482634 3.9234691136974074 4.044099561554203 939.7008179025725 536.7688280970324 630.9619392603636 225.16424067690969 4.401997701667621 5.178076288502849 -2854.246925554618 -0.06588725762283358 26.239682074083138 -4319.964688383322 -2.24488100929586e-05 0.0062245483561047974 -0.02168546979980022
-0.2759686660698335 3.9067735004476307 4.054500375202527 938.5599754936993 537.5955338252243 629.2100932449102 222.95436370559037 4.401997701667621 5.178076288502849 -2854.246925554618 -0.06588725762283358 26.239682074083138 -4319.964688383322 -2.24488100929586e-05 0.0062245483561047974 -0.02168546979980022
-0.29757475380483617 3.8910599820949012 4.083592693969244 937.3713770825416 538.425774568459 627.0172615274787 220.56538344733417 4.401997701667621 5.178076288502849 -2854.246925554618 -0.06588725762283358 26.239682074083138 -4319.964688383322 -2.24488100929586e-05 0.0062245483561047974 -0.02168546979980022
-0.32114503133393285 3.8743643688451224 4.096092042988561 936.1422220654786 539.2598459639121 624.3288284912705 217.99409914575517 4.401997701667621 5.178076288502849 -2854.246925554618 -0.06588725762283358 26.239682074083138 -4319.964688383322 -2.24488100929586e-05 0.0062245483561047974 -0.02168546979980022
-0.34176902417189525 3.857668755595348 4.031867755717612 934.8801104621962 540.0981031442061 621.0881769359112 215.23777125962079 4.401997701667621 5.178076288502849 -2854.246925554618 -0.06588725762283358 26.239682074083138 -4319.964688383322 -2.24488100929586e-05 0.0062245483561047974 -0.02168546979980022
-0.363375111906898 3.8419552372426162 4.083592693969177 933.5930428691208 540.9409607325215 617.236688233912 212.29412155784667 4.401997701667621 5.178076288502849 -2854.246925554618 -0.06588725762283358 26.239682074083138 -4319.964688383322 -2.24488100929586e-05 0.0062245483561047974 -0.02168546979980022
-0.3820349149507619 3.8252596239928396 3.98248932223285 932.2894204845652 541.7888928435277 612.7137421146035 209.16133300960064 4.401997701667621 5.178076288502849 -2854.246925554618 -0.06588725762283358 26.239682074083138 -4319.964688383322 -2.24488100929586e-05 0.0062245483561047974 -0.02168546979980022
-0.4006947179946303 3.806599820948971 3.9269908169872414 930.9780451087281 542.6424330815207 607.4567168727517 205.83804987370968 4.401997701667621 5.178076288502849 -2854.246925554618 -0.06588725762283358 26.239682074083138 -4319.964688383322 -2.24488100929586e-05 0.0062245483561047974 -0.02168546979980022
-0.4183724261414494 3.785975828111013 3.8502189257174098 929.6681191315874 543.502174547175 601.4009892567992 202.32337762787938 4.401997701667621 5.178076288502849 -2854.246925554618 -0.06588725762283358 26.239682074083138 -4319.964688383322 -2.24488100929586e-05 0.0062245483561047974 -0.02168546979980022
-0.4370322291853223 3.7673160250671467 3.926990816987421 928.3692455589771 544.3687698293943 594.4799344092607 198.61688302457333 4.401997701667621 5.178076288502849 -2854.246925554618 -0.06588725762283358 26.239682074083138 -4319.964688383322 -2.24488100929586e-05 0.0062245483561047974 -0.02168546979980022
-0.46060250671441455 3.7427636526410053 3.9065854863006275 927.0914279771969 545.2429310085718 586.6249260082841 194.7185940798372 4.401997701667621 5.178076288502849 -2854.246925554618 -0.06588725762283358 26.239682074083138 -4319.964688383322 -2.24488100929586e-05 0.0062245483561047974 -0.02168546979980022
-0.483190689346462 3.719193375111909 3.9057174309631018 925.8450705707073 546.1254296586849 577.7653361782432 190.62900003418326 4.401997701667621 5.178076288502849 -2854.246925554618 -0.06588725762283358 26.239682074083138 -4319.964688383322 -2.24488100929586e-05 0.0062245483561047974 -0.02168546979980022
-0.5018504923903304 3.6975872873769062 3.8539502516841866 924.6409781388938 547.017096844269 567.8285355269909 186.34905139915645 4.401997701667621 5.178076288502849 -2854.246925554618 -0.06588725762283358 26.239682074083138 -4319.964688383322 -2.24488100929586e-05 0.0062245483561047974 -0.02168546979980022
-0.5185461056401093 3.677945389435991 3.846086717832034 923.490356051363 547.9188231215812 556.7398931309581 181.88015992566943 4.401997701667621 5.178076288502849 -2854.246925554618 -0.06588725762283358 26.239682074083138 -4319.964688383322 -2.24488100929586e-05 0.0062245483561047974 -0.02168546979980022
-0.5352417188898837 3.6592855863921243 3.8714923117415068 922.4048102963716 548.831558538368 544.4227764829993 177.22419863194227 4.401997701667621 5.178076288502849 -2854.246925554618 -0.06588725762283358 26.239682074083138 -4319.964688383322 -2.24488100929586e-05 0.0062245483561047974 -0.02168546979980022
-0.5509552372426133 3.6406257833482583 3.841485523309044 921.396347457543 549.7563126354944 530.7985516265035 172.38350177183747 4.401997701667621 5.178076288502849 -2854.246925554618 -0.06588725762283358 26.239682074083138 -4319.964688383322 -2.24488100929586e-05 0.0062245483561047974 -0.02168546979980022
-0.5686329453894369 3.62196598030439 3.899970367800003 920.4773747101426 550.6941544439178 515.7865830138326 167.36086488328874 4.401997701667621 5.178076288502849 -2854.246925554618 -0.06588725762283358 26.239682074083138 -4319.964688383322 -2.24488100929586e-05 0.0062245483561047974 -0.02168546979980022
-0.5863106535362561 3.605270367054611 3.9555544748258455 919.6606998285279 551.6462124846876 499.3042335957289 162.15954470075667 4.401997701667621 5.178076288502849 -2854.246925554618 -0.06588725762283358 26.239682074083138 -4319.964688383322 -2.24488100929586e-05 0.0062245483561047974 -0.02168546979980022
-0.6108630259623975 3.586610564010743 4.062518530972719 918.9595311852172 552.6136747763958 481.26686479896307 156.78325927630067 4.401997701667621 5.178076288502849 -2854.246925554618 -0.06588725762283358 26.239682074083138 -4319.964688383322 -2.24488100929586e-05 0.0062245483561047974 -0.02168546979980022
-0.6344333034914942 3.5679507609668786 4.042750034708163 918.3874777639285 553.5977888233028 461.5878364369273 151.2361878771335 4.401997701667621 5.178076288502849 -2854.246925554618 -0.06588725762283358 26.239682074083138 -4319.964688383322 -2.24488100929586e-05 0.0062245483561047974 -0.02168546979980022
-0.6540752014324074 3.553219337511194 4.068887871591405 917.9585491120815 554.5998616239522 440.1785068958998 145.52297101914883 4.401997701667621 5.178076288502849 -2854.246925554618 -0.06588725762283358 26.239682074083138 -4319.964688383322 -2.24488100929586e-05 0.0062245483561047974 -0.02168546979980022
-0.6756812891674145 3.5384879140555068 4.113970086906139 917.6871554143727 555.6212596672121 416.94823303073645 139.6487104818225 4.401997701667621 5.178076288502849 -2854.246925554618 -0.06588725762283358 26.239682074083138 -4319.964688383322 -2.24488100929586e-05 0.0062245483561047974 -0.02168546979980022
-0.7031799462846947 3.520810205908685 4.141051500551104 917.5881074173376 556.6634089355357 391.804370097816 133.61896930634975 4.401997701667621 5.178076288502849 -2854.246925554618 -0.06588725762283358 26.239682074083138 -4319.964688383322 -2.24488100929586e-05 0.0062245483561047974 -0.02168546979980022
-0.7807654431513071 3.4982220232766346 4.434089321379595 917.6766164982691 557.7277949023992 364.6522717997432 127.43977176956832 4.401997701667621 5.178076288502849 -2854.246925554618 -0.06588725762283358 26.239682074083138 -4319.964688383322 -2.24488100929586e-05 0.0062245483561047974 -0.02168546979980022
-0.8642435094001836 3.473669650850492 4.430617113111313 917.9682946102694 558.8159625334665 335.3952904045582 121.1176034193486 4.401997701667621 5.178076288502849 -2854.246925554618 -0.06588725762283358 26.239682074083138 -4319.964688383322 -2.24488100929586e-05 0.0062245483561047974 -0.02168546979980022
-0.9496857654431541 3.449117278424352 4.437479138904029 918.4791543111205 559.9295162821654 303.9347765594721 114.6594110224396 4.401997701667621 5.178076288502849 -2854.246925554618 -0.06588725762283358 26.239682074083138 -4319.964688383322 -2.24488100929586e-05 0.0062245483561047974 -0.02168546979980022
-1.0361101163831739 3.424564905998209 4.440789388624611 919.225608757697 561.0701201003976 270.1700794994831 108.07260263338685 4.401997701667621 5.178076288502849 -2854.246925554618 -0.06588725762283358 26.239682074083138 -4319.964688383322 -2.24488100929586e-05 0.0062245483561047974 -0.02168546979980022
