23 -2.479789615040296 3.882221128021487 1.4698745421276038 -1.1117314234556877 3.8763285586392118
-2.479789615040296 3.882221128021487 1.4698745421276038 980.5655174255371 594.7226508259773 673.3878532648087 222.08362007141113 3.133591669260725 3.6494867812262792 -1854.8856281233648 -0.044491989830263715 21.68058221641309 -4125.506417346172 -1.8647103868509445e-05 0.004390776922192793 0.16805772363726135
-2.4022041181736875 3.890077887197852 1.4698745421276096 979.5291035175323 592.1823694705963 682.638137459755 231.23906993865967 3.133591669260725 3.6494867812262792 -1854.8856281233648 -0.044491989830263715 21.68058221641309 -4125.506417346172 -1.8647103868509445e-05 0.004390776922192793 0.16805772363726135
-2.3265828111011695 3.895970456580127 1.4930313871921495 978.4835578203201 589.5100116431713 692.8777946233749 245.28749752044678 3.133591669260725 3.6494867812262792 -1854.8856281233648 -0.044491989830263715 21.68058221641309 -4125.506417346172 -1.8647103868509445e-05 0.004390776922192793 0.16805772363726135
-2.247033124440481 3.8998988361683087 1.5214536945419372 977.385859310627 586.7638540565968 703.8869067430496 262.60890674591064 3.133591669260725 3.6494867812262792 -1854.8856281233648 -0.044491989830263715 21.68058221641309 -4125.506417346172 -1.8647103868509445e-05 0.004390776922192793 0.16805772363726135
-2.170429722470909 3.901863025962398 1.545160918273246 976.2019727826118 583.9955558478832 715.4729220867157 281.7771759033203 3.133591669260725 3.6494867812262792 -1854.8856281233648 -0.044491989830263715 21.68058221641309 -4125.506417346172 -1.8647103868509445e-05 0.004390776922192793 0.16805772363726135
-2.095790510295444 3.9038272157564897 1.5444866095419665 974.9068489670753 581.250156879425 727.4706583023071 301.56005001068115 3.133591669260725 3.6494867812262792 -1854.8856281233648 -0.044491989830263715 21.68058221641309 -4125.506417346172 -1.8647103868509445e-05 0.004390776922192793 0.16805772363726135
-2.0201692032229213 3.904809310653537 1.5578100438747076 973.4844242334366 578.5660785734653 739.7423014640808 320.9191303253174 3.133591669260725 3.6494867812262792 -1854.8856281233648 -0.044491989830263715 21.68058221641309 -4125.506417346172 -1.8647103868509445e-05 0.004390776922192793 0.16805772363726135
-1.9435658012533672 3.9038272157564875 1.583616137267845 971.9276208281517 575.9751242697239 752.1774078607559 339.0099058151245 3.133591669260725 3.6494867812262792 -1854.8856281233648 -0.044491989830263715 21.68058221641309 -4125.506417346172 -1.8647103868509445e-05 0.004390776922192793 0.16805772363726135
-1.8699086839749428 3.901863025962398 1.5974566751694703 970.2383462786674 573.5024781227112 764.6929013729095 355.18171215057373 3.133591669260725 3.6494867812262792 -1854.8856281233648 -0.044491989830263715 21.68058221641309 -4125.506417346172 -1.8647103868509445e-05 0.004390776922192793 0.16805772363726135
-1.7991978513876528 3.895970456580125 1.6539375586833223 968.4274950027466 571.1667060554028 777.2330741882324 368.97777366638184 3.133591669260725 3.6494867812262792 -1854.8856281233648 -0.044491989830263715 21.68058221641309 -4125.506417346172 -1.8647103868509445e-05 0.004390776922192793 0.16805772363726135
-1.7363437779767297 3.8881136974037602 1.6951513213416494 966.5149459242821 568.9797554910183 789.769587635994 380.135160446167 3.133591669260725 3.6494867812262792 -1854.8856281233648 -0.044491989830263715 21.68058221641309 -4125.506417346172 -1.8647103868509445e-05 0.004390776922192793 0.16805772363726135
-1.6725076096687619 3.8782927484333034 1.7234456551901618 964.5295643806458 566.9469549655914 802.3014731407166 388.58483505249023 3.133591669260725 3.6494867812262792 -1854.8856281233648 -0.044491989830263715 21.68058221641309 -4125.506417346172 -1.8647103868509445e-05 0.004390776922192793 0.16805772363726135
-1.6086714413607897 3.8674897045658 1.7384387646261212 962.5092017054558 565.0670150220394 814.8551281690598 394.4516067504883 3.133591669260725 3.6494867812262792 -1854.8856281233648 -0.044491989830263715 21.68058221641309 -4125.506417346172 -1.8647103868509445e-05 0.004390776922192793 0.16805772363726135
-1.5536741271262338 3.855704565801254 1.7818896600176155 960.5006944537163 563.3320271968842 827.4843221902847 398.0541639328003 3.133591669260725 3.6494867812262792 -1854.8856281233648 -0.044491989830263715 21.68058221641309 -4125.506417346172 -1.8647103868509445e-05 0.004390776922192793 0.16805772363726135
-1.5075156669650895 3.840973142345569 1.8797270707186495 958.5598657131195 561.7274644970894 840.2701896429062 399.9050626754761 3.133591669260725 3.6494867812262792 -1854.8856281233648 -0.044491989830263715 21.68058221641309 -4125.506417346172 -1.8647103868509445e-05 0.004390776922192793 0.16805772363726135
-1.4643034914950843 3.826241718889884 1.899349497346373 956.7515229582787 560.2321815788746 853.3212379217148 400.71072006225586 3.133591669260725 3.6494867812262792 -1854.8856281233648 -0.044491989830263715 21.68058221641309 -4125.506417346172 -1.8647103868509445e-05 0.004390776922192793 0.16805772363726135
-1.41814503133394 3.8164207699194277 1.780436172669117 955.1494611501694 558.8184143006802 866.7733390331268 401.37142753601074 3.133591669260725 3.6494867812262792 -1854.8856281233648 -0.044491989830263715 21.68058221641309 -4125.506417346172 -1.8647103868509445e-05 0.004390776922192793 0.16805772363726135
-1.383771709937342 3.8105282005371524 1.740574600763273 953.8364597558975 557.4517803490162 880.7897372245789 402.9813451766968 3.133591669260725 3.6494867812262792 -1854.8856281233648 -0.044491989830263715 21.68058221641309 -4125.506417346172 -1.8647103868509445e-05 0.004390776922192793 0.16805772363726135
-1.3454700089525604 3.8085640107430607 1.6220334941983259 952.9042848348618 556.0912783741951 895.5610429048538 406.8284978866577 3.133591669260725 3.6494867812262792 -1854.8856281233648 -0.044491989830263715 21.68058221641309 -4125.506417346172 -1.8647103868509445e-05 0.004390776922192793 0.16805772363726135
-1.2944010743061836 3.8154386750223805 1.4369853493203042 952.453687608242 554.6892887353897 911.3052372932434 414.3947801589966 3.133591669260725 3.6494867812262792 -1854.8856281233648 -0.044491989830263715 21.68058221641309 -4125.506417346172 -1.8647103868509445e-05 0.004390776922192793 0.16805772363726135
-1.236457475380489 3.8282059086839757 1.3539227111284622 952.594405412674 553.1915734708309 928.2676683664322 427.35594940185547 3.133591669260725 3.6494867812262792 -1854.8856281233648 -0.044491989830263715 21.68058221641309 -4125.506417346172 -1.8647103868509445e-05 0.004390776922192793 0.16805772363726135
-1.1883348254252508 3.8429373321396607 1.273732114453859 953.4451613426208 551.5372754335403 946.7210536003113 447.5816411972046 3.133591669260725 3.6494867812262792 -1854.8856281233648 -0.044491989830263715 21.68058221641309 -4125.506417346172 -1.8647103868509445e-05 0.004390776922192793 0.16805772363726135
-1.1500331244404691 3.85865085049239 1.181479604961784 955.1336639523506 549.6589195430279 966.9654812812805 477.13534450531006 3.133591669260725 3.6494867812262792 -1854.8856281233648 -0.044491989830263715 21.68058221641309 -4125.506417346172 -1.8647103868509445e-05 0.004390776922192793 0.16805772363726135
-1.1117314234556877 3.8763285586392118 1.1383885512243772 957.0377643555403 548.9623668454587 1054.1262538433075 492.76013225317 3.133591669260725 3.6494867812262792 -1854.8856281233648 -0.044491989830263715 21.68058221641309 -4125.506417346172 -1.8647103868509445e-05 0.004390776922192793 0.16805772363726135
-1.0734297224709062 3.8989167412712615 1.0379524391755268 956.7574660629034 547.9818240776658 1002.8205270767212 464.73294438421726 3.133591669260725 3.6494867812262792 -1854.8856281233648 -0.044491989830263715 21.68058221641309 -4125.506417346172 -1.8647103868509445e-05 0.004390776922192793 0.16805772363726135
-1.0380743061772588 3.924451208594448 0.9453112865557322 957.1156617850065 547.0890151150525 957.772369146347 438.456093095243 3.133591669260725 3.6494867812262792 -1854.8856281233648 -0.044491989830263715 21.68058221641309 -4125.506417346172 -1.8647103868509445e-05 0.004390776922192793 0.16805772363726135
-1.0086114592658935 3.951949865711728 0.8198672643968483 958.0464615672827 546.2866225335747 918.4995815753937 413.8626897931099 3.133591669260725 3.6494867812262792 -1854.8856281233648 -0.044491989830263715 21.68058221641309 -4125.506417346172 -1.8647103868509445e-05 0.004390776922192793 0.16805772363726135
-0.9791486123545282 3.979448522829006 0.8198672643968888 959.4862315356731 545.5769198052585 884.5372985601425 390.8871472403407 3.133591669260725 3.6494867812262792 -1854.8856281233648 -0.044491989830263715 21.68058221641309 -4125.506417346172 -1.8647103868509445e-05 0.004390776922192793 0.16805772363726135
-0.9595067144136196 4.008911369740374 0.5880026035474976 961.3735945224762 544.9617713000625 855.4379848241806 369.46517979353666 3.133591669260725 3.6494867812262792 -1854.8856281233648 -0.044491989830263715 21.68058221641309 -4125.506417346172 -1.8647103868509445e-05 0.004390776922192793 0.16805772363726135
-0.9555783348254361 4.035427931960609 0.14707835538842082 963.649429962039 544.442632265389 830.7714397907257 349.5338031798601 3.133591669260725 3.6494867812262792 -1854.8856281233648 -0.044491989830263715 21.68058221641309 -4125.506417346172 -1.8647103868509445e-05 0.004390776922192793 0.16805772363726135
-0.9585246195165747 4.062926589077887 6.1764496345303845 966.2568736821413 544.0205488614738 810.1247931718826 331.03133469074965 3.133591669260725 3.6494867812262792 -1854.8856281233648 -0.044491989830263715 21.68058221641309 -4125.506417346172 -1.8647103868509445e-05 0.004390776922192793 0.16805772363726135
-0.9585246195165703 4.0933715308863015 1.4669269383434758e-13 969.1413179785013 543.6961581110954 793.1025091409683 313.89739302545786 3.133591669260725 3.6494867812262792 -1854.8856281233648 -0.044491989830263715 21.68058221641309 -4125.506417346172 -1.8647103868509445e-05 0.004390776922192793 0.16805772363726135
-0.9545962399283868 4.127744852282902 0.11379200714372639 972.2504117637873 543.4696879386902 779.3263835906982 298.072898440063 3.133591669260725 3.6494867812262792 -1854.8856281233648 -0.044491989830263715 21.68058221641309 -4125.506417346172 -1.8647103868509445e-05 0.004390776922192793 0.16805772363726135
-0.9516499552372525 4.166046553267683 0.07677189126970671 975.5340602993965 543.340957172215 768.4355436563492 283.50007256120443 3.133591669260725 3.6494867812262792 -1854.8856281233648 -0.044491989830263715 21.68058221641309 -4125.506417346172 -1.8647103868509445e-05 0.004390776922192793 0.16805772363726135
-0.9506678603402032 4.203366159355416 6.256875589926686 978.9444256573915 543.3093755096197 760.0864514112473 270.1224385946989 3.133591669260725 3.6494867812262792 -1854.8856281233648 -0.044491989830263715 21.68058221641309 -4125.506417346172 -1.8647103868509445e-05 0.004390776922192793 0.16805772363726135
-0.9496857654431541 4.241667860340197 6.257549898657933 982.4359260648489 543.3739435523748 753.9529000520706 257.88482117652893 3.133591669260725 3.6494867812262792 -1854.8856281233648 -0.044491989830263715 21.68058221641309 -4125.506417346172 -1.8647103868509445e-05 0.004390776922192793 0.16805772363726135
-0.9526320501342883 4.278005371530887 6.14886386522662 985.9652364253998 543.5332527849823 749.7260137796402 246.733346439898 3.133591669260725 3.6494867812262792 -1854.8856281233648 -0.044491989830263715 21.68058221641309 -4125.506417346172 -1.8647103868509445e-05 0.004390776922192793 0.16805772363726135
-0.9585246195165659 4.314342882721575 6.070246957600132 989.4912882298231 543.7854855936021 747.1142519712448 236.61544194072485 3.133591669260725 3.6494867812262792 -1854.8856281233648 -0.044491989830263715 21.68058221641309 -4125.506417346172 -1.8647103868509445e-05 0.004390776922192793 0.16805772363726135
-0.9644171888988344 4.34969829901522 6.064516361305724 992.9752693027258 544.1284152586013 745.8434046506882 227.47983679920435 3.0940610007681624 3.6335101753557093 -1833.7690833401884 -0.09929059207332905 21.701399533786226 -4115.559124409947 -4.1613827356801826e-05 0.004393217679848481 0.17476549206027775
-0.974238137869291 4.3840716204118175 5.952887952350379 996.3806241303682 544.5594059228897 745.6565951108932 219.2765615656972 3.0940610007681624 3.6335101753557093 -1833.7690833401884 -0.09929059207332905 21.701399533786226 -4115.559124409947 -4.1613827356801826e-05 0.004393217679848481 0.17476549206027775
-0.9870053715308819 4.416480752014324 5.856557814052705 999.6730535626411 545.0754126273096 746.3142799139023 211.95694824308157 3.0940610007681624 3.6335101753557093 -1833.7690833401884 -0.09929059207332905 21.701399533786226 -4115.559124409947 -4.1613827356801826e-05 0.004393217679848481 0.17476549206027775
-1.0066472694717952 4.445943598925694 5.650436472177443 1002.820514947176 545.6729813460261 747.594245672226 205.47363040596247 3.0940610007681624 3.6335101753557093 -1833.7690833401884 -0.09929059207332905 21.701399533786226 -4115.559124409947 -4.1613827356801826e-05 0.004393217679848481 0.17476549206027775
-1.0262891674127081 4.476388540734108 5.6659939156391514 1005.7932224273682 546.3482488878071 749.2916135787964 199.7805429548025 3.0940610007681624 3.6335101753557093 -1833.7690833401884 -0.09929059207332905 21.701399533786226 -4115.559124409947 -4.1613827356801826e-05 0.004393217679848481 0.17476549206027775
-1.0508415398388498 4.503887197851388 5.5159669588551825 1008.5636463463306 547.0969429723918 751.2188367843628 194.83292244374752 3.0940610007681624 3.6335101753557093 -1833.7690833401884 -0.09929059207332905 21.701399533786226 -4115.559124409947 -4.1613827356801826e-05 0.004393217679848481 0.17476549206027775
-1.0773581020590852 4.530403760071621 5.497787143782096 1011.1065136045218 547.9143822453916 753.2056996822357 190.58730676025152 3.0940610007681624 3.6335101753557093 -1833.7690833401884 -0.09929059207332905 21.701399533786226 -4115.559124409947 -4.1613827356801826e-05 0.004393217679848481 0.17476549206027775
-1.103874664279316 4.556920322291853 5.497787143782138 1013.3988078087568 548.7954761721194 755.0993220806122 187.00153532624245 3.0940610007681624 3.6335101753557093 -1833.7690833401884 -0.09929059207332905 21.701399533786226 -4115.559124409947 -4.1613827356801826e-05 0.004393217679848481 0.17476549206027775
-1.1333375111906858 4.580490599820947 5.3871299226082145 1015.4197688251734 549.7347251754254 756.7641528844833 184.03474904596806 3.0940610007681624 3.6335101753557093 -1833.7690833401884 -0.09929059207332905 21.701399533786226 -4115.559124409947 -4.1613827356801826e-05 0.004393217679848481 0.17476549206027775
-1.166728737690239 4.599150402864815 5.221981245193625 1017.1508931219578 550.7262205202132 758.0819753408432 181.64739035815 3.0940610007681624 3.6335101753557093 -1833.7690833401884 -0.09929059207332905 21.701399533786226 -4115.559124409947 -4.1613827356801826e-05 0.004393217679848481 0.17476549206027775
-1.2030662488809312 4.611917636526413 5.0502671686250435 1018.5759337097406 551.7636443898082 758.9519053697586 179.8012030273676 3.0940610007681624 3.6335101753557093 -1833.7690833401884 -0.09929059207332905 21.701399533786226 -4115.559124409947 -4.1613827356801826e-05 0.004393217679848481 0.17476549206027775
-1.2413679498657126 4.619774395702778 4.914710608762977 1019.6809000372887 552.8402698673308 759.2903901338577 178.45923241972923 3.0940610007681624 3.6335101753557093 -1833.7690833401884 -0.09929059207332905 21.701399533786226 -4115.559124409947 -4.1613827356801826e-05 0.004393217679848481 0.17476549206027775
-1.283598030438669 4.621738585496868 4.7588671117356585 1020.4540582299232 553.9489608928561 759.0312104225159 177.58582540601492 3.0940610007681624 3.6335101753557093 -1833.7690833401884 -0.09929059207332905 21.701399533786226 -4115.559124409947 -4.1613827356801826e-05 0.004393217679848481 0.17476549206027775
-1.3277923008057235 4.6187923008057306 4.645820816608876 1020.8859306573868 555.0821723043919 758.1254793405533 177.14663019031286 3.0940610007681624 3.6335101753557093 -1833.7690833401884 -0.09929059207332905 21.701399533786226 -4115.559124409947 -4.1613827356801826e-05 0.004393217679848481 0.17476549206027775
-1.374932855863917 4.6089713518352715 4.506993591194885 1020.9692964106798 556.231949865818 756.5416413545609 177.10859660059214 3.0940610007681624 3.6335101753557093 -1833.7690833401884 -0.09929059207332905 21.701399533786226 -4115.559124409947 -4.1613827356801826e-05 0.004393217679848481 0.17476549206027775
-1.4191271262309715 4.593257833482542 4.370773489736901 1020.6991909891367 557.3899301979691 754.265474319458 177.4399758502841 3.0940610007681624 3.6335101753557093 -1833.7690833401884 -0.09929059207332905 21.701399533786226 -4115.559124409947 -4.1613827356801826e-05 0.004393217679848481 0.17476549206027775
-1.4593930170098426 4.573615935541629 4.258544978863171 1020.0729063749313 558.5473408065736 751.3000888824463 178.11032066494226 3.0940610007681624 3.6335101753557093 -1833.7690833401884 -0.09929059207332905 21.701399533786226 -4115.559124409947 -4.1613827356801826e-05 0.004393217679848481 0.17476549206027775
-1.5026051924798525 4.548081468218441 4.178680788745414 1019.0899912267923 559.6950001176447 747.6659272909164 179.0904852449894 3.0940610007681624 3.6335101753557093 -1833.7690833401884 -0.09929059207332905 21.701399533786226 -4115.559124409947 -4.1613827356801826e-05 0.004393217679848481 0.17476549206027775
-1.5458173679498668 4.518618621307073 4.113970086906246 1017.7522504776716 560.8233174327761 743.4007654190063 180.352625310421 3.0940610007681624 3.6335101753557093 -1833.7690833401884 -0.09929059207332905 21.701399533786226 -4115.559124409947 -4.1613827356801826e-05 0.004393217679848481 0.17476549206027775
-1.586083258728738 4.48522739480752 4.020054545711635 1016.0637456923723 561.9222929198295 738.5597101449966 181.8701979741454 3.0940610007681624 3.6335101753557093 -1833.7690833401884 -0.09929059207332905 21.701399533786226 -4115.559124409947 -4.1613827356801826e-05 0.004393217679848481 0.17476549206027775
-1.6224207699194253 4.447907788719785 3.913658273693077 1014.0307950377464 562.9815176948905 733.2152016162872 183.61796186119318 3.0940610007681624 3.6335101753557093 -1833.7690833401884 -0.09929059207332905 21.701399533786226 -4115.559124409947 -4.1613827356801826e-05 0.004393217679848481 0.17476549206027775
-1.6528657117278354 4.407641897940914 3.788984793329648 1011.661972925067 563.9901737123728 727.4570134878159 185.57197712361813 3.0940610007681624 3.6335101753557093 -1833.7690833401884 -0.09929059207332905 21.701399533786226 -4115.559124409947 -4.1613827356801826e-05 0.004393217679848481 0.17476549206027775
-1.6734897045658024 4.366393912264996 3.6052402625907507 1008.9681105464697 564.9370338264853 721.392248749733 187.70960534363985 3.0940610007681624 3.6335101753557093 -1833.7690833401884 -0.09929059207332905 21.701399533786226 -4115.559124409947 -4.1613827356801826e-05 0.004393217679848481 0.17476549206027775
-1.6852748433303484 4.326128021486125 3.42632309211247 1005.9622954875231 565.8104618228972 715.1453474760056 190.0095095410943 3.0940610007681624 3.6335101753557093 -1833.7690833401884 -0.09929059207332905 21.701399533786226 -4115.559124409947 -4.1613827356801826e-05 0.004393217679848481 0.17476549206027775
-1.6941136974037558 4.28389794091316 3.347916547619421 1002.6598717421293 566.5984123162925 708.8580782413483 192.45165433734655 3.0940610007681624 3.6335101753557093 -1833.7690833401884 -0.09929059207332905 21.701399533786226 -4115.559124409947 -4.1613827356801826e-05 0.004393217679848481 0.17476549206027775
-1.7000062667860243 4.239703670546105 3.274144185886348 999.0784400850534 567.2884308509529 702.6895430088043 195.01730570197105 3.0940610007681624 3.6335101753557093 -1833.7690833401884 -0.09929059207332905 21.701399533786226 -4115.559124409947 -4.1613827356801826e-05 0.004393217679848481 0.17476549206027775
-1.7058988361683018 4.192563115487914 3.2659476481366303 995.2378574311733 567.8676538579166 696.8161780834198 197.68903117626905 3.0940610007681624 3.6335101753557093 -1833.7690833401884 -0.09929059207332905 21.701399533786226 -4115.559124409947 -4.1613827356801826e-05 0.004393217679848481 0.17476549206027775
-1.7088451208594406 4.143458370635631 3.201520808711037 991.1602374911308 568.3228086493909 691.4317497014999 200.45069970935583 3.0940610007681624 3.6335101753557093 -1833.7690833401884 -0.09929059207332905 21.701399533786226 -4115.559124409947 -4.1613827356801826e-05 0.004393217679848481 0.17476549206027775
-1.7117914055505794 4.093371530886303 3.2003484763055523 986.8699504286051 568.6402134243399 686.74735891819 203.2874817699194 3.0940610007681624 3.6335101753557093 -1833.7690833401884 -0.09929059207332905 21.701399533786226 -4115.559124409947 -4.1613827356801826e-05 0.004393217679848481 0.17476549206027775
-1.7137555953446688 4.043284691136976 3.1807882555168128 982.3936227858067 568.8057772982866 682.9914371967316 206.18584929406643 3.0940610007681624 3.6335101753557093 -1833.7690833401884 -0.09929059207332905 21.701399533786226 -4115.559124409947 -4.1613827356801826e-05 0.004393217679848481 0.17476549206027775
-1.716701880035812 3.993197851387644 3.200348476305636 977.760137796402 568.8050002492964 680.4097497463226 209.1335757151246 3.0940610007681624 3.6335101753557093 -1833.7690833401884 -0.09929059207332905 21.701399533786226 -4115.559124409947 -4.1613827356801826e-05 0.004393217679848481 0.17476549206027775
-1.713755595344678 3.9440931065353633 3.081664498468637 973.0006349980831 568.6229731459171 679.2653937339783 212.11973591148853 3.0940610007681624 3.6335101753557093 -1833.7690833401884 -0.09929059207332905 21.701399533786226 -4115.559124409947 -4.1613827356801826e-05 0.004393217679848481 0.17476549206027775
-1.7167018800358076 3.8920420769919435 3.198136090534474 968.1485105603933 568.2443777900189 679.8387995958328 215.1347062215209 3.0940610007681624 3.6335101753557093 -1833.7690833401884 -0.09929059207332905 21.701399533786226 -4115.559124409947 -4.1613827356801826e-05 0.004393217679848481 0.17476549206027775
-1.7196481647269464 3.833116383169202 3.191551049311764 963.2394172698259 567.653486803174 682.4277286529541 218.17016453295946 3.0940610007681624 3.6335101753557093 -1833.7690833401884 -0.09929059207332905 21.701399533786226 -4115.559124409947 -4.1613827356801826e-05 0.004393217679848481 0.17476549206027775
-1.7196481647269464 3.772226499552371 3.141592653589793 958.311264231801 566.8341637607664 687.3472762107849 221.219090141356 3.0940610007681624 3.6335101753557093 -1833.7690833401884 -0.09929059207332905 21.701399533786226 -4115.559124409947 -4.1613827356801826e-05 0.004393217679848481 0.17476549206027775
-1.7157197851387584 3.70937242614145 3.0791738435937495 953.4042169451714 565.7698631025851 694.929869890213 224.27576387673616 3.0940610007681624 3.6335101753557093 -1833.7690833401884 -0.09929059207332905 21.701399533786226 -4115.559124409947 -4.1613827356801826e-05 0.004393217679848481 0.17476549206027775
-1.5458173679498624 3.3126060877350043 1.9519179163576095 948.5606979131699 564.443630144 705.5252686738968 227.33576799184084 3.0940610007681624 3.6335101753557093 -1833.7690833401884 -0.09929059207332905 21.701399533786226 -4115.559124409947 -4.1613827356801826e-05 0.004393217679848481 0.17476549206027775
