23 -0.9948621307072534 0.2671298119964172 0.7641247773733819 -0.4183724261414494 1.3061862130707254
-0.9948621307072534 0.2671298119964172 0.7641247773733819 659.2492733304389 544.7709288543556 661.0705533027649 286.9385404586792 3.1544541163418085 3.69163650690696 -1892.3728063387875 -0.04531042738367362 21.957836542570792 -4229.091593887388 -1.8990120445797717e-05 0.00445508592009595 0.14560814214176102
-0.9526320501342929 0.31230617726051774 0.7517030560513979 663.0259827096015 543.5141869019717 695.434531211853 407.9555311203003 3.1544541163418085 3.69163650690696 -1892.3728063387875 -0.04531042738367362 21.957836542570792 -4229.091593887388 -1.8990120445797717e-05 0.00445508592009595 0.14560814214176102
-0.9162945389436052 0.35944673231871 0.6567016621194035 666.8714546319097 542.3912196521414 712.7815580368042 475.10373401641846 3.1544541163418085 3.69163650690696 -1892.3728063387875 -0.04531042738367362 21.957836542570792 -4229.091593887388 -1.8990120445797717e-05 0.00445508592009595 0.14560814214176102
-0.880939122649958 0.4075693822739481 0.6336330080697845 670.7763543091714 541.3900487411302 717.5471858978271 500.8865900039673 3.1544541163418085 3.69163650690696 -1892.3728063387875 -0.04531042738367362 21.957836542570792 -4229.091593887388 -1.8990120445797717e-05 0.00445508592009595 0.14560814214176102
-0.8504941808415479 0.4596204118173675 0.5006677248746209 674.7306514997035 540.4987852558261 713.6588258743286 496.4893493652344 3.1544541163418085 3.69163650690696 -1892.3728063387875 -0.04531042738367362 21.957836542570792 -4229.091593887388 -1.8990120445797717e-05 0.00445508592009595 0.14560814214176102
-0.8229955237242632 0.5106893464637422 0.4636476090008586 678.7236204980873 539.7056297385134 704.5357608795166 471.77903747558594 3.1544541163418085 3.69163650690696 -1892.3728063387875 -0.04531042738367362 21.957836542570792 -4229.091593887388 -1.8990120445797717e-05 0.00445508592009595 0.14560814214176102
-0.7925505819158443 0.5627403760071628 0.500667724874744 682.7438401426189 538.9988721820991 693.0891299247742 435.3044834136963 3.1544541163418085 3.69163650690696 -1892.3728063387875 -0.04531042738367362 21.957836542570792 -4229.091593887388 -1.8990120445797717e-05 0.00445508592009595 0.14560814214176102
-0.7660340196956134 0.6147914055505822 0.4407508477794254 686.7791938069277 538.366892033373 681.7219429016113 394.29630851745605 3.1544541163418085 3.69163650690696 -1892.3728063387875 -0.04531042738367362 21.957836542570792 -4229.091593887388 -1.8990120445797717e-05 0.00445508592009595 0.14560814214176102
-0.7454100268576465 0.6668424350940017 0.34421868298256164 690.81686940277 537.7981581927743 672.3290739059448 354.66692543029785 3.1765016026310637 3.702414222151774 -1904.1805641285655 -4.877827918909483e-16 21.93327672827908 -4235.2469018773245 -1.810805171091058e-19 0.004450975019368293 0.140530692488463
-0.7247860340196886 0.7188934646374211 0.3442186829824856 694.8433593856171 537.281229011598 666.2972583770752 321.0105314254761 3.1765016026310637 3.702414222151774 -1904.1805641285655 -4.877827918909483e-16 21.93327672827908 -4235.2469018773245 -1.810805171091058e-19 0.004450975019368293 0.140530692488463
-0.7041620411817306 0.7699623992837968 0.3503142122353306 698.844460755121 536.8047522963025 664.5050992965698 296.6031427383423 3.1765016026310637 3.702414222151774 -1904.1805641285655 -4.877827918909483e-16 21.93327672827908 -4235.2469018773245 -1.810805171091058e-19 0.004450975019368293 0.140530692488463
-0.6864843330349114 0.8229955237242621 0.28805544705061153 702.8052750448696 536.3574653044343 667.3230619430542 283.402530670166 3.1765016026310637 3.702414222151774 -1904.1805641285655 -4.877827918909483e-16 21.93327672827908 -4235.2469018773245 -1.810805171091058e-19 0.004450975019368293 0.140530692488463
-0.6688066248880923 0.8740644583706368 0.29849893158608093 706.7102083279751 535.9281947462587 674.6134796142578 282.0483064651489 3.1765016026310637 3.702414222151774 -1904.1805641285655 -4.877827918909483e-16 21.93327672827908 -4235.2469018773245 -1.810805171091058e-19 0.004450975019368293 0.140530692488463
-0.6511289167412686 0.9231692032229197 0.3097029445425222 710.5429712152109 535.5058567872038 685.7305455207825 291.8618221282959 3.1765016026310637 3.702414222151774 -1904.1805641285655 -4.877827918909483e-16 21.93327672827908 -4235.2469018773245 -1.810805171091058e-19 0.004450975019368293 0.140530692488463
-0.6314870188003555 0.968345568487018 0.41012734054150723 714.2865788680501 535.0794570432045 699.5203261375427 310.8462724685669 3.1765016026310637 3.702414222151774 -1904.1805641285655 -4.877827918909483e-16 21.93327672827908 -4235.2469018773245 -1.810805171091058e-19 0.004450975019368293 0.140530692488463
-0.6118451208594423 1.0164682184422573 0.38752380578026424 717.9233509721234 534.6380905841943 714.3207397460938 335.6866044998169 3.1765016026310637 3.702414222151774 -1904.1805641285655 -4.877827918909483e-16 21.93327672827908 -4235.2469018773245 -1.810805171091058e-19 0.004450975019368293 0.140530692488463
-0.601042076991941 1.0596803939122648 0.244978663126852 721.4349117693491 534.1709419324761 727.9615821838379 361.74958515167236 3.1765016026310637 3.702414222151774 -1904.1805641285655 -4.877827918909483e-16 21.93327672827908 -4235.2469018773245 -1.810805171091058e-19 0.004450975019368293 0.140530692488463
-0.5902390331244352 1.099946284691137 0.2621198412655542 724.8021900290623 533.6672850628383 737.7645058631897 383.0837697982788 3.1765016026310637 3.702414222151774 -1904.1805641285655 -4.877827918909483e-16 21.93327672827908 -4235.2469018773245 -1.810805171091058e-19 0.004450975019368293 0.140530692488463
-0.5696150402864728 1.1411942703670541 0.4636476090008819 728.0054190666415 533.1164834047668 740.5430316925049 392.41949462890625 3.1765016026310637 3.702414222151774 -1904.1805641285655 -4.877827918909483e-16 21.93327672827908 -4235.2469018773245 -1.810805171091058e-19 0.004450975019368293 0.140530692488463
-0.5460447627573806 1.1794959713518345 0.5516549825284818 731.0241367332637 532.5079898382537 732.602541923523 381.168906211853 3.1765016026310637 3.702414222151774 -1904.1805641285655 -4.877827918909483e-16 21.93327672827908 -4235.2469018773245 -1.810805171091058e-19 0.004450975019368293 0.140530692488463
-0.5254207699194227 1.216815577439569 0.504861371659113 733.8371854261495 531.8313466981053 709.7402858734131 339.4259252548218 3.1765016026310637 3.702414222151774 -1904.1805641285655 -4.877827918909483e-16 21.93327672827908 -4235.2469018773245 -1.810805171091058e-19 0.004450975019368293 0.140530692488463
-0.49399373321396334 1.2502068039391223 0.7551044034786315 736.4227120736614 531.0761857703328 667.2453784942627 255.96628189086914 3.1765016026310637 3.702414222151774 -1904.1805641285655 -4.877827918909483e-16 21.93327672827908 -4235.2469018773245 -1.810805171091058e-19 0.004450975019368293 0.140530692488463
-0.45667412712622657 1.278687555953446 0.9189272124893466 738.7581681506708 530.2322282949463 599.8987956047058 118.24749183654785 3.1765016026310637 3.702414222151774 -1904.1805641285655 -4.877827918909483e-16 21.93327672827908 -4235.2469018773245 -1.810805171091058e-19 0.004450975019368293 0.140530692488463
-0.4183724261414494 1.3061862130707254 0.9481255380377736 740.9824307980016 530.8509590495378 880.5970596969128 492.6053830459714 3.1765016026310637 3.702414222151774 -1904.1805641285655 -4.877827918909483e-16 21.93327672827908 -4235.2469018773245 -1.810805171091058e-19 0.004450975019368293 0.140530692488463
-0.3830170098478022 1.3336848701880033 0.9097531579442666 743.3964260211214 528.4116053197067 839.9711369872093 469.90045193582773 3.1765016026310637 3.702414222151774 -1904.1805641285655 -4.877827918909483e-16 21.93327672827908 -4235.2469018773245 -1.810805171091058e-19 0.004450975019368293 0.140530692488463
-0.3407869292748371 1.3582372426141447 1.0441690553611644 745.3715410782024 526.1111385342665 806.4568245112896 449.74660769850016 3.1765016026310637 3.702414222151774 -1904.1805641285655 -4.877827918909483e-16 21.93327672827908 -4235.2469018773245 -1.810805171091058e-19 0.004450975019368293 0.140530692488463
-0.2916821844225542 1.3837717099373321 1.0912770348022969 746.9296358795837 523.9425513143651 779.3782704174519 431.92746641486883 3.1765016026310637 3.702414222151774 -1904.1805641285655 -4.877827918909483e-16 21.93327672827908 -4235.2469018773245 -1.810805171091058e-19 0.004450975019368293 0.140530692488463
-0.239631154879137 1.4083240823634724 1.1300454790154721 748.0920895109884 521.8989894490223 758.0845954120159 416.23439997434616 3.1765016026310637 3.702414222151774 -1904.1805641285655 -4.877827918909483e-16 21.93327672827908 -4235.2469018773245 -1.810805171091058e-19 0.004450975019368293 0.140530692488463
-0.17579498657117368 1.4269838854073418 1.2864115502009899 748.8798002344556 519.9737518934999 741.949892938137 402.4665361568332 3.1765016026310637 3.702414222151774 -1904.1805641285655 -4.877827918909483e-16 21.93327672827908 -4235.2469018773245 -1.810805171091058e-19 0.004450975019368293 0.140530692488463
-0.10704834377797763 1.4446615935541622 1.3191063550367312 749.3131854911335 518.1602907720953 730.373228430748 390.43075854331255 3.1765016026310637 3.702414222151774 -1904.1805641285655 -4.877827918909483e-16 21.93327672827908 -4235.2469018773245 -1.810805171091058e-19 0.004450975019368293 0.140530692488463
-0.019641897940908697 1.4593930170098481 1.4038261577699653 749.4121818933636 516.4522113725543 722.7786402404308 379.9417064636946 3.1765016026310637 3.702414222151774 -1904.1805641285655 -4.877827918909483e-16 21.93327672827908 -4235.2469018773245 -1.810805171091058e-19 0.004450975019368293 0.140530692488463
0.07169292748433483 1.4711781557743941 1.4424730991091173 749.1962452409789 514.8432721516583 718.6151394248009 370.8217751532793 3.1765016026310637 3.702414222151774 -1904.1805641285655 -4.877827918909483e-16 21.93327672827908 -4235.2469018773245 -1.810805171091058e-19 0.004450975019368293 0.140530692488463
0.16008146821844405 1.4751065353625767 1.5263811115479884 748.6843505050056 513.3273847345263 717.3567088246346 362.90111569315195 3.1765016026310637 3.702414222151774 -1904.1805641285655 -4.877827918909483e-16 21.93327672827908 -4235.2469018773245 -1.810805171091058e-19 0.004450975019368293 0.140530692488463
0.2298102059086849 1.4721602506714424 1.6130247289078607 747.8949918388389 511.8986139090266 718.502304494381 356.0176348760724 3.1765016026310637 3.702414222151774 -1904.1805641285655 -4.877827918909483e-16 21.93327672827908 -4235.2469018773245 -1.810805171091058e-19 0.004450975019368293 0.140530692488463
0.2995389435989302 1.460375111906894 1.7382281052654176 746.8461825638078 510.5511776327621 721.5758545398712 350.0169953927398 3.1765016026310637 3.702414222151774 -1904.1805641285655 -4.877827918909483e-16 21.93327672827908 -4235.2469018773245 -1.810805171091058e-19 0.004450975019368293 0.140530692488463
0.35453625783348613 1.4426974037600715 1.8817946074004535 745.5554551887326 509.27944703097455 726.1262601613998 344.7526157349348 3.1765016026310637 3.702414222151774 -1904.1805641285655 -4.877827918909483e-16 21.93327672827908 -4235.2469018773245 -1.810805171091058e-19 0.004450975019368293 0.140530692488463
0.4095335720680421 1.4201092211280217 1.960504898137761 744.0398613940924 508.07794639258645 731.7273943722248 340.0856702849269 3.1765016026310637 3.702414222151774 -1904.1805641285655 -4.877827918909483e-16 21.93327672827908 -4235.2469018773245 -1.810805171091058e-19 0.004450975019368293 0.140530692488463
0.46158460161146375 1.3945747538048334 2.0268683231445146 742.3159720376134 506.9413531764876 737.9781031310558 335.8850891441107 3.1765016026310637 3.702414222151774 -1904.1805641285655 -4.877827918909483e-16 21.93327672827908 -4235.2469018773245 -1.810805171091058e-19 0.004450975019368293 0.140530692488463
0.49202954341987826 1.3660940017905094 2.3228734943141083 740.3998771626502 505.8644980075769 744.5022046267986 332.02755829691887 3.1765016026310637 3.702414222151774 -1904.1805641285655 -4.877827918909483e-16 21.93327672827908 -4235.2469018773245 -1.810805171091058e-19 0.004450975019368293 0.140530692488463
0.5106893464637466 1.3336848701880022 2.6191892218732526 738.307185976766 504.84236467652954 750.948489934206 328.39751955121756 3.1765016026310637 3.702414222151774 -1904.1805641285655 -4.877827918909483e-16 21.93327672827908 -4235.2469018773245 -1.810805171091058e-19 0.004450975019368293 0.140530692488463
0.5185461056401137 1.3002936436884511 2.9105019863938364 736.0530268773437 503.8700901407283 756.990722566843 324.88717050105333 3.1765016026310637 3.702414222151774 -1904.1805641285655 -4.877827918909483e-16 21.93327672827908 -4235.2469018773245 -1.810805171091058e-19 0.004450975019368293 0.140530692488463
0.5155998209489749 1.2659203222918531 3.2270979472680494 733.6520474287681 502.942964527756 762.3276380300522 321.3964645713568 3.1765016026310637 3.702414222151774 -1904.1805641285655 -4.877827918909483e-16 21.93327672827908 -4235.2469018773245 -1.810805171091058e-19 0.004450975019368293 0.140530692488463
0.5126535362578362 1.2344932855863926 3.235069434748441 731.1184143782593 502.05643112771213 766.682944893837 317.8331110700965 3.1765016026310637 3.702414222151774 -1904.1805641285655 -4.877827918909483e-16 21.93327672827908 -4235.2469018773245 -1.810805171091058e-19 0.004450975019368293 0.140530692488463
0.5313133393017045 1.2030662488809312 2.605781415629315 728.4658136568032 501.2060864001978 769.8053241968155 314.1125750616193 3.1765016026310637 3.702414222151774 -1904.1805641285655 -4.877827918909483e-16 21.93327672827908 -4235.2469018773245 -1.810805171091058e-19 0.004450975019368293 0.140530692488463
0.5539015219337521 1.1716392121754697 2.5183933236557903 725.7074503591284 500.3876799712889 771.4684292972088 310.1580774486065 3.1765016026310637 3.702414222151774 -1904.1805641285655 -4.877827918909483e-16 21.93327672827908 -4235.2469018773245 -1.810805171091058e-19 0.004450975019368293 0.140530692488463
0.5843464637421666 1.1392300805729634 2.387434323622621 722.8560487693176 499.5971146337688 771.4708862006664 305.90059493482113 3.1765016026310637 3.702414222151774 -1904.1805641285655 -4.877827918909483e-16 21.93327672827908 -4235.2469018773245 -1.810805171091058e-19 0.004450975019368293 0.140530692488463
0.6147914055505811 1.1028925693822724 2.4442018637201213 719.9238523370586 498.83044634689577 769.6362931132317 301.2788601666689 3.1765016026310637 3.702414222151774 -1904.1805641285655 -4.877827918909483e-16 21.93327672827908 -4235.2469018773245 -1.810805171091058e-19 0.004450975019368293 0.140530692488463
0.6491647269471835 1.0636087735004462 2.422762653968104 716.9226237004623 498.08388423686847 765.8132213354111 296.2393614128232 3.1765016026310637 3.702414222151774 -1904.1805641285655 -4.877827918909483e-16 21.93327672827908 -4235.2469018773245 -1.810805171091058e-19 0.004450975019368293 0.140530692488463
0.6874664279319651 1.024324977618621 2.3688520420263712 713.8636446744204 497.3537905975245 759.8752142488956 290.7363429367542 3.1765016026310637 3.702414222151774 -1904.1805641285655 -4.877827918909483e-16 21.93327672827908 -4235.2469018773245 -1.810805171091058e-19 0.004450975019368293 0.140530692488463
0.726750223813787 0.9830769919427017 2.3561944901923857 710.7577162403613 496.6366808882449 751.7207877337933 284.7318047583103 3.1765016026310637 3.702414222151774 -1904.1805641285655 -4.877827918909483e-16 21.93327672827908 -4235.2469018773245 -1.810805171091058e-19 0.004450975019368293 0.140530692488463
0.7581772605192418 0.9388827215756471 2.4945454603695216 707.615158571396 495.9292237376794 741.2734302282333 278.1955026909709 3.1765016026310637 3.702414222151774 -1904.1805641285655 -4.877827918909483e-16 21.93327672827908 -4235.2469018773245 -1.810805171091058e-19 0.004450975019368293 0.140530692488463
0.7896042972247055 0.8927242614145019 2.515331215991019 704.4458110067062 495.22824093839154 728.4816030263901 271.1049484536052 3.1765016026310637 3.702414222151774 -1904.1805641285655 -4.877827918909483e-16 21.93327672827908 -4235.2469018773245 -1.810805171091058e-19 0.004450975019368293 0.140530692488463
0.8288880931065319 0.8465658012533566 2.412315272893482 701.2590320678428 494.5307074522134 713.3187394738197 263.4454095065594 3.1765016026310637 3.702414222151774 -1904.1805641285655 -4.877827918909483e-16 21.93327672827908 -4235.2469018773245 -1.810805171091058e-19 0.004450975019368293 0.140530692488463
0.8652256042972284 0.8013894359892562 2.4383620125539784 698.0636994559318 493.83375140605494 695.783245831728 255.2099091410637 3.197323454703082 3.6966451012597976 -1913.549718573755 0.04545213127350302 21.956065515354712 -4271.763366284859 1.9049510173303953e-05 0.004445016854705447 0.13149194255082028
0.897634735899728 0.7601414503133391 2.446854377393146 694.8682100446895 493.13465409516357 675.8985003530979 246.3992265611887 3.197323454703082 3.6966451012597976 -1913.549718573755 0.04545213127350302 21.956065515354712 -4271.763366284859 1.9049510173303953e-05 0.004445016854705447 0.13149194255082028
0.930043867502232 0.7208576544315128 2.422762653968233 691.6804798920639 492.4308499810286 653.7128542363644 237.0218966677785 3.197323454703082 3.6966451012597976 -1913.549718573755 0.04545213127350302 21.956065515354712 -4271.763366284859 1.9049510173303953e-05 0.004445016854705447 0.13149194255082028
0.9545962399283734 0.6874664279319607 2.470448818153732 688.507944222074 491.71992669114843 629.2996312081814 227.0942102447152 3.197323454703082 3.6966451012597976 -1913.549718573755 0.04545213127350302 21.956065515354712 -4271.763366284859 1.9049510173303953e-05 0.004445016854705447 0.13149194255082028
0.9752202327663358 0.656039391226498 2.5183933236557134 685.3575574457645 490.9996250215918 602.757127135992 216.6402139738202 3.197323454703082 3.6966451012597976 -1913.549718573755 0.04545213127350302 21.956065515354712 -4271.763366284859 1.9049510173303953e-05 0.004445016854705447 0.13149194255082028
0.9919158460161147 0.6246123545210388 2.6057814156291785 682.2357931509614 490.26783893466927 574.2086108028889 205.69171020388603 3.197323454703082 3.6966451012597976 -1913.549718573755 0.04545213127350302 21.956065515354712 -4271.763366284859 1.9049510173303953e-05 0.004445016854705447 0.13149194255082028
1.0154861235452068 0.5941674127126221 2.482786617472412 679.1486440966837 489.52261555730365 543.8023232221603 194.28825722634792 3.197323454703082 3.6966451012597976 -1913.549718573755 0.04545213127350302 21.956065515354712 -4271.763366284859 1.9049510173303953e-05 0.004445016854705447 0.13149194255082028
1.0439668755595275 0.5656866606983004 2.3561944901923644 676.101622230839 488.76215518824756 511.71147805452347 182.47716908156872 3.197323454703082 3.6966451012597976 -1913.549718573755 0.04545213127350302 21.956065515354712 -4271.763366284859 1.9049510173303953e-05 0.004445016854705447 0.13149194255082028
1.0724476275738524 0.5362238137869295 2.373142019998753 673.0997586636804 487.98481128923595 478.13426157832146 170.31351567804813 3.197323454703082 3.6966451012597976 -1913.549718573755 0.04545213127350302 21.956065515354712 -4271.763366284859 1.9049510173303953e-05 0.004445016854705447 0.13149194255082028
1.0969999999999938 0.5057788719785139 2.4629301628414844 670.1476036915556 487.1890904887114 443.29383212327957 157.86012279987335 3.197323454703082 3.6966451012597976 -1913.549718573755 0.04545213127350302 21.956065515354712 -4271.763366284859 1.9049510173303953e-05 0.004445016854705447 0.13149194255082028
1.1254807520143189 0.47336974037600765 2.4206213296178762 667.2492267945781 486.37365258461796 407.43832117319107 145.18757191300392 3.197323454703082 3.6966451012597976 -1913.549718573755 0.04545213127350302 21.956065515354712 -4271.763366284859 1.9049510173303953e-05 0.004445016854705447 0.13149194255082028
1.1628003581020512 0.436050134288272 2.3561944901923897 664.4082166156732 485.5373105397448 370.8408322930336 132.37420041114092 3.197323454703082 3.6966451012597976 -1913.549718573755 0.04545213127350302 21.956065515354712 -4271.763366284859 1.9049510173303953e-05 0.004445016854705447 0.13149194255082028
1.2040483437779714 0.3977484333034915 2.3191743743183797 661.627680985257 484.6790304854512 333.7994417846203 119.50610152631998 3.197323454703082 3.6966451012597976 -1913.549718573755 0.04545213127350302 21.956065515354712 -4271.763366284859 1.9049510173303953e-05 0.004445016854705447 0.13149194255082028
1.2541351835272991 0.35355416293643693 2.293775680196396 658.9102469091304 483.7979317163117 296.63719815015793 106.67712419480085 3.197323454703082 3.6966451012597976 -1913.549718573755 0.04545213127350302 21.956065515354712 -4271.763366284859 1.9049510173303953e-05 0.004445016854705447 0.13149194255082028
1.3042220232766313 0.3064136078782447 2.3259007302735415 656.258060567081 482.89328669873066 259.70212268829346 93.98887327313423 3.197323454703082 3.6966451012597976 -1913.549718573755 0.04545213127350302 21.956065515354712 -4271.763366284859 1.9049510173303953e-05 0.004445016854705447 0.13149194255082028
1.3582372426141425 0.2592730528200524 2.288337667336048 653.6727873245254 481.9645210625604 223.36720922589302 81.55070950090885 3.197323454703082 3.6966451012597976 -1913.549718573755 0.04545213127350302 21.956065515354712 -4271.763366284859 1.9049510173303953e-05 0.004445016854705447 0.13149194255082028
1.4043957027752911 0.21311459265890714 2.356194490192309 651.1556117143482 481.01121360599063 188.0304239988327 69.47974925488234 3.197323454703082 3.6966451012597976 -1913.549718573755 0.04545213127350302 21.956065515354712 -4271.763366284859 1.9049510173303953e-05 0.004445016854705447 0.13149194255082028
1.4456436884512114 0.16793822739480777 2.4016177696138796 648.7072374564596 480.03309629298747 154.1147056221962 57.900864869356155 3.197323454703082 3.6966451012597976 -1913.549718573755 0.04545213127350302 21.956065515354712 -4271.763366284859 1.9049510173303953e-05 0.004445016854705447 0.13149194255082028
1.4868916741271228 0.12472605192479902 2.379446113002881 646.3278874354437 479.0300542556215 122.06796559691429 46.94668447971344 3.197323454703082 3.6966451012597976 -1913.549718573755 0.04545213127350302 21.956065515354712 -4271.763366284859 1.9049510173303953e-05 0.004445016854705447 0.13149194255082028
1.5281396598030386 0.0854422560429727 2.331809081019648 644.0173037271015 478.00212579150684 92.3630875647068 36.75759206712246 3.197323454703082 3.6966451012597976 -1913.549718573755 0.04545213127350302 21.956065515354712 -4271.763366284859 1.9049510173303953e-05 0.004445016854705447 0.13149194255082028
1.5664413607878158 0.051068934646374665 2.302192989816423 641.7747475779615 476.9495023675263 65.49792778491974 27.48172738403082 3.197323454703082 3.6966451012597976 -1913.549718573755 0.04545213127350302 21.956065515354712 -4271.763366284859 1.9049510173303953e-05 0.004445016854705447 0.13149194255082028
1.5959042076991898 0.01964189794091428 2.3884413726275127 639.5989994113334 475.8725286158733 41.99531498551369 19.274986006319523 3.197323454703082 3.6966451012597976 -1913.549718573755 0.04545213127350302 21.956065515354712 -4271.763366284859 1.9049510173303953e-05 0.004445016854705447 0.13149194255082028
1.6263491495076043 -0.009820948970456581 2.339802515884373 637.4883588310331 474.7717023328878 22.403050750494003 12.301019348204136 3.197323454703082 3.6966451012597976 -1913.549718573755 0.04545213127350302 21.956065515354712 -4271.763366284859 1.9049510173303953e-05 0.004445016854705447 0.13149194255082028
1.6558119964189741 -0.03437332139659915 2.265534602991622 635.4406446171924 473.64767448650673 7.29390874505043 6.731234759092331 3.197323454703082 3.6966451012597976 -1913.549718573755 0.04545213127350302 21.956065515354712 -4271.763366284859 1.9049510173303953e-05 0.004445016854705447 0.13149194255082028
1.6892032229185319 -0.054997314234557074 2.1240906521170984 633.4531947220676 472.5012492102105 -2.734364539384842 2.7447951436042786 3.197323454703082 3.6966451012597976 -1913.549718573755 0.04545213127350302 21.956065515354712 -4271.763366284859 1.9049510173303953e-05 0.004445016854705447 0.13149194255082028
1.7235765443151254 -0.07267502238137848 2.045807083060036 631.522866285406 471.33338380162604 -7.059050470590591 0.5286194682121277 3.197323454703082 3.6966451012597976 -1913.549718573755 0.04545213127350302 21.956065515354712 -4271.763366284859 1.9049510173303953e-05 0.004445016854705447 0.13149194255082028
1.7707170993733188 -0.09035273052819988 1.929566997065448 629.6460356162861 470.1451887283474 -5.032457560300827 0.2773824483156204 3.197323454703082 3.6966451012597976 -1913.549718573755 0.04545213127350302 21.956065515354712 -4271.763366284859 1.9049510173303953e-05 0.004445016854705447 0.13149194255082028
1.8266965085049152 -0.10999462846911304 1.9082523960227131 627.8185982066207 468.9379276242107 4.018078088760376 2.1935146301984787 3.197323454703082 3.6966451012597976 -1913.549718573755 0.04545213127350302 21.956065515354712 -4271.763366284859 1.9049510173303953e-05 0.004445016854705447 0.13149194255082028
1.8836580125335651 -0.12963652641002843 1.9028557943378075 626.0359687209129 467.71301728952676 20.79019296169281 6.487202301621437 3.197323454703082 3.6966451012597976 -1913.549718573755 0.04545213127350302 21.956065515354712 -4271.763366284859 1.9049510173303953e-05 0.004445016854705447 0.13149194255082028
1.9455299910474433 -0.15124261414503112 1.9067639327209929 624.2930810013786 466.47202769014984 46.00649565458298 13.376387722790241 3.197323454703082 3.6966451012597976 -1913.549718573755 0.04545213127350302 21.956065515354712 -4271.763366284859 1.9049510173303953e-05 0.004445016854705447 0.13149194255082028
2.0074019695613217 -0.1748128916741267 1.934775283304528 622.5843880767934 465.2166819621343 80.41456791758537 23.086768858134747 3.197323454703082 3.6966451012597976 -1913.549718573755 0.04545213127350302 21.956065515354712 -4271.763366284859 1.9049510173303953e-05 0.004445016854705447 0.13149194255082028
2.0741844225604282 -0.19936526410026925 1.9231050514690444 620.9038621364161 463.9488564049825 124.78696358203888 35.851799592375755 3.197323454703082 3.6966451012597976 -1913.549718573755 0.04545213127350302 21.956065515354712 -4271.763366284859 1.9049510173303953e-05 0.004445016854705447 0.13149194255082028
2.149805729632942 -0.22489973142345548 1.8964379121381798 619.2449945667759 462.67058048583567 179.92120906710625 51.912689454853535 3.197323454703082 3.6966451012597976 -1913.549718573755 0.04545213127350302 21.956065515354712 -4271.763366284859 1.9049510173303953e-05 0.004445016854705447 0.13149194255082028
2.2264091316025008 -0.2504341987466439 1.8925468811915651 617.6007959125564 461.38403684063815 246.6398033797741 71.51840400695801 3.197323454703082 3.6966451012597976 -1913.549718573755 0.04545213127350302 21.956065515354712 -4271.763366284859 1.9049510173303953e-05 0.004445016854705447 0.13149194255082028
2.307923008057292 -0.2759686660698313 1.8743670661185567 615.9637959119864 460.09156127180904 325.79021790623665 94.92566454410553 3.197323454703082 3.6966451012597976 -1913.549718573755 0.04545213127350302 21.956065515354712 -4271.763366284859 1.9049510173303953e-05 0.004445016854705447 0.13149194255082028
2.384526410026851 -0.304449418084154 1.926754064962878 614.3260434698313 458.7956427456811 418.24489665031433 122.39894811809063 3.197323454703082 3.6966451012597976 -1913.549718573755 0.04545213127350302 21.956065515354712 -4271.763366284859 1.9049510173303953e-05 0.004445016854705447 0.13149194255082028
2.458183527305275 -0.331948075201432 1.9281050098029913 612.6791066764854 457.4989233985543 524.9012562036514 154.21048771589994 3.197323454703082 3.6966451012597976 -1913.549718573755 0.04545213127350302 21.956065515354712 -4271.763366284859 1.9049510173303953e-05 0.004445016854705447 0.13149194255082028
