20 -2.735134288272153 -0.7169292748433327 3.141592653589793 -3.071992837958816 0.25927305282005353
-2.735134288272153 -0.7169292748433327 3.141592653589793 568.0650300383568 637.2423548400402 785.2868733247742 59.2473476305604 4.049623527253336 4.727719971288387 -2404.088375494519 1.203141652154962e-15 24.331505122605982 -3366.5083982667447 5.028109818398084e-19 0.0056970286199313405 0.2117588041708981
-2.663441360787823 -0.7169292748433327 3.141592653589793 571.3576865196228 638.6114554703236 792.1759933433495 70.79814160615206 4.049623527253336 4.727719971288387 -2404.088375494519 1.203141652154962e-15 24.331505122605982 -3366.5083982667447 5.028109818398084e-19 0.0056970286199313405 0.2117588041708981
-2.591748433303488 -0.7169292748433327 3.141592653589793 572.0989162921906 638.8609732091427 799.2609756132588 83.44086442887783 4.049623527253336 4.727719971288387 -2404.088375494519 1.203141652154962e-15 24.331505122605982 -3366.5083982667447 5.028109818398084e-19 0.0056970286199313405 0.2117588041708981
-2.5200555058191534 -0.7169292748433327 3.141592653589793 571.2819479107857 638.4470899403095 806.522036890965 97.16645455919206 4.049623527253336 4.727719971288387 -2404.088375494519 1.203141652154962e-15 24.331505122605982 -3366.5083982667447 5.028109818398084e-19 0.0056970286199313405 0.2117588041708981
-2.448362578334823 -0.7169292748433327 3.141592653589793 569.771569788456 637.7657530903816 813.9400302595459 111.96861602924764 4.049623527253336 4.727719971288387 -2404.088375494519 1.203141652154962e-15 24.331505122605982 -3366.5083982667447 5.028109818398084e-19 0.0056970286199313405 0.2117588041708981
-2.3766696508504883 -0.7169292748433327 3.141592653589793 568.3041303157806 637.1526757180691 821.4964451324195 127.84381845220923 4.049623527253336 4.727719971288387 -2404.088375494519 1.203141652154962e-15 24.331505122605982 -3366.5083982667447 5.028109818398084e-19 0.0056970286199313405 0.2117588041708981
-2.3766696508504883 -0.7169292748433327 3.141592653589793 567.4875384569168 636.8833364546299 829.1734072468244 144.7912970110774 4.049623527253336 4.727719971288387 -2404.088375494519 1.203141652154962e-15 24.331505122605982 -3366.5083982667447 5.028109818398084e-19 0.0056970286199313405 0.2117588041708981
-2.3766696508504883 -0.7169292748433327 3.141592653589793 567.801262319088 637.1729794740677 836.9536786684766 162.81305245682597 4.049623527253336 4.727719971288387 -2404.088375494519 1.203141652154962e-15 24.331505122605982 -3366.5083982667447 5.028109818398084e-19 0.0056970286199313405 0.2117588041708981
-2.3766696508504883 -0.7169292748433327 3.141592653589793 569.5963297486305 638.1766141951084 844.8206577901728 181.91385113075376 4.049623527253336 4.727719971288387 -2404.088375494519 1.203141652154962e-15 24.331505122605982 -3366.5083982667447 5.028109818398084e-19 0.0056970286199313405 0.2117588041708981
-2.3766696508504883 -0.7169292748433327 3.141592653589793 573.095329284668 639.9890160858631 852.7583793331869 202.1012249328196 4.049623527253336 4.727719971288387 -2404.088375494519 1.203141652154962e-15 24.331505122605982 -3366.5083982667447 5.028109818398084e-19 0.0056970286199313405 0.2117588041708981
-2.4306848701879993 -0.6599677708146838 5.524329581533541 578.3924081921577 642.6447256803513 860.7515143440105 223.38547135517 4.049623527253336 4.727719971288387 -2404.088375494519 1.203141652154962e-15 24.331505122605982 -3366.5083982667447 5.028109818398084e-19 0.0056970286199313405 0.2117588041708981
-2.50041360787824 -0.5705971351835287 5.6206223826600406 585.4532747864723 646.1180492341518 868.7853701966815 245.7796534486115 4.049623527253336 4.727719971288387 -2404.088375494519 1.203141652154962e-15 24.331505122605982 -3366.5083982667447 5.028109818398084e-19 0.0056970286199313405 0.2117588041708981
-2.5760349149507586 -0.46551298119964285 5.659408498965136 594.1151958107948 650.323058784008 876.845890595112 269.29959985241294 4.049623527253336 4.727719971288387 -2404.088375494519 1.203141652154962e-15 24.331505122605982 -3366.5083982667447 5.028109818398084e-19 0.0056970286199313405 0.2117588041708981
-2.649692032229183 -0.3555183527305287 5.693125093367111 604.0869989395142 655.1135914027691 884.9196555670351 293.9639047719538 4.049623527253336 4.727719971288387 -2404.088375494519 1.203141652154962e-15 24.331505122605982 -3366.5083982667447 5.028109818398084e-19 0.0056970286199313405 0.2117588041708981
-2.7223670546105625 -0.2465058191584604 5.695182703632014 614.9490719437599 660.2832500040531 892.9938814663328 319.79392797872424 4.049623527253336 4.727719971288387 -2404.088375494519 1.203141652154962e-15 24.331505122605982 -3366.5083982667447 5.028109818398084e-19 0.0056970286199313405 0.2117588041708981
-2.7930778871978523 -0.14240376007162153 5.68652491130225 626.1533616781235 665.5654030442238 901.0564209800214 346.81379483640194 4.049623527253336 4.727719971288387 -2404.088375494519 1.203141652154962e-15 24.331505122605982 -3366.5083982667447 5.028109818398084e-19 0.0056970286199313405 0.2117588041708981
-2.8628066248880932 -0.04321217547000985 5.670468635400151 637.0233746170998 670.633184492588 909.0957631175406 375.0503962766379 4.049623527253336 4.727719971288387 -2404.088375494519 1.203141652154962e-15 24.331505122605982 -3366.5083982667447 5.028109818398084e-19 0.0056970286199313405 0.2117588041708981
-2.930571172784236 0.05106893464637355 5.549506806150211 646.7541779875755 675.0994937717915 917.1010332158767 404.5333888139576 4.049623527253336 4.727719971288387 -2404.088375494519 1.203141652154962e-15 24.331505122605982 -3366.5083982667447 5.028109818398084e-19 0.0056970286199313405 0.2117588041708981
-2.996371530886302 0.14142166517457455 5.4285449769002705 654.4123986959457 678.5169960558414 925.0619929386303 435.2951945140958 4.049623527253336 4.727719971288387 -2404.088375494519 1.203141652154962e-15 24.331505122605982 -3366.5083982667447 5.028109818398084e-19 0.0056970286199313405 0.2117588041708981
-3.062171888988359 0.22981020590868376 5.30758314765033 658.9362228512764 680.3781215548515 932.9690402825363 467.3710010442883 4.049623527253336 4.727719971288387 -2404.088375494519 1.203141652154962e-15 24.331505122605982 -3366.5083982667447 5.028109818398084e-19 0.0056970286199313405 0.2117588041708981
-3.071992837958816 0.25927305282005353 5.186621318400391 600.788126654923 680.8190599232912 809.2598258256912 490.2979308217764 4.049623527253336 4.727719971288387 -2404.088375494519 1.203141652154962e-15 24.331505122605982 -3366.5083982667447 5.028109818398084e-19 0.0056970286199313405 0.2117588041708981
-3.0661002685765384 0.2553446732318711 5.065659489150451 625.7394195795059 681.9301512558013 890.486427038908 497.7646708637476 4.049623527253336 4.727719971288387 -2404.088375494519 1.203141652154962e-15 24.331505122605982 -3366.5083982667447 5.028109818398084e-19 0.0056970286199313405 0.2117588041708981
-3.053333034914952 0.23570277529095796 4.944697659900511 646.2018296271563 682.6984550394118 954.481655806303 501.0085565149784 4.049623527253336 4.727719971288387 -2404.088375494519 1.203141652154962e-15 24.331505122605982 -3366.5083982667447 5.028109818398084e-19 0.0056970286199313405 0.2117588041708981
-3.043512085944491 0.21115040286481648 4.823735830650571 662.5547032281756 683.1545202219859 1002.8458524346352 500.48291586339474 4.049623527253336 4.727719971288387 -2404.088375494519 1.203141652154962e-15 24.331505122605982 -3366.5083982667447 5.028109818398084e-19 0.0056970286199313405 0.2117588041708981
-3.033691136974039 0.1875801253357209 4.7027740014006305 675.1653558388352 683.3278059335425 1037.1166954636574 496.62176206707954 4.049623527253336 4.727719971288387 -2404.088375494519 1.203141652154962e-15 24.331505122605982 -3366.5083982667447 5.028109818398084e-19 0.0056970286199313405 0.2117588041708981
-3.0268164726947164 0.16892032229185253 4.58181217215069 684.3890724256635 683.2466814843938 1058.7692015767097 489.83979319036007 4.049623527253336 4.727719971288387 -2404.088375494519 1.203141652154962e-15 24.331505122605982 -3366.5083982667447 5.028109818398084e-19 0.0056970286199313405 0.2117588041708981
-3.0209239033124433 0.15517099373321463 4.46085034290075 690.5691070556641 682.9384263753891 1069.215726196766 480.53239208459854 4.049623527253336 4.727719971288387 -2404.088375494519 1.203141652154962e-15 24.331505122605982 -3366.5083982667447 5.028109818398084e-19 0.0056970286199313405 0.2117588041708981
-3.01699552372426 0.14633213965980282 4.33988851365081 694.0366831719875 682.4292302792892 1069.8059617877007 469.0756266862154 4.049623527253336 4.727719971288387 -2404.088375494519 1.203141652154962e-15 24.331505122605982 -3366.5083982667447 5.028109818398084e-19 0.0056970286199313405 0.2117588041708981
-3.0150313339301658 0.14142166517457566 4.21892668440087 695.1109934970737 681.7441930631176 1061.8269401192665 455.8262497931719 4.049623527253336 4.727719971288387 -2404.088375494519 1.203141652154962e-15 24.331505122605982 -3366.5083982667447 5.028109818398084e-19 0.0056970286199313405 0.2117588041708981
-3.0130671441360763 0.13847538048343802 4.097964855150931 694.0991999953985 680.9073247751221 1046.5030300319195 441.121699154377 4.049623527253336 4.727719971288387 -2404.088375494519 1.203141652154962e-15 24.331505122605982 -3366.5083982667447 5.028109818398084e-19 0.0056970286199313405 0.2117588041708981
-3.0120850492390314 0.13749328558639212 3.9770030259009905 691.2964339628816 679.941545650363 1024.9959395825863 425.2800974845886 4.049623527253336 4.727719971288387 -2404.088375494519 1.203141652154962e-15 24.331505122605982 -3366.5083982667447 5.028109818398084e-19 0.0056970286199313405 0.2117588041708981
-3.011102954341987 0.13651119068934625 3.8560411966510504 686.9857958555222 678.8686860986054 998.4047141373158 408.6002522408962 4.049623527253336 4.727719971288387 -2404.088375494519 1.203141652154962e-15 24.331505122605982 -3366.5083982667447 5.028109818398084e-19 0.0056970286199313405 0.2117588041708981
-3.009138764547897 0.13552909579230038 3.7350793674011102 681.4383555948734 677.7094867238775 967.7657373249531 391.36165599524975 4.049623527253336 4.727719971288387 -2404.088375494519 1.203141652154962e-15 24.331505122605982 -3366.5083982667447 5.028109818398084e-19 0.0056970286199313405 0.2117588041708981
-3.0081566696508526 0.13552909579230038 3.6141175381511705 674.9131522253156 676.4835983058438 934.0527314245701 373.8244862407446 4.049623527253336 4.727719971288387 -2404.088375494519 1.203141652154962e-15 24.331505122605982 -3366.5083982667447 5.028109818398084e-19 0.0056970286199313405 0.2117588041708981
-3.0307448522829 0.12472605192479902 3.49315570890123 667.6571941748261 675.209581810981 898.1767566204071 356.2296053022146 4.049623527253336 4.727719971288387 -2404.088375494519 1.203141652154962e-15 24.331505122605982 -3366.5083982667447 5.028109818398084e-19 0.0056970286199313405 0.2117588041708981
-2.9845863921217557 0.13061862130707208 3.3721938796512902 659.9054590836167 673.9049083925784 860.9862109720707 338.7985604405403 4.049623527253336 4.727719971288387 -2404.088375494519 1.203141652154962e-15 24.331505122605982 -3366.5083982667447 5.028109818398084e-19 0.0056970286199313405 0.2117588041708981
-2.9138755595344703 0.1748128916741267 3.25123205040135 651.8808939233422 672.5859593795612 823.2668309807777 321.733583971858 4.049623527253336 4.727719971288387 -2404.088375494519 1.203141652154962e-15 24.331505122605982 -3366.5083982667447 5.028109818398084e-19 0.0056970286199313405 0.2117588041708981
-2.9109292748433315 0.18463384064458438 3.1302702211514104 643.7944148778915 671.268026295118 785.7416911423206 305.2175929695368 4.049623527253336 4.727719971288387 -2404.088375494519 1.203141652154962e-15 24.331505122605982 -3366.5083982667447 5.028109818398084e-19 0.0056970286199313405 0.2117588041708981
-2.932535362578334 0.18070546105640198 3.00930839190147 635.8449075445533 669.9653108399361 749.0712044835091 289.41418954730034 4.049623527253336 4.727719971288387 -2404.088375494519 1.203141652154962e-15 24.331505122605982 -3366.5083982667447 5.028109818398084e-19 0.0056970286199313405 0.2117588041708981
-2.8893231871083245 0.1708845120859443 2.88834656265153 628.2192265614867 668.6909249005839 713.8531215488911 274.4676606506109 4.049623527253336 4.727719971288387 -2404.088375494519 1.203141652154962e-15 24.331505122605982 -3366.5083982667447 5.028109818398084e-19 0.0056970286199313405 0.2117588041708981
-2.8235228290062624 0.15615308863025942 2.76738473340159 621.0921961590648 667.4568905448541 680.6225311756134 260.50297825038433 4.049623527253336 4.727719971288387 -2404.088375494519 1.203141652154962e-15 24.331505122605982 -3366.5083982667447 5.028109818398084e-19 0.0056970286199313405 0.2117588041708981
-2.7380805729632964 0.13847538048343802 2.6464229041516503 614.6266095712781 666.274140025489 649.8518609702587 247.62579929828644 4.049623527253336 4.727719971288387 -2404.088375494519 1.203141652154962e-15 24.331505122605982 -3366.5083982667447 5.028109818398084e-19 0.0056970286199313405 0.2117588041708981
-2.652638316920326 0.1168692927484342 2.5254610749017097 608.9732295274734 665.1525157829747 621.950876057148 235.92246539890766 4.049623527253336 4.727719971288387 -2404.088375494519 1.203141652154962e-15 24.331505122605982 -3366.5083982667447 5.028109818398084e-19 0.0056970286199313405 0.2117588041708981
-2.6418352730528203 0.10311996418979522 2.40449924565177 604.2707878500223 664.100770432502 597.2666800916195 225.46000331640244 4.049623527253336 4.727719971288387 -2404.088375494519 1.203141652154962e-15 24.331505122605982 -3366.5083982667447 5.028109818398084e-19 0.0056970286199313405 0.2117588041708981
-2.6320143240823635 0.10508415398388586 2.28353741640183 600.645985789597 663.1265667816624 576.0837143361568 216.28612472116947 4.049623527253336 4.727719971288387 -2404.088375494519 1.203141652154962e-15 24.331505122605982 -3366.5083982667447 5.028109818398084e-19 0.0056970286199313405 0.2117588041708981
-2.696832587287376 0.09329901521933752 2.16257558715189 598.2134938016534 662.2364778229967 558.6237588226795 208.42922618985176 4.1776885501791154 4.862045260126554 -2430.1041470658297 -0.01692813639852104 24.65818833133791 -3231.1388827377727 -1.1649037528223467e-05 0.005857724807626636 0.23569144282810045
-2.7174565801253387 0.031427036705462624 2.04161375790195 597.0759516060352 661.4359867209569 545.0459313094616 201.8983891606331 4.1776885501791154 4.862045260126554 -2430.1041470658297 -0.01692813639852104 24.65818833133791 -3231.1388827377727 -1.1649037528223467e-05 0.005857724807626636 0.23569144282810045
-2.6437994628469097 -0.007856759176365935 1.9206519286520096 597.3239682838321 660.7294868370518 535.4466881155968 196.6833801418543 4.1776885501791154 4.862045260126554 -2430.1041470658297 -0.01692813639852104 24.65818833133791 -3231.1388827377727 -1.1649037528223467e-05 0.005857724807626636 0.23569144282810045
-2.538715308863026 -0.04124798567591697 1.7663770066047164 599.0361221432686 660.1202817102894 529.8598231077194 192.7546503841877 4.1776885501791154 4.862045260126554 -2430.1041470658297 -0.01692813639852104 24.65818833133791 -3231.1388827377727 -1.1649037528223467e-05 0.005857724807626636 0.23569144282810045
-2.497467323187106 -0.07463921217547023 2.04415236862978 602.2789607867599 659.6105850618333 528.2564688324928 190.06333619356155 4.1776885501791154 4.862045260126554 -2430.1041470658297 -0.01692813639852104 24.65818833133791 -3231.1388827377727 -1.1649037528223467e-05 0.005857724807626636 0.23569144282810045
-2.5534467323187067 -0.089370635631154 4.6779198793851915 607.1070010736585 659.2015208015218 530.5450960099697 188.54125873744488 4.1776885501791154 4.862045260126554 -2430.1041470658297 -0.01692813639852104 24.65818833133791 -3231.1388827377727 -1.1649037528223467e-05 0.005857724807626636 0.23569144282810045
-2.5829095792300762 -0.10999462846911304 4.1016630159954754 613.5627291500568 658.8931230157614 536.5715131163597 188.10092414915562 4.1776885501791154 4.862045260126554 -2430.1041470658297 -0.01692813639852104 24.65818833133791 -3231.1388827377727 -1.1649037528223467e-05 0.005857724807626636 0.23569144282810045
-2.595676812891672 -0.1335649059982086 3.6380154069947372 621.676600471139 658.6843359898776 546.1188667416573 188.63552352786064 4.1776885501791154 4.862045260126554 -2430.1041470658297 -0.01692813639852104 24.65818833133791 -3231.1388827377727 -1.1649037528223467e-05 0.005857724807626636 0.23569144282810045
-2.5269301700984754 -0.17088451208594316 2.068139043141714 631.4670397788286 658.5730141736567 558.907642185688 190.01893278956413 4.1776885501791154 4.862045260126554 -2430.1041470658297 -0.01692813639852104 24.65818833133791 -3231.1388827377727 -1.1649037528223467e-05 0.005857724807626636 0.23569144282810045
-2.507288272157567 -0.20329364368844943 2.5967287381383444 642.9404409900308 658.5559222092852 574.595662355423 192.10571290552616 4.1776885501791154 4.862045260126554 -2430.1041470658297 -0.01692813639852104 24.65818833133791 -3231.1388827377727 -1.1649037528223467e-05 0.005857724807626636 0.23569144282810045
-2.505324082363473 -0.24748791405550405 3.097177438342822 656.091167524457 658.6287349257618 592.778088748455 194.73110961914062 4.1776885501791154 4.862045260126554 -2430.1041470658297 -0.01692813639852104 24.65818833133791 -3231.1388827377727 -1.1649037528223467e-05 0.005857724807626636 0.23569144282810045
-2.5789811996418974 -0.2867717099373315 4.22243165413095 670.901551797986 658.7860373379663 612.9874204993248 197.71105368435383 4.1776885501791154 4.862045260126554 -2430.1041470658297 -0.01692813639852104 24.65818833133791 -3231.1388827377727 -1.1649037528223467e-05 0.005857724807626636 0.23569144282810045
-2.611390331244406 -0.3191808415398389 3.9269908169872587 687.3418957367539 659.0213246261701 634.6934953033924 200.8421608954668 4.1776885501791154 4.862045260126554 -2430.1041470658297 -0.01692813639852104 24.65818833133791 -3231.1388827377727 -1.1649037528223467e-05 0.005857724807626636 0.23569144282810045
-2.6241575649059965 -0.3437332139659792 3.6211119455823217 705.3704704269767 659.3270021826029 657.3034889101982 203.9017317891121 4.1776885501791154 4.862045260126554 -2430.1041470658297 -0.01692813639852104 24.65818833133791 -3231.1388827377727 -1.1649037528223467e-05 0.005857724807626636 0.23569144282810045
-2.630050134288265 -0.360428827215757 3.4808852680435227 724.9335163086653 659.6943855630234 680.161915242672 206.64775191247463 4.1776885501791154 4.862045260126554 -2430.1041470658297 -0.01692813639852104 24.65818833133791 -3231.1388827377727 -1.1649037528223467e-05 0.005857724807626636 0.23569144282810045
-2.5603213965980287 -0.3898916741271256 1.9705774250377073 745.9652430042624 660.1137005146593 702.5506260991096 208.81889179348946 4.1776885501791154 4.862045260126554 -2430.1041470658297 -0.01692813639852104 24.65818833133791 -3231.1388827377727 -1.1649037528223467e-05 0.005857724807626636 0.23569144282810045
-2.577017009847803 -0.09035273052820099 6.227505214864871 768.3878295496106 660.5740829603747 723.6888118684292 210.1345066577196 4.1776885501791154 4.862045260126554 -2430.1041470658297 -0.01692813639852104 24.65818833133791 -3231.1388827377727 -1.1649037528223467e-05 0.005857724807626636 0.23569144282810045
-2.6251396598030414 0.40167681289167506 6.185690994017323 792.1114241331816 661.0635790191591 742.7330006062984 210.29463696479797 4.1776885501791154 4.862045260126554 -2430.1041470658297 -0.01692813639852104 24.65818833133791 -3231.1388827377727 -1.1649037528223467e-05 0.005857724807626636 0.23569144282810045
-2.6801369740376018 0.9938800358102065 6.190581933114972 817.0341443046927 661.5691449828446 758.7770590186119 208.98000791668892 4.1776885501791154 4.862045260126554 -2430.1041470658297 -0.01692813639852104 24.65818833133791 -3231.1388827377727 -1.1649037528223467e-05 0.005857724807626636 0.23569144282810045
-2.6614771709937335 1.611617726051925 0.03019749499801115 843.0420768484473 662.0766473338008 770.8521916270256 205.85202975571156 4.1776885501791154 4.862045260126554 -2430.1041470658297 -0.01692813639852104 24.65818833133791 -3231.1388827377727 -1.1649037528223467e-05 0.005857724807626636 0.23569144282810045
-2.6153187108325846 2.2391763652641004 0.07342021600621969 870.009277895093 662.5708627412096 777.926941126585 200.55279743671417 4.1776885501791154 4.862045260126554 -2430.1041470658297 -0.01692813639852104 24.65818833133791 -3231.1388827377727 -1.1649037528223467e-05 0.005857724807626636 0.23569144282810045
-2.5603213965980287 2.8549498657117307 0.08907783760736368 897.7977727651596 663.0354780470952 778.907188475132 192.70509104430676 4.1776885501791154 4.862045260126554 -2430.1041470658297 -0.01692813639852104 24.65818833133791 -3231.1388827377727 -1.1649037528223467e-05 0.005857724807626636 0.23569144282810045
-2.572106535362575 3.4520635631154906 6.26345102725798 926.2575561329722 663.4530902821571 772.6361529529095 181.9123755991459 4.1776885501791154 4.862045260126554 -2430.1041470658297 -0.01692813639852104 24.65818833133791 -3231.1388827377727 -1.1649037528223467e-05 0.005857724807626636 0.23569144282810045
-2.608444046553267 4.0265890778872 6.22002157873037 955.2265919446945 663.8052066694945 757.8943912982941 167.758800894022 4.1776885501791154 4.862045260126554 -2430.1041470658297 -0.01692813639852104 24.65818833133791 -3231.1388827377727 -1.1649037528223467e-05 0.005857724807626636 0.23569144282810045
-2.6526383169203216 4.581472694717995 6.20370706257138 984.5308133587241 664.0722445994616 733.3997993171215 149.80920179188251 4.1776885501791154 4.862045260126554 -2430.1041470658297 -0.01692813639852104 24.65818833133791 -3231.1388827377727 -1.1649037528223467e-05 0.005857724807626636 0.23569144282810045
-2.696832587287376 5.124571172784246 6.201989889329936 1013.9841228947043 664.2335316631943 697.8076101541519 127.60909797251225 4.1776885501791154 4.862045260126554 -2430.1041470658297 -0.01692813639852104 24.65818833133791 -3231.1388827377727 -1.1649037528223467e-05 0.005857724807626636 0.23569144282810045
-2.699778871978515 5.341614145031335 6.269611480261209 1043.3883922994137 664.2673056172207 649.7103958427906 100.68469417095184 4.1776885501791154 4.862045260126554 -2430.1041470658297 -0.01692813639852104 24.65818833133791 -3231.1388827377727 -1.1649037528223467e-05 0.005857724807626636 0.23569144282810045
-2.6879937332139643 5.371076991942705 0.3805063771124433 1072.533462703228 664.1507144235075 587.6380659937859 68.54287986457348 4.1776885501791154 4.862045260126554 -2430.1041470658297 -0.01692813639852104 24.65818833133791 -3231.1388827377727 -1.1649037528223467e-05 0.005857724807626636 0.23569144282810045
-2.6732623097582797 5.306258728737692 2.9181160524491574 1101.197144292295 663.8598162122071 510.05786845088005 30.671229660511017 4.1776885501791154 4.862045260126554 -2430.1041470658297 -0.01692813639852104 24.65818833133791 -3231.1388827377727 -1.1649037528223467e-05 0.005857724807626636 0.23569144282810045
-2.65754879140555 5.206085049239035 2.985997825612773 1129.1452168226242 663.3695792993531 415.3743895292282 -13.46199706196785 4.1776885501791154 4.862045260126554 -2430.1041470658297 -0.01692813639852104 24.65818833133791 -3231.1388827377727 -1.1649037528223467e-05 0.005857724807626636 0.23569144282810045
-2.643799462846914 5.108857654431516 3.00111002519943 1156.1314290985465 662.6538821905851 301.9295533299446 -64.40785589814186 4.1776885501791154 4.862045260126554 -2430.1041470658297 -0.01692813639852104 24.65818833133791 -3231.1388827377727 -1.1649037528223467e-05 0.005857724807626636 0.23569144282810045
-2.632014324082359 5.032254252461951 2.988943325194445 1181.8974993526936 661.6855135681108 168.00262251496315 -122.73671755194664 4.1776885501791154 4.862045260126554 -2430.1041470658297 -0.01692813639852104 24.65818833133791 -3231.1388827377727 -1.1649037528223467e-05 0.005857724807626636 0.23569144282810045
-2.620229185317809 4.981185317815578 2.91479380553585 1206.1731149926782 660.4361723056063 11.810197234153748 -189.03826786577702 4.1776885501791154 4.862045260126554 -2430.1041470658297 -0.01692813639852104 24.65818833133791 -3231.1388827377727 -1.1649037528223467e-05 0.005857724807626636 0.23569144282810045
-2.608444046553267 4.954668755595345 2.7233683240107673 1228.6759327799082 658.8764674533159 -168.49378365278244 -263.9215076267719 4.1776885501791154 4.862045260126554 -2430.1041470658297 -0.01692813639852104 24.65818833133791 -3231.1388827377727 -1.1649037528223467e-05 0.005857724807626636 0.23569144282810045
-2.595676812891672 4.947794091316028 2.064737695714311 1249.111578695476 656.9759182492271 -374.8180430829525 -348.01475282013416 4.1776885501791154 4.862045260126554 -2430.1041470658297 -0.01692813639852104 24.65818833133791 -3231.1388827377727 -1.1649037528223467e-05 0.005857724807626636 0.23569144282810045
