63 -3.2801969561325115 -1.8483025962399289 2.6090885552879715 2.3589919427036734 0.9212050134288269
-3.2801969561325115 -1.8483025962399289 2.6090885552879715 471.6084860034448 627.7080090273266 735.7989567553086 194.3375025561545 3.2994341101066205 3.8290616292289523 -2084.6546900827398 -0.04946999342223284 22.820298243287763 -4810.935374533638 -2.0733442339577882e-05 0.004622183902825119 0.029696710075957453
-3.24287735004477 -1.896425246195166 2.481963910952789 469.11241522681985 625.1579536964309 735.4515065565938 216.39431193144992 3.2994341101066205 3.8290616292289523 -2084.6546900827398 -0.04946999342223284 22.820298243287763 -4810.935374533638 -2.0733442339577882e-05 0.004622183902825119 0.029696710075957453
-3.2026114592658947 -1.9357090420769922 2.343849438348076 466.9483626347435 622.5513114310525 735.1881801872878 236.1753032375127 3.2994341101066205 3.8290616292289523 -2084.6546900827398 -0.04946999342223284 22.820298243287763 -4810.935374533638 -2.0733442339577882e-05 0.004622183902825119 0.029696710075957453
-3.1564529991047547 -1.966153983885409 2.153872861814124 465.1121475249213 619.8926805085539 735.0027605669311 253.83469805540517 3.2994341101066205 3.8290616292289523 -2084.6546900827398 -0.04946999342223284 22.820298243287763 -4810.935374533638 -2.0733442339577882e-05 0.004622183902825119 0.029696710075957453
-3.1053840644583737 -1.9887421665174576 2.001935067513618 463.5994319396659 617.1865345810293 734.8892545520939 269.52186730410904 3.2994341101066205 3.8290616292289523 -2084.6546900827398 -0.04946999342223284 22.820298243287763 -4810.935374533638 -2.0733442339577882e-05 0.004622183902825119 0.029696710075957453
-3.051368845120858 -2.007401969561326 1.9150150097773686 462.40572066587856 614.4372226753549 734.8418929364198 283.38133123726584 3.2994341101066205 3.8290616292289523 -2084.6546900827398 -0.04946999342223284 22.820298243287763 -4810.935374533638 -2.0733442339577882e-05 0.004622183902825119 0.029696710075957453
-2.9894968666069843 -2.022133393017012 1.8119140052464033 461.5263612349729 611.648969193222 734.8551304505672 295.552759448532 3.2994341101066205 3.8290616292289523 -2084.6546900827398 -0.04946999342223284 22.820298243287763 -4810.935374533638 -2.0733442339577882e-05 0.004622183902825119 0.029696710075957453
-2.9178039391226536 -2.033918531781559 1.7382281052654125 460.9565439229916 608.8258739110424 734.923645762181 306.1709708664566 3.2994341101066205 3.8290616292289523 -2084.6546900827398 -0.04946999342223284 22.820298243287763 -4810.935374533638 -2.0733442339577882e-05 0.004622183902825119 0.029696710075957453
-2.837272157564907 -2.040793196060878 1.6580740397443496 460.69130175055875 605.9719119800066 735.0423414760226 315.3659337568097 3.335380537462351 3.895761782311965 -2123.8809127295785 -4.492554808191293e-16 23.057627302778844 -4922.404208341129 -1.667803646394596e-19 0.004676615874128897 0.0016234820122762992
-2.744955237242619 -2.043739480752016 1.6033934719128575 460.72551048281025 603.0909339260943 735.2063441338905 323.2627657232806 3.335380537462351 3.895761782311965 -2123.8809127295785 -4.492554808191293e-16 23.057627302778844 -4922.404208341129 -1.667803646394596e-19 0.004676615874128897 0.0016234820122762992
-2.646745747538053 -2.04275738585497 1.5605925993009397 461.05388862952555 600.1866656500824 735.411004214584 329.98173370514996 3.335380537462351 3.895761782311965 -2123.8809127295785 -4.492554808191293e-16 23.057627302778844 -4922.404208341129 -1.667803646394596e-19 0.004676615874128897 0.0016234820122762992
-2.547554162936438 -2.0378469113697415 1.5203341527780436 461.67099744500274 597.2627084274718 735.6518961339752 335.63825397985056 3.335380537462351 3.895761782311965 -2123.8809127295785 -4.492554808191293e-16 23.057627302778844 -4922.404208341129 -1.667803646394596e-19 0.004676615874128897 0.0016234820122762992
-2.444434198746644 -2.034900626678604 1.5416783452878517 462.571240928163 594.3225389085565 735.9248182448937 340.342892160872 3.335380537462351 3.895761782311965 -2123.8809127295785 -4.492554808191293e-16 23.057627302778844 -4922.404208341129 -1.667803646394596e-19 0.004676615874128897 0.0016234820122762992
-2.3403321396598007 -2.0339185317815582 1.561181238495192 463.74886582245995 591.3695091184563 736.2257928373365 344.201363198692 3.335380537462351 3.895761782311965 -2123.8809127295785 -4.492554808191293e-16 23.057627302778844 -4922.404208341129 -1.667803646394596e-19 0.004676615874128897 0.0016234820122762992
-2.2391763652641004 -2.0309722470904217 1.5416783452878613 465.19796161593445 588.4068464569755 736.5510661382577 347.3145313821733 3.335380537462351 3.895761782311965 -2123.8809127295785 -4.492554808191293e-16 23.057627302778844 -4922.404208341129 -1.667803646394596e-19 0.004676615874128897 0.0016234820122762992
-2.140966875559535 -2.023115487914057 1.490966341082664 466.91246054123826 585.4376536987475 736.8971083116339 349.7784103346057 3.335380537462351 3.895761782311965 -2123.8809127295785 -4.492554808191293e-16 23.057627302778844 -4922.404208341129 -1.667803646394596e-19 0.004676615874128897 0.0016234820122762992
-2.046685765443148 -2.009366159355417 1.4259838285559536 468.88613757554003 582.4649089931663 737.2606134585876 351.68416301789694 3.335380537462351 3.895761782311965 -2123.8809127295785 -4.492554808191293e-16 23.057627302778844 -4922.404208341129 -1.667803646394596e-19 0.004676615874128897 0.0016234820122762992
-1.9543688451208596 -1.9897242614145034 1.3611564809206762 471.112610440611 579.4914658644157 737.6384996170964 353.1181017314084 3.335380537462351 3.895761782311965 -2123.8809127295785 -4.492554808191293e-16 23.057627302778844 -4922.404208341129 -1.667803646394596e-19 0.004676615874128897 0.0016234820122762992
-1.8551772605192445 -1.9691002685765455 1.3657963507913382 473.58533960280374 576.5200532114286 738.0279087623421 354.1616881103255 3.335380537462351 3.895761782311965 -2123.8809127295785 -4.492554808191293e-16 23.057627302778844 -4922.404208341129 -1.667803646394596e-19 0.004676615874128897 0.0016234820122762992
-1.7608961504028622 -1.9455299910474488 1.3258176636680212 476.2976282730167 573.5532753078987 738.4262068065364 354.8915331263561 3.335380537462351 3.895761782311965 -2123.8809127295785 -4.492554808191293e-16 23.057627302778844 -4922.404208341129 -1.667803646394596e-19 0.004676615874128897 0.0016234820122762992
-1.6617045658012473 -1.9190134288272167 1.3095777921803768 479.24262240677285 570.5936118023492 738.8309835988257 355.3793970895931 3.335380537462351 3.895761782311965 -2123.8809127295785 -4.492554808191293e-16 23.057627302778844 -4922.404208341129 -1.667803646394596e-19 0.004676615874128897 0.0016234820122762992
-1.5684055505819097 -1.8915147717099388 1.2841750845694484 482.41331070409683 567.6434177180345 739.2400529254592 355.6921896461863 3.335380537462351 3.895761782311965 -2123.8809127295785 -4.492554808191293e-16 23.057627302778844 -4922.404208341129 -1.667803646394596e-19 0.004676615874128897 0.0016234820122762992
-1.4741244404655318 -1.8600877350044773 1.2490457723982331 485.80252460966017 564.7049234529986 739.6514525097373 355.8919697792735 3.335380537462351 3.895761782311965 -2123.8809127295785 -4.492554808191293e-16 23.057627302778844 -4922.404208341129 -1.667803646394596e-19 0.004676615874128897 0.0016234820122762992
-1.3847538048343735 -1.8247323187108333 1.1940849978768449 489.40293831267286 561.7802347800571 740.0634440120048 356.0359458080493 3.335380537462351 3.895761782311965 -2123.8809127295785 -4.492554808191293e-16 23.057627302778844 -4922.404208341129 -1.667803646394596e-19 0.004676615874128897 0.0016234820122762992
-1.2953831692032194 -1.7883948075201437 1.184618932972693 493.20706874689563 558.8713328467675 740.4745130295123 356.17647539195605 3.335380537462351 3.895761782311965 -2123.8809127295785 -4.492554808191293e-16 23.057627302778844 -4922.404208341129 -1.667803646394596e-19 0.004676615874128897 0.0016234820122762992
-1.2089588182631952 -1.7491110116383184 1.1441688336680584 497.2072755907236 555.9800741755353 740.883369096824 356.3610655236989 3.335380537462351 3.895761782311965 -2123.8809127295785 -4.492554808191293e-16 23.057627302778844 -4922.404208341129 -1.667803646394596e-19 0.004676615874128897 0.0016234820122762992
-1.12253446732318 -1.7078630259624004 1.1254952829071945 501.39576126708926 553.1081906634463 741.2889456852645 356.6323725343682 3.335380537462351 3.895761782311965 -2123.8809127295785 -4.492554808191293e-16 23.057627302778844 -4922.404208341129 -1.667803646394596e-19 0.004676615874128897 0.0016234820122762992
-1.0420026857654379 -1.661704565801255 1.050337877343744 505.76457094349826 550.2572895824524 741.690400203348 357.02820209111087 3.335380537462351 3.895761782311965 -2123.8809127295785 -4.492554808191293e-16 23.057627302778844 -4922.404208341129 -1.667803646394596e-19 0.004676615874128897 0.0016234820122762992
-0.966381378692924 -1.6106356311548804 0.9768236449227765 510.30559253202387 547.4288535792075 742.0871139965966 357.5815092003904 3.335380537462351 3.895761782311965 -2123.8809127295785 -4.492554808191293e-16 23.057627302778844 -4922.404208341129 -1.667803646394596e-19 0.004676615874128897 0.0016234820122762992
-0.8897779767233653 -1.5556383169203245 0.9481255380378204 515.0105566893283 544.6242406751917 742.4786923475403 358.32039820449427 3.335380537462351 3.895761782311965 -2123.8809127295785 -4.492554808191293e-16 23.057627302778844 -4922.404208341129 -1.667803646394596e-19 0.004676615874128897 0.0016234820122762992
-0.8121924798567575 -1.496712623097585 0.9212469046592459 519.8710368166626 541.8446842666126 742.8649644757897 359.2681227794383 3.335380537462351 3.895761782311965 -2123.8809127295785 -4.492554808191293e-16 23.057627302778844 -4922.404208341129 -1.667803646394596e-19 0.004676615874128897 0.0016234820122762992
-0.7238039391226482 -1.4348406445837067 0.9600703624056744 524.8784490598225 539.0912931244784 743.245983537985 360.44308594288304 3.335380537462351 3.895761782311965 -2123.8809127295785 -4.492554808191293e-16 23.057627302778844 -4922.404208341129 -1.667803646394596e-19 0.004676615874128897 0.0016234820122762992
-0.6344333034914942 -1.371004476275739 0.9505468408120704 530.0240523091779 536.3650513945722 743.6220266278033 361.8588400478475 3.335380537462351 3.895761782311965 -2123.8809127295785 -4.492554808191293e-16 23.057627302778844 -4922.404208341129 -1.667803646394596e-19 0.004676615874128897 0.0016234820122762992
-0.5372059086839777 -1.3052041181736804 0.9758332788109901 535.2989481997336 533.6668185974158 743.9935947759659 363.52408678247593 3.335380537462351 3.895761782311965 -2123.8809127295785 -4.492554808191293e-16 23.057627302778844 -4922.404208341129 -1.667803646394596e-19 0.004676615874128897 0.0016234820122762992
-0.43506803939122835 -1.238421665174576 0.9917220574271729 540.6940811109462 530.9973296284043 744.361412950173 365.44267717492767 3.335380537462351 3.895761782311965 -2123.8809127295785 -4.492554808191293e-16 23.057627302778844 -4922.404208341129 -1.667803646394596e-19 0.004676615874128897 0.0016234820122762992
-0.3240913160250672 -1.1706571172784248 1.0226049622810938 546.2002381669615 528.3571947575765 744.726430055307 367.6136115875561 3.335380537462351 3.895761782311965 -2123.8809127295785 -4.492554808191293e-16 23.057627302778844 -4922.404208341129 -1.667803646394596e-19 0.004676615874128897 0.0016234820122762992
-0.20820411817367326 -1.1019104744852288 1.0353767848582944 551.808049236477 525.7468996298194 745.089818933091 370.0310397213325 3.335380537462351 3.895761782311965 -2123.8809127295785 -4.492554808191293e-16 23.057627302778844 -4922.404208341129 -1.667803646394596e-19 0.004676615874128897 0.0016234820122762992
-0.09231692032228829 -1.0351280214861245 1.0480072414144872 557.5079869327024 523.1668052647838 745.4529763624669 372.68426061351784 3.335380537462351 3.895761782311965 -2123.8809127295785 -4.492554808191293e-16 23.057627302778844 -4922.404208341129 -1.667803646394596e-19 0.004676615874128897 0.0016234820122762992
0.02062399283796239 -0.969327663384065 1.043262711198442 563.2903666135221 520.6171480568701 745.8175230593333 375.5577226381283 3.335380537462351 3.895761782311965 -2123.8809127295785 -4.492554808191293e-16 23.057627302778844 -4922.404208341129 -1.667803646394596e-19 0.004676615874128897 0.0016234820122762992
0.12669024171889526 -0.9045094001790513 1.0222469243443746 569.1453463812629 518.0980397753192 746.1853036766333 378.63102350663394 3.335380537462351 3.895761782311965 -2123.8809127295785 -4.492554808191293e-16 23.057627302778844 -4922.404208341129 -1.667803646394596e-19 0.004676615874128897 0.0016234820122762992
0.22588182632050582 -0.8367448522829012 0.9714563405464495 575.06292708295 515.6094675640707 746.5583868043468 381.8789102684241 3.335380537462351 3.895761782311965 -2123.8809127295785 -4.492554808191293e-16 23.057627302778844 -4922.404208341129 -1.667803646394596e-19 0.004676615874128897 0.0016234820122762992
0.3240913160250672 -0.7670161145926592 0.953390435043301 581.0329523101288 513.1512939418608 746.9390649694833 385.2712793073151 3.335380537462351 3.895761782311965 -2123.8809127295785 -4.492554808191293e-16 23.057627302778844 -4922.404208341129 -1.667803646394596e-19 0.004676615874128897 0.0016234820122762992
0.42230080572963297 -0.6913948075201442 0.9146176088035061 587.045108398911 510.7232568022264 747.3298546361402 388.77317634481005 3.335380537462351 3.895761782311965 -2123.8809127295785 -4.492554808191293e-16 23.057627302778844 -4922.404208341129 -1.667803646394596e-19 0.004676615874128897 0.0016234820122762992
0.5146177260519302 -0.6118451208594468 0.8595476830561033 593.0889244300133 508.3249694134356 747.7334962054374 392.34479644172825 3.335380537462351 3.895761782311965 -2123.8809127295785 -4.492554808191293e-16 23.057627302778844 -4922.404208341129 -1.667803646394596e-19 0.004676615874128897 0.0016234820122762992
0.6030062667860394 -0.5293491495076106 0.8198672643969509 599.153772228688 505.9559204185716 748.1529540154515 395.94148399238475 3.335380537462351 3.895761782311965 -2123.8809127295785 -4.492554808191293e-16 23.057627302778844 -4922.404208341129 -1.667803646394596e-19 0.004676615874128897 0.0016234820122762992
0.6884485228290144 -0.4448889883616838 0.7911784458411244 605.2288663648008 503.6154738354526 748.5914163414127 399.5137327313423 3.335380537462351 3.895761782311965 -2123.8809127295785 -4.492554808191293e-16 23.057627302778844 -4922.404208341129 -1.667803646394596e-19 0.004676615874128897 0.0016234820122762992
0.7788012533572131 -0.35846463742166634 0.8076167287241601 611.3032641527436 501.302869056708 749.0522953955078 403.00718572735786 3.335380537462351 3.895761782311965 -2123.8809127295785 -4.492554808191293e-16 23.057627302778844 -4922.404208341129 -1.667803646394596e-19 0.004676615874128897 0.0016234820122762992
0.8740644583706402 -0.27105819158460187 0.828382423265205 617.3658656515393 499.01722084972425 749.5392273270772 406.3626353875734 3.335380537462351 3.895761782311965 -2123.8809127295785 -4.492554808191293e-16 23.057627302778844 -4922.404208341129 -1.667803646394596e-19 0.004676615874128897 0.0016234820122762992
0.9791486123545193 -0.18168755595344788 0.8660310393425977 623.405413664744 496.7575193566081 750.0560722223381 409.5160234551877 3.335380537462351 3.895761782311965 -2123.8809127295785 -4.492554808191293e-16 23.057627302778844 -4922.404208341129 -1.667803646394596e-19 0.004676615874128897 0.0016234820122762992
1.0842327663384075 -0.09231692032229163 0.8606327768620669 629.4104937405289 494.5226300943905 750.6069141046173 412.3984410108533 3.335380537462351 3.895761782311965 -2123.8809127295785 -4.492554808191293e-16 23.057627302778844 -4922.404208341129 -1.667803646394596e-19 0.004676615874128897 0.0016234820122762992
1.1902990152193358 -0.004910474485229407 0.8760580505981872 635.3695341715663 492.31129395471 751.1960609344096 414.9361284736078 3.335380537462351 3.895761782311965 -2123.8809127295785 -4.492554808191293e-16 23.057627302778844 -4922.404208341129 -1.667803646394596e-19 0.004676615874128897 0.0016234820122762992
1.2934189794091389 0.0834780662488787 0.8567056281827865 641.2708059951926 490.1221272040857 751.8280446089775 417.05047559714876 3.335380537462351 3.895761782311965 -2123.8809127295785 -4.492554808191293e-16 23.057627302778844 -4922.404208341129 -1.667803646394596e-19 0.004676615874128897 0.0016234820122762992
1.3886821844225659 0.16793822739480663 0.8396925753057359 647.1024229932361 487.9536214837208 752.5076209629115 418.65802147309296 3.335380537462351 3.895761782311965 -2123.8809127295785 -4.492554808191293e-16 23.057627302778844 -4922.404208341129 -1.667803646394596e-19 0.004676615874128897 0.0016234820122762992
1.4800170098478094 0.24945210384959582 0.8362018674556567 652.8523416921491 485.80414380966977 753.2397697676133 419.6704545293469 3.3277454235505415 3.8642521362633104 -2111.8782076234766 4.35493606993502e-15 22.97080872938999 -4893.248517697257 1.616782168699532e-18 0.004651702888546875 0.009092865109825177
1.5723339301701023 0.3290017905102966 0.853474621655443 658.5083613629574 483.67193657277676 754.0296947316674 419.9946125326678 3.3277454235505415 3.8642521362633104 -2111.8782076234766 4.35493606993502e-15 22.97080872938999 -4893.248517697257 1.616782168699532e-18 0.004651702888546875 0.009092865109825177
1.664650850492395 0.4056051924798563 0.8718870633158363 664.0581240212452 481.5551175385299 754.882823500644 419.5324825840071 3.3277454235505415 3.8642521362633104 -2111.8782076234766 4.35493606993502e-15 22.97080872938999 -4893.248517697257 1.616782168699532e-18 0.004651702888546875 0.009092865109825177
1.7451826320501371 0.4792623097582807 0.8233546085857502 669.4891144271953 479.45167984738146 755.8048076571285 418.18120112246834 3.3277454235505415 3.8642521362633104 -2111.8782076234766 4.35493606993502e-15 22.97080872938999 -4893.248517697257 1.616782168699532e-18 0.004651702888546875 0.009092865109825177
1.826696508504924 0.5519373321396603 0.8359878721668166 674.7886600854993 477.35949201438416 756.8015227207943 415.8330539264716 3.3277454235505415 3.8642521362633104 -2111.8782076234766 4.35493606993502e-15 22.97080872938999 -4893.248517697257 1.616782168699532e-18 0.004651702888546875 0.009092865109825177
1.8993715308863037 0.6216660698299022 0.7990959367703171 679.9439312455049 475.27629792945663 757.8790681483297 412.37547610653564 3.3277454235505415 3.8642521362633104 -2111.8782076234766 4.35493606993502e-15 22.97080872938999 -4893.248517697257 1.616782168699532e-18 0.004651702888546875 0.009092865109825177
1.9828495971351845 0.6894306177260513 0.8889228379080023 684.9419409010759 473.19971685728524 759.0437673334309 407.691052114591 3.3277454235505415 3.8642521362633104 -2111.8782076234766 4.35493606993502e-15 22.97080872938999 -4893.248517697257 1.616782168699532e-18 0.004651702888546875 0.009092865109825177
2.0712381378692983 0.754248880931065 0.9380474917927359 689.7695447906929 471.1272434372768 760.3021676069257 401.6575157365296 3.3277454235505415 3.8642521362633104 -2111.8782076234766 4.35493606993502e-15 22.97080872938999 -4893.248517697257 1.616782168699532e-18 0.004651702888546875 0.009092865109825177
2.1596266786034075 0.8141566696508492 0.9751408114291931 694.4134413974023 469.0562476836931 761.661040236555 394.14775009732693 3.3277454235505415 3.8642521362633104 -2111.8782076234766 4.35493606993502e-15 22.97080872938999 -4893.248517697257 1.616782168699532e-18 0.004651702888546875 0.009092865109825177
2.25390778871979 0.8691539838854074 1.0427218783685221 698.8601719487558 466.98397498552004 763.1273804272714 385.02978765778244 3.3277454235505415 3.8642521362633104 -2111.8782076234766 4.35493606993502e-15 22.97080872938999 -4893.248517697257 1.616782168699532e-18 0.004651702888546875 0.009092865109825177
2.3589919427036734 0.9212050134288269 1.110894018633923 699.7805923926644 465.89049513463397 741.582831889391 408.7139702215791 3.3277454235505415 3.8642521362633104 -2111.8782076234766 4.35493606993502e-15 22.97080872938999 -4893.248517697257 1.616782168699532e-18 0.004651702888546875 0.009092865109825177
2.455237242614145 0.9673634735899721 1.123608136628865 702.083274385659 463.8569319174858 667.9682132005692 381.1330093294382 3.3277454235505415 3.8642521362633104 -2111.8782076234766 4.35493606993502e-15 22.97080872938999 -4893.248517697257 1.616782168699532e-18 0.004651702888546875 0.009092865109825177
2.552464637421666 1.0095935541629373 1.1610383988705015 704.332456527045 461.72410993254744 622.7267398536205 360.8796199038625 3.3277454235505415 3.8642521362633104 -2111.8782076234766 4.35493606993502e-15 22.97080872938999 -4893.248517697257 1.616782168699532e-18 0.004651702888546875 0.009092865109825177
2.6546025067144154 1.049859444941807 1.1952732971347229 706.5450836750679 459.51843008073047 600.4810938835144 346.47374203056097 3.3277454235505415 3.8642521362633104 -2111.8782076234766 4.35493606993502e-15 22.97080872938999 -4893.248517697257 1.616782168699532e-18 0.004651702888546875 0.009092865109825177
2.767543419874662 1.0881611459265876 1.2438374861591723 708.7342820086051 457.2639161669649 596.3089059591293 336.5719903707504 3.3277454235505415 3.8642521362633104 -2111.8782076234766 4.35493606993502e-15 22.97080872938999 -4893.248517697257 1.616782168699532e-18 0.004651702888546875 0.009092865109825177
2.8873589973142346 1.126462846911368 1.2613908242424872 710.9093590162229 454.98221489670686 605.7427549064159 329.9676542878151 3.3277454235505415 3.8642521362633104 -2111.8782076234766 4.35493606993502e-15 22.97080872938999 -4893.248517697257 1.616782168699532e-18 0.004651702888546875 0.009092865109825177
3.013067144136081 1.1637824529991037 1.2822089649008181 713.0758035033941 452.69259587756824 624.7701677083969 325.590697824955 3.3277454235505415 3.8642521362633104 -2111.8782076234766 4.35493606993502e-15 22.97080872938999 -4893.248517697257 1.616782168699532e-18 0.004651702888546875 0.009092865109825177
3.125025962399287 1.1991378692927477 1.2649174553900449 715.2352855929639 450.41195161966607 649.8336203098297 322.50775971263647 3.3277454235505415 3.8642521362633104 -2111.8782076234766 4.35493606993502e-15 22.97080872938999 -4893.248517697257 1.616782168699532e-18 0.004651702888546875 0.009092865109825177
3.2379668755595374 1.2344932855863904 1.2674164089554232 717.3856567186303 448.1547975332942 677.830536365509 319.9221532791853 3.3277454235505415 3.8642521362633104 -2111.8782076234766 4.35493606993502e-15 22.97080872938999 -4893.248517697257 1.616782168699532e-18 0.004651702888546875 0.009092865109825177
3.351889883616833 1.2727949865711732 1.2464617988210807 719.5209496321622 445.93327193229925 706.113288372755 317.1738666072488 3.3277454235505415 3.8642521362633104 -2111.8782076234766 4.35493606993502e-15 22.97080872938999 -4893.248517697257 1.616782168699532e-18 0.004651702888546875 0.009092865109825177
3.4559919427036716 1.3120787824529982 1.2099595437618125 721.6313783982769 443.7571360314032 732.4891968071461 313.7395623847842 3.3277454235505415 3.8642521362633104 -2111.8782076234766 4.35493606993502e-15 22.97080872938999 -4893.248517697257 1.616782168699532e-18 0.004651702888546875 0.009092865109825177
3.5708970456580165 1.3533267681289165 1.2261490111768745 723.7033383969683 441.6337739479495 755.2205311954021 309.2325780019164 3.3277454235505415 3.8642521362633104 -2111.8782076234766 4.35493606993502e-15 22.97080872938999 -4893.248517697257 1.616782168699532e-18 0.004651702888546875 0.009092865109825177
3.686784243509406 1.3965389435989262 1.2138843904432244 725.7194063235074 439.56819270027336 773.0245085656643 303.4029255285859 3.3277454235505415 3.8642521362633104 -2111.8782076234766 4.35493606993502e-15 22.97080872938999 -4893.248517697257 1.616782168699532e-18 0.004651702888546875 0.009092865109825177
3.7987430617726075 1.4377869292748433 1.2178059389679812 727.6583401905373 437.5630222085165 785.0732950568199 296.13729167729616 3.3277454235505415 3.8642521362633104 -2111.8782076234766 4.35493606993502e-15 22.97080872938999 -4893.248517697257 1.616782168699532e-18 0.004651702888546875 0.009092865109825177
3.9008809310653567 1.4760886302596226 1.2120256565243388 729.4950793208554 435.6185152948601 790.994004458189 287.45903784036636 3.3277454235505415 3.8642521362633104 -2111.8782076234766 4.35493606993502e-15 22.97080872938999 -4893.248517697257 1.616782168699532e-18 0.004651702888546875 0.009092865109825177
3.9990904207699223 1.5104619516562217 1.2341215074081593 731.2007443555631 433.7325476843398 790.868699491024 277.5282001197338 3.3277454235505415 3.8642521362633104 -2111.8782076234766 4.35493606993502e-15 22.97080872938999 -4893.248517697257 1.616782168699532e-18 0.004651702888546875 0.009092865109825177
4.088461056401081 1.5418889883616833 1.2326537980902572 732.7426372494083 431.90061800333206 785.2343913018703 266.64148922264576 3.3277454235505415 3.8642521362633104 -2111.8782076234766 4.35493606993502e-15 22.97080872938999 -4893.248517697257 1.616782168699532e-18 0.004651702888546875 0.009092865109825177
4.188634735899732 1.5693876454789601 1.3028859043715555 734.0842412712518 430.1158477769932 775.083038777113 255.23229053616524 3.3277454235505415 3.8642521362633104 -2111.8782076234766 4.35493606993502e-15 22.97080872938999 -4893.248517697257 1.616782168699532e-18 0.004651702888546875 0.009092865109825177
4.289790510295441 1.5919758281110097 1.3510996320536435 735.1852210096549 428.3689814376412 761.8615499138832 243.87066416442394 3.3277454235505415 3.8642521362633104 -2111.8782076234766 4.35493606993502e-15 22.97080872938999 -4893.248517697257 1.616782168699532e-18 0.004651702888546875 0.009092865109825177
4.391928379588186 1.6076893464637416 1.4181469983996133 736.0014223617036 426.6483863154426 747.4717805683613 233.2633448317647 3.3277454235505415 3.8642521362633104 -2111.8782076234766 4.35493606993502e-15 22.97080872938999 -4893.248517697257 1.616782168699532e-18 0.004651702888546875 0.009092865109825177
4.494066248880935 1.6175102954341993 1.4749371796848734 736.4848725411575 424.9400526450481 734.2705352008343 224.25374200940132 3.3277454235505415 3.8642521362633104 -2111.8782076234766 4.35493606993502e-15 22.97080872938999 -4893.248517697257 1.616782168699532e-18 0.004651702888546875 0.009092865109825177
4.597186213070729 1.6224207699194275 1.5232132235179132 736.5837800810114 423.2275935597718 725.069566577673 217.82193968445063 3.3277454235505415 3.8642521362633104 -2111.8782076234766 4.35493606993502e-15 22.97080872938999 -4893.248517697257 1.616782168699532e-18 0.004651702888546875 0.009092865109825177
4.695395702775295 1.6204565801253359 1.5907936607680517 736.2425348234829 421.4922450979939 723.1355758309364 215.0846967101097 3.3277454235505415 3.8642521362633104 -2111.8782076234766 4.35493606993502e-15 22.97080872938999 -4893.248517697257 1.616782168699532e-18 0.004651702888546875 0.009092865109825177
4.800479856759178 1.6155461056401075 1.617491330838228 735.4017079300247 419.71286619710736 732.1902123391628 217.29544646292925 3.3277454235505415 3.8642521362633104 -2111.8782076234766 4.35493606993502e-15 22.97080872938999 -4893.248517697257 1.616782168699532e-18 0.004651702888546875 0.009092865109825177
4.906546105640107 1.604743061772605 1.6722981578008544 733.9980518734083 417.86593869922217 756.4100740849972 225.84429715573788 3.3277454235505415 3.8642521362633104 -2111.8782076234766 4.35493606993502e-15 22.97080872938999 -4893.248517697257 1.616782168699532e-18 0.004651702888546875 0.009092865109825177
5.007701880035811 1.5900116383169203 1.7154107660148346 731.9645004449412 415.92556734662503 800.4267075359821 242.2580313012004 3.3277454235505415 3.8642521362633104 -2111.8782076234766 4.35493606993502e-15 22.97080872938999 -4893.248517697257 1.616782168699532e-18 0.004651702888546875 0.009092865109825177
5.102965085049239 1.5693876454789613 1.784000846184357 729.2301687467843 413.8634797828272 869.3266070485115 268.20010659843683 3.3277454235505415 3.8642521362633104 -2111.8782076234766 4.35493606993502e-15 22.97080872938999 -4893.248517697257 1.616782168699532e-18 0.004651702888546875 0.009092865109825177
