30 -0.5018504923903349 0.43703222918531676 6.023245166991016 -0.37417815577439484 3.1672560429722463
-0.5018504923903349 0.43703222918531676 6.023245166991016 667.1199768781662 536.4758140387712 706.7044691592455 255.458487033844 3.388910800157076 3.9757970621110887 -1993.09666562911 -0.004494581059494689 22.312446850677716 -3867.634979966607 -8.011730943839308e-06 0.004786454462933142 0.17302797009230014
-0.51756401074306 0.5244386750223801 6.053953373902646 674.0050006508827 537.3681572624482 712.7710762917995 252.5310822725296 3.388910800157076 3.9757970621110887 -1993.09666562911 -0.004494581059494689 22.312446850677716 -3867.634979966607 -8.011730943839308e-06 0.004786454462933142 0.17302797009230014
-0.5332775290957896 0.6098809310653517 6.048930093585344 680.8474080488086 538.2149428520352 719.9555220901966 254.87590205669403 3.388910800157076 3.9757970621110887 -1993.09666562911 -0.004494581059494689 22.312446850677716 -3867.634979966607 -8.011730943839308e-06 0.004786454462933142 0.17302797009230014
-0.5480089525514701 0.6943410922112785 6.057226089490996 687.688923984766 539.0141677834326 728.0615215599537 261.546413064003 3.388910800157076 3.9757970621110887 -1993.09666562911 -0.004494581059494689 22.312446850677716 -3867.634979966607 -8.011730943839308e-06 0.004786454462933142 0.17302797009230014
-0.564704565801249 0.7768370635631158 6.029919540948806 694.5661436617374 539.7637486268068 736.9064302742481 271.66353821754456 3.388910800157076 3.9757970621110887 -1993.09666562911 -0.004494581059494689 22.312446850677716 -3867.634979966607 -8.011730943839308e-06 0.004786454462933142 0.17302797009230014
-0.578453894359889 0.8593330349149508 6.063271031936952 701.5105324313045 540.4615215477534 746.3212450146675 284.41565454006195 3.388910800157076 3.9757970621110887 -1993.09666562911 -0.004494581059494689 22.312446850677716 -3867.634979966607 -8.011730943839308e-06 0.004786454462933142 0.17302797009230014
-0.5990778871978469 0.9428111011638318 6.040976720069976 708.5484258756042 541.1052423061337 756.150603145361 299.05859446525574 3.388910800157076 3.9757970621110887 -1993.09666562911 -0.004494581059494689 22.312446850677716 -3867.634979966607 -8.011730943839308e-06 0.004786454462933142 0.17302797009230014
-0.6226481647269436 1.0272712623097586 6.01103941664839 715.7010297551751 541.6925862563075 766.2527828961611 314.91564524173737 3.388910800157076 3.9757970621110887 -1993.09666562911 -0.004494581059494689 22.312446850677716 -3867.634979966607 -8.011730943839308e-06 0.004786454462933142 0.17302797009230014
-0.6403258728737673 1.1117314234556854 6.076861413149849 722.9844201356173 542.2211483477149 776.4997027814388 331.3775489330292 3.388910800157076 3.9757970621110887 -1993.09666562911 -0.004494581059494689 22.312446850677716 -3867.634979966607 -8.011730943839308e-06 0.004786454462933142 0.17302797009230014
-0.6550572963294522 1.197173679498657 6.112450095704302 730.4095432162285 542.688443123945 786.7769227474928 347.90250301361084 3.388910800157076 3.9757970621110887 -1993.09666562911 -0.004494581059494689 22.312446850677716 -3867.634979966607 -8.011730943839308e-06 0.004786454462933142 0.17302797009230014
-0.6668424350939983 1.2845801253357192 6.149162105599541 737.9822154045105 543.0919047234347 796.9836433827877 364.01616060733795 3.388910800157076 3.9757970621110887 -1993.09666562911 -0.004494581059494689 22.312446850677716 -3867.634979966607 -8.011730943839308e-06 0.004786454462933142 0.17302797009230014
-0.6756812891674101 1.3749328558639213 6.185669503892032 745.7031234055758 543.4288868801668 807.0327056348324 379.3116286993027 3.388910800157076 3.9757970621110887 -1993.09666562911 -0.004494581059494689 22.312446850677716 -3867.634979966607 -8.011730943839308e-06 0.004786454462933142 0.17302797009230014
-0.6825559534467324 1.4701960608773494 6.21114524179273 753.5678240135312 543.6966629215749 816.8505915105343 393.4494694471359 3.388910800157076 3.9757970621110887 -1993.09666562911 -0.004494581059494689 22.312446850677716 -3867.634979966607 -8.011730943839308e-06 0.004786454462933142 0.17302797009230014
-0.6855022381378667 1.5674234556848705 6.252891547260839 761.5667443200946 543.89242576994 826.377423837781 406.15770077705383 3.388910800157076 3.9757970621110887 -1993.09666562911 -0.004494581059494689 22.312446850677716 -3867.634979966607 -8.011730943839308e-06 0.004786454462933142 0.17302797009230014
-0.6855022381378667 1.667597135183527 -0.0 769.6851816549897 544.0132879434386 835.5669662505388 417.2317953109741 3.388910800157076 3.9757970621110887 -1993.09666562911 -0.004494581059494689 22.312446850677716 -3867.634979966607 -8.011730943839308e-06 0.004786454462933142 0.17302797009230014
-0.6884485228290055 1.77071709937332 6.254621649340809 777.9033034592867 544.0562815529993 844.3866228461266 426.534680724144 3.388910800157076 3.9757970621110887 -1993.09666562911 -0.004494581059494689 22.312446850677716 -3867.634979966607 -8.011730943839308e-06 0.004786454462933142 0.17302797009230014
-0.6864843330349114 1.8738370635631152 0.01904531598204223 786.1961474940181 544.01835830661 852.8174387812614 433.9967391490936 3.388910800157076 3.9757970621110887 -1993.09666562911 -0.004494581059494689 22.312446850677716 -3867.634979966607 -8.011730943839308e-06 0.004786454462933142 0.17302797009230014
-0.6815738585496831 1.9759749328558633 0.04803993284776266 794.533621661365 543.8963895043125 860.8540998399258 439.61580872535706 3.388910800157076 3.9757970621110887 -1993.09666562911 -0.004494581059494689 22.312446850677716 -3867.634979966607 -8.011730943839308e-06 0.004786454462933142 0.17302797009230014
-0.6737170993733206 2.0790948970456573 0.07604355927909125 802.880504116416 543.6871660434408 868.5049328058958 443.457181930542 3.388910800157076 3.9757970621110887 -1993.09666562911 -0.004494581059494689 22.312446850677716 -3867.634979966607 -8.011730943839308e-06 0.004786454462933142 0.17302797009230014
-0.6688066248880923 2.179268576544315 0.04898040092372702 811.1964432001114 543.3873984137317 875.7919049561024 445.6536066532135 3.388910800157076 3.9757970621110887 -1993.09666562911 -0.004494581059494689 22.312446850677716 -3867.634979966607 -8.011730943839308e-06 0.004786454462933142 0.17302797009230014
-0.663896150402864 2.2794422560429726 0.04898040092372702 819.4359574839473 542.9937167011667 882.750624358654 446.4052851200104 3.388910800157076 3.9757970621110887 -1993.09666562911 -0.004494581059494689 22.312446850677716 -3867.634979966607 -8.011730943839308e-06 0.004786454462933142 0.17302797009230014
-0.6530931065353627 2.3766696508504936 0.11065722117388556 827.5484357252717 542.5026705856435 889.430339962244 445.97987616062164 3.388910800157076 3.9757970621110887 -1993.09666562911 -0.004494581059494689 22.312446850677716 -3867.634979966607 -8.011730943839308e-06 0.004786454462933142 0.17302797009230014
-0.6383616830796778 2.470950760966876 0.15499674192394242 835.4781369417906 541.9107293419074 895.893941655755 444.7124915122986 3.388910800157076 3.9757970621110887 -1993.09666562911 -0.004494581059494689 22.312446850677716 -3867.634979966607 -8.011730943839308e-06 0.004786454462933142 0.17302797009230014
-0.6187197851387646 2.5642497761862133 0.20749622643520266 843.1641903445125 541.214281839435 902.2179597765207 443.0056995153427 3.388910800157076 3.9757970621110887 -1993.09666562911 -0.004494581059494689 22.312446850677716 -3867.634979966607 -8.011730943839308e-06 0.004786454462933142 0.17302797009230014
-0.5961316025067127 2.655584601611459 0.24244702296587498 850.5405953451991 540.409636542201 908.492565497756 441.32952296733856 3.388910800157076 3.9757970621110887 -1993.09666562911 -0.004494581059494689 22.312446850677716 -3867.634979966607 -8.011730943839308e-06 0.004786454462933142 0.17302797009230014
-0.5656866606982982 2.7449552372426154 0.3283294068496451 857.5362215563655 539.4930215093773 914.8215710222721 440.22144055366516 3.388910800157076 3.9757970621110887 -1993.09666562911 -0.004494581059494689 22.312446850677716 -3867.634979966607 -8.011730943839308e-06 0.004786454462933142 0.17302797009230014
-0.53425962399283 2.832361683079678 0.3451576498427456 864.0748088732362 538.4605843941681 921.3224288970232 440.28638434410095 3.388910800157076 3.9757970621110887 -1993.09666562911 -0.004494581059494689 22.312446850677716 -3867.634979966607 -8.011730943839308e-06 0.004786454462933142 0.17302797009230014
-0.4998863025962364 2.9168218442256033 0.3865063051138784 870.0749673172832 537.3083924447419 928.1262327879667 442.1967421770096 3.388910800157076 3.9757970621110887 -1993.09666562911 -0.004494581059494689 22.312446850677716 -3867.634979966607 -8.011730943839308e-06 0.004786454462933142 0.17302797009230014
-0.46551298119963835 2.9993178155774394 0.39479111969975766 875.4501771181822 536.0324325043475 935.3777171373367 446.6923577785492 3.388910800157076 3.9757970621110887 -1993.09666562911 -0.004494581059494689 22.312446850677716 -3867.634979966607 -8.011730943839308e-06 0.004786454462933142 0.17302797009230014
-0.4154261414503107 3.085742166517457 0.5252435996541994 880.108788870275 534.6286110102665 943.2352568954229 454.5805287361145 3.388910800157076 3.9757970621110887 -1993.09666562911 -0.004494581059494689 22.312446850677716 -3867.634979966607 -8.011730943839308e-06 0.004786454462933142 0.17302797009230014
-0.37417815577439484 3.1672560429722463 0.4684552642674819 878.0276719406247 532.9185694027692 701.8283583670855 358.25612929463387 3.388910800157076 3.9757970621110887 -1993.09666562911 -0.004494581059494689 22.312446850677716 -3867.634979966607 -8.011730943839308e-06 0.004786454462933142 0.17302797009230014
-0.33882273948075203 3.2477878245299907 0.413689213278852 889.2314273677766 532.2186287818477 727.4586823731661 358.9723083153367 3.388910800157076 3.9757970621110887 -1993.09666562911 -0.004494581059494689 22.312446850677716 -3867.634979966607 -8.011730943839308e-06 0.004786454462933142 0.17302797009230014
-0.31034198746642705 3.3243912264995514 0.3559577381679976 899.2411527372897 531.3029968887568 748.2773669660091 358.58255446329713 3.388910800157076 3.9757970621110887 -1993.09666562911 -0.004494581059494689 22.312446850677716 -3867.634979966607 -8.011730943839308e-06 0.004786454462933142 0.17302797009230014
-0.2779328558639186 3.4009946284691126 0.40024065703399603 908.1170417405665 530.1916294805706 764.6070296615362 357.175847671926 3.388910800157076 3.9757970621110887 -1993.09666562911 -0.004494581059494689 22.312446850677716 -3867.634979966607 -8.011730943839308e-06 0.004786454462933142 0.17302797009230014
-0.23668487018800272 3.4775980304386755 0.4939413689195534 915.9178858138621 528.9039035718888 776.7612036466599 354.83843002840877 3.388910800157076 3.9757970621110887 -1993.09666562911 -0.004494581059494689 22.312446850677716 -3867.634979966607 -8.011730943839308e-06 0.004786454462933142 0.17302797009230014
-0.19445478961503315 3.5522372426141446 0.5148847764042935 922.701074168086 527.4586173966527 785.0443374216557 351.65380558371544 3.388910800157076 3.9757970621110887 -1993.09666562911 -0.004494581059494689 22.312446850677716 -3867.634979966607 -8.011730943839308e-06 0.004786454462933142 0.17302797009230014
-0.15222470904207253 3.623930170098477 0.532322511232821 928.5225937999785 525.87399042584 789.751795142889 347.70274045690894 3.388910800157076 3.9757970621110887 -1993.09666562911 -0.004494581059494689 22.312446850677716 -3867.634979966607 -8.011730943839308e-06 0.004786454462933142 0.17302797009230014
-0.10606624888092393 3.6936589077887203 0.5847452860775796 933.4370294436812 524.1676633628085 791.1698565781116 343.06326284632087 3.388910800157076 3.9757970621110887 -1993.09666562911 -0.004494581059494689 22.312446850677716 -3867.634979966607 -8.011730943839308e-06 0.004786454462933142 0.17302797009230014
-0.05696150402864549 3.761423455684872 0.6270706625889688 937.4975636675954 522.3566981470212 789.575716868043 337.8106628842652 3.388910800157076 3.9757970621110887 -1993.09666562911 -0.004494581059494689 22.312446850677716 -3867.634979966607 -8.011730943839308e-06 0.004786454462933142 0.17302797009230014
-0.020623992837957926 3.8213312444046537 0.5452271555372765 940.7559767626226 520.4575779428706 785.2374868392944 332.017492800951 3.388910800157076 3.9757970621110887 -1993.09666562911 -0.004494581059494689 22.312446850677716 -3867.634979966607 -8.011730943839308e-06 0.004786454462933142 0.17302797009230014
0.028480752014324977 3.8812390331244377 0.6866215713297928 943.262646805495 518.4862071610987 778.4141927212477 325.75356689095497 3.388910800157076 3.9757970621110887 -1993.09666562911 -0.004494581059494689 22.312446850677716 -3867.634979966607 -8.011730943839308e-06 0.004786454462933142 0.17302797009230014
0.09035273052820322 3.9352542524619514 0.8906982929614894 945.0665496736765 516.4579114280641 769.3557762652636 319.08596140146255 3.388910800157076 3.9757970621110887 -1993.09666562911 -0.004494581059494689 22.312446850677716 -3867.634979966607 -8.011730943839308e-06 0.004786454462933142 0.17302797009230014
0.16499194270367235 3.984358997314234 1.0177648826442511 946.2152589932084 514.3874376248568 758.3030949383974 312.07901468127966 3.388910800157076 3.9757970621110887 -1993.09666562911 -0.004494581059494689 22.312446850677716 -3867.634979966607 -8.011730943839308e-06 0.004786454462933142 0.17302797009230014
0.23963115487914594 4.024624888093108 1.1022226492656721 946.7549461387098 512.2889538481832 745.4879215508699 304.79432709142566 3.388910800157076 3.9757970621110887 -1993.09666562911 -0.004494581059494689 22.312446850677716 -3867.634979966607 -8.011730943839308e-06 0.004786454462933142 0.17302797009230014
0.31328827215757027 4.056051924798569 1.1902899496825268 946.7303803153336 510.1760494271293 731.132944598794 297.2907610088587 3.388910800157076 3.9757970621110887 -1993.09666562911 -0.004494581059494689 22.312446850677716 -3867.634979966607 -8.011730943839308e-06 0.004786454462933142 0.17302797009230014
0.3889095792300842 4.0786401074306164 1.2973353397046774 946.1849284768105 508.0617349371314 715.4517678767443 289.624440882355 3.0987050742722255 3.6066787166590166 -1808.7679747557577 -0.04330084527971027 21.436661805748315 -4061.39225076664 -1.814788150867972e-05 0.00435060201656788 0.17912600975926454
0.4733697403760099 4.09631781557744 1.3755149286999762 945.1605553254485 505.9584421804175 698.6489108651876 281.8487531840801 3.0987050742722255 3.6066787166590166 -1808.7679747557577 -0.04330084527971027 21.436661805748315 -4061.39225076664 -1.814788150867972e-05 0.00435060201656788 0.17912600975926454
0.5627403760071639 4.1081029543419865 1.4464413322481526 943.6978233791888 503.87802419252694 680.9198087602854 274.01434640958905 3.0987050742722255 3.6066787166590166 -1808.7679747557577 -0.04330084527971027 21.436661805748315 -4061.39225076664 -1.814788150867972e-05 0.00435060201656788 0.17912600975926454
0.6589856759176446 4.111049239033125 1.541678345287842 941.8358928859234 501.8317552385852 662.4508118778467 266.16913110017776 3.0987050742722255 3.6066787166590166 -1808.7679747557577 -0.04330084527971027 21.436661805748315 -4061.39225076664 -1.814788150867972e-05 0.00435060201656788 0.17912600975926454
0.7562130707251656 4.106138764547897 1.6188362596426586 939.6125219352543 499.8303308179602 643.4191863834858 258.358279787004 3.0987050742722255 3.6066787166590166 -1808.7679747557577 -0.04330084527971027 21.436661805748315 -4061.39225076664 -1.814788150867972e-05 0.00435060201656788 0.17912600975926454
0.854422560429727 4.092389435989257 1.703347859091585 937.0640662834048 497.88386766333133 623.9931139051914 250.62422715872526 3.0987050742722255 3.6066787166590166 -1808.7679747557577 -0.04330084527971027 21.436661805748315 -4061.39225076664 -1.814788150867972e-05 0.00435060201656788 0.17912600975926454
0.9398648164726975 4.0707833482542535 1.8184776860437553 934.2254795841873 496.0019037537277 604.3316914588213 243.00666979327798 3.0987050742722255 3.6066787166590166 -1808.7679747557577 -0.04330084527971027 21.436661805748315 -4061.39225076664 -1.814788150867972e-05 0.00435060201656788 0.17912600975926454
1.0213786929274844 4.0442667860340205 1.8853006312116563 931.1303131692111 494.19339827727526 584.5849318802357 235.54256639257073 3.0987050742722255 3.6066787166590166 -1808.7679747557577 -0.04330084527971027 21.436661805748315 -4061.39225076664 -1.814788150867972e-05 0.00435060201656788 0.17912600975926454
1.099946284691146 4.010875559534467 1.9726669742353218 927.8107161745429 492.46673167217523 564.8937631696463 228.26613767072558 3.0987050742722255 3.6066787166590166 -1808.7679747557577 -0.04330084527971027 21.436661805748315 -4061.39225076664 -1.814788150867972e-05 0.00435060201656788 0.17912600975926454
1.1745854968666152 3.970609668755594 2.065522009279164 924.2974355258048 490.8297056015581 545.3900291323662 221.2088663727045 3.0987050742722255 3.6066787166590166 -1808.7679747557577 -0.04330084527971027 21.436661805748315 -4061.39225076664 -1.814788150867972e-05 0.00435060201656788 0.17912600975926454
1.24627842435095 3.9254333034914946 2.133081129137423 920.619815915823 489.28954297304153 526.1964890956879 214.39949730038643 3.0987050742722255 3.6066787166590166 -1808.7679747557577 -0.04330084527971027 21.436661805748315 -4061.39225076664 -1.814788150867972e-05 0.00435060201656788 0.17912600975926454
1.3061862130707342 3.873382273948073 2.2861339075539138 916.8057997897267 487.85288790706545 507.4268177598715 207.86403723433614 3.0987050742722255 3.6066787166590166 -1808.7679747557577 -0.04330084527971027 21.436661805748315 -4061.39225076664 -1.814788150867972e-05 0.00435060201656788 0.17912600975926454
1.3543088630259679 3.8144565801253356 2.456771407647211 912.8819273933768 486.52580578345805 489.18560542166233 201.62575502693653 3.0987050742722255 3.6066787166590166 -1808.7679747557577 -0.04330084527971027 21.436661805748315 -4061.39225076664 -1.814788150867972e-05 0.00435060201656788 0.17912600975926454
1.3906463742166555 3.75258460161146 2.610562548745629 908.8733367398381 485.31378319114447 471.56835804879665 195.70518162846565 3.0987050742722255 3.6066787166590166 -1808.7679747557577 -0.04330084527971027 21.436661805748315 -4061.39225076664 -1.814788150867972e-05 0.00435060201656788 0.17912600975926454
1.4230555058191594 3.6897305282005366 2.6655233232670716 904.8037635795772 484.22172795888036 454.6614969819784 190.12010992318392 3.0987050742722255 3.6066787166590166 -1808.7679747557577 -0.04330084527971027 21.436661805748315 -4061.39225076664 -1.814788150867972e-05 0.00435060201656788 0.17912600975926454
1.447607878245301 3.624912264995522 2.779505245896072 900.6955415010452 483.2539691692218 438.5423591583967 184.88559482246637 3.0987050742722255 3.6066787166590166 -1808.7679747557577 -0.04330084527971027 21.436661805748315 -4061.39225076664 -1.814788150867972e-05 0.00435060201656788 0.17912600975926454
1.476088630259626 3.5610760966875543 2.7219417914546775 896.5696018151939 482.41425710264593 423.27919694781303 180.01395343244076 3.0987050742722255 3.6066787166590166 -1808.7679747557577 -0.04330084527971027 21.436661805748315 -4061.39225076664 -1.814788150867972e-05 0.00435060201656788 0.17912600975926454
1.4967126230975838 3.4972399283795865 2.8291010938552867 892.4454736486077 481.70576329901814 408.9311783313751 175.5147646702826 3.0987050742722255 3.6066787166590166 -1808.7679747557577 -0.04330084527971027 21.436661805748315 -4061.39225076664 -1.814788150867972e-05 0.00435060201656788 0.17912600975926454
1.5094798567591792 3.433403760071621 2.944197093739879 888.341283839196 481.13108052220196 395.5483869314194 171.39486968889832 3.0987050742722255 3.6066787166590166 -1808.7679747557577 -0.04330084527971027 21.436661805748315 -4061.39225076664 -1.814788150867972e-05 0.00435060201656788 0.17912600975926454
1.526175470008958 3.371531781557745 2.878028770006713 884.2737570740283 480.69222276471555 383.1718216538429 167.65837152302265 3.0987050742722255 3.6066787166590166 -1808.7679747557577 -0.04330084527971027 21.436661805748315 -4061.39225076664 -1.814788150867972e-05 0.00435060201656788 0.17912600975926454
1.5428710832587325 3.3116239928379585 2.8698004949151272 880.2582157328725 480.39062526542693 371.8333972096443 164.30663530901074 3.0987050742722255 3.6066787166590166 -1808.7679747557577 -0.04330084527971027 21.436661805748315 -4061.39225076664 -1.814788150867972e-05 0.00435060201656788 0.17912600975926454
1.5595666965085113 3.2546624888093105 2.8564749184171516 876.3085800483823 480.2271444844082 361.55594369769096 161.33828827738762 3.0987050742722255 3.6066787166590166 -1808.7679747557577 -0.04330084527971027 21.436661805748315 -4061.39225076664 -1.814788150867972e-05 0.00435060201656788 0.17912600975926454
1.5713518352730573 3.19966517457475 2.9304993203670913 872.4373679868877 480.20205811597407 352.3532066196203 158.7492196150124 3.0987050742722255 3.6066787166590166 -1808.7679747557577 -0.04330084527971027 21.436661805748315 -4061.39225076664 -1.814788150867972e-05 0.00435060201656788 0.17912600975926454
1.5713518352730573 3.146632050134288 3.141592653589793 868.6556952781975 480.31506508775055 344.2298472523689 156.53258049488068 3.0987050742722255 3.6066787166590166 -1808.7679747557577 -0.04330084527971027 21.436661805748315 -4061.39225076664 -1.814788150867972e-05 0.00435060201656788 0.17912600975926454
1.5674234556848738 3.0965452103849582 3.219863794111087 864.9732754528522 480.5652855755761 337.181442245841 154.6787842772901 3.0987050742722255 3.6066787166590166 -1808.7679747557577 -0.04330084527971027 21.436661805748315 -4061.39225076664 -1.814788150867972e-05 0.00435060201656788 0.17912600975926454
1.5556383169203278 3.0474404655326754 3.377137634310622 861.3984198011458 480.95126096438617 331.19448395073414 153.175506234169 3.0987050742722255 3.6066787166590166 -1808.7679747557577 -0.04330084527971027 21.436661805748315 -4061.39225076664 -1.814788150867972e-05 0.00435060201656788 0.17912600975926454
1.53501432408237 3.0012820053715292 3.5617893671990486 857.938037391752 481.47095388453454 326.24637995660305 152.00768372789025 3.0987050742722255 3.6066787166590166 -1808.7679747557577 -0.04330084527971027 21.436661805748315 -4061.39225076664 -1.814788150867972e-05 0.00435060201656788 0.17912600975926454
1.5065335720680404 2.9590519247985685 3.734942799746628 854.597635038197 482.12174820620567 322.3054537177086 151.15751611813903 3.0987050742722255 3.6066787166590166 -1808.7679747557577 -0.04330084527971027 21.436661805748315 -4061.39225076664 -1.814788150867972e-05 0.00435060201656788 0.17912600975926454
1.47805282005372 2.9217323187108337 3.793461767895315 851.3813173659146 482.9004490170628 319.33094400167465 150.60446479916573 3.0987050742722255 3.6066787166590166 -1808.7679747557577 -0.04330084527971027 21.436661805748315 -4061.39225076664 -1.814788150867972e-05 0.00435060201656788 0.17912600975926454
1.4338585496866654 2.8873589973142337 4.051345811533971 848.2917867749929 483.80328264739364 317.2730050832033 150.32525328919291 3.0987050742722255 3.6066787166590166 -1808.7679747557577 -0.04330084527971027 21.436661805748315 -4061.39225076664 -1.814788150867972e-05 0.00435060201656788 0.17912600975926454
1.380825425246199 2.8549498657117254 4.163839577934144 845.3303434178233 484.825896659866 316.0727070569992 150.29386702924967 3.0987050742722255 3.6066787166590166 -1808.7679747557577 -0.04330084527971027 21.436661805748315 -4061.39225076664 -1.814788150867972e-05 0.00435060201656788 0.17912600975926454
1.3199355416293699 2.823522829006268 4.235921560911024 842.4968852140009 485.9633598504588 315.66203516721725 150.48155356571078 3.0987050742722255 3.6066787166590166 -1808.7679747557577 -0.04330084527971027 21.436661805748315 -4061.39225076664 -1.814788150867972e-05 0.00435060201656788 0.17912600975926454
1.2521709937332186 2.7930778871978537 4.290137826933433 839.789907887578 487.2101622419432 315.96389047801495 150.8568224273622 3.0987050742722255 3.6066787166590166 -1808.7679747557577 -0.04330084527971027 21.436661805748315 -4061.39225076664 -1.814788150867972e-05 0.00435060201656788 0.17912600975926454
1.1804780662488836 2.7645971351835263 4.334246665062059 837.2065049111843 488.5602151043713 316.892089381814 151.3854452073574 3.0987050742722255 3.6066787166590166 -1808.7679747557577 -0.04330084527971027 21.436661805748315 -4061.39225076664 -1.814788150867972e-05 0.00435060201656788 0.17912600975926454
1.1048567591763698 2.735134288272159 4.340871125237999 834.742367528379 490.0068509178236 318.35136403143406 152.03045557811856 3.0987050742722255 3.6066787166590166 -1808.7679747557577 -0.04330084527971027 21.436661805748315 -4061.39225076664 -1.814788150867972e-05 0.00435060201656788 0.17912600975926454
1.0331638316920306 2.7086177260519255 4.358129557706047 832.391784787178 491.54282342642546 320.237361907959 152.75214913114905 3.0987050742722255 3.6066787166590166 -1808.7679747557577 -0.04330084527971027 21.436661805748315 -4061.39225076664 -1.814788150867972e-05 0.00435060201656788 0.17912600975926454
0.9595067144136061 2.6821011638316925 4.366833399802972 830.147643469274 493.1603075833991 322.4366460442543 153.50808361545205 3.0987050742722255 3.6066787166590166 -1808.7679747557577 -0.04330084527971027 21.436661805748315 -4061.39225076664 -1.814788150867972e-05 0.00435060201656788 0.17912600975926454
0.8937063563115488 2.652638316920323 4.2913984061324335 828.0014281794429 494.8508995762095 324.8266951292753 154.25307877734303 3.0987050742722255 3.6066787166590166 -1808.7679747557577 -0.04330084527971027 21.436661805748315 -4061.39225076664 -1.814788150867972e-05 0.00435060201656788 0.17912600975926454
0.823977618621308 2.6212112802148613 4.28894957422496 825.9432212263346 496.6056168451905 327.27590331435204 154.9392163231969 3.0987050742722255 3.6066787166590166 -1808.7679747557577 -0.04330084527971027 21.436661805748315 -4061.39225076664 -1.814788150867972e-05 0.00435060201656788 0.17912600975926454
0.7621056401074298 2.586837958818263 4.205290475992365 823.9617027677596 498.41489803791046 329.64358028769493 155.51584009826183 3.0987050742722255 3.6066787166590166 -1808.7679747557577 -0.04330084527971027 21.436661805748315 -4061.39225076664 -1.814788150867972e-05 0.00435060201656788 0.17912600975926454
0.6972873769024173 2.550500447627573 4.2014394038880685 822.0441506691277 500.26860304828733 331.7799512296915 155.92955595999956 3.0987050742722255 3.6066787166590166 -1808.7679747557577 -0.04330084527971027 21.436661805748315 -4061.39225076664 -1.814788150867972e-05 0.00435060201656788 0.17912600975926454
0.6275586392121764 2.5151450313339296 4.231983163801636 820.1764406077564 502.1560130100697 333.52615685760975 156.1242317147553 3.0987050742722255 3.6066787166590166 -1808.7679747557577 -0.04330084527971027 21.436661805748315 -4061.39225076664 -1.814788150867972e-05 0.00435060201656788 0.17912600975926454
0.5656866606983071 2.4817538048343795 4.2052904759923315 818.3430460356176 504.06583027821034 334.7142534852028 156.04099733754992 3.0987050742722255 3.6066787166590166 -1808.7679747557577 -0.04330084527971027 21.436661805748315 -4061.39225076664 -1.814788150867972e-05 0.00435060201656788 0.17912600975926454
0.5087251566696571 2.4473804834377804 4.156895245119143 816.527038179338 505.9861784353852 335.1672129333019 155.61824472993612 3.0987050742722255 3.6066787166590166 -1808.7679747557577 -0.04330084527971027 21.436661805748315 -4061.39225076664 -1.814788150867972e-05 0.00435060201656788 0.17912600975926454
0.4478352730528281 2.4130071620411813 4.186322561387897 814.7100860029459 507.9046023199335 334.69892251491547 154.79162786900997 3.0987050742722255 3.6066787166590166 -1808.7679747557577 -0.04330084527971027 21.436661805748315 -4061.39225076664 -1.814788150867972e-05 0.00435060201656788 0.17912600975926454
0.38694538943599466 2.3776517457475386 4.174344772559106 812.8724562749267 509.808067987673 333.11418510973454 153.4940628297627 3.0231248742144765 3.532188091570768 -1774.2968559538942 0.021148640100573664 21.396750520190892 -4251.314995492142 -6.794600693797482e-06 0.004259180624352999 0.15765291467211495
0.32900179051029993 2.340332139659803 4.128307925361879 810.9930135682225 511.6829627258703 330.2087191194296 151.65572760254145 3.0231248742144765 3.532188091570768 -1774.2968559538942 0.021148640100573664 21.396750520190892 -4251.314995492142 -6.794600693797482e-06 0.004259180624352999 0.15765291467211495
0.26418352730528294 2.3010483437779765 4.156518171230566 809.0492201521993 513.5150950634852 325.76915842294693 149.20406226068735 3.0231248742144765 3.532188091570768 -1774.2968559538942 0.021148640100573664 21.396750520190892 -4251.314995492142 -6.794600693797482e-06 0.004259180624352999 0.15765291467211495
0.20722202327663744 2.2598003581020594 4.0744279811151625 807.0171361081302 515.2896947572008 319.57305260002613 146.06376895308495 3.0231248742144765 3.532188091570768 -1774.2968559538942 0.021148640100573664 21.396750520190892 -4251.314995492142 -6.794600693797482e-06 0.004259180624352999 0.15765291467211495
0.13945747538049058 2.2185523724261405 4.155093445267141 804.8714193180203 516.9914127942175 311.3888665884733 142.1568118557334 3.0231248742144765 3.532188091570768 -1774.2968559538942 0.021148640100573664 21.396750520190892 -4251.314995492142 -6.794600693797482e-06 0.004259180624352999 0.15765291467211495
0.07463921217547806 2.1763222918531784 4.12438637683713 802.5853254273534 518.6043214043602 300.9759809076786 137.4024171307683 3.0231248742144765 3.532188091570768 -1774.2968559538942 0.021148640100573664 21.396750520190892 -4251.314995492142 -6.794600693797482e-06 0.004259180624352999 0.15765291467211495
0.0157135183527341 2.130163831692032 4.047893581289965 800.1307078003883 520.1119140340015 288.0846916735172 131.7170729599893 3.0231248742144765 3.532188091570768 -1774.2968559538942 0.021148640100573664 21.396750520190892 -4251.314995492142 -6.794600693797482e-06 0.004259180624352999 0.15765291467211495
-0.04321217547000538 2.0800769919427022 4.007894916142458 797.4780176542699 521.4971053842455 272.4562104344368 125.0145296677947 3.0231248742144765 3.532188091570768 -1774.2968559538942 0.021148640100573664 21.396750520190892 -4251.314995492142 -6.794600693797482e-06 0.004259180624352999 0.15765291467211495
-0.10213786929274486 2.0260617726051913 3.970441712378772 794.5963039025664 522.7422313764691 253.8226642459631 117.20579953119159 3.0231248742144765 3.532188091570768 -1774.2968559538942 0.021148640100573664 21.396750520190892 -4251.314995492142 -6.794600693797482e-06 0.004259180624352999 0.15765291467211495
-0.14927842435093824 1.9691002685765433 3.8329295823592773 791.4532133042812 523.8290491644293 231.90709599852562 108.19915689900517 3.0231248742144765 3.532188091570768 -1774.2968559538942 0.021148640100573664 21.396750520190892 -4251.314995492142 -6.794600693797482e-06 0.004259180624352999 0.15765291467211495
-0.1856159355416258 1.910174574753804 3.694177003880485 788.0149903483689 524.7387371342629 206.42346361279488 97.90013809129596 3.0231248742144765 3.532188091570768 -1774.2968559538942 0.021148640100573664 21.396750520190892 -4251.314995492142 -6.794600693797482e-06 0.004259180624352999 0.15765291467211495
-0.21802506714412984 1.8502667860340185 3.637487145025817 784.2464773096144 525.4518949147314 177.07664096355438 86.21154152974486 3.0231248742144765 3.532188091570768 -1774.2968559538942 0.021148640100573664 21.396750520190892 -4251.314995492142 -6.794600693797482e-06 0.004259180624352999 0.15765291467211495
-0.239631154879137 1.7903589973142342 3.487728617159198 780.1111142374575 525.9485433623195 143.56241729855537 73.03342767432332 3.0231248742144765 3.532188091570768 -1774.2968559538942 0.021148640100573664 21.396750520190892 -4251.314995492142 -6.794600693797482e-06 0.004259180624352999 0.15765291467211495
-0.25043419874663836 1.7314333034914948 3.3229124279912687 775.5709389485419 526.2081245565787 105.5674973577261 58.26311897113919 3.0231248742144765 3.532188091570768 -1774.2968559538942 0.021148640100573664 21.396750520190892 -4251.314995492142 -6.794600693797482e-06 0.004259180624352999 0.15765291467211495
-0.2465058191584593 1.674471799462847 3.0727361642888105 770.5865870453417 526.2095018317923 62.76950141787529 41.795199900865555 3.0231248742144765 3.532188091570768 -1774.2968559538942 0.021148640100573664 21.396750520190892 -4251.314995492142 -6.794600693797482e-06 0.004259180624352999 0.15765291467211495
-0.23472068039391317 1.6165282005371535 2.9409397762699356 765.117291867733 525.9309597341344 14.836965441703796 23.52151705697179 3.0231248742144765 3.532188091570768 -1774.2968559538942 0.021148640100573664 21.396750520190892 -4251.314995492142 -6.794600693797482e-06 0.004259180624352999 0.15765291467211495
-0.21606087735004478 1.5605487914055516 2.8198420991931332 759.1208845898509 525.3502040496096 -38.570659190416336 3.331178981810808 3.0231248742144765 3.532188091570768 -1774.2968559538942 0.021148640100573664 21.396750520190892 -4251.314995492142 -6.794600693797482e-06 0.004259180624352999 0.15765291467211495
-0.18954431512980932 1.5055514771709946 2.692332540977875 752.5537941157818 524.4443618105724 -97.8030056655407 -18.889443706721067 3.0231248742144765 3.532188091570768 -1774.2968559538942 0.021148640100573664 21.396750520190892 -4251.314995492142 -6.794600693797482e-06 0.004259180624352999 0.15765291467211495
-0.14829632945388901 1.4554646374216658 2.452668265374902 745.3710471354425 523.1899812603369 -163.2187915444374 -43.25671834126115 3.0231248742144765 3.532188091570768 -1774.2968559538942 0.021148640100573664 21.396750520190892 -4251.314995492142 -6.794600693797482e-06 0.004259180624352999 0.15765291467211495
-0.1070483437779687 1.4083240823634735 2.4227626539681437 737.5262681134045 521.5630318894982 -235.18581880629063 -69.88975028693676 3.0231248742144765 3.532188091570768 -1774.2968559538942 0.021148640100573664 21.396750520190892 -4251.314995492142 -6.794600693797482e-06 0.004259180624352999 0.15765291467211495
-0.06580035810205284 1.3631477170993729 2.401617769613946 728.9716792739928 519.5389044247568 -314.080973893404 -98.91038275882602 3.0231248742144765 3.532188091570768 -1774.2968559538942 0.021148640100573664 21.396750520190892 -4251.314995492142 -6.794600693797482e-06 0.004259180624352999 0.15765291467211495
-0.024552372426136986 1.3218997314234548 2.356194490192372 719.6581006497145 517.0924108102918 -400.29022784531116 -130.44319707155228 3.0231248742144765 3.532188091570768 -1774.2968559538942 0.021148640100573664 21.396750520190892 -4251.314995492142 -6.794600693797482e-06 0.004259180624352999 0.15765291467211495
