28 -1.9268701880035928 1.1961915846016111 6.1653132039823 -1.6145640107430672 2.7645971351835263
-1.9268701880035928 1.1961915846016111 6.1653132039823 755.3845654381439 578.433481067419 746.6379751339555 281.80513897538185 3.2255846357168627 3.762352562611218 -2010.6977222212727 0.013646954846010886 22.183222444692667 -4370.733474233888 1.5396885327575922e-05 0.0045167348322211285 0.10510382358672174
-1.9317806624888165 1.2688666069829895 6.215720282657743 761.6794002987444 578.6519799795933 753.6802552118897 296.3074662387371 3.2255846357168627 3.762352562611218 -2010.6977222212727 0.013646954846010886 22.183222444692667 -4370.733474233888 1.5396885327575922e-05 0.0045167348322211285 0.10510382358672174
-1.936691136974045 1.3425237242614139 6.216617143403762 768.0345637211576 578.8001059261151 761.2200339175761 312.9093666821718 3.2255846357168627 3.762352562611218 -2010.6977222212727 0.013646954846010886 22.183222444692667 -4370.733474233888 1.5396885327575922e-05 0.0045167348322211285 0.10510382358672174
-1.9386553267681343 1.4161808415398383 6.256524958805013 774.4076772574335 578.8960207076743 769.1071615405381 330.78257644176483 3.2255846357168627 3.762352562611218 -2010.6977222212727 0.013646954846010886 22.183222444692667 -4370.733474233888 1.5396885327575922e-05 0.0045167348322211285 0.10510382358672174
-1.9406195165622284 1.4898379588182626 6.256524958804952 780.7599139250815 578.9553902121261 777.2066360861063 349.18491780757904 3.2255846357168627 3.762352562611218 -2010.6977222212727 0.013646954846010886 22.183222444692667 -4370.733474233888 1.5396885327575922e-05 0.0045167348322211285 0.10510382358672174
-1.942583706356318 1.563495076096687 6.256524958805013 787.0559982154518 578.9913843995892 785.398603323847 367.46029894053936 3.2255846357168627 3.762352562611218 -2010.6977222212727 0.013646954846010886 22.183222444692667 -4370.733474233888 1.5396885327575922e-05 0.0045167348322211285 0.10510382358672174
-1.9416016114592731 1.6351880035810207 0.013697773372853205 793.2642060881481 579.0146773061715 793.5783568248153 385.0387141853571 3.2255846357168627 3.762352562611218 -2010.6977222212727 0.013646954846010886 22.183222444692667 -4370.733474233888 1.5396885327575922e-05 0.0045167348322211285 0.10510382358672174
-1.9435658012533672 1.7058988361683074 6.255414670586127 799.3563649905846 579.0334470453672 801.6563378982246 401.43624363839626 3.2255846357168627 3.762352562611218 -2010.6977222212727 0.013646954846010886 22.183222444692667 -4370.733474233888 1.5396885327575922e-05 0.0045167348322211285 0.10510382358672174
-1.9396374216651837 1.7766096687555952 0.05549850524572908 805.3078538402915 579.0533758080564 809.5581355951726 416.2550534904003 3.232725993503369 3.7913981863735775 -2024.6096624468291 0.012320498808317452 22.24705413460425 -4390.970281084626 1.4956828366371669e-05 0.004535117474258547 0.09997313644087953
-1.9327627573858615 1.8453563115487903 0.09966865249120223 811.0976030267775 579.0776498620398 817.2244867347181 429.1833959519863 3.232725993503369 3.7913981863735775 -2024.6096624468291 0.012320498808317452 22.24705413460425 -4390.970281084626 1.4956828366371669e-05 0.004535117474258547 0.09997313644087953
-1.9317806624888165 1.9131208594449427 0.014491739065486415 816.7080944189802 579.1069595506415 824.6112759076059 439.9956091493368 3.232725993503369 3.7913981863735775 -2024.6096624468291 0.012320498808317452 22.24705413460425 -4390.970281084626 1.4956828366371669e-05 0.004535117474258547 0.09997313644087953
-1.9347269471799509 1.9799033124440468 6.2390962497815545 822.1253613522276 579.1394992978312 831.6895355023444 448.5521173328161 3.232725993503369 3.7913981863735775 -2024.6096624468291 0.012320498808317452 22.24705413460425 -4390.970281084626 1.4956828366371669e-05 0.004535117474258547 0.09997313644087953
-1.9376732318710896 2.0398111011638314 6.234044572763535 827.3389886515215 579.1709675937891 838.4454455897212 454.79943057894707 3.232725993503369 3.7913981863735775 -2024.6096624468291 0.012320498808317452 22.24705413460425 -4390.970281084626 1.4956828366371669e-05 0.004535117474258547 0.09997313644087953
-1.9406195165622284 2.0957905102954317 6.230602245568611 832.342112602666 579.1945670195855 844.880334045738 458.7701449841261 3.232725993503369 3.7913981863735775 -2024.6096624468291 0.012320498808317452 22.24705413460425 -4390.970281084626 1.4956828366371669e-05 0.004535117474258547 0.09997313644087953
-1.9396374216651793 2.1498057296329454 0.018179815073043653 837.1314209690318 579.2010042257607 851.0106765180826 460.5829427987337 3.232725993503369 3.7913981863735775 -2024.6096624468291 0.012320498808317452 22.24705413460425 -4390.970281084626 1.4956828366371669e-05 0.004535117474258547 0.09997313644087953
-1.9357090420770002 2.202838854073412 0.0739390376578721 841.7071529952809 579.178489937447 856.8680963888764 460.4425920397043 3.232725993503369 3.7913981863735775 -2024.6096624468291 0.012320498808317452 22.24705413460425 -4390.970281084626 1.4956828366371669e-05 0.004535117474258547 0.09997313644087953
-1.9347269471799597 2.254889883616831 0.018865686021568025 846.0730993933976 579.1127389580943 862.4993648305535 458.63994686305523 3.232725993503369 3.7913981863735775 -2024.6096624468291 0.012320498808317452 22.24705413460425 -4390.970281084626 1.4956828366371669e-05 0.004535117474258547 0.09997313644087953
-1.9307985675917763 2.303994628469114 0.07982998571225539 850.2366023650393 578.986970173195 867.9664007425308 455.55194729566574 3.232725993503369 3.7913981863735775 -2024.6096624468291 0.012320498808317452 22.24705413460425 -4390.970281084626 1.4956828366371669e-05 0.004535117474258547 0.09997313644087953
-1.9298164726947271 2.3501530886302606 0.021273386024138367 854.2085555624217 578.7819065405056 873.3462708182633 451.6416194587946 3.232725993503369 3.7913981863735775 -2024.6096624468291 0.012320498808317452 22.24705413460425 -4390.970281084626 1.4956828366371669e-05 0.004535117474258547 0.09997313644087953
-1.9229418084154049 2.3953294538943597 0.1510153429214203 858.0034041302279 578.4757750909775 878.7311894707382 447.4580754637718 3.232725993503369 3.7913981863735775 -2024.6096624468291 0.012320498808317452 22.24705413460425 -4390.970281084626 1.4956828366371669e-05 0.004535117474258547 0.09997313644087953
-1.9072282900626751 2.43854162936437 0.3487710035838821 861.6391446813941 578.0443069390021 884.2285189293325 443.6365135014057 3.232725993503369 3.7913981863735775 -2024.6096624468291 0.012320498808317452 22.24705413460425 -4390.970281084626 1.4956828366371669e-05 0.004535117474258547 0.09997313644087953
-1.8826759176365382 2.4788075201432407 0.5475622359399266 865.1373253110796 577.4607372693717 889.9607691317797 440.8982173651457 3.232725993503369 3.7913981863735775 -2024.6096624468291 0.012320498808317452 22.24705413460425 -4390.970281084626 1.4956828366371669e-05 0.004535117474258547 0.09997313644087953
-1.8522309758281148 2.5220196956132486 0.6137700950167072 868.5230455817655 576.6958053535782 896.0655978061259 440.0505571067333 3.232725993503369 3.7913981863735775 -2024.6096624468291 0.012320498808317452 22.24705413460425 -4390.970281084626 1.4956828366371669e-05 0.004535117474258547 0.09997313644087953
-1.818839749328566 2.56719606087735 0.6365082157878857 871.8249565325677 575.7177545297891 902.695810444653 441.9869888573885 3.232725993503369 3.7913981863735775 -2024.6096624468291 0.012320498808317452 22.24705413460425 -4390.970281084626 1.4956828366371669e-05 0.004535117474258547 0.09997313644087953
-1.7834843330349186 2.6133545210384965 0.6536358969195659 875.0752606764436 574.4923322172835 910.0193602778018 447.6870546787977 3.232725993503369 3.7913981863735775 -2024.6096624468291 0.012320498808317452 22.24705413460425 -4390.970281084626 1.4956828366371669e-05 0.004535117474258547 0.09997313644087953
-1.7442005371530969 2.656566696508504 0.7378150601204237 878.3097120076418 572.9827899066731 918.219348333776 458.2163824439049 3.232725993503369 3.7913981863735775 -2024.6096624468291 0.012320498808317452 22.24705413460425 -4390.970281084626 1.4956828366371669e-05 0.004535117474258547 0.09997313644087953
-1.7019704565801317 2.6958504923903304 0.821527013910245 881.5676159886643 571.1498831771314 927.4940233565867 474.7266862690449 3.232725993503369 3.7913981863735775 -2024.6096624468291 0.012320498808317452 22.24705413460425 -4390.970281084626 1.4956828366371669e-05 0.004535117474258547 0.09997313644087953
-1.6597403760071667 2.73218800358102 0.86025801110823 884.8918295567855 568.9518716726452 938.0567818656564 498.4557661265135 3.232725993503369 3.7913981863735775 -2024.6096624468291 0.012320498808317452 22.24705413460425 -4390.970281084626 1.4956828366371669e-05 0.004535117474258547 0.09997313644087953
-1.6145640107430672 2.7645971351835263 0.9484934556076863 897.917370641022 575.4168176695239 1099.975381319411 552.3669629413635 3.232725993503369 3.7913981863735775 -2024.6096624468291 0.012320498808317452 22.24705413460425 -4390.970281084626 1.4956828366371669e-05 0.004535117474258547 0.09997313644087953
-1.5723339301701023 2.7930778871978514 0.9774461806381834 895.6479257582687 571.5213235229021 1043.5581316594034 513.0189380673692 3.232725993503369 3.7913981863735775 -2024.6096624468291 0.012320498808317452 22.24705413460425 -4390.970281084626 1.4956828366371669e-05 0.004535117474258547 0.09997313644087953
-1.5301038495971415 2.817630259623993 1.0441690553611185 893.4111227452522 567.9490564329317 990.5054007032886 476.5540555557236 3.232725993503369 3.7913981863735775 -2024.6096624468291 0.012320498808317452 22.24705413460425 -4390.970281084626 1.4956828366371669e-05 0.004535117474258547 0.09997313644087953
-1.4868916741271316 2.837272157564906 1.1441688336680282 891.1995106581599 564.6866934068967 940.685859888792 442.84083178732544 3.232725993503369 3.7913981863735775 -2024.6096624468291 0.012320498808317452 22.24705413460425 -4390.970281084626 1.4956828366371669e-05 0.004535117474258547 0.09997313644087953
-1.4436794986571218 2.8500393912264967 1.283514873397825 889.0059347064234 561.7211220161989 893.9707568120211 411.7505785934627 3.232725993503369 3.7913981863735775 -2024.6096624468291 0.012320498808317452 22.24705413460425 -4390.970281084626 1.4956828366371669e-05 0.004535117474258547 0.09997313644087953
-1.39064637421666 2.8539677708146804 1.4968572891369345 886.823536254582 559.0394403963583 850.2339152349159 383.15740325674415 3.232725993503369 3.7913981863735775 -2024.6096624468291 0.012320498808317452 22.24705413460425 -4390.970281084626 1.4956828366371669e-05 0.004535117474258547 0.09997313644087953
-1.33368487018801 2.8490572963294545 1.6567906179890957 884.6457528215833 556.6289572465466 809.3517350591719 356.93820849247277 3.232725993503369 3.7913981863735775 -2024.6096624468291 0.012320498808317452 22.24705413460425 -4390.970281084626 1.4956828366371669e-05 0.004535117474258547 0.09997313644087953
-1.2737770814682257 2.8402184422560426 1.7172805051884745 882.4663180803182 554.4771918311017 771.2031923523173 332.97269246168435 3.232725993503369 3.7913981863735775 -2024.6096624468291 0.012320498808317452 22.24705413460425 -4390.970281084626 1.4956828366371669e-05 0.004535117474258547 0.09997313644087953
-1.213869292748437 2.8294153983885413 1.7492068261459122 880.2792618587846 552.5718739781296 735.6698393300176 311.14334877580404 3.232725993503369 3.7913981863735775 -2024.6096624468291 0.012320498808317452 22.24705413460425 -4390.970281084626 1.4956828366371669e-05 0.004535117474258547 0.09997313644087953
-1.1569077887197914 2.8146839749328563 1.8238719789595104 878.078910138458 550.9009440797381 702.6358043700457 291.3354664882645 3.232725993503369 3.7913981863735775 -2024.6096624468291 0.012320498808317452 22.24705413460425 -4390.970281084626 1.4956828366371669e-05 0.004535117474258547 0.09997313644087953
-1.1068209489704683 2.795042076991943 1.9445231467604864 875.859885055921 549.4525530921528 671.9877919927239 273.43713008984923 3.232725993503369 3.7913981863735775 -2024.6096624468291 0.012320498808317452 22.24705413460425 -4390.970281084626 1.4956828366371669e-05 0.004535117474258547 0.09997313644087953
-1.0557520143240913 2.7714717994628466 2.003204102365429 873.6171049011173 548.2150625364156 643.6150829009712 257.33921953011304 3.232725993503369 3.7913981863735775 -2024.6096624468291 0.012320498808317452 22.24705413460425 -4390.970281084626 1.4956828366371669e-05 0.004535117474258547 0.09997313644087953
-1.010575649059992 2.74102685765443 2.163798888676452 871.3457841193303 547.1770444972208 617.4095339206979 242.93541018571705 3.232725993503369 3.7913981863735775 -2024.6096624468291 0.012320498808317452 22.24705413460425 -4390.970281084626 1.4956828366371669e-05 0.004535117474258547 0.09997313644087953
-0.9693276633840717 2.7086177260519233 2.236765564173968 869.0414333107183 546.3272816234967 593.2655780566856 230.1221728855744 3.232725993503369 3.7913981863735775 -2024.6096624468291 0.012320498808317452 22.24705413460425 -4390.970281084626 1.4956828366371669e-05 0.004535117474258547 0.09997313644087953
-0.9339722470904244 2.6722802148612335 2.3698922635651662 866.6998592278687 545.6547671284061 571.0802244534716 218.798773907125 3.232725993503369 3.7913981863735775 -2024.6096624468291 0.012320498808317452 22.24705413460425 -4390.970281084626 1.4956828366371669e-05 0.004535117474258547 0.09997313644087953
-0.9113840644583725 2.633978513876454 2.6087487659703545 864.3171647797571 545.1487047896953 550.7530584204942 208.86727496795356 3.232725993503369 3.7913981863735775 -2024.6096624468291 0.012320498808317452 22.24705413460425 -4390.970281084626 1.4956828366371669e-05 0.004535117474258547 0.09997313644087953
-0.8986168307967817 2.594694717994628 2.827360754505517 861.8897490282543 544.7985089488793 532.1862414292991 200.23253322951496 3.232725993503369 3.7913981863735775 -2024.6096624468291 0.012320498808317452 22.24705413460425 -4390.970281084626 1.4956828366371669e-05 0.004535117474258547 0.09997313644087953
-0.8927242614145086 2.552464637421663 3.0029529164556616 859.414307190571 544.5938045115909 515.2845110855997 192.80220129620284 3.232725993503369 3.7913981863735775 -2024.6096624468291 0.012320498808317452 22.24705413460425 -4390.970281084626 1.4956828366371669e-05 0.004535117474258547 0.09997313644087953
-0.8868316920322356 2.5082703670546085 3.009041121293139 856.8878306371626 544.5244269479299 499.95518117025495 186.48672720976174 3.232725993503369 3.7913981863735775 -2024.6096624468291 0.012320498808317452 22.24705413460425 -4390.970281084626 1.4956828366371669e-05 0.004535117474258547 0.09997313644087953
-0.8779928379588237 2.463094001790509 2.9483811697419644 854.3076068940572 544.580422291765 486.1081416066736 181.1993544762954 3.232725993503369 3.7913981863735775 -2024.6096624468291 0.012320498808317452 22.24705413460425 -4390.970281084626 1.4956828366371669e-05 0.004535117474258547 0.09997313644087953
-0.8652256042972284 2.4179176365264095 2.866166549893716 851.6712196412263 544.7520471421303 473.6558584822342 176.8561220355332 3.232725993503369 3.7913981863735775 -2024.6096624468291 0.012320498808317452 22.24705413460425 -4390.970281084626 1.4956828366371669e-05 0.004535117474258547 0.09997313644087953
-0.8593330349149597 2.3688128916741276 3.0197502165699825 848.976548712817 545.0297686611302 462.5133740371093 173.37586425896734 3.232725993503369 3.7913981863735775 -2024.6096624468291 0.012320498808317452 22.24705413460425 -4390.970281084626 1.4956828366371669e-05 0.004535117474258547 0.09997313644087953
-0.8534404655326867 2.3226544315129805 3.0118901164339045 846.2217700968031 545.4042645758018 452.598306667991 170.68021097686142 3.232725993503369 3.7913981863735775 -2024.6096624468291 0.012320498808317452 22.24705413460425 -4390.970281084626 1.4956828366371669e-05 0.004535117474258547 0.09997313644087953
-0.8573688451208658 2.276495971351835 3.2283309922657013 843.4053559375461 545.8664231769508 443.83085092157125 168.69358747079968 3.232725993503369 3.7913981863735775 -2024.6096624468291 0.012320498808317452 22.24705413460425 -4390.970281084626 1.4956828366371669e-05 0.004535117474258547 0.09997313644087953
-0.864243509400188 2.231319606087737 3.295911429515979 840.5260745320702 546.4073433199665 436.13377750478685 167.34321443829685 3.232725993503369 3.7913981863735775 -2024.6096624468291 0.012320498808317452 22.24705413460425 -4390.970281084626 1.4956828366371669e-05 0.004535117474258547 0.09997313644087953
-0.8750465532676849 2.1900716204118154 3.4037124948551196 837.582990331226 547.0183344237739 429.43243327736855 166.55910804495215 3.2234333663642496 3.7762165582191414 -2013.0259788776991 0.013365729424850457 22.219207202099575 -4382.6026215032425 1.5308282299677934e-05 0.004526950086436646 0.10213195894912336
-0.8887958818263251 2.149805729632944 3.4782674729765404 834.575463941088 547.690916472231 423.6547412574291 166.27407990582287 3.2234333663642496 3.7762165582191414 -2013.0259788776991 0.013365729424850457 22.219207202099575 -4382.6026215032425 1.5308282299677934e-05 0.004526950086436646 0.10213195894912336
-0.9025452103849607 2.1124861235452106 3.5033218951096554 831.503152123536 548.4168200129643 418.7312006242573 166.42373705096543 3.2234333663642496 3.7762165582191414 -2013.0259788776991 0.013365729424850457 22.219207202099575 -4382.6026215032425 1.5308282299677934e-05 0.004526950086436646 0.10213195894912336
-0.9251333930170126 2.07614861235452 3.710117201320852 828.3660077915993 549.1879861581838 414.59488669689745 166.94648198597133 3.2234333663642496 3.7762165582191414 -2013.0259788776991 0.013365729424850457 22.219207202099575 -4382.6026215032425 1.5308282299677934e-05 0.004526950086436646 0.10213195894912336
-0.957542524619521 2.0398111011638322 3.8835399215957507 825.1642800157424 549.9965665837517 411.1814509574324 167.78351263981313 3.2234333663642496 3.7762165582191414 -2013.0259788776991 0.013365729424850457 22.219207202099575 -4382.6026215032425 1.5308282299677934e-05 0.004526950086436646 0.10213195894912336
-0.9928979409131684 2.005437779767233 3.9555544748260383 821.898514019209 550.8349235302303 408.4291210472584 168.87882239650935 3.2234333663642496 3.7762165582191414 -2013.0259788776991 0.013365729424850457 22.219207202099575 -4382.6026215032425 1.5308282299677934e-05 0.004526950086436646 0.10213195894912336
-1.029235452103856 1.974010743061774 3.99932814752584 818.5695511800004 551.6956298017176 406.27870076242834 170.1792000727728 3.2234333663642496 3.7762165582191414 -2013.0259788776991 0.013365729424850457 22.219207202099575 -4382.6026215032425 1.5308282299677934e-05 0.004526950086436646 0.10213195894912336
-1.0685192479856822 1.9416016114592654 4.022588935651054 815.1785290301777 552.571468767128 404.67357004992664 171.63422994222492 3.2234333663642496 3.7762165582191414 -2013.0259788776991 0.013365729424850457 22.219207202099575 -4382.6026215032425 1.5308282299677934e-05 0.004526950086436646 0.10213195894912336
-1.1038746642793251 1.910174574753804 3.985746639702944 811.726881255745 553.4554343598429 403.5596850151196 173.1962917232886 3.2234333663642496 3.7762165582191414 -2013.0259788776991 0.013365729424850457 22.219207202099575 -4382.6026215032425 1.5308282299677934e-05 0.004526950086436646 0.10213195894912336
-1.1362837958818335 1.8787475380483434 3.9423742187678745 808.2163376989774 554.3407310763141 402.8855779161677 174.82056056242436 3.2234333663642496 3.7762165582191414 -2013.0259788776991 0.013365729424850457 22.219207202099575 -4382.6026215032425 1.5308282299677934e-05 0.004526950086436646 0.10213195894912336
-1.1647645478961541 1.8463384064458361 3.8625639775616154 804.6489243538817 555.220773977926 402.60235717426986 176.46500706858933 3.2234333663642496 3.7762165582191414 -2013.0259788776991 0.013365729424850457 22.219207202099575 -4382.6026215032425 1.5308282299677934e-05 0.004526950086436646 0.10213195894912336
-1.1971736794986625 1.8109829901521932 3.8835399215957507 801.0269633716671 556.0891886906466 402.663707354106 178.0903972806409 3.2234333663642496 3.7762165582191414 -2013.0259788776991 0.013365729424850457 22.219207202099575 -4382.6026215032425 1.5308282299677934e-05 0.004526950086436646 0.10213195894912336
-1.229582811101171 1.7726812891674117 3.8438495850988157 797.3530730556231 556.9398114038631 403.02588918525726 179.66029270086437 3.2234333663642496 3.7762165582191414 -2013.0259788776991 0.013365729424850457 22.219207202099575 -4382.6026215032425 1.5308282299677934e-05 0.004526950086436646 0.10213195894912336
-1.2590456580125409 1.7304512085944488 3.7507561192505703 793.6301678640302 557.7666888713138 403.6477395435795 181.1410502428189 3.2234333663642496 3.7762165582191414 -2013.0259788776991 0.013365729424850457 22.219207202099575 -4382.6026215032425 1.5308282299677934e-05 0.004526950086436646 0.10213195894912336
-1.2816338406445882 1.6862569382273953 3.614089589106819 789.8614584103925 558.5640784110874 404.4906714791432 182.50182230118662 3.2234333663642496 3.7762165582191414 -2013.0259788776991 0.013365729424850457 22.219207202099575 -4382.6026215032425 1.5308282299677934e-05 0.004526950086436646 0.10213195894912336
-1.30716830796777 1.6410805729632938 3.6560439666487183 786.0504514613422 559.3264479057398 405.5186741715297 183.71455669216812 3.2234333663642496 3.7762165582191414 -2013.0259788776991 0.013365729424850457 22.219207202099575 -4382.6026215032425 1.5308282299677934e-05 0.004526950086436646 0.10213195894912336
-1.3356490599820994 1.5939400179051038 3.6850702483029343 782.2009499386186 560.0484758013627 406.69831298012286 184.753996681422 3.2234333663642496 3.7762165582191414 -2013.0259788776991 0.013365729424850457 22.219207202099575 -4382.6026215032425 1.5308282299677934e-05 0.004526950086436646 0.10213195894912336
-1.36412981199642 1.5487636526410045 3.7040905846588177 778.3170529180206 560.725051109097 407.9987293984741 185.59768098033965 3.2234333663642496 3.7762165582191414 -2013.0259788776991 0.013365729424850457 22.219207202099575 -4382.6026215032425 1.5308282299677934e-05 0.004526950086436646 0.10213195894912336
-1.392610564010745 1.4996589077887204 3.667176447141407 774.4031556295231 561.3512734030373 409.3916410896927 186.22594374604523 3.2234333663642496 3.7762165582191414 -2013.0259788776991 0.013365729424850457 22.219207202099575 -4382.6026215032425 1.5308282299677934e-05 0.004526950086436646 0.10213195894912336
-1.42109131602507 1.4505541629364374 3.6671764471414168 770.4639494590228 561.9224528230261 410.8513418706134 186.62191456649452 3.2234333663642496 3.7762165582191414 -2013.0259788776991 0.013365729424850457 22.219207202099575 -4382.6026215032425 1.5308282299677934e-05 0.004526950086436646 0.10213195894912336
-1.452518352730538 1.4004673231871088 3.7019525304947365 766.5044219439151 562.4341100720922 412.3547017117962 186.77151850052178 3.2234333663642496 3.7762165582191414 -2013.0259788776991 0.013365729424850457 22.219207202099575 -4382.6026215032425 1.5308282299677934e-05 0.004526950086436646 0.10213195894912336
-1.4770707251566797 1.3523446732318716 3.613370164770545 762.5298567793798 562.8819764176151 413.8811667272821 186.6634760275483 3.2234333663642496 3.7762165582191414 -2013.0259788776991 0.013365729424850457 22.219207202099575 -4382.6026215032425 1.5308282299677934e-05 0.004526950086436646 0.10213195894912336
-1.4986768128916823 1.3022578334825416 3.5488485016646 758.5458338113967 563.2619936906267 415.412759215571 186.28930307924747 3.2234333663642496 3.7762165582191414 -2013.0259788776991 0.013365729424850457 22.219207202099575 -4382.6026215032425 1.5308282299677934e-05 0.004526950086436646 0.10213195894912336
-1.5202829006266894 1.2521709937332153 3.5488485016646996 754.5582290429156 563.5703142873244 416.93407759349793 185.64331102650613 3.2234333663642496 3.7762165582191414 -2013.0259788776991 0.013365729424850457 22.219207202099575 -4382.6026215032425 1.5308282299677934e-05 0.004526950086436646 0.10213195894912336
-1.542871083258737 1.2011020590868393 3.5580312707813295 750.573214631062 563.8033011686057 418.4322964642197 184.7226066980511 3.2234333663642496 3.7762165582191414 -2013.0259788776991 0.013365729424850457 22.219207202099575 -4382.6026215032425 1.5308282299677934e-05 0.004526950086436646 0.10213195894912336
-1.56251298119965 1.1480689346463742 3.496298305600735 746.5972588846926 563.9575278575066 419.89716657903045 183.52709235064685 3.2234333663642496 3.7762165582191414 -2013.0259788776991 0.013365729424850457 22.219207202099575 -4382.6026215032425 1.5308282299677934e-05 0.004526950086436646 0.10213195894912336
-1.5752802148612364 1.0960179051029546 3.38212690153557 742.6371262714965 564.0297784428112 421.3210148271173 182.05946569796652 3.2234333663642496 3.7762165582191414 -2013.0259788776991 0.013365729424850457 22.219207202099575 -4382.6026215032425 1.5308282299677934e-05 0.004526950086436646 0.10213195894912336
-1.5821548791405589 1.0420026857654412 3.2681847808698086 738.6998774096137 564.0170475771884 422.6987442718819 180.32521989103407 3.2234333663642496 3.7762165582191414 -2013.0259788776991 0.013365729424850457 22.219207202099575 -4382.6026215032425 1.5308282299677934e-05 0.004526950086436646 0.10213195894912336
-1.5860832587287423 0.9909337511190677 3.2183645448595892 734.7928690725239 563.9165404774249 424.0278341313824 178.33264352474362 3.2234333663642496 3.7762165582191414 -2013.0259788776991 0.013365729424850457 22.219207202099575 -4382.6026215032425 1.5308282299677934e-05 0.004526950086436646 0.10213195894912336
-1.5900116383169303 0.939864816472693 3.2183645448596745 730.9237541900948 563.7256729245419 425.3083397708833 176.09282063692808 3.2234333663642496 3.7762165582191414 -2013.0259788776991 0.013365729424850457 22.219207202099575 -4382.6026215032425 1.5308282299677934e-05 0.004526950086436646 0.10213195894912336
-1.5880474485228362 0.8878137869292736 3.1038747011228773 727.1004818439251 563.442071263562 426.54289271030575 173.61963072046638 3.2234333663642496 3.7762165582191414 -2013.0259788776991 0.013365729424850457 22.219207202099575 -4382.6026215032425 1.5308282299677934e-05 0.004526950086436646 0.10213195894912336
-1.5801906893464692 0.8357627573858553 2.991780197016858 723.3312972710701 563.0635724036256 427.73670063819736 170.92974869627506 3.2234333663642496 3.7762165582191414 -2013.0259788776991 0.013365729424850457 22.219207202099575 -4382.6026215032425 1.5308282299677934e-05 0.004526950086436646 0.10213195894912336
-1.5654592658907844 0.7856759176365264 2.855541211872476 719.6247418631101 562.588223818806 428.8975473791361 168.042644941248 3.2234333663642496 3.7762165582191414 -2013.0259788776991 0.013365729424850457 22.219207202099575 -4382.6026215032425 1.5308282299677934e-05 0.004526950086436646 0.10213195894912336
-1.5389427036705534 0.7385353625783342 2.6292031932790905 715.9896531662671 562.0142835467122 430.03579292446375 164.98058527801186 3.2234333663642496 3.7762165582191414 -2013.0259788776991 0.013365729424850457 22.219207202099575 -4382.6026215032425 1.5308282299677934e-05 0.004526950086436646 0.10213195894912336
-1.5016230975828166 0.6933589973142348 2.451146196535068 712.4351648796583 561.3402201889548 431.16437343414873 161.76863095536828 3.2234333663642496 3.7762165582191414 -2013.0259788776991 0.013365729424850457 22.219207202099575 -4382.6026215032425 1.5308282299677934e-05 0.004526950086436646 0.10213195894912336
-1.4584109221128112 0.649164726947178 2.3674299724503745 708.970706858323 560.5647129120771 432.2988011930138 158.43463868834078 3.2234333663642496 3.7762165582191414 -2013.0259788776991 0.013365729424850457 22.219207202099575 -4382.6026215032425 1.5308282299677934e-05 0.004526950086436646 0.10213195894912336
-1.408324082363479 0.6069346463742151 2.2712926967425826 705.6060051115928 559.6866514466237 433.45716466009617 155.00926063396037 3.2234333663642496 3.7762165582191414 -2013.0259788776991 0.013365729424850457 22.219207202099575 -4382.6026215032425 1.5308282299677934e-05 0.004526950086436646 0.10213195894912336
-1.3582372426141514 0.566668755595344 2.247923899331887 702.3510818013456 558.7051360866753 434.66012845374644 151.52594437170774 3.2234333663642496 3.7762165582191414 -2013.0259788776991 0.013365729424850457 22.219207202099575 -4382.6026215032425 1.5308282299677934e-05 0.004526950086436646 0.10213195894912336
-1.298329453894367 0.5283670546105648 2.1396441852162464 699.2162552471273 557.6194776907796 435.9309333367273 148.02093294728547 3.2234333663642496 3.7762165582191414 -2013.0259788776991 0.013365729424850457 22.219207202099575 -4382.6026215032425 1.5308282299677934e-05 0.004526950086436646 0.10213195894912336
-1.2354753804834486 0.4920295434198749 2.0949759555778398 696.2121399189346 556.4291976823006 437.2953962376341 144.533264846541 3.2234333663642496 3.7762165582191414 -2013.0259788776991 0.013365729424850457 22.219207202099575 -4382.6026215032425 1.5308282299677934e-05 0.004526950086436646 0.10213195894912336
-1.172621307072521 0.4596204118173687 2.0468656571176176 693.3496464451309 555.134028048371 438.78191022761166 141.10477398708463 3.2234333663642496 3.7762165582191414 -2013.0259788776991 0.013365729424850457 22.219207202099575 -4382.6026215032425 1.5308282299677934e-05 0.004526950086436646 0.10213195894912336
-1.1117314234556877 0.428193375111906 2.0472637462686056 690.6399816044141 553.7339113400085 440.42144454084337 137.78008974529803 3.2234333663642496 3.7762165582191414 -2013.0259788776991 0.013365729424850457 22.219207202099575 -4382.6026215032425 1.5308282299677934e-05 0.004526950086436646 0.10213195894912336
-1.0508415398388586 0.4006947179946292 1.9949907346986528 688.094648332335 552.2290006725816 442.24754457361996 134.60663693770766 3.2234333663642496 3.7762165582191414 -2013.0259788776991 0.013365729424850457 22.219207202099575 -4382.6026215032425 1.5308282299677934e-05 0.004526950086436646 0.10213195894912336
-0.9958442256043071 0.3751602506714407 2.0054665419441986 685.7254457188537 550.6196597263915 444.2963318582624 131.63463582005352 3.2234333663642496 3.7762165582191414 -2013.0259788776991 0.013365729424850457 22.219207202099575 -4382.6026215032425 1.5308282299677934e-05 0.004526950086436646 0.10213195894912336
-0.9408469113697467 0.3545362578334828 1.9295669970654332 683.5444690077566 548.9064627448097 446.6065041087568 128.91710210219026 3.2234333663642496 3.7762165582191414 -2013.0259788776991 0.013365729424850457 22.219207202099575 -4382.6026215032425 1.5308282299677934e-05 0.004526950086436646 0.10213195894912336
-0.8779928379588237 0.3378406445837073 1.8304259562031406 681.564109596773 547.0901945361402 449.21933517511934 126.5098469229415 3.22365522018789 3.7656424085079494 -2010.731769851654 0.013360206466268305 22.21924264622219 -4382.305777160211 1.530599655721857e-05 0.004527084952358818 0.10216871573157768
-0.8121924798567619 0.32114503133393174 1.81928374745228 679.7970550383907 545.1718504728051 452.17867506388575 124.47147688362747 3.22365522018789 3.7656424085079494 -2010.731769851654 0.013360206466268305 22.21924264622219 -4382.305777160211 1.530599655721857e-05 0.004527084952358818 0.10216871573157768
-0.7385353625783421 0.3083777976723353 1.7424243951758251 678.2562890405534 543.1526364907622 455.5309499427676 122.8633940173313 3.22365522018789 3.7656424085079494 -2010.731769851654 0.013360206466268305 22.21924264622219 -4382.305777160211 1.530599655721857e-05 0.004527084952358818 0.10216871573157768
-0.667824529991052 0.29757475380483284 1.722401814233167 676.9550914629363 541.0339690910187 459.3251621359959 121.74979579728097 3.22365522018789 3.7656424085079494 -2010.731769851654 0.013360206466268305 22.21924264622219 -4382.305777160211 1.530599655721857e-05 0.004527084952358818 0.10216871573157768
-0.5961316025067172 0.28971799462846803 1.6799497897037654 675.9070383212529 538.8174753388157 463.6128901205957 121.19767515920103 3.22365522018789 3.7656424085079494 -2010.731769851654 0.013360206466268305 22.21924264622219 -4382.305777160211 1.530599655721857e-05 0.004527084952358818 0.10216871573157768
-0.5205102954342032 0.28382542524619386 1.6485612663976337 675.1260017870227 536.5049928623484 468.44828852731735 121.27682046499103 3.22365522018789 3.7656424085079494 -2010.731769851654 0.013360206466268305 22.21924264622219 -4382.305777160211 1.530599655721857e-05 0.004527084952358818 0.10216871573157768
-0.44587108325872965 0.282843330349148 1.5839534622676548 674.6261501825647 534.0985698553268 473.8880881424993 122.05981552228332 3.22365522018789 3.7656424085079494 -2010.731769851654 0.013360206466268305 22.21924264622219 -4382.305777160211 1.530599655721857e-05 0.004527084952358818 0.10216871573157768
-0.37712444046553806 0.28382542524619386 1.556511584207496 674.421947987983 531.6004650753457 479.99159591645 123.62203960400075 3.22365522018789 3.7656424085079494 -2010.731769851654 0.013360206466268305 22.21924264622219 -4382.305777160211 1.530599655721857e-05 0.004527084952358818 0.10216871573157768
-0.3073957027753017 0.28677170993733037 1.528567924681898 674.5281558361603 529.0131478440017 486.82069493830204 126.0416674008593 3.22365522018789 3.7656424085079494 -2010.731769851654 0.013360206466268305 22.21924264622219 -4382.305777160211 1.530599655721857e-05 0.004527084952358818 0.10216871573157768
-0.24454162936437868 0.2916821844225609 1.49282969296332 674.9598305152031 526.3392980465433 494.4398444695398 129.39966905396432 3.22365522018789 3.7656424085079494 -2010.731769851654 0.013360206466268305 22.21924264622219 -4382.305777160211 1.530599655721857e-05 0.004527084952358818 0.10216871573157768
-0.18856222023276903 0.3005210384959705 1.4141944498129242 675.7323249647161 523.5818061335012 502.9160799179226 133.7798101650551 3.22365522018789 3.7656424085079494 -2010.731769851654 0.013360206466268305 22.21924264622219 -4382.305777160211 1.530599655721857e-05 0.004527084952358818 0.10216871573157768
-0.13847538048344135 0.3132882721575647 1.3212094013578952 676.8612882817397 520.7437731195241 512.3190128449351 139.26865176018327 3.22365522018789 3.7656424085079494 -2010.731769851654 0.013360206466268305 22.21924264622219 -4382.305777160211 1.530599655721857e-05 0.004527084952358818 0.10216871573157768
-0.09624529991048074 0.32605550581915893 1.2772073393861147 678.3626657183049 517.828510582447 522.7208309751004 145.9555503167212 3.22365522018789 3.7656424085079494 -2010.731769851654 0.013360206466268305 22.21924264622219 -4382.305777160211 1.530599655721857e-05 0.004527084952358818 0.10216871573157768
-0.05696150402865442 0.34078692927484383 1.2120256565243244 680.2526986774756 514.8395406644559 534.1962981848046 153.9326577624306 3.22365522018789 3.7656424085079494 -2010.731769851654 0.013360206466268305 22.21924264622219 -4382.305777160211 1.530599655721857e-05 0.004527084952358818 0.10216871573157768
-0.017677708146823633 0.35551835273052756 1.2120256565243868 682.5479247194016 511.7805960731348 546.8227544995025 163.2949214577675 3.22365522018789 3.7656424085079494 -2010.731769851654 0.013360206466268305 22.21924264622219 -4382.305777160211 1.530599655721857e-05 0.004527084952358818 0.10216871573157768
