16 -1.9897242614145068 -1.7638424350940032 2.8632929945846817 -2.2715854968666043 -3.0012820053715323
-1.9897242614145068 -1.7638424350940032 2.8632929945846817 486.88615065813065 582.7971887290478 556.8451337814331 204.5917329788208 3.1387571192065358 3.6701680099270986 -1882.8923529348883 1.636308427544546e-15 21.66490180076572 -4126.159360373449 6.073659851442368e-19 0.00441901190674461 0.15838310691204888
-1.9749928379588264 -1.8325890778871994 2.9304993203671086 481.6585463285446 582.0969339907169 547.9175581932068 209.88843250274658 3.1387571192065358 3.6701680099270986 -1882.8923529348883 1.636308427544546e-15 21.66490180076572 -4126.159360373449 6.073659851442368e-19 0.00441901190674461 0.15838310691204888
-1.9691002685765533 -1.8983894359892577 3.0522786605965835 475.70518136024475 581.9141955077648 536.6880040168762 220.58448791503906 3.1387571192065358 3.6701680099270986 -1882.8923529348883 1.636308427544546e-15 21.66490180076572 -4126.159360373449 6.073659851442368e-19 0.00441901190674461 0.15838310691204888
-1.9749928379588264 -1.9651718889883631 3.22960002711752 469.19555884599686 582.1501679122448 523.9214644432068 234.9096794128418 3.1387571192065358 3.6701680099270986 -1882.8923529348883 1.636308427544546e-15 21.66490180076572 -4126.159360373449 6.073659851442368e-19 0.00441901190674461 0.15838310691204888
-1.9916884512085964 -2.0378469113697415 3.389706102686424 462.27695667743683 582.7130617797375 510.2518253326416 251.40308094024658 3.1387571192065358 3.6701680099270986 -1882.8923529348883 1.636308427544546e-15 21.66490180076572 -4126.159360373449 6.073659851442368e-19 0.00441901190674461 0.15838310691204888
-2.0113303491495094 -2.1173965980304392 3.403712494855299 455.07442593574524 583.5181031227112 496.18184757232666 268.91304874420166 3.1387571192065358 3.6701680099270986 -1882.8923529348883 1.636308427544546e-15 21.66490180076572 -4126.159360373449 6.073659851442368e-19 0.00441901190674461 0.15838310691204888
-2.040793196060875 -2.199892569382274 3.5016519829408264 447.6907920241356 584.4875339269638 482.08318853378296 286.5972309112549 3.1387571192065358 3.6701680099270986 -1882.8923529348883 1.636308427544546e-15 21.66490180076572 -4126.159360373449 6.073659851442368e-19 0.00441901190674461 0.15838310691204888
-2.082041181736795 -2.281406445837064 3.6241059486122738 440.2066540122032 585.5506118834019 468.1963863372803 303.9225597381592 3.1387571192065358 3.6701680099270986 -1882.8923529348883 1.636308427544546e-15 21.66490180076572 -4126.159360373449 6.073659851442368e-19 0.00441901190674461 0.15838310691204888
-2.1144503133392947 -2.359974037600717 3.54946062156366 432.68038457632065 586.6436102688313 454.6308617591858 320.6652660369873 3.1458285772150427 3.6294724218288477 -1873.436094057061 0.04344646864469167 21.518831792979764 -4107.412897608361 1.8208913933232055e-05 0.004365121217488906 0.16327174872271225
-2.1448952551477136 -2.43854162936437 3.5284683713208396 425.14813101291656 587.709818392992 441.3649249076843 336.9108600616455 3.1458285772150427 3.6294724218288477 -1873.436094057061 0.04344646864469167 21.518831792979764 -4107.412897608361 1.8208913933232055e-05 0.004365121217488906 0.16327174872271225
-2.172393912264994 -2.5180913160250693 3.4923206018380437 417.6238141655922 588.6995411217213 428.24577140808105 353.0541458129883 3.1458285772150427 3.6294724218288477 -1873.436094057061 0.04344646864469167 21.518831792979764 -4107.412897608361 1.8208913933232055e-05 0.004365121217488906 0.16327174872271225
-2.1979283795881845 -2.5966589077887208 3.4744128665165657 410.0991284251213 589.5700989663601 414.9894824028015 369.79921436309814 3.1458285772150427 3.6294724218288477 -1873.436094057061 0.04344646864469167 21.518831792979764 -4107.412897608361 1.8208913933232055e-05 0.004365121217488906 0.16327174872271225
-2.2195344673231916 -2.679154879140556 3.416781902718974 402.5435428619385 590.2858286201954 401.18102073669434 388.1594467163086 3.1458285772150427 3.6294724218288477 -1873.436094057061 0.04344646864469167 21.518831792979764 -4107.412897608361 1.8208913933232055e-05 0.004365121217488906 0.16327174872271225
-2.238194270367056 -2.7636150402864827 3.3784414145367023 394.9042990207672 590.8180821835995 386.2742395401001 409.4575138092041 3.1458285772150427 3.6294724218288477 -1873.436094057061 0.04344646864469167 21.518831792979764 -4107.412897608361 1.8208913933232055e-05 0.004365121217488906 0.16327174872271225
-2.2489973142345616 -2.8480752014324096 3.2688088706577223 387.10641396045685 591.1452272832394 369.59187746047974 435.3253707885742 3.1458285772150427 3.6294724218288477 -1873.436094057061 0.04344646864469167 21.518831792979764 -4107.412897608361 1.8208913933232055e-05 0.004365121217488906 0.16327174872271225
-2.2627466427931884 -2.9266427931960632 3.3148383200420013 379.0526779294014 591.2526479959488 350.3255534172058 467.7042589187622 3.1458285772150427 3.6294724218288477 -1873.436094057061 0.04344646864469167 21.518831792979764 -4107.412897608361 1.8208913933232055e-05 0.004365121217488906 0.16327174872271225
-2.2715854968666043 -3.0012820053715323 3.2594647567870814 371.2014519441873 593.9751445557922 389.24998903274536 519.7608014643192 3.1458285772150427 3.6294724218288477 -1873.436094057061 0.04344646864469167 21.518831792979764 -4107.412897608361 1.8208913933232055e-05 0.004365121217488906 0.16327174872271225
-2.274531781557743 -3.072974932855864 3.182665432180273 365.29885076731443 592.6277417298406 332.17081117630005 518.8283883631229 3.1458285772150427 3.6294724218288477 -1873.436094057061 0.04344646864469167 21.518831792979764 -4107.412897608361 1.8208913933232055e-05 0.004365121217488906 0.16327174872271225
-2.2755138764547835 -3.147614145031335 3.154749789062477 359.1959904078394 591.5107096545398 287.015070438385 514.901426166296 3.1458285772150427 3.6294724218288477 -1873.436094057061 0.04344646864469167 21.518831792979764 -4107.412897608361 1.8208913933232055e-05 0.004365121217488906 0.16327174872271225
-2.269621307072515 -3.2271638316920335 3.06765361593192 352.9159859120846 590.6040506623685 252.59043145179749 508.25066128373146 3.1458285772150427 3.6294724218288477 -1873.436094057061 0.04344646864469167 21.518831792979764 -4107.412897608361 1.8208913933232055e-05 0.004365121217488906 0.16327174872271225
-2.2666750223813805 -3.303767233661594 3.10315006356864 346.48136420734227 589.888388408348 227.75387811660767 499.13772988319397 3.1458285772150427 3.6294724218288477 -1873.436094057061 0.04344646864469167 21.518831792979764 -4107.412897608361 1.8208913933232055e-05 0.004365121217488906 0.16327174872271225
-2.2548898836168303 -3.383316920322293 2.9945142982013584 339.91406411118805 589.3449678830802 211.41171765327454 487.8151578903198 3.1458285772150427 3.6294724218288477 -1873.436094057061 0.04344646864469167 21.518831792979764 -4107.412897608361 1.8208913933232055e-05 0.004365121217488906 0.16327174872271225
-2.2303375111906885 -3.466794986571174 2.8555412118724752 333.23543629050255 588.9556553829461 202.51957845687866 474.52636125683784 3.1458285772150427 3.6294724218288477 -1873.436094057061 0.04344646864469167 21.518831792979764 -4107.412897608361 1.8208913933232055e-05 0.004365121217488906 0.16327174872271225
-2.196946284691135 -3.5522372426141464 2.7690383951349222 326.4662433117628 588.7029385659844 200.08240866661072 459.50564578175545 3.1458285772150427 3.6294724218288477 -1873.436094057061 0.04344646864469167 21.518831792979764 -4107.412897608361 1.8208913933232055e-05 0.004365121217488906 0.16327174872271225
-2.1694476275738594 -3.6347332139659816 2.8198420991931794 319.6266596149653 588.5699263792485 203.15447974205017 442.9782068133354 3.1458285772150427 3.6294724218288477 -1873.436094057061 0.04344646864469167 21.518831792979764 -4107.412897608361 1.8208913933232055e-05 0.004365121217488906 0.16327174872271225
-2.150787824529991 -3.717229185317817 2.9191453881638423 312.73627152480185 588.540349137038 210.83938264846802 425.1601301729679 3.1458285772150427 3.6294724218288477 -1873.436094057061 0.04344646864469167 21.518831792979764 -4107.412897608361 1.8208913933232055e-05 0.004365121217488906 0.16327174872271225
-2.1340922112802168 -3.7987430617726066 2.9395674971862222 305.8140772096813 588.5985584687442 222.2900309562683 406.2583910524845 3.1458285772150427 3.6294724218288477 -1873.436094057061 0.04344646864469167 21.518831792979764 -4107.412897608361 1.8208913933232055e-05 0.004365121217488906 0.16327174872271225
-2.1232891674127066 -3.8812390331244417 3.011381210625301 298.87848675996065 588.7295273188502 236.70865750312805 386.4708544611931 3.1458285772150427 3.6294724218288477 -1873.436094057061 0.04344646864469167 21.518831792979764 -4107.412897608361 1.8208913933232055e-05 0.004365121217488906 0.16327174872271225
-2.1232891674127155 -3.958824529991049 3.141592653589908 291.94732210226357 588.918849973008 253.34681963920593 365.98627576231956 3.1458285772150427 3.6294724218288477 -1873.436094057061 0.04344646864469167 21.518831792979764 -4107.412897608361 1.8208913933232055e-05 0.004365121217488906 0.16327174872271225
-2.1380205908684005 -4.0295353625783354 3.346988042779562 285.03781707026064 589.1527420543134 271.50539112091064 344.98429960012436 3.1458285772150427 3.6294724218288477 -1873.436094057061 0.04344646864469167 21.518831792979764 -4107.412897608361 1.8208913933232055e-05 0.004365121217488906 0.16327174872271225
-2.1527520143240806 -4.1002461951656235 3.3469880427795 278.16661735996604 589.4180404823273 290.53457283973694 323.635460883379 3.1458285772150427 3.6294724218288477 -1873.436094057061 0.04344646864469167 21.518831792979764 -4107.412897608361 1.8208913933232055e-05 0.004365121217488906 0.16327174872271225
-2.1733760071620387 -4.168992837958819 3.4330494480676483 271.3497805669904 589.7022035438567 309.83388209342957 302.10118421912193 3.1458285772150427 3.6294724218288477 -1873.436094057061 0.04344646864469167 21.518831792979764 -4107.412897608361 1.8208913933232055e-05 0.004365121217488906 0.16327174872271225
-2.204803043867498 -4.22988272157565 3.6180600730634773 264.60277611762285 589.9933108389378 328.85216069221497 280.533784031868 3.1458285772150427 3.6294724218288477 -1873.436094057061 0.04344646864469167 21.518831792979764 -4107.412897608361 1.8208913933232055e-05 0.004365121217488906 0.16327174872271225
-2.2421226499552303 -4.285862130707253 3.7295952571373236 257.94048536010087 590.2800632938743 347.08756852149963 259.076465010643 3.1458285772150427 3.6294724218288477 -1873.436094057061 0.04344646864469167 21.518831792979764 -4107.412897608361 1.8208913933232055e-05 0.004365121217488906 0.16327174872271225
-2.273549686660694 -4.345769919427038 3.6247183184071603 251.37720149196684 590.5517831556499 364.08758997917175 237.86332094669342 3.1458285772150427 3.6294724218288477 -1873.436094057061 0.04344646864469167 21.518831792979764 -4107.412897608361 1.8208913933232055e-05 0.004365121217488906 0.16327174872271225
-2.2902452999104685 -4.407641897940914 3.4051565371728034 244.92662960849702 590.7984140235931 379.4490280151367 217.0193362236023 3.1458285772150427 3.6294724218288477 -1873.436094057061 0.04344646864469167 21.518831792979764 -4107.412897608361 1.8208913933232055e-05 0.004365121217488906 0.16327174872271225
-2.3020304386750188 -4.471478066248882 3.324152506720742 238.6018866635859 591.0105207972229 392.81800985336304 196.66038465499878 3.1458285772150427 3.6294724218288477 -1873.436094057061 0.04344646864469167 21.518831792979764 -4107.412897608361 1.8208913933232055e-05 0.004365121217488906 0.16327174872271225
-2.3108692927484307 -4.53531423455685 3.2791793900601567 232.41550151072443 591.1792897153646 403.8899803161621 176.8932299911976 3.1458285772150427 3.6294724218288477 -1873.436094057061 0.04344646864469167 21.518831792979764 -4107.412897608361 1.8208913933232055e-05 0.004365121217488906 0.16327174872271225
-2.3108692927484307 -4.602096687555955 3.141592653589793 226.379414845258 591.2965283580124 412.40970826148987 157.81552603840828 3.1458285772150427 3.6294724218288477 -1873.436094057061 0.04344646864469167 21.518831792979764 -4107.412897608361 1.8208913933232055e-05 0.004365121217488906 0.16327174872271225
-2.304976723366153 -4.671825425246197 3.057285921063536 220.5049792919308 591.3546656426042 418.17128229141235 139.5158163011074 3.1458285772150427 3.6294724218288477 -1873.436094057061 0.04344646864469167 21.518831792979764 -4107.412897608361 1.8208913933232055e-05 0.004365121217488906 0.16327174872271225
-2.2941736794986474 -4.744500447627575 2.994024582275751 214.80295929126441 591.3467517588288 421.0181133747101 122.07353422045708 3.1458285772150427 3.6294724218288477 -1873.436094057061 0.04344646864469167 21.518831792979764 -4107.412897608361 1.8208913933232055e-05 0.004365121217488906 0.16327174872271225
-2.2804243509400117 -4.8152112802148626 2.9495446363491116 209.28353119827807 591.2664582971483 420.84293365478516 105.55900299549103 3.1458285772150427 3.6294724218288477 -1873.436094057061 0.04344646864469167 21.518831792979764 -4107.412897608361 1.8208913933232055e-05 0.004365121217488906 0.16327174872271225
-2.2637287376902417 -4.88592211280215 2.9097279927404878 203.95628325082362 591.1080781184137 417.58779430389404 90.03343573212624 3.1458285772150427 3.6294724218288477 -1873.436094057061 0.04344646864469167 21.518831792979764 -4107.412897608361 1.8208913933232055e-05 0.004365121217488906 0.16327174872271225
-2.247033124440463 -4.954668755595346 2.9033478954110112 198.83021554350853 590.8665254488587 411.24407148361206 75.54893535375595 3.1458285772150427 3.6294724218288477 -1873.436094057061 0.04344646864469167 21.518831792979764 -4107.412897608361 1.8208913933232055e-05 0.004365121217488906 0.16327174872271225
-2.2273912264995497 -5.019487018800359 2.847358088478604 193.91374005191028 590.5373358298093 401.85245966911316 62.148494720458984 3.1458285772150427 3.6294724218288477 -1873.436094057061 0.04344646864469167 21.518831792979764 -4107.412897608361 1.8208913933232055e-05 0.004365121217488906 0.16327174872271225
-2.210695613249771 -5.080376902417191 2.8739763488049923 189.21468064188957 590.1166661363095 389.50297451019287 49.865996748209 3.1458285772150427 3.6294724218288477 -1873.436094057061 0.04344646864469167 21.518831792979764 -4107.412897608361 1.8208913933232055e-05 0.004365121217488906 0.16327174872271225
-2.1939999999999964 -5.1402846911369755 2.86980049491512 184.74027303606272 589.6012945603579 374.33495593070984 38.7262137234211 3.1458285772150427 3.6294724218288477 -1873.436094057061 0.04344646864469167 21.518831792979764 -4107.412897608361 1.8208913933232055e-05 0.004365121217488906 0.16327174872271225
-2.177304386750227 -5.198228290062669 2.86105586185157 180.49716484360397 588.9886206462979 356.5370626449585 28.744808346033096 3.1458285772150427 3.6294724218288477 -1873.436094057061 0.04344646864469167 21.518831792979764 -4107.412897608361 1.8208913933232055e-05 0.004365121217488906 0.16327174872271225
-2.1576624888093137 -5.255189794091318 2.809533186046908 176.49141556955874 588.276665231213 336.3472740650177 19.928332716226578 3.1458285772150427 3.6294724218288477 -1873.436094057061 0.04344646864469167 21.518831792979764 -4107.412897608361 1.8208913933232055e-05 0.004365121217488906 0.16327174872271225
-2.135074306177266 -5.309205013428829 2.7389380000379617 172.72849656268954 587.4640705082566 314.0528929233551 12.274228900671005 3.1458285772150427 3.6294724218288477 -1873.436094057061 0.04344646864469167 21.518831792979764 -4107.412897608361 1.8208913933232055e-05 0.004365121217488906 0.16327174872271225
-2.1124861235452097 -5.357327663384067 2.694750185103927 169.2132910694927 586.5500999987125 289.9905421733856 5.770829230546951 3.1458285772150427 3.6294724218288477 -1873.436094057061 0.04344646864469167 21.518831792979764 -4107.412897608361 1.8208913933232055e-05 0.004365121217488906 0.16327174872271225
-2.0869516562220234 -5.403486123545212 2.6271413405307773 165.95009421557188 585.5346385538578 264.54616475105286 0.39735525846481323 3.1458285772150427 3.6294724218288477 -1873.436094057061 0.04344646864469167 21.518831792979764 -4107.412897608361 1.8208913933232055e-05 0.004365121217488906 0.16327174872271225
-2.058470904207694 -5.446698299015221 2.548242507432989 162.94261298328638 584.418192319572 238.15502786636353 -3.8760810494422913 3.1458285772150427 3.6294724218288477 -1873.436094057061 0.04344646864469167 21.518831792979764 -4107.412897608361 1.8208913933232055e-05 0.004365121217488906 0.16327174872271225
-2.0240975828111005 -5.487946284691139 2.4349784511815487 160.193966249004 583.2018888313323 211.30171656608582 -7.088478237390518 3.1474950346754356 3.649070130033728 -1880.3569539304829 0.043490176953210086 21.576412286664908 -4125.947821839718 1.822723258726326e-05 0.004381659718575419 0.15857917787451178
-1.9867779767233682 -5.525265890778874 2.3428619468982337 157.70668478310108 581.8874768782407 184.52014017105103 -9.28794476389885 3.1474950346754356 3.649070130033728 -1880.3569539304829 0.043490176953210086 21.576412286664908 -4125.947821839718 1.822723258726326e-05 0.004381659718575419 0.15857917787451178
-1.9465120859444927 -5.559639212175472 2.263130761467888 155.48271118104458 580.4773266538978 158.3935272693634 -10.531699270009995 3.1474950346754356 3.649070130033728 -1880.3569539304829 0.043490176953210086 21.576412286664908 -4125.947821839718 1.822723258726326e-05 0.004381659718575419 0.15857917787451178
-1.9062461951656215 -5.589102059086842 2.1864162162240133 153.52339996770024 578.9744296222925 133.55442762374878 -10.886070609092712 3.1474950346754356 3.649070130033728 -1880.3569539304829 0.043490176953210086 21.576412286664908 -4125.947821839718 1.822723258726326e-05 0.004381659718575419 0.15857917787451178
-1.8600877350044729 -5.615618621307074 2.0760865148942704 151.82951753214002 577.3823986165226 110.68471479415894 -10.426497787237167 3.1474950346754356 3.649070130033728 -1880.3569539304829 0.043490176953210086 21.576412286664908 -4125.947821839718 1.822723258726326e-05 0.004381659718575419 0.15857917787451178
-1.8139292748433287 -5.638206803939124 2.0085876304364656 150.40124210342765 575.7054677736014 90.51558065414429 -9.237529933452606 3.1474950346754356 3.649070130033728 -1880.3569539304829 0.043490176953210086 21.576412286664908 -4125.947821839718 1.822723258726326e-05 0.004381659718575419 0.15857917787451178
-1.7608961504028577 -5.658830796777083 1.9416876156075193 149.23816384002566 573.9484925661236 73.82753992080688 -7.4128260016441345 3.1474950346754356 3.649070130033728 -1880.3569539304829 0.043490176953210086 21.576412286664908 -4125.947821839718 1.822723258726326e-05 0.004381659718575419 0.15857917787451178
-1.7068809310653466 -5.6794547896150425 1.9355311410593135 148.33928476646543 572.116949789226 61.45042586326599 -5.0551557540893555 3.1474950346754356 3.649070130033728 -1880.3569539304829 0.043490176953210086 21.576412286664908 -4125.947821839718 1.822723258726326e-05 0.004381659718575419 0.15857917787451178
-1.649919427036701 -5.699096687555954 1.9028557943377877 147.7030187342316 570.2169375810772 54.26339864730835 -2.2763984203338623 3.1474950346754356 3.649070130033728 -1880.3569539304829 0.043490176953210086 21.576412286664908 -4125.947821839718 1.822723258726326e-05 0.004381659718575419 0.15857917787451178
-1.5959042076991898 -5.717756490599822 1.90341601836881 147.32719153538346 568.2551754098386 53.19493389129639 0.8024564385414124 3.1474950346754356 3.649070130033728 -1880.3569539304829 0.043490176953210086 21.576412286664908 -4125.947821839718 1.822723258726326e-05 0.004381659718575419 0.15857917787451178
-1.540906893464634 -5.73641629364369 1.8978944238006954 147.20904082246125 566.2390040401369 59.22283220291138 4.051308751106262 3.1474950346754356 3.649070130033728 -1880.3569539304829 0.043490176953210086 21.576412286664908 -4125.947821839718 1.822723258726326e-05 0.004381659718575419 0.15857917787451178
-1.4829632945389437 -5.755076096687557 1.8823431536976079 147.34521609731019 564.1763856038451 73.37421250343323 7.3309487998485565 3.1474950346754356 3.649070130033728 -1880.3569539304829 0.043490176953210086 21.576412286664908 -4125.947821839718 1.822723258726326e-05 0.004381659718575419 0.15857917787451178
-1.4210913160250656 -5.774717994628471 1.8781937999177098 147.73177875578403 562.0759035609663 96.72551846504211 10.493056446313858 3.1474950346754356 3.649070130033728 -1880.3569539304829 0.043490176953210086 21.576412286664908 -4125.947821839718 1.822723258726326e-05 0.004381659718575419 0.15857917787451178
-1.3562730528200484 -5.792395702775293 1.8370483759458096 148.36420209892094 559.9467626493424 130.40251111984253 13.380201548337936 3.1474950346754356 3.649070130033728 -1880.3569539304829 0.043490176953210086 21.576412286664908 -4125.947821839718 1.822723258726326e-05 0.004381659718575419 0.15857917787451178
-1.287526410026848 -5.809091316025069 1.8090410849736214 149.23737125098705 557.7987889945507 175.5802767276764 15.825843662023544 3.1474950346754356 3.649070130033728 -1880.3569539304829 0.043490176953210086 21.576412286664908 -4125.947821839718 1.822723258726326e-05 0.004381659718575419 0.15857917787451178
-1.2148513876454727 -5.824804834377799 1.783734676374307 150.34558327309787 555.6424300279468 233.48321890830994 17.65433242917061 3.1474950346754356 3.649070130033728 -1880.3569539304829 0.043490176953210086 21.576412286664908 -4125.947821839718 1.822723258726326e-05 0.004381659718575419 0.15857917787451178
-1.1461047448522768 -5.836589973142346 1.7405746007632334 151.6825470328331 553.4887545034289 305.38506531715393 18.68090733885765 3.1474950346754356 3.649070130033728 -1880.3569539304829 0.043490176953210086 21.576412286664908 -4125.947821839718 1.822723258726326e-05 0.004381659718575419 0.15857917787451178
-1.0734297224709015 -5.844446732318713 1.6784861976277203 153.24138334579766 551.3494525067508 392.6088638305664 18.711697459220886 3.1474950346754356 3.649070130033728 -1880.3569539304829 0.043490176953210086 21.576412286664908 -4125.947821839718 1.822723258726326e-05 0.004381659718575419 0.15857917787451178
-1.0027188898836115 -5.849357206803941 1.6401294604831025 155.01462485082448 549.2368354722857 496.52698373794556 17.543721944093704 3.1474950346754356 3.649070130033728 -1880.3569539304829 0.043490176953210086 21.576412286664908 -4125.947821839718 1.822723258726326e-05 0.004381659718575419 0.15857917787451178
-0.9280796777081425 -5.847393017009849 1.5444866095419756 156.99421610310674 547.1638361252844 618.5611159801483 14.964889794588089 3.1474950346754356 3.649070130033728 -1880.3569539304829 0.043490176953210086 21.576412286664908 -4125.947821839718 1.822723258726326e-05 0.004381659718575419 0.15857917787451178
-0.8534404655326733 -5.841500447627575 1.492012365805749 159.17151350714266 545.1440085470676 760.1822714805603 10.753999829292297 3.1474950346754356 3.649070130033728 -1880.3569539304829 0.043490176953210086 21.576412286664908 -4125.947821839718 1.822723258726326e-05 0.004381659718575419 0.15857917787451178
-0.7846938227394772 -5.829715308863028 1.4010180528265597 161.53728537075222 543.1915281489491 922.9107842445374 4.680740863084793 3.1474950346754356 3.649070130033728 -1880.3569539304829 0.043490176953210086 21.576412286664908 -4125.947821839718 1.822723258726326e-05 0.004381659718575419 0.15857917787451178
-0.7198755595344647 -5.812037600716205 1.3045442776439662 164.08171183429658 541.321191649884 1108.316308259964 -3.494308739900589 3.1474950346754356 3.649070130033728 -1880.3569539304829 0.043490176953210086 21.576412286664908 -4125.947821839718 1.822723258726326e-05 0.004381659718575419 0.15857917787451178
