24 0.13160071620412353 1.0989641897940912 4.217608586054875 -0.46649507609669655 1.4063598925693805
0.13160071620412353 1.0989641897940912 4.217608586054875 722.5544816132169 517.4901783687528 581.6981254518032 259.3403362482786 3.2852686707689522 3.84597600122989 -2073.4872682515456 -8.810677771016369e-16 22.75658489206411 -4744.605769964148 -3.270697083574555e-19 0.00462369200831986 0.03598910446084538
0.11588719785139391 1.0969999999999993 4.2805130906068705 722.5964335710742 517.777790612774 584.2378794401884 268.91596633940935 3.2852686707689522 3.84597600122989 -2073.4872682515456 -8.810677771016369e-16 22.75658489206411 -4744.605769964148 -3.270697083574555e-19 0.00462369200831986 0.03598910446084538
0.09722739480752551 1.0940537153088608 4.343417595158865 722.6561264849734 518.2760626312811 587.6776748150587 279.73491206020117 3.2852686707689522 3.84597600122989 -2073.4872682515456 -8.810677771016369e-16 22.75658489206411 -4744.605769964148 -3.270697083574555e-19 0.00462369200831986 0.03598910446084538
0.07071083258729007 1.0940537153088608 4.406322099710859 722.7480693231337 518.9573527905159 591.7201029658318 291.7344419211149 3.2852686707689522 3.84597600122989 -2073.4872682515456 -8.810677771016369e-16 22.75658489206411 -4744.605769964148 -3.270697083574555e-19 0.00462369200831986 0.03598910446084538
0.03731960608774126 1.0950358102059077 4.469226604262854 722.8859251732938 519.79440425965 596.1245220601559 304.8719808831811 3.2852686707689522 3.84597600122989 -2073.4872682515456 -8.810677771016369e-16 22.75658489206411 -4744.605769964148 -3.270697083574555e-19 0.00462369200831986 0.03598910446084538
8.932101055012555e-15 1.0969999999999982 4.532131108814849 723.0825112410821 520.7603450089227 600.7070571929216 319.1251101270318 3.2852686707689522 3.84597600122989 -2073.4872682515456 -8.810677771016369e-16 22.75658489206411 -4744.605769964148 -3.270697083574555e-19 0.00462369200831986 0.03598910446084538
-0.037319606087727865 1.0989641897940912 4.595035613366844 723.349798852345 521.8286878098734 605.3406001925468 334.49156721681356 3.2852686707689522 3.84597600122989 -2073.4872682515456 -8.810677771016369e-16 22.75658489206411 -4744.605769964148 -3.270697083574555e-19 0.00462369200831986 0.03598910446084538
-0.07463921217546465 1.1019104744852277 4.657940117918838 723.6989134447649 522.9733302383684 609.9548095464706 350.9892459958792 3.2852686707689522 3.84597600122989 -2073.4872682515456 -8.810677771016369e-16 22.75658489206411 -4744.605769964148 -3.270697083574555e-19 0.00462369200831986 0.03598910446084538
-0.11097672336615669 1.10583885407341 4.720844622470834 724.1401345813647 524.1685546708759 614.5361105203629 368.65619667619467 3.2852686707689522 3.84597600122989 -2073.4872682515456 -8.810677771016369e-16 22.75658489206411 -4744.605769964148 -3.270697083574555e-19 0.00462369200831986 0.03598910446084538
-0.1551709937332113 1.1097672336615936 4.783749127022828 724.6828959384002 525.38902828563 619.1276953816414 387.55062574893236 3.2852686707689522 3.84597600122989 -2073.4872682515456 -8.810677771016369e-16 22.75658489206411 -4744.605769964148 -3.270697083574555e-19 0.00462369200831986 0.03598910446084538
-0.20231154879140467 1.1146777081468209 4.8466536315748225 725.3357853151392 526.6098030635621 623.8295228779316 407.75089605897665 3.2852686707689522 3.84597600122989 -2073.4872682515456 -8.810677771016369e-16 22.75658489206411 -4744.605769964148 -3.270697083574555e-19 0.00462369200831986 0.03598910446084538
-0.26123724261414416 1.1205702775290949 4.909558136126817 726.1065446247812 527.8063157880679 628.7983187884092 429.3555267229676 3.2852686707689522 3.84597600122989 -2073.4872682515456 -8.810677771016369e-16 22.75658489206411 -4744.605769964148 -3.270697083574555e-19 0.00462369200831986 0.03598910446084538
-0.3172166517457538 1.1303912264995515 4.9724626406788115 727.0020699009765 528.9543880436104 634.2475755214691 452.4831931889057 3.2852686707689522 3.84597600122989 -2073.4872682515456 -8.810677771016369e-16 22.75658489206411 -4744.605769964148 -3.270697083574555e-19 0.00462369200831986 0.03598910446084538
-0.35748254252462935 1.1402121754700092 5.035367145230806 728.0284112945665 530.0302262178157 640.4475522339344 477.272727355361 3.2852686707689522 3.84597600122989 -2073.4872682515456 -8.810677771016369e-16 22.75658489206411 -4744.605769964148 -3.270697083574555e-19 0.00462369200831986 0.03598910446084538
-0.3908737690241782 1.1529794091316035 5.098271649782801 729.1907730740495 531.0104214991443 647.7252749353647 503.88311722129583 3.2852686707689522 3.84597600122989 -2073.4872682515456 -8.810677771016369e-16 22.75658489206411 -4744.605769964148 -3.270697083574555e-19 0.00462369200831986 0.03598910446084538
-0.4203366159355524 1.1686929274843332 5.23153509463116 730.493513628142 531.8719498789869 656.4645364582539 532.4935072734952 3.251130440299732 3.824977957309699 -2050.6698761795583 -0.04842505858820808 22.662665938908212 -4697.647172447602 -2.0295498150967225e-05 0.004593570045710793 0.051862885669492834
-0.44979946284691763 1.1883348254252453 5.332638466367531 731.9401454627514 532.592172150733 667.1058962792158 563.3031982332468 3.251130440299732 3.824977957309699 -2050.6698761795583 -0.04842505858820808 22.662665938908212 -4697.647172447602 -2.0295498150967225e-05 0.004593570045710793 0.051862885669492834
-0.47533393017010833 1.2089588182632043 5.4312189800063 733.5333352005109 533.148833910469 680.1466807872057 596.5316472351551 3.251130440299732 3.824977957309699 -2050.6698761795583 -0.04842505858820808 22.662665938908212 -4697.647172447602 -2.0295498150967225e-05 0.004593570045710793 0.051862885669492834
-0.4939937332139723 1.2315470008952538 5.646677091391677 735.2749035866 533.5200655548833 696.1409830302 632.418467618525 3.251130440299732 3.824977957309699 -2050.6698761795583 -0.04842505858820808 22.662665938908212 -4697.647172447602 -2.0295498150967225e-05 0.004593570045710793 0.051862885669492834
-0.5018504923903349 1.2560993733213965 6.047640326458768 737.1658254794311 533.684382282896 715.6996629089117 671.2234290987253 3.251130440299732 3.824977957309699 -2050.6698761795583 -0.04842505858820808 22.662665938908212 -4697.647172447602 -2.0295498150967225e-05 0.004593570045710793 0.051862885669492834
-0.5067609668755632 1.2826159355416298 6.1725280860057925 739.2062298576348 533.6206840972882 739.4903469979763 713.2264577671885 3.251130440299732 3.824977957309699 -2050.6698761795583 -0.04842505858820808 22.662665938908212 -4697.647172447602 -2.0295498150967225e-05 0.004593570045710793 0.051862885669492834
-0.4959579230080618 1.3110966875559524 0.3625442372644958 741.395399819361 533.3082558007445 768.2374288290739 758.7276359274983 3.251130440299732 3.824977957309699 -2050.6698761795583 -0.04842505858820808 22.662665938908212 -4697.647172447602 -2.0295498150967225e-05 0.004593570045710793 0.051862885669492834
-0.47729811996419785 1.3405595344673245 0.5645693936679792 743.7317725783214 532.7267669998109 802.7220685333014 808.0472022891045 3.251130440299732 3.824977957309699 -2050.6698761795583 -0.04842505858820808 22.662665938908212 -4697.647172447602 -2.0295498150967225e-05 0.004593570045710793 0.051862885669492834
-0.46649507609669655 1.3729686660698295 0.32175055439663186 746.2129394682124 531.8562721023336 843.7821930497885 861.5255518779159 3.251130440299732 3.824977957309699 -2050.6698761795583 -0.04842505858820808 22.662665938908212 -4697.647172447602 -2.0295498150967225e-05 0.004593570045710793 0.051862885669492834
-0.46649507609669655 1.4063598925693805 -0.0 745.21465800039 525.643356004497 760.672795176506 490.51116583682597 3.251130440299732 3.824977957309699 -2050.6698761795583 -0.04842505858820808 22.662665938908212 -4697.647172447602 -2.0295498150967225e-05 0.004593570045710793 0.051862885669492834
-0.4881011638316992 1.4358227394807515 5.650436472177461 748.5631327172741 529.5608662691666 732.9088211432099 446.56495432928205 3.251130440299732 3.824977957309699 -2050.6698761795583 -0.04842505858820808 22.662665938908212 -4697.647172447602 -2.0295498150967225e-05 0.004593570045710793 0.051862885669492834
-0.5195282005371585 1.4623393017009847 5.413243388269176 751.6771691152826 533.2251815020572 708.8046660162508 406.52108128368855 3.251130440299732 3.824977957309699 -2050.6698761795583 -0.04842505858820808 22.662665938908212 -4697.647172447602 -2.0295498150967225e-05 0.004593570045710793 0.051862885669492834
-0.5686329453894414 1.486891674127126 5.176036589385496 754.565502149635 536.6489317388041 688.110255997628 370.1779177170247 3.251130440299732 3.824977957309699 -2050.6698761795583 -0.04842505858820808 22.662665938908212 -4697.647172447602 -2.0295498150967225e-05 0.004593570045710793 0.051862885669492834
-0.6344333034914987 1.50849776186213 5.029655259906515 757.236689799116 539.8444777112454 670.582210931927 337.3384396843612 3.251130440299732 3.824977957309699 -2050.6698761795583 -0.04842505858820808 22.662665938908212 -4697.647172447602 -2.0295498150967225e-05 0.004593570045710793 0.051862885669492834
-0.7139829901522006 1.5281396598030441 4.954460674955811 759.6991130688693 542.823910850333 655.9838443398476 307.81022827140987 3.251130440299732 3.824977957309699 -2050.6698761795583 -0.04842505858820808 22.662665938908212 -4697.647172447602 -2.0295498150967225e-05 0.004593570045710793 0.051862885669492834
-0.7994252461951711 1.5448352730528208 4.905359790350269 761.9609759863233 545.5990532821743 644.0851634293795 281.4054696653038 3.251130440299732 3.824977957309699 -2050.6698761795583 -0.04842505858820808 22.662665938908212 -4697.647172447602 -2.0295498150967225e-05 0.004593570045710793 0.051862885669492834
-0.8956705461056473 1.5605487914055505 4.8742264116231 764.0303056046832 548.1814578307094 634.6628690510988 257.94095504283905 3.251130440299732 3.824977957309699 -2050.6698761795583 -0.04842505858820808 22.662665938908212 -4697.647172447602 -2.0295498150967225e-05 0.004593570045710793 0.051862885669492834
-1.002718889883625 1.5733160250671447 4.831094317527872 765.9149520010687 550.5824080171296 627.5003557577729 237.23808070831 3.251130440299732 3.824977957309699 -2050.6698761795583 -0.04842505858820808 22.662665938908212 -4697.647172447602 -2.0295498150967225e-05 0.004593570045710793 0.051862885669492834
-1.1087851387645533 1.5831369740376013 4.804718315116291 767.6225882769795 552.8129180595279 622.3877117224038 219.1228479333222 3.251130440299732 3.824977957309699 -2050.6698761795583 -0.04842505858820808 22.662665938908212 -4697.647172447602 -2.0295498150967225e-05 0.004593570045710793 0.051862885669492834
-1.2069946284691235 1.5900116383169203 4.782274982019322 769.1607105588773 554.8837328730151 619.1217188350856 203.4258631207049 3.251130440299732 3.824977957309699 -2050.6698761795583 -0.04842505858820808 22.662665938908212 -4697.647172447602 -2.0295498150967225e-05 0.004593570045710793 0.051862885669492834
-1.2875264100268657 1.5968863025962403 4.797548373004403 770.5366379963234 556.8053280700697 617.5058526434004 189.9823376517743 3.251130440299732 3.824977957309699 -2050.6698761795583 -0.04842505858820808 22.662665938908212 -4697.647172447602 -2.0295498150967225e-05 0.004593570045710793 0.051862885669492834
-1.3611835273052901 1.6037609668755604 4.8054527091091135 771.7575127653545 558.5879099614685 617.3502823486924 178.63208801858127 3.251130440299732 3.824977957309699 -2050.6698761795583 -0.04842505858820808 22.662665938908212 -4697.647172447602 -2.0295498150967225e-05 0.004593570045710793 0.051862885669492834
-1.4201092211280297 1.6096535362578335 4.812057632875836 772.8303000645246 560.2414155512815 618.4718708284199 169.2195357363671 3.251130440299732 3.824977957309699 -2050.6698761795583 -0.04842505858820808 22.662665938908212 -4697.647172447602 -2.0295498150967225e-05 0.004593570045710793 0.051862885669492834
-1.4662676812891782 1.6175102954341993 4.8809859199941235 773.7617881173501 561.7755125450203 620.6941746473312 161.59370738081634 3.251130440299732 3.824977957309699 -2050.6698761795583 -0.04842505858820808 22.662665938908212 -4697.647172447602 -2.0295498150967225e-05 0.004593570045710793 0.051862885669492834
-1.508497761862139 1.6234028648164736 4.8510287175188616 774.5585881724255 563.1995993431192 623.8474440164864 155.60823457874358 3.251130440299732 3.824977957309699 -2050.6698761795583 -0.04842505858820808 22.662665938908212 -4697.647172447602 -2.0295498150967225e-05 0.004593570045710793 0.051862885669492834
-1.547781557743965 1.6292954341987465 4.861278927994165 775.22713450226 564.5228050433798 627.768622815609 151.12135400809348 3.251130440299732 3.824977957309699 -2050.6698761795583 -0.04842505858820808 22.662665938908212 -4697.647172447602 -2.0295498150967225e-05 0.004593570045710793 0.051862885669492834
-1.5860832587287468 1.633223813786928 4.814595698491907 775.7736844036262 565.7539894412039 632.3013486228883 147.99590738490224 3.251130440299732 3.824977957309699 -2050.6698761795583 -0.04842505858820808 22.662665938908212 -4697.647172447602 -2.0295498150967225e-05 0.004593570045710793 0.051862885669492834
-1.6204565801253448 1.6361700984780643 4.797894274062881 776.2043181981426 566.9017430273816 637.2959526665509 146.09934150241315 3.251130440299732 3.824977957309699 -2050.6698761795583 -0.04842505858820808 22.662665938908212 -4697.647172447602 -2.0295498150967225e-05 0.004593570045710793 0.051862885669492834
-1.6587582811101262 1.6381342882721561 4.763626147788119 776.5249392311089 567.9743869925151 642.6094598211348 145.3037081900984 3.251130440299732 3.824977957309699 -2050.6698761795583 -0.04842505858820808 22.662665938908212 -4697.647172447602 -2.0295498150967225e-05 0.004593570045710793 0.051862885669492834
-1.7000062667860423 1.6391163831692008 4.736194006569739 776.7412738734856 568.9799732227111 648.1055886782706 145.4856643266976 3.251130440299732 3.824977957309699 -2050.6698761795583 -0.04842505858820808 22.662665938908212 -4697.647172447602 -2.0295498150967225e-05 0.004593570045710793 0.051862885669492834
-1.7402721575649134 1.6400984780662458 4.736774389557387 776.8588715190999 569.9262843012111 653.6547514684498 146.52647185511887 3.251130440299732 3.824977957309699 -2050.6698761795583 -0.04842505858820808 22.662665938908212 -4697.647172447602 -2.0295498150967225e-05 0.004593570045710793 0.051862885669492834
-1.7805380483437843 1.6381342882721572 4.663647129074829 776.8831045876723 570.8208335088566 659.1340540796518 148.3119977619499 3.251130440299732 3.824977957309699 -2050.6698761795583 -0.04842505858820808 22.662665938908212 -4697.647172447602 -2.0295498150967225e-05 0.004593570045710793 0.051862885669492834
-1.8178576544315213 1.6361700984780654 4.659805918773738 776.8191685222555 571.6708648226922 664.4272961206734 150.73271407932043 3.251130440299732 3.824977957309699 -2050.6698761795583 -0.04842505858820808 22.662665938908212 -4697.647172447602 -2.0295498150967225e-05 0.004593570045710793 0.051862885669492834
-1.8581235452103877 1.6312596239928383 4.591036979813937 776.6720817908645 572.4833529178286 669.4249708242714 153.68369791470468 3.251130440299732 3.824977957309699 -2050.6698761795583 -0.04842505858820808 22.662665938908212 -4697.647172447602 -2.0295498150967225e-05 0.004593570045710793 0.051862885669492834
-1.8915147717099454 1.6273312444046548 4.5952802358178175 776.4466858860105 573.2650031662779 674.0242650955915 157.0646313931793 3.251130440299732 3.824977957309699 -2050.6698761795583 -0.04842505858820808 22.662665938908212 -4697.647172447602 -2.0295498150967225e-05 0.004593570045710793 0.051862885669492834
-1.92195971351836 1.6243849597135172 4.615915205202078 776.1476453237701 574.0222516368376 678.129059523344 160.77980172634125 3.251130440299732 3.824977957309699 -2050.6698761795583 -0.04842505858820808 22.662665938908212 -4697.647172447602 -2.0295498150967225e-05 0.004593570045710793 0.051862885669492834
-1.946512085944497 1.6214386750223806 4.592960054366348 775.7794476461131 574.7612650954397 681.6499283574522 164.7381011545658 3.251130440299732 3.824977957309699 -2050.6698761795583 -0.04842505858820808 22.662665938908212 -4697.647172447602 -2.0295498150967225e-05 0.004593570045710793 0.051862885669492834
-1.9720465532676876 1.6204565801253359 4.673946390363541 775.3464034182252 575.4879410060821 684.5041395537555 168.8530269637704 3.251130440299732 3.824977957309699 -2050.6698761795583 -0.04842505858820808 22.662665938908212 -4697.647172447602 -2.0295498150967225e-05 0.004593570045710793 0.051862885669492834
-1.9936526410026905 1.6204565801253348 4.712388980384638 774.8526462296722 576.2079075285001 686.6156546510756 173.04268153384328 3.251130440299732 3.824977957309699 -2050.6698761795583 -0.04842505858820808 22.662665938908212 -4697.647172447602 -2.0295498150967225e-05 0.004593570045710793 0.051862885669492834
-2.0093661593554244 1.61947448522829 4.649970170388803 774.3021326959133 576.9265235196799 687.9151289574802 177.2297722492367 3.251130440299732 3.824977957309699 -2050.6698761795583 -0.04842505858820808 22.662665938908212 -4697.647172447602 -2.0295498150967225e-05 0.004593570045710793 0.051862885669492834
-2.0250796777081495 1.6184923903312451 4.649970170388768 773.6986424543429 577.6488785345573 688.3399113863707 181.3416115604341 3.251130440299732 3.824977957309699 -2050.6698761795583 -0.04842505858820808 22.662665938908212 -4697.647172447602 -2.0295498150967225e-05 0.004593570045710793 0.051862885669492834
-2.0319543419874675 1.6175102954341982 4.601731759210655 773.0457781691803 578.3797928249696 687.8340445458889 185.31011698581278 3.251130440299732 3.824977957309699 -2050.6698761795583 -0.04842505858820808 22.662665938908212 -4697.647172447602 -2.0295498150967225e-05 0.004593570045710793 0.051862885669492834
-2.035882721575651 1.6165282005371524 4.547240302970124 772.3469655280933 579.1238173395395 686.3482646979392 189.071811074391 3.251130440299732 3.824977957309699 -2050.6698761795583 -0.04842505858820808 22.662665938908212 -4697.647172447602 -2.0295498150967225e-05 0.004593570045710793 0.051862885669492834
-2.0368648164726957 1.6155461056401064 4.390638425988161 771.6054532426642 579.8852337237913 683.8400018028915 192.5678214393556 3.251130440299732 3.824977957309699 -2050.6698761795583 -0.04842505858820808 22.662665938908212 -4697.647172447602 -2.0295498150967225e-05 0.004593570045710793 0.051862885669492834
-2.037846911369745 1.6125998209489687 3.9269908169874306 770.8243130494375 580.6680543207331 680.2733794562519 195.7438807412982 3.251130440299732 3.824977957309699 -2050.6698761795583 -0.04842505858820808 22.662665938908212 -4697.647172447602 -2.0295498150967225e-05 0.004593570045710793 0.051862885669492834
-2.035882721575651 1.6076893464637405 3.141592653589793 770.0064397096867 581.4760221708566 675.6192149221897 198.55032670497894 3.2866307779003963 3.8403721478793913 -2072.6483619872934 4.3292991187945114e-15 22.729647976292885 -4735.641705673495 1.607142270496538e-18 0.004615956362081119 0.03828182985324601
-2.033918531781557 1.6008146821844216 3.1415926535891434 769.154551008367 582.3126110113226 669.8550191819668 200.94210207089782 3.2866307779003963 3.8403721478793913 -2072.6483619872934 4.3292991187945114e-15 22.729647976292885 -4735.641705673495 1.607142270496538e-18 0.004615956362081119 0.03828182985324601
-2.046685765443148 1.586083258728739 3.926990816987317 768.2711877553957 583.1810252752621 662.9649968445301 202.8787546902895 3.2866307779003963 3.8403721478793913 -2072.6483619872934 4.3292991187945114e-15 22.729647976292885 -4735.641705673495 1.607142270496538e-18 0.004615956362081119 0.03828182985324601
-2.0623992837958776 1.5664413607878236 3.8744077553761676 767.3587137848372 584.0842000951525 654.9400461763144 204.3244374077767 3.2866307779003963 3.8403721478793913 -2072.6483619872934 4.3292991187945114e-15 22.729647976292885 -4735.641705673495 1.607142270496538e-18 0.004615956362081119 0.03828182985324601
-2.0840053715308846 1.5458173679498646 3.9935589807630785 766.419315955136 585.0248012997909 645.7777591645718 205.2479081582278 3.2866307779003963 3.8403721478793913 -2072.6483619872934 4.3292991187945114e-15 22.729647976292885 -4735.641705673495 1.607142270496538e-18 0.004615956362081119 0.03828182985324601
-2.1085577439570216 1.5222470904207712 3.9857466397029824 765.4550041496987 586.0052254132461 635.4824214316905 205.62252990156412 3.2866307779003963 3.8403721478793913 -2072.6483619872934 4.3292991187945114e-15 22.729647976292885 -4735.641705673495 1.607142270496538e-18 0.004615956362081119 0.03828182985324601
-2.1390026857654405 1.4996589077887215 4.07406917237571 764.4676112756133 587.0275996598648 624.0650122649968 205.42627066746354 3.2866307779003963 3.8403721478793913 -2072.6483619872934 4.3292991187945114e-15 22.729647976292885 -4735.641705673495 1.607142270496538e-18 0.004615956362081119 0.03828182985324601
-2.175340196956128 1.4770707251566706 4.1562227502642015 763.4587932648137 588.0937819582177 611.5432046279311 204.6417035460472 3.2866307779003963 3.8403721478793913 -2072.6483619872934 4.3292991187945114e-15 22.729647976292885 -4735.641705673495 1.607142270496538e-18 0.004615956362081119 0.03828182985324601
-2.213641897940905 1.452518352730528 4.142348516684916 762.430029073148 589.20536092564 597.9413651786745 203.2560066320002 3.2866307779003963 3.8403721478793913 -2072.6483619872934 4.3292991187945114e-15 22.729647976292885 -4735.641705673495 1.607142270496538e-18 0.004615956362081119 0.03828182985324601
-2.2548898836168303 1.4289480752014336 4.193242866138266 761.3826206817757 590.363655877416 583.2905541919172 201.26096315681934 3.2866307779003963 3.8403721478793913 -2072.6483619872934 4.3292991187945114e-15 22.729647976292885 -4735.641705673495 1.607142270496538e-18 0.004615956362081119 0.03828182985324601
-2.3020304386750237 1.4034136078782462 4.21596622697982 760.3176930960035 591.569716822356 567.6285256631672 198.65296130999923 3.2866307779003963 3.8403721478793913 -2072.6483619872934 4.3292991187945114e-15 22.729647976292885 -4735.641705673495 1.607142270496538e-18 0.004615956362081119 0.03828182985324601
-2.352117278424351 1.377879140555058 4.240929030323754 759.2361943448195 592.8243244700134 550.9997272342443 195.43299440667033 3.2866307779003963 3.8403721478793913 -2072.6483619872934 4.3292991187945114e-15 22.729647976292885 -4735.641705673495 1.607142270496538e-18 0.004615956362081119 0.03828182985324601
-2.3894368845120835 1.3552909579230081 4.168108495438687 758.1388954820577 594.1279902255628 533.455300219357 191.60666074417531 3.2866307779003963 3.8403721478793913 -2072.6483619872934 4.3292991187945114e-15 22.729647976292885 -4735.641705673495 1.607142270496538e-18 0.004615956362081119 0.03828182985324601
-2.4297027752909544 1.3336848701880033 4.219903214512747 757.0263905862812 595.480956191197 515.0530796051025 187.1841637585312 3.2866307779003963 3.8403721478793913 -2072.6483619872934 4.3292991187945114e-15 22.729647976292885 -4735.641705673495 1.607142270496538e-18 0.004615956362081119 0.03828182985324601
-2.467022381378687 1.3110966875559524 4.1681084954386645 755.8990967599675 596.8831951669417 495.8575940281153 182.18031184375286 3.2866307779003963 3.8403721478793913 -2072.6483619872934 4.3292991187945114e-15 22.729647976292885 -4735.641705673495 1.607142270496538e-18 0.004615956362081119 0.03828182985324601
-2.503359892569379 1.2894905998209487 4.175953522780004 754.7572541307891 598.3344106490258 475.94006583094597 176.61451852880418 3.2866307779003963 3.8403721478793913 -2072.6483619872934 4.3292991187945114e-15 22.729647976292885 -4735.641705673495 1.607142270496538e-18 0.004615956362081119 0.03828182985324601
-2.5514825425246173 1.2678845120859437 4.290383950482472 753.6009258502163 599.8340368310455 455.37841100245714 170.51080232299864 3.2866307779003963 3.8403721478793913 -2072.6483619872934 4.3292991187945114e-15 22.729647976292885 -4735.641705673495 1.607142270496538e-18 0.004615956362081119 0.03828182985324601
-2.6045156669650833 1.2452963294538952 4.309734326832848 752.4299980940996 601.3812386043137 434.2572391927242 163.89778685756028 3.2866307779003963 3.8403721478793913 -2072.6483619872934 4.3292991187945114e-15 22.729647976292885 -4735.641705673495 1.607142270496538e-18 0.004615956362081119 0.03828182985324601
-2.660495076096684 1.224672336615937 4.359398592557783 751.2441800624365 602.9749115569284 412.6678537391126 156.8087007459253 3.2866307779003963 3.8403721478793913 -2072.6483619872934 4.3292991187945114e-15 22.729647976292885 -4735.641705673495 1.607142270496538e-18 0.004615956362081119 0.03828182985324601
-2.7164744852282894 1.20306624888093 4.3440400589757004 750.0430039806524 604.6136819733074 390.70825166255236 149.2813777141273 3.2866307779003963 3.8403721478793913 -2072.6483619872934 4.3292991187945114e-15 22.729647976292885 -4735.641705673495 1.607142270496538e-18 0.004615956362081119 0.03828182985324601
-2.77245389435989 1.183424350940018 4.374932911156916 748.8258250979707 606.2959068365162 368.48312359303236 141.3582564946264 3.2866307779003963 3.8403721478793913 -2072.6483619872934 4.3292991187945114e-15 22.729647976292885 -4735.641705673495 1.607142270496538e-18 0.004615956362081119 0.03828182985324601
-2.825487018800361 1.1647645478961508 4.374065357875465 747.5918216882274 608.0196738251252 346.10385389998555 133.0863808952272 3.2866307779003963 3.8403721478793913 -2072.6483619872934 4.3292991187945114e-15 22.729647976292885 -4735.641705673495 1.607142270496538e-18 0.004615956362081119 0.03828182985324601
-2.8755738585496844 1.1480689346463742 4.390638425988008 746.3399950489402 609.7828013153048 323.6885205954313 124.5173997823149 3.2866307779003963 3.8403721478793913 -2072.6483619872934 4.3292991187945114e-15 22.729647976292885 -4735.641705673495 1.607142270496538e-18 0.004615956362081119 0.03828182985324601
-2.9217323187108373 1.1313733213965986 4.365327376845261 745.0691695027053 611.5828383818734 301.3618953451514 115.70756705105305 3.2866307779003963 3.8403721478793913 -2072.6483619872934 4.3292991187945114e-15 22.729647976292885 -4735.641705673495 1.607142270496538e-18 0.004615956362081119 0.03828182985324601
-2.967890778871977 1.1166418979409125 4.403458236460887 743.7779923962662 613.4170647937572 279.2554434761405 106.71774165704846 3.2866307779003963 3.8403721478793913 -2072.6483619872934 4.3292991187945114e-15 22.729647976292885 -4735.641705673495 1.607142270496538e-18 0.004615956362081119 0.03828182985324601
-3.01699552372426 1.1028925693822746 4.439380277298004 742.4649341020267 615.2824910200434 257.5073240548372 97.61338762566447 3.2866307779003963 3.8403721478793913 -2072.6483619872934 4.3292991187945114e-15 22.729647976292885 -4735.641705673495 1.607142270496538e-18 0.004615956362081119 0.03828182985324601
-3.062171888988359 1.0911074306177242 4.4572065897638105 741.1282880149083 617.1758582252078 236.26238974928856 88.46457399427891 3.2866307779003963 3.8403721478793913 -2072.6483619872934 4.3292991187945114e-15 22.729647976292885 -4735.641705673495 1.607142270496538e-18 0.004615956362081119 0.03828182985324601
-3.1044019695613243 1.080304386750223 4.461945890773368 739.76617055526 619.0936382710934 215.67218689993024 79.3459748942405 3.2866307779003963 3.8403721478793913 -2072.6483619872934 4.3292991187945114e-15 22.729647976292885 -4735.641705673495 1.607142270496538e-18 0.004615956362081119 0.03828182985324601
-3.1466320501342806 1.0695013428827225 4.461945890773341 738.3765211675782 621.0320337159792 195.89495554938912 70.33686949498951 3.2866307779003963 3.8403721478793913 -2072.6483619872934 4.3292991187945114e-15 22.729647976292885 -4735.641705673495 1.607142270496538e-18 0.004615956362081119 0.03828182985324601
-3.188862130707246 1.0596803939122659 4.483892341092837 736.9571023207391 622.9869778167922 177.0956293940544 61.52114200219512 3.2866307779003963 3.8403721478793913 -2072.6483619872934 4.3292991187945114e-15 22.729647976292885 -4735.641705673495 1.607142270496538e-18 0.004615956362081119 0.03828182985324601
-3.2330564010743004 1.0498594449418084 4.493720034510724 735.5054995086975 624.9541345272446 159.44583578780293 52.98728168942034 3.2866307779003963 3.8403721478793913 -2072.6483619872934 4.3292991187945114e-15 22.729647976292885 -4735.641705673495 1.607142270496538e-18 0.004615956362081119 0.03828182985324601
-3.2821611459265876 1.0400384959713518 4.514993420534826 734.01912124909 626.9288984967861 143.12389577552676 44.82838287577033 3.2866307779003963 3.8403721478793913 -2072.6483619872934 4.3292991187945114e-15 22.729647976292885 -4735.641705673495 1.607142270496538e-18 0.004615956362081119 0.03828182985324601
-3.3332300805729647 1.0302175470008952 4.522400692465983 732.4951990838163 628.9063950738637 128.31482407823205 37.142144940793514 3.2866307779003963 3.8403721478793913 -2072.6483619872934 4.3292991187945114e-15 22.729647976292885 -4735.641705673495 1.607142270496538e-18 0.004615956362081119 0.03828182985324601
-3.3852811101163818 1.022360787824529 4.562576523811773 730.9307875800878 630.8814803012647 115.21032903343439 30.030872302129865 3.2866307779003963 3.8403721478793913 -2072.6483619872934 4.3292991187945114e-15 22.729647976292885 -4735.641705673495 1.607142270496538e-18 0.004615956362081119 0.03828182985324601
-3.4392963294538883 1.0135219337511185 4.550190146921298 729.3227643284481 632.8487409225199 104.00881270691752 23.60147444345057 3.2866307779003963 3.8403721478793913 -2072.6483619872934 4.3292991187945114e-15 22.729647976292885 -4735.641705673495 1.607142270496538e-18 0.004615956362081119 0.03828182985324601
-3.4952757385854936 1.00173679498657 4.504892753949489 727.6678299452178 634.8024943767814 94.91537079960108 17.96546589024365 3.2866307779003963 3.8403721478793913 -2072.6483619872934 4.3292991187945114e-15 22.729647976292885 -4735.641705673495 1.607142270496538e-18 0.004615956362081119 0.03828182985324601
-3.5483088630259556 0.9850411817367947 4.4073966335702774 725.9625080697006 636.7367887975415 88.14179272204638 13.238966230303049 3.2866307779003963 3.8403721478793913 -2072.6483619872934 4.3292991187945114e-15 22.729647976292885 -4735.641705673495 1.607142270496538e-18 0.004615956362081119 0.03828182985324601
-3.5983957027752878 0.968345568487018 4.390638425988061 724.2031453667441 638.6454030197347 83.90656149759889 9.54270008020103 3.2866307779003963 3.8403721478793913 -2072.6483619872934 4.3292991187945114e-15 22.729647976292885 -4735.641705673495 1.607142270496538e-18 0.004615956362081119 0.03828182985324601
-3.6484825425246155 0.9467394807520142 4.305133132309848 722.3859115239466 640.5218465728685 82.4348538480699 7.001997131854296 3.2866307779003963 3.8403721478793913 -2072.6483619872934 4.3292991187945114e-15 22.729647976292885 -4735.641705673495 1.607142270496538e-18 0.004615956362081119 0.03828182985324601
-3.700533572068037 0.9231692032229186 4.287183961405088 720.506799255847 642.3593596841674 83.95854019001126 5.746792133897543 3.2866307779003963 3.8403721478793913 -2072.6483619872934 4.3292991187945114e-15 22.729647976292885 -4735.641705673495 1.607142270496538e-18 0.004615956362081119 0.03828182985324601
-3.7496383169203242 0.8995989256938219 4.26486900522754 718.561624299502 644.1509132785723 88.71618455275893 5.9116248451173306 3.2866307779003963 3.8403721478793913 -2072.6483619872934 4.3292991187945114e-15 22.729647976292885 -4735.641705673495 1.607142270496538e-18 0.004615956362081119 0.03828182985324601
-3.800707251566697 0.8711181736794981 4.201900658467882 716.546025417163 645.8892089761794 96.95304469391704 7.635640136897564 3.2866307779003963 3.8403721478793913 -2072.6483619872934 4.3292991187945114e-15 22.729647976292885 -4735.641705673495 1.607142270496538e-18 0.004615956362081119 0.03828182985324601
-3.8517761862130735 0.8387090420769907 4.143075789284021 714.4554643952288 647.5666790967807 108.92107201367617 11.06258787959814 3.2866307779003963 3.8403721478793913 -2072.6483619872934 4.3292991187945114e-15 22.729647976292885 -4735.641705673495 1.607142270496538e-18 0.004615956362081119 0.03828182985324601
-3.899898836168312 0.8023715308863009 4.058753083465146 712.2852260437794 649.1754866554402 124.87891156226397 16.340823030099273 3.2866307779003963 3.8403721478793913 -2072.6483619872934 4.3292991187945114e-15 22.729647976292885 -4735.641705673495 1.607142270496538e-18 0.004615956362081119 0.03828182985324601
-3.9450752014324113 0.7621056401074287 3.974573920264235 710.0304181991378 650.7075253644725 145.0919020846486 23.623305581510067 3.2866307779003963 3.8403721478793913 -2072.6483619872934 4.3292991187945114e-15 22.729647976292885 -4735.641705673495 1.607142270496538e-18 0.004615956362081119 0.03828182985324601
-3.9804306177260584 0.7208576544315106 3.8339270882628336 707.6859717208426 652.1544196348405 169.8320759795606 33.06760056875646 3.3042506579961066 3.85904713689495 -2083.6902491479173 0.04879093089925405 22.847909535020058 -4806.45682867341 2.0448839438077986e-05 0.004636490395985072 0.020563064882169312
-4.0089113697403835 0.6796096687555936 3.72394559973382 705.2466404929291 653.5075245732442 199.37815936282277 44.835878102108836 3.3042506579961066 3.85904713689495 -2083.6902491479173 0.04879093089925405 22.847909535020058 -4806.45682867341 2.0448839438077986e-05 0.004636490395985072 0.020563064882169312
-4.032481647269476 0.6373795881826296 3.6241059486121463 702.7070014238125 654.7579259828199 234.015571936965 59.094913333654404 3.3042506579961066 3.85904713689495 -2083.6902491479173 0.04879093089925405 22.847909535020058 -4806.45682867341 2.0448839438077986e-05 0.004636490395985072 0.020563064882169312
-4.046230975828116 0.5990778871978503 3.4474715249947225 700.0614544458222 655.8964403658174 274.03642712906003 76.01608645915985 3.3042506579961066 3.85904713689495 -2083.6902491479173 0.04879093089925405 22.847909535020058 -4806.45682867341 2.0448839438077986e-05 0.004636490395985072 0.020563064882169312
-4.05114145031334 0.5617582811101146 3.222496752744947 697.3042225171812 656.9136149202241 319.7395320534706 95.77538272179663 3.3042506579961066 3.85904713689495 -2083.6902491479173 0.04879093089925405 22.847909535020058 -4806.45682867341 2.0448839438077986e-05 0.004636490395985072 0.020563064882169312
-4.051141450313344 0.5214923903312424 3.091634257867896 694.429351619794 657.799727540114 371.43038745597005 118.55339246056974 3.3042506579961066 3.85904713689495 -2083.6902491479173 0.04879093089925405 22.847909535020058 -4806.45682867341 2.0448839438077986e-05 0.004636490395985072 0.020563064882169312
-4.039356311548798 0.48417278424350785 2.8357137821849814 691.4307107597124 658.5447868210031 429.42118772119284 144.53531100973487 3.3042506579961066 3.85904713689495 -2083.6902491479173 0.04879093089925405 22.847909535020058 -4806.45682867341 2.0448839438077986e-05 0.004636490395985072 0.020563064882169312
