27 -0.5774717994628488 0.29266427931960454 1.8370483759458336 1.217797672336625 0.08446016114592682
-0.5774717994628488 0.29266427931960454 1.8370483759458336 660.969805508852 544.6880636252463 626.9236662834883 274.71455842256546 3.384790656260345 3.883717502895926 -2184.069945929581 0.14925990623965202 22.98508137158916 -5147.040941421246 6.25565407542549e-05 0.004648539309780806 -0.053610077667407996
-0.5342596239928389 0.2867717099373315 1.7063240407803744 661.2149926498532 543.4962805565447 629.7981137111783 274.05307918787 3.384790656260345 3.883717502895926 -2184.069945929581 0.14925990623965202 22.98508137158916 -5147.040941421246 6.25565407542549e-05 0.004648539309780806 -0.053610077667407996
-0.4871190689346455 0.27891495076096445 1.735945004209554 661.0138741396368 542.2864073049277 633.2761272862554 278.8356167078018 3.384790656260345 3.883717502895926 -2184.069945929581 0.14925990623965202 22.98508137158916 -5147.040941421246 6.25565407542549e-05 0.004648539309780806 -0.053610077667407996
-0.4360501342882731 0.2720402864816455 1.7046073042694792 660.453965254128 541.0373218525201 637.2268724441528 287.9000170826912 3.384790656260345 3.883717502895926 -2184.069945929581 0.14925990623965202 22.98508137158916 -5147.040941421246 6.25565407542549e-05 0.004648539309780806 -0.053610077667407996
-0.3810528200537171 0.2632014324082359 1.71787468218328 659.615937769413 539.7312382850796 641.5299052074552 300.18058478832245 3.384790656260345 3.883717502895926 -2184.069945929581 0.14925990623965202 22.98508137158916 -5147.040941421246 6.25565407542549e-05 0.004648539309780806 -0.053610077667407996
-0.32703760071620147 0.2523983885407323 1.7572832284621278 658.5736201219261 538.3537068236619 646.0751721933484 314.7080866098404 3.384790656260345 3.883717502895926 -2184.069945929581 0.14925990623965202 22.98508137158916 -5147.040941421246 6.25565407542549e-05 0.004648539309780806 -0.053610077667407996
-0.27596866606982456 0.240613249776184 1.7873466317709903 657.3939973078668 536.8936137184501 650.7630106732249 330.6097494363785 3.384790656260345 3.883717502895926 -2184.069945929581 0.14925990623965202 22.98508137158916 -5147.040941421246 6.25565407542549e-05 0.004648539309780806 -0.053610077667407996
-0.21704297224708508 0.22489973142345324 1.8238719789594913 656.1372110359371 535.343181360513 655.5041484832764 347.1092603802681 3.384790656260345 3.883717502895926 -2184.069945929581 0.14925990623965202 22.98508137158916 -5147.040941421246 6.25565407542549e-05 0.004648539309780806 -0.053610077667407996
-0.15713518352730083 0.20722202327663072 1.8513331185332422 654.856559433043 533.6979682017118 660.2197040989995 363.5267670750618 3.376128765426572 3.9346498644706 -2196.6495492960994 0.09922871169078405 23.148891116586327 -5171.072455051896 4.1587892577864315e-05 0.004709412308418543 -0.06039814832381773
-0.09428111011637781 0.1875801253357187 1.8681614720188047 653.598497428 531.956868827343 664.8411865904927 379.2788779139519 3.376128765426572 3.9346498644706 -2196.6495492960994 0.09922871169078405 23.148891116586327 -5171.072455051896 4.1587892577864315e-05 0.004709412308418543 -0.06039814832381773
-0.023570277529092222 0.16892032229185364 1.8224862985530625 652.4026364162564 530.1221138667315 669.3104956373572 393.87866151332855 3.376128765426572 3.9346498644706 -2196.6495492960994 0.09922871169078405 23.148891116586327 -5171.072455051896 4.1587892577864315e-05 0.004709412308418543 -0.06039814832381773
0.04812264995523814 0.15026051924798411 1.8190862360979918 651.301744453609 528.1992700919509 673.579921528697 406.935647547245 3.376128765426572 3.9346498644706 -2196.6495492960994 0.09922871169078405 23.148891116586327 -5171.072455051896 4.1587892577864315e-05 0.004709412308418543 -0.06039814832381773
0.1355290957923026 0.13454700089525448 1.7415315382701742 650.321746185422 526.1972403321415 677.6121451705694 418.15582525730133 3.376128765426572 3.9346498644706 -2196.6495492960994 0.09922871169078405 23.148891116586327 -5171.072455051896 4.1587892577864315e-05 0.004709412308418543 -0.06039814832381773
0.22489973142346106 0.12177976723366138 1.7048195283749512 649.4817228466272 524.1282635368407 681.3802380561829 427.3416451215744 3.376128765426572 3.9346498644706 -2196.6495492960994 0.09922871169078405 23.148891116586327 -5171.072455051896 4.1587892577864315e-05 0.004709412308418543 -0.06039814832381773
0.3142703670546106 0.11195881826320479 1.6802472759362665 648.7939123436809 522.0079147480428 684.8676622882485 434.3920180797577 3.376128765426572 3.9346498644706 -2196.6495492960994 0.09922871169078405 23.148891116586327 -5171.072455051896 4.1587892577864315e-05 0.004709412308418543 -0.06039814832381773
0.40462309758280934 0.10508415398388363 1.64673696306081 648.2637090682983 519.8551050629467 688.0682706236839 439.3023151755333 3.376128765426572 3.9346498644706 -2196.6495492960994 0.09922871169078405 23.148891116586327 -5171.072455051896 4.1587892577864315e-05 0.004709412308418543 -0.06039814832381773
0.4949758281110126 0.10017367949865645 1.6250907387031888 647.8896641507745 517.6920817308128 690.9863063618541 442.1643686890602 3.376128765426572 3.9346498644706 -2196.6495492960994 0.09922871169078405 23.148891116586327 -5171.072455051896 4.1587892577864315e-05 0.004709412308418543 -0.06039814832381773
0.5774717994628532 0.09919158460161058 1.5827005263532083 647.6634852103889 515.544428056106 693.6364034637809 443.1664704680443 3.376128765426572 3.9346498644706 -2196.6495492960994 0.09922871169078405 23.148891116586327 -5171.072455051896 4.1587892577864315e-05 0.004709412308418543 -0.06039814832381773
0.6560393912265059 0.10017367949865534 1.5582969777755462 647.5700365416706 513.4410634562373 696.0435864627361 442.59337335824966 3.376128765426572 3.9346498644706 -2196.6495492960994 0.09922871169078405 23.148891116586327 -5171.072455051896 4.1587892577864315e-05 0.004709412308418543 -0.06039814832381773
0.7326427931960645 0.10213786929274599 1.5451609182732269 647.5873389616609 511.4142434075475 698.2432705536485 440.82629108428955 3.376128765426572 3.9346498644706 -2196.6495492960994 0.09922871169078405 23.148891116586327 -5171.072455051896 4.1587892577864315e-05 0.004709412308418543 -0.06039814832381773
0.801389435989265 0.10410205908683774 1.542232668956132 647.6865700408816 509.4995595458895 700.2812614515424 438.3428973555565 3.376128765426572 3.9346498644706 -2196.6495492960994 0.09922871169078405 23.148891116586327 -5171.072455051896 4.1587892577864315e-05 0.004709412308418543 -0.06039814832381773
0.8662076991942775 0.10704834377797427 1.5253730473733258 647.8320637978613 507.7359395213425 702.2137555778027 435.7173267006874 3.376128765426572 3.9346498644706 -2196.6495492960994 0.09922871169078405 23.148891116586327 -5171.072455051896 4.1587892577864315e-05 0.004709412308418543 -0.06039814832381773
0.9241512981199679 0.10999462846911304 1.5199926227366412 647.9813109301031 506.16564716398716 704.1073399111629 433.62017339468 3.376128765426572 3.9346498644706 -2196.6495492960994 0.09922871169078405 23.148891116586327 -5171.072455051896 4.1587892577864315e-05 0.004709412308418543 -0.06039814832381773
0.9860232766338416 0.1109767233661578 1.5549246438031203 648.0849587321281 504.8342823404819 706.038992010057 432.8184934258461 3.376128765426572 3.9346498644706 -2196.6495492960994 0.09922871169078405 23.148891116586327 -5171.072455051896 4.1587892577864315e-05 0.004709412308418543 -0.06039814832381773
1.0400384959713485 0.10803043867502127 1.625287783035624 648.0868110693991 503.7907810024917 708.0960801243782 434.1758024096489 3.376128765426572 3.9346498644706 -2196.6495492960994 0.09922871169078405 23.148891116586327 -5171.072455051896 4.1587892577864315e-05 0.004709412308418543 -0.06039814832381773
1.086196956132497 0.10115577439570123 1.7186456920536533 647.9238284826279 503.0874152518809 710.3763630315661 438.65207678079605 3.376128765426572 3.9346498644706 -2196.6495492960994 0.09922871169078405 23.148891116586327 -5171.072455051896 4.1587892577864315e-05 0.004709412308418543 -0.06039814832381773
1.145122649955241 0.09329901521933752 1.7033478590915347 647.5261280238628 502.7797932215035 712.9879902005196 447.3037540316582 3.376128765426572 3.9346498644706 -2196.6495492960994 0.09922871169078405 23.148891116586327 -5171.072455051896 4.1587892577864315e-05 0.004709412308418543 -0.06039814832381773
1.217797672336625 0.08446016114592682 1.6918235466040898 649.1816929564811 501.43315799348056 681.1405951827765 474.83395520132035 3.376128765426572 3.9346498644706 -2196.6495492960994 0.09922871169078405 23.148891116586327 -5171.072455051896 4.1587892577864315e-05 0.004709412308418543 -0.06039814832381773
1.295383169203233 0.07365711727842324 1.7091472969720372 647.5811465182342 498.95430439151824 702.6921899169683 454.54744231607765 3.376128765426572 3.9346498644706 -2196.6495492960994 0.09922871169078405 23.148891116586327 -5171.072455051896 4.1587892577864315e-05 0.004709412308418543 -0.06039814832381773
1.355290957923017 0.060889883616830134 1.780769839657056 645.9113425384276 496.8740168567747 720.1136142760515 435.7327820714563 3.376128765426572 3.9346498644706 -2196.6495492960994 0.09922871169078405 23.148891116586327 -5171.072455051896 4.1587892577864315e-05 0.004709412308418543 -0.06039814832381773
1.4102882721575731 0.04812264995523591 1.7988989550748544 644.1688982392661 495.1554271746427 733.7903515547514 418.3302466236055 3.376128765426572 3.9346498644706 -2196.6495492960994 0.09922871169078405 23.148891116586327 -5171.072455051896 4.1587892577864315e-05 0.004709412308418543 -0.06039814832381773
1.4535004476275784 0.03240913160250627 1.9195673303788119 642.3508649272844 493.76318760216236 744.0929100513458 402.28116694651544 3.376128765426572 3.9346498644706 -2196.6495492960994 0.09922871169078405 23.148891116586327 -5171.072455051896 4.1587892577864315e-05 0.004709412308418543 -0.06039814832381773
1.4878737690241766 0.015713518352730754 2.0229501890806563 640.4547279961407 492.6634708791971 751.3768235296011 387.527932850644 3.376128765426572 3.9346498644706 -2196.6495492960994 0.09922871169078405 23.148891116586327 -5171.072455051896 4.1587892577864315e-05 0.004709412308418543 -0.06039814832381773
1.5055514771710001 -0.003928379588182409 2.4087775518032366 638.4784069205634 491.82397019304335 755.9826507568359 374.013992969878 3.376128765426572 3.9346498644706 -2196.6495492960994 0.09922871169078405 23.148891116586327 -5171.072455051896 4.1587892577864315e-05 0.004709412308418543 -0.06039814832381773
1.5271575649060027 -0.026516562220232097 2.378413055519095 636.4202552638017 491.2138992231339 758.2359757721424 361.6838547568768 3.376128765426572 3.9346498644706 -2196.6495492960994 0.09922871169078405 23.148891116586327 -5171.072455051896 4.1587892577864315e-05 0.004709412308418543 -0.06039814832381773
1.5576025067144217 -0.05008683974932879 2.2296023629123343 634.2790606748313 490.80399210192263 758.4474080502987 350.48308451101184 3.376128765426572 3.9346498644706 -2196.6495492960994 0.09922871169078405 23.148891116586327 -5171.072455051896 4.1587892577864315e-05 0.004709412308418543 -0.06039814832381773
1.5664413607878336 -0.07758549686660676 2.8305943729842182 632.0540448864922 490.5665034353733 756.9125820100307 340.3583073383197 3.376128765426572 3.9346498644706 -2196.6495492960994 0.09922871169078405 23.148891116586327 -5171.072455051896 4.1587892577864315e-05 0.004709412308418543 -0.06039814832381773
1.5664413607878336 -0.11097672336615892 3.141592653589793 629.7448637196794 490.4752083104104 753.9121573269367 331.25720717944205 3.376128765426572 3.9346498644706 -2196.6495492960994 0.09922871169078405 23.148891116586327 -5171.072455051896 4.1587892577864315e-05 0.004709412308418543 -0.06039814832381773
1.5526920322291935 -0.1482963294538957 3.494583041416709 627.3516070768237 490.50540228001773 749.7118191123009 323.12852679751813 3.376128765426572 3.9346498644706 -2196.6495492960994 0.09922871169078405 23.148891116586327 -5171.072455051896 4.1587892577864315e-05 0.004709412308418543 -0.06039814832381773
1.5526920322291935 -0.18659803043867504 3.141592653589793 624.8747989460826 490.6339013464749 744.5622775107622 315.9220677902922 3.376128765426572 3.9346498644706 -2196.6495492960994 0.09922871169078405 23.148891116586327 -5171.072455051896 4.1587892577864315e-05 0.004709412308418543 -0.06039814832381773
1.5576025067144172 -0.2298102059086849 3.028441671999413 622.3153974069282 490.8390420060605 738.6992679685354 309.5886905817315 3.376128765426572 3.9346498644706 -2196.6495492960994 0.09922871169078405 23.148891116586327 -5171.072455051896 4.1587892577864315e-05 0.004709412308418543 -0.06039814832381773
1.5615308863026007 -0.27695076096687604 3.0584514217013323 619.674794615712 491.10068121924996 732.3435510247946 304.08031441271305 3.376128765426572 3.9346498644706 -2196.6495492960994 0.09922871169078405 23.148891116586327 -5171.072455051896 4.1587892577864315e-05 0.004709412308418543 -0.06039814832381773
1.5615308863026007 -0.3290017905102966 3.141592653589793 616.9548168214969 491.40019641444087 725.700912669301 299.3499173549935 3.376128765426572 3.9346498644706 -2196.6495492960994 0.09922871169078405 23.148891116586327 -5171.072455051896 4.1587892577864315e-05 0.004709412308418543 -0.06039814832381773
1.5654592658907889 -0.3820349149507619 3.0676536159317522 614.1577243553475 491.7204854879528 718.9621639102697 295.35153631400317 3.376128765426572 3.9346498644706 -2196.6495492960994 0.09922871169078405 23.148891116586327 -5171.072455051896 4.1587892577864315e-05 0.004709412308418543 -0.06039814832381773
1.5654592658907889 -0.4340859444941824 3.141592653589793 611.2862116307952 492.0459668021649 712.3031409978867 292.0402670186013 3.376128765426572 3.9346498644706 -2196.6495492960994 0.09922871169078405 23.148891116586327 -5171.072455051896 4.1587892577864315e-05 0.004709412308418543 -0.06039814832381773
1.556620411817377 -0.485154879140556 3.31297177997932 608.3434071545489 492.3625792004168 705.8847055733204 289.3722640154883 3.376128765426572 3.9346498644706 -2196.6495492960994 0.09922871169078405 23.148891116586327 -5171.072455051896 4.1587892577864315e-05 0.004709412308418543 -0.06039814832381773
1.5517099373321488 -0.5352417188898837 3.2393195609485135 605.3328735101968 492.65778199210763 699.8527443259954 287.3047406831756 3.376128765426572 3.9346498644706 -2196.6495492960994 0.09922871169078405 23.148891116586327 -5171.072455051896 4.1587892577864315e-05 0.004709412308418543 -0.06039814832381773
1.5379606087735087 -0.5843464637421666 3.4146013566765205 602.2586073717102 492.9205549582839 694.3381693065166 285.7959692357108 3.376128765426572 3.9346498644706 -2196.6495492960994 0.09922871169078405 23.148891116586327 -5171.072455051896 4.1587892577864315e-05 0.004709412308418543 -0.06039814832381773
1.5330501342882803 -0.6314870188003577 3.245384994046837 599.1250394969247 493.14139834046364 689.4569175988436 284.80528069939464 3.376128765426572 3.9346498644706 -2196.6495492960994 0.09922871169078405 23.148891116586327 -5171.072455051896 4.1587892577864315e-05 0.004709412308418543 -0.06039814832381773
1.528139659803052 -0.6776454789615041 3.2453849940468342 595.9370347331278 493.31233285181224 685.3099516183138 284.29306493885815 3.376128765426572 3.9346498644706 -2196.6495492960994 0.09922871169078405 23.148891116586327 -5171.072455051896 4.1587892577864315e-05 0.004709412308418543 -0.06039814832381773
1.5271575649060072 -0.7228218442256057 3.162866039613834 592.6998920054175 493.42689968273044 681.9832591563463 284.22077064588666 3.376128765426572 3.9346498644706 -2196.6495492960994 0.09922871169078405 23.148891116586327 -5171.072455051896 4.1587892577864315e-05 0.004709412308418543 -0.06039814832381773
1.5310859444941909 -0.7679982094897051 3.056690860140051 589.4193443325348 493.48016049712896 679.5478529185057 284.5509053161368 3.376128765426572 3.9346498644706 -2196.6495492960994 0.09922871169078405 23.148891116586327 -5171.072455051896 4.1587892577864315e-05 0.004709412308418543 -0.06039814832381773
1.5350143240823744 -0.8112103849597138 3.0529367717223357 586.1015588077717 493.4686974156648 678.0597710162401 285.2470353078097 3.376128765426572 3.9346498644706 -2196.6495492960994 0.09922871169078405 23.148891116586327 -5171.072455051896 4.1587892577864315e-05 0.004709412308418543 -0.06039814832381773
1.5389427036705534 -0.8534404655326778 3.0509327663891295 582.7531366222538 493.39061303809285 677.5600767880678 286.27378577925265 3.3786167380409675 3.9299800166513474 -2196.3791203339433 0.09914269396073541 23.09851194772935 -5153.721724160309 4.1551841559403e-05 0.00469494964994092 -0.055933329902278985
1.542871083258737 -0.8946884512085947 3.0488363334016277 579.3811130430549 493.24553042277694 678.0748587399721 287.59684072528034 3.3786167380409675 3.9299800166513474 -2196.3791203339433 0.09914269396073541 23.09851194772935 -5153.721724160309 4.1551841559403e-05 0.00469494964994092 -0.055933329902278985
1.5507278424350994 -0.9379006266786046 2.965653028137324 575.992957429029 493.0345931183547 679.615230679512 289.1829429687932 3.3786167380409675 3.9299800166513474 -2196.3791203339433 0.09914269396073541 23.09851194772935 -5153.721724160309 4.1551841559403e-05 0.00469494964994092 -0.055933329902278985
1.5595666965085113 -0.9801307072515675 2.9398303092694853 572.5965732201003 492.760465124622 682.1773314774036 290.99989414867014 3.3786167380409675 3.9299800166513474 -2196.3791203339433 0.09914269396073541 23.09851194772935 -5153.721724160309 4.1551841559403e-05 0.00469494964994092 -0.055933329902278985
1.5684055505819232 -1.0203965980304408 2.9304993203670335 569.200297945179 492.4273309186101 685.7423253655434 293.01655474398285 3.3786167380409675 3.9299800166513474 -2196.3791203339433 0.09914269396073541 23.09851194772935 -5153.721724160309 4.1551841559403e-05 0.00469494964994092 -0.055933329902278985
1.5772444046553349 -1.0596803939122659 2.925507681292981 565.8129032119177 492.0408954434097 690.2764018923044 295.2028440544382 3.3786167380409675 3.9299800166513474 -2196.3791203339433 0.09914269396073541 23.09851194772935 -5153.721724160309 4.1551841559403e-05 0.00469494964994092 -0.055933329902278985
1.5811727842435184 -1.100928379588183 3.0466409472470137 562.4435947220773 491.6083841267973 695.7307754307985 297.52974020224065 3.3786167380409675 3.9299800166513474 -2196.3791203339433 0.09914269396073541 23.09851194772935 -5153.721724160309 4.1551841559403e-05 0.00469494964994092 -0.055933329902278985
1.5811727842435184 -1.1411942703670541 3.141592653589793 559.1020122584887 491.1385428402573 702.0416860431433 299.969280150719 3.3786167380409675 3.9299800166513474 -2196.3791203339433 0.09914269396073541 23.09851194772935 -5153.721724160309 4.1551841559403e-05 0.00469494964994092 -0.055933329902278985
1.5811727842435184 -1.1794959713518356 3.141592653589793 555.7982296869159 490.641637949273 709.130398735404 302.4945596670732 3.3786167380409675 3.9299800166513474 -2196.3791203339433 0.09914269396073541 23.09851194772935 -5153.721724160309 4.1551841559403e-05 0.00469494964994092 -0.055933329902278985
1.5811727842435184 -1.218779767233662 3.141592653589793 552.5427549667656 490.12945627607405 716.9032038450241 305.07973336149007 3.3786167380409675 3.9299800166513474 -2196.3791203339433 0.09914269396073541 23.09851194772935 -5153.721724160309 4.1551841559403e-05 0.00469494964994092 -0.055933329902278985
1.5811727842435184 -1.2590456580125353 3.141592653589793 549.3465301296674 489.6153051201254 725.2514169216156 307.70001467410475 3.3786167380409675 3.9299800166513474 -2196.3791203339433 0.09914269396073541 23.09851194772935 -5153.721724160309 4.1551841559403e-05 0.00469494964994092 -0.055933329902278985
1.5860832587287468 -1.3002936436884522 3.0231026944316537 546.2209313050844 489.1140122395009 734.0513786226511 310.33167585451156 3.3786167380409675 3.9299800166513474 -2196.3791203339433 0.09914269396073541 23.09851194772935 -5153.721724160309 4.1551841559403e-05 0.00469494964994092 -0.055933329902278985
1.590993733213975 -1.3395774395702786 3.017237659043032 543.1777687012218 488.6419258713722 743.1644550412893 312.95204800367355 3.3786167380409675 3.9299800166513474 -2196.3791203339433 0.09914269396073541 23.09851194772935 -5153.721724160309 4.1551841559403e-05 0.00469494964994092 -0.055933329902278985
1.5959042076992034 -1.3798433303491495 3.020240653019027 540.2292866162024 488.2169147301465 752.4370372742414 315.53952101804316 3.3786167380409675 3.9299800166513474 -2196.3791203339433 0.09914269396073541 23.09851194772935 -5153.721724160309 4.1551841559403e-05 0.00469494964994092 -0.055933329902278985
1.6047430617726106 -1.4201092211280217 2.9255076812930927 537.388163428288 487.8583679832518 761.7005417048931 318.07354364544153 3.3786167380409675 3.9299800166513474 -2196.3791203339433 0.09914269396073541 23.09851194772935 -5153.721724160309 4.1551841559403e-05 0.00469494964994092 -0.055933329902278985
1.613581915846018 -1.46135720680394 2.9304993203671317 534.6675116056576 487.5871952716261 770.7714100629091 320.5346234543249 3.3786167380409675 3.9299800166513474 -2196.3791203339433 0.09914269396073541 23.09851194772935 -5153.721724160309 4.1551841559403e-05 0.00469494964994092 -0.055933329902278985
1.6224207699194253 -1.502605192479858 2.9304993203671317 532.0808776970953 487.4258267246187 779.4511091411114 322.90432683285326 3.3786167380409675 3.9299800166513474 -2196.3791203339433 0.09914269396073541 23.09851194772935 -5153.721724160309 4.1551841559403e-05 0.00469494964994092 -0.055933329902278985
1.6312596239928372 -1.543853178155776 2.930499320367028 529.6422423422337 487.3982129096985 787.5261311680079 325.1652790065855 3.3786167380409675 3.9299800166513474 -2196.3791203339433 0.09914269396073541 23.09851194772935 -5153.721724160309 4.1551841559403e-05 0.00469494964994092 -0.055933329902278985
1.640098478066249 -1.5841190689346472 2.925507681292981 527.3660202603787 487.52982489205897 794.7679933011532 327.3011640170589 3.3786167380409675 3.9299800166513474 -2196.3791203339433 0.09914269396073541 23.09851194772935 -5153.721724160309 4.1551841559403e-05 0.00469494964994092 -0.055933329902278985
1.6489373321396608 -1.625367054610564 2.930499320367023 525.267060266342 487.84765419363976 800.9332379996777 329.29672473855317 3.3786167380409675 3.9299800166513474 -2196.3791203339433 0.09914269396073541 23.09851194772935 -5153.721724160309 4.1551841559403e-05 0.00469494964994092 -0.055933329902278985
1.6577761862130727 -1.6666150402864823 2.930499320367028 523.3606452448294 488.38021281175315 805.7634332627058 331.1377628715709 3.3786167380409675 3.9299800166513474 -2196.3791203339433 0.09914269396073541 23.09851194772935 -5153.721724160309 4.1551841559403e-05 0.00469494964994092 -0.055933329902278985
1.6666150402864846 -1.7078630259624004 2.930499320367028 521.6624921788462 489.157533204183 808.9851718097925 332.8111389372498 3.3786167380409675 3.9299800166513474 -2196.3791203339433 0.09914269396073541 23.09851194772935 -5153.721724160309 4.1551841559403e-05 0.00469494964994092 -0.055933329902278985
1.6754538943598962 -1.7491110116383173 2.930499320367023 520.1887521324679 490.21116831339896 810.3100719451904 334.3047723090276 3.3786167380409675 3.9299800166513474 -2196.3791203339433 0.09914269396073541 23.09851194772935 -5153.721724160309 4.1551841559403e-05 0.00469494964994092 -0.055933329902278985
1.6793822739480753 -1.7903589973142353 3.046640947247124 518.956010252703 491.5741915330291 809.4347770661116 335.6076411334798 3.3786167380409675 3.9299800166513474 -2196.3791203339433 0.09914269396073541 23.09851194772935 -5153.721724160309 4.1551841559403e-05 0.00469494964994092 -0.055933329902278985
1.6793822739480753 -1.8325890778871994 3.141592653589793 517.9812857797369 493.28119674883783 806.0409557521343 336.7097824411467 3.3786167380409675 3.9299800166513474 -2196.3791203339433 0.09914269396073541 23.09851194772935 -5153.721724160309 4.1551841559403e-05 0.00469494964994092 -0.055933329902278985
1.6833106535362587 -1.8738370635631163 3.0466409472470137 517.282032025978 495.36829830519855 799.7953021079302 337.6022920617834 3.3786167380409675 3.9299800166513474 -2196.3791203339433 0.09914269396073541 23.09851194772935 -5153.721724160309 4.1551841559403e-05 0.00469494964994092 -0.055933329902278985
1.5153724261414523 -1.861069829901522 4.788266417510181 516.8761364053935 497.8731309995055 790.3495348840952 338.2773246448487 3.3786167380409675 3.9299800166513474 -2196.3791203339433 0.09914269396073541 23.09851194772935 -5153.721724160309 4.1551841559403e-05 0.00469494964994092 -0.055933329902278985
1.2924368845120897 -1.821786034019697 4.886809859971225 516.7819204009138 500.83485013619065 777.3403985649347 338.72809369210154 3.3786167380409675 3.9299800166513474 -2196.3791203339433 0.09914269396073541 23.09851194772935 -5153.721724160309 4.1551841559403e-05 0.00469494964994092 -0.055933329902278985
1.0655729632945434 -1.7697350044762774 4.937922806975483 517.0181395928375 504.2941314484924 760.3896626979113 338.94887150265276 3.3786167380409675 3.9299800166513474 -2196.3791203339433 0.09914269396073541 23.09851194772935 -5153.721724160309 4.1551841559403e-05 0.00469494964994092 -0.055933329902278985
0.8426374216651764 -1.7088451208594462 4.9790137466260695 517.6039836439304 508.29317117482424 739.1041219383478 338.93498922139406 3.3786167380409675 3.9299800166513474 -2196.3791203339433 0.09914269396073541 23.09851194772935 -5153.721724160309 4.1551841559403e-05 0.00469494964994092 -0.055933329902278985
0.6197018800358138 -1.6420626678603418 5.0034415711658955 518.5590763003565 512.8756860047579 713.0755962729454 338.68283681571484 3.3786167380409675 3.9299800166513474 -2196.3791203339433 0.09914269396073541 23.09851194772935 -5153.721724160309 4.1551841559403e-05 0.00469494964994092 -0.055933329902278985
0.395784243509402 -1.5733160250671447 5.010271389237641 519.9034753940068 518.0869131013751 681.8809308856726 338.1898630782962 3.3786167380409675 3.9299800166513474 -2196.3791203339433 0.09914269396073541 23.09851194772935 -5153.721724160309 4.1551841559403e-05 0.00469494964994092 -0.055933329902278985
0.17481289167412892 -1.5055514771709946 5.0099507051224945 521.6576728448272 523.9736100938171 645.081996306777 337.45457562990487 3.3786167380409675 3.9299800166513474 -2196.3791203339433 0.09914269396073541 23.09851194772935 -5153.721724160309 4.1551841559403e-05 0.00469494964994092 -0.055933329902278985
-0.04419427036705462 -1.4358227394807537 5.020626843767998 523.8425946538337 530.5840550865978 602.225687995553 336.4765409072861 3.3786167380409675 3.9299800166513474 -2196.3791203339433 0.09914269396073541 23.09851194772935 -5153.721724160309 4.1551841559403e-05 0.00469494964994092 -0.055933329902278985
