20 0.6167555953446751 1.0891432408236346 0.8605253193082606 1.2384216651745785 1.708845120859445
0.6167555953446751 1.0891432408236346 0.8605253193082606 721.9645933657885 499.5371958203614 644.3228626213968 284.75078189373016 3.1882821803851265 3.6925441880923464 -1901.511941456056 0.044473352650207985 21.831947774221504 -4157.906176736316 1.8639292812325418e-05 0.004440078837477611 0.1507701298405929
0.6589856759176357 1.1323554162936444 0.7739044166823758 724.7706539258361 498.18278900906444 645.4500381909311 288.8113180398941 3.1882821803851265 3.6925441880923464 -1901.511941456056 0.044473352650207985 21.831947774221504 -4157.906176736316 1.8639292812325418e-05 0.004440078837477611 0.1507701298405929
0.7012157564906008 1.1745854968666074 0.7853981633974747 727.7589361071587 497.11701318249106 646.8564470782876 297.4548715353012 3.1882821803851265 3.6925441880923464 -1901.511941456056 0.044473352650207985 21.831947774221504 -4157.906176736316 1.8639292812325418e-05 0.004440078837477611 0.1507701298405929
0.7316606982990153 1.2158334825425232 0.6358384235237519 730.8764377422631 496.28888589143753 648.484679158777 309.51574075222015 3.1882821803851265 3.6925441880923464 -1901.511941456056 0.044473352650207985 21.831947774221504 -4157.906176736316 1.8639292812325418e-05 0.004440078837477611 0.1507701298405929
0.7621056401074298 1.259045658012532 0.613770095016557 734.0724786445498 495.6502129212022 650.2821456827223 323.93672597408295 3.1882821803851265 3.6925441880923464 -1901.511941456056 0.044473352650207985 21.831947774221504 -4157.906176736316 1.8639292812325418e-05 0.004440078837477611 0.1507701298405929
0.7817475380483385 1.3022578334825416 0.42662749312678266 737.298700619489 495.15558824688196 652.2010792903602 339.76913583278656 3.1882821803851265 3.6925441880923464 -1901.511941456056 0.044473352650207985 21.831947774221504 -4157.906176736316 1.8639292812325418e-05 0.004440078837477611 0.1507701298405929
0.7974610564010726 1.34350581915846 0.3639789565097161 740.5090674571693 494.76239409297705 654.1985340192914 356.1727830171585 3.1882821803851265 3.6925441880923464 -1901.511941456056 0.044473352650207985 21.831947774221504 -4157.906176736316 1.8639292812325418e-05 0.004440078837477611 0.1507701298405929
0.8131745747538067 1.3847538048343768 0.3639789565097251 743.6598649173975 494.4308008812368 656.2363852746785 372.41598904132843 3.1882821803851265 3.6925441880923464 -1901.511941456056 0.044473352650207985 21.831947774221504 -4157.906176736316 1.8639292812325418e-05 0.004440078837477611 0.1507701298405929
0.8210313339301737 1.4269838854073407 0.1839434565372132 746.7097007408738 494.1237672418356 658.2813299559057 387.87557804584503 3.1882821803851265 3.6925441880923464 -1901.511941456056 0.044473352650207985 21.831947774221504 -4157.906176736316 1.8639292812325418e-05 0.004440078837477611 0.1507701298405929
0.8328164726947244 1.4672497761862129 0.28473043852277197 749.6195046566427 493.80703999474645 660.3048863075674 402.0368834733963 3.1882821803851265 3.6925441880923464 -1901.511941456056 0.044473352650207985 21.831947774221504 -4157.906176736316 1.8639292812325418e-05 0.004440078837477611 0.1507701298405929
0.8446016114592704 1.5045693822739485 0.30587887140480347 752.3525284044445 493.4491542428732 662.2833939380944 414.4937413930893 3.1882821803851265 3.6925441880923464 -1901.511941456056 0.044473352650207985 21.831947774221504 -4157.906176736316 1.8639292812325418e-05 0.004440078837477611 0.1507701298405929
0.8603151298120001 1.5399247985675903 0.4182243295792291 754.8743456341326 493.0214332193136 664.198013972491 424.94849693775177 3.1882821803851265 3.6925441880923464 -1901.511941456056 0.044473352650207985 21.831947774221504 -4157.906176736316 1.8639292812325418e-05 0.004440078837477611 0.1507701298405929
0.8799570277529087 1.5713518352730529 0.5585993153434379 757.1528520546854 492.4979884400964 666.0347287841141 433.21199929714203 3.1882821803851265 3.6925441880923464 -1901.511941456056 0.044473352650207985 21.831947774221504 -4157.906176736316 1.8639292812325418e-05 0.004440078837477611 0.1507701298405929
0.907455684870189 1.5998325872873769 0.7678561033400823 759.1582653149962 491.8557196073234 667.7843422777951 439.2036044597626 3.1882821803851265 3.6925441880923464 -1901.511941456056 0.044473352650207985 21.831947774221504 -4157.906176736316 1.8639292812325418e-05 0.004440078837477611 0.1507701298405929
0.9388827215756527 1.6234028648164713 0.9272952180016805 760.8631250448525 491.0743146277964 669.4424796923995 442.9511743783951 3.1882821803851265 3.6925441880923464 -1901.511941456056 0.044473352650207985 21.831947774221504 -4157.906176736316 1.8639292812325418e-05 0.004440078837477611 0.1507701298405929
0.9781665174574791 1.6420626678603385 1.127347990375163 762.2422928847373 490.1362496204674 671.0095877163112 444.59107625484467 3.1882821803851265 3.6925441880923464 -1901.511941456056 0.044473352650207985 21.831947774221504 -4157.906176736316 1.8639292812325418e-05 0.004440078837477611 0.1507701298405929
1.0253070725156679 1.6587582811101163 1.2304143881529424 763.272952426225 489.02678894251585 672.4909343533218 444.36818420886993 3.1882821803851265 3.6925441880923464 -1901.511941456056 0.044473352650207985 21.831947774221504 -4157.906176736316 1.8639292812325418e-05 0.004440078837477611 0.1507701298405929
1.0773581020590897 1.6725076096687541 1.3125441069838903 763.9346092455089 487.73398515954614 673.8966091163456 442.63587868213654 3.1882821803851265 3.6925441880923464 -1901.511941456056 0.044473352650207985 21.831947774221504 -4157.906176736316 1.8639292812325418e-05 0.004440078837477611 0.1507701298405929
1.1254807520143277 1.6842927484333026 1.330625318934719 764.209090936929 486.2486790455878 675.2415228448808 439.8560439348221 3.1882821803851265 3.6925441880923464 -1901.511941456056 0.044473352650207985 21.831947774221504 -4157.906176736316 1.8639292812325418e-05 0.004440078837477611 0.1507701298405929
1.1775317815577495 1.6960778871978508 1.3481353861585308 764.0805470235646 484.5644995495677 676.5454078242183 436.59907352924347 3.1882821803851265 3.6925441880923464 -1901.511941456056 0.044473352650207985 21.831947774221504 -4157.906176736316 1.8639292812325418e-05 0.004440078837477611 0.1507701298405929
1.2384216651745785 1.708845120859445 1.3641131083106308 764.5540326796472 482.556423884118 702.5903534339741 500.3020829856396 3.1882821803851265 3.6925441880923464 -1901.511941456056 0.044473352650207985 21.831947774221504 -4157.906176736316 1.8639292812325418e-05 0.004440078837477611 0.1507701298405929
1.2953831692032285 1.722594449418084 1.3339475658479871 765.1522542387247 481.9265068070963 694.2904274957255 464.5410567596555 3.1882821803851265 3.6925441880923464 -1901.511941456056 0.044473352650207985 21.831947774221504 -4157.906176736316 1.8639292812325418e-05 0.004440078837477611 0.1507701298405929
1.3523446732318782 1.7392900626678607 1.2856785916223017 766.2485516835004 481.34242373355664 686.3159211277962 432.21997783333063 3.1882821803851265 3.6925441880923464 -1901.511941456056 0.044473352650207985 21.831947774221504 -4157.906176736316 1.8639292812325418e-05 0.004440078837477611 0.1507701298405929
1.3926105640107493 1.756967770814681 1.1571071135160576 767.7899663187563 480.8058434869163 678.6482867980376 403.1169699206948 3.1882821803851265 3.6925441880923464 -1901.511941456056 0.044473352650207985 21.831947774221504 -4157.906176736316 1.8639292812325418e-05 0.004440078837477611 0.1507701298405929
1.425019695613249 1.7805380483437776 0.9420000403793407 769.7253188956529 480.3182837064378 671.2698805248365 377.01709862053394 3.1882821803851265 3.6925441880923464 -1901.511941456056 0.044473352650207985 21.831947774221504 -4157.906176736316 1.8639292812325418e-05 0.004440078837477611 0.1507701298405929
1.4377869292748444 1.806072515666964 0.4636476090008761 772.0052095539868 479.88111084746197 664.1639618994668 353.7123714014888 3.1882821803851265 3.6925441880923464 -1901.511941456056 0.044473352650207985 21.831947774221504 -4157.906176736316 1.8639292812325418e-05 0.004440078837477611 0.1507701298405929
1.4426974037600726 1.8365174574753806 0.15991312315821235 774.5820178817958 479.49554018257186 657.314694066532 333.0017376691103 3.1882821803851265 3.6925441880923464 -1901.511941456056 0.044473352650207985 21.831947774221504 -4157.906176736316 1.8639292812325418e-05 0.004440078837477611 0.1507701298405929
1.4338585496866654 1.8699086839749317 6.024414415215979 777.4099028632045 479.1626357983332 650.707143722102 314.6910885348916 3.1882821803851265 3.6925441880923464 -1901.511941456056 0.044473352650207985 21.831947774221504 -4157.906176736316 1.8639292812325418e-05 0.004440078837477611 0.1507701298405929
1.4299301700984817 1.9072282900626674 6.178308368449331 780.4448029045016 478.88331059762277 644.3272811304778 298.5932571068406 3.1882821803851265 3.6925441880923464 -1901.511941456056 0.044473352650207985 21.831947774221504 -4157.906176736316 1.8639292812325418e-05 0.004440078837477611 0.1507701298405929
1.4181450313339357 1.9474941808415385 5.998454868656909 783.6444358378649 478.6583262998611 638.1619801120833 284.528018347919 3.1882821803851265 3.6925441880923464 -1901.511941456056 0.044473352650207985 21.831947774221504 -4157.906176736316 1.8639292812325418e-05 0.004440078837477611 0.1507701298405929
1.4014494180841612 1.991688451208593 5.92198155168594 786.9682989027351 478.48829344217665 632.1990180388093 272.3220890685916 3.1882821803851265 3.6925441880923464 -1901.511941456056 0.044473352650207985 21.831947774221504 -4157.906176736316 1.8639292812325418e-05 0.004440078837477611 0.1507701298405929
1.3886821844225659 2.0378469113697393 6.0133361512410834 790.3776687774807 478.3736713749822 626.427075847052 261.8091279491782 3.1882821803851265 3.6925441880923464 -1901.511941456056 0.044473352650207985 21.831947774221504 -4157.906176736316 1.8639292812325418e-05 0.004440078837477611 0.1507701298405929
1.3759149507609705 2.0889158460161164 6.038206644052702 793.8356015328318 478.31476826616563 620.8357380395755 252.8297355696559 3.1882821803851265 3.6925441880923464 -1901.511941456056 0.044473352650207985 21.831947774221504 -4157.906176736316 1.8639292812325418e-05 0.004440078837477611 0.1507701298405929
1.371986571172787 2.1409668755595357 6.207856416351229 797.3069326803088 478.31174109806307 615.4154926557094 245.23145439475775 3.1882821803851265 3.6925441880923464 -1901.511941456056 0.044473352650207985 21.831947774221504 -4157.906176736316 1.8639292812325418e-05 0.004440078837477611 0.1507701298405929
1.376897045658011 2.194982094897045 0.07259945373043182 800.7582771256566 478.36459567118436 610.157731320709 238.86876867711544 3.1882821803851265 3.6925441880923464 -1901.511941456056 0.044473352650207985 21.831947774221504 -4157.906176736316 1.8639292812325418e-05 0.004440078837477611 0.1507701298405929
1.3935926589077898 2.2519435989256946 0.26916749278575075 804.1580292116851 478.47318660188466 605.0547491963953 233.60310465097427 3.1882821803851265 3.6925441880923464 -1901.511941456056 0.044473352650207985 21.831947774221504 -4157.906176736316 1.8639292812325418e-05 0.004440078837477611 0.1507701298405929
1.4063598925693805 2.305958818263204 0.21481540040163566 807.4763626959175 478.63721731933765 600.0997450100258 229.30283027887344 3.1882821803851265 3.6925441880923464 -1901.511941456056 0.044473352650207985 21.831947774221504 -4157.906176736316 1.8639292812325418e-05 0.004440078837477611 0.1507701298405929
1.4240376007161997 2.3570277529095782 0.31597027195294625 810.6852307468653 478.8562400736846 595.2868210542947 225.8432555794716 3.1882821803851265 3.6925441880923464 -1901.511941456056 0.044473352650207985 21.831947774221504 -4157.906176736316 1.8639292812325418e-05 0.004440078837477611 0.1507701298405929
1.432876454789616 2.40220411817368 0.1721908145229724 813.7583659626544 479.12965592672117 590.6109831705689 223.10663233697414 3.210826672057297 3.679679988662331 -1906.7161803685658 0.08927876143506376 21.81242685913074 -4180.529558509302 3.7417754163899215e-05 0.004422200401159774 0.14518660338643524
1.445643688451207 2.4463983885407323 0.2606023917473158 816.6712803486735 479.4567147581838 586.0681407656521 220.9821541532874 3.210826672057297 3.679679988662331 -1906.7161803685658 0.08927876143506376 21.81242685913074 -4180.529558509302 3.7417754163899215e-05 0.004422200401159774 0.14518660338643524
1.4544825425246233 2.4876463742166526 0.1882215053048006 819.4012653455138 479.8365152650513 581.655106799677 219.36595658957958 3.210826672057297 3.679679988662331 -1906.7161803685658 0.08927876143506376 21.81242685913074 -4180.529558509302 3.7417754163899215e-05 0.004422200401159774 0.14518660338643524
1.4505541629364396 2.526930170098479 6.1588303126328245 821.927391776815 480.268004958285 577.3695977982134 218.16111707687378 3.210826672057297 3.679679988662331 -1906.7161803685658 0.08927876143506376 21.81242685913074 -4180.529558509302 3.7417754163899215e-05 0.004422200401159774 0.14518660338643524
1.4230555058191594 2.559339301700985 5.562213983207669 824.2305099312216 480.749980164459 573.2102338355035 217.27765488624573 3.210826672057297 3.679679988662331 -1906.7161803685658 0.08927876143506376 21.81242685913074 -4180.529558509302 3.7417754163899215e-05 0.004422200401159774 0.14518660338643524
1.3994852282900627 2.587820053715308 5.571726181440055 826.293249476701 481.28108602785505 569.1765385549515 216.63253116607666 3.210826672057297 3.679679988662331 -1906.7161803685658 0.08927876143506376 21.81242685913074 -4180.529558509302 3.7417754163899215e-05 0.004422200401159774 0.14518660338643524
1.3710044762757378 2.6084440465532657 5.339131881595701 828.100019518286 481.8598165095318 565.2689391542226 216.14964891970158 3.210826672057297 3.679679988662331 -1906.7161803685658 0.08927876143506376 21.81242685913074 -4180.529558509302 3.7417754163899215e-05 0.004422200401159774 0.14518660338643524
1.3464521038495962 2.6231754700089507 5.252808480655274 829.6370085813105 482.48451438196935 561.4887663833797 215.75985307246447 3.210826672057297 3.679679988662331 -1906.7161803685658 0.08927876143506376 21.81242685913074 -4180.529558509302 3.7417754163899215e-05 0.004422200401159774 0.14518660338643524
1.3218997314234593 2.633978513876452 5.126895854969512 830.8921845965087 483.1533712397795 557.8382545514032 215.40093035250902 3.210826672057297 3.679679988662331 -1906.7161803685658 0.08927876143506376 21.81242685913074 -4180.529558509302 3.7417754163899215e-05 0.004422200401159774 0.14518660338643524
1.2934189794091344 2.642817367949864 5.013309214745134 831.8552949186414 483.86442748922855 554.3205415457487 215.01760943979025 3.210826672057297 3.679679988662331 -1906.7161803685658 0.08927876143506376 21.81242685913074 -4180.529558509302 3.7417754163899215e-05 0.004422200401159774 0.14518660338643524
1.2531530886302633 2.648709937332137 4.857698991020373 832.5178663227707 484.61557235429063 550.939668786712 214.56156081706285 3.210826672057297 3.679679988662331 -1906.7161803685658 0.08927876143506376 21.81242685913074 -4180.529558509302 3.7417754163899215e-05 0.004422200401159774 0.14518660338643524
1.2011020590868462 2.6457636526410027 4.655845543439921 832.8732050266117 485.40454387594946 547.70058127027 213.99139688909054 3.210826672057297 3.679679988662331 -1906.7161803685658 0.08927876143506376 21.81242685913074 -4180.529558509302 3.7417754163899215e-05 0.004422200401159774 0.14518660338643524
1.141194270367062 2.637906893464638 4.581985672495562 832.9163965955377 486.22892890754156 544.6091275382787 213.27267184108496 3.210826672057297 3.679679988662331 -1906.7161803685658 0.08927876143506376 21.81242685913074 -4180.529558509302 3.7417754163899215e-05 0.004422200401159774 0.14518660338643524
1.0861969561325013 2.624157564906 4.467410317257864 832.644306095317 487.0861631219741 541.6720596989617 212.3778818398714 3.210826672057297 3.679679988662331 -1906.7161803685658 0.08927876143506376 21.81242685913074 -4180.529558509302 3.7417754163899215e-05 0.004422200401159774 0.14518660338643524
1.0429847806624917 2.605497761862132 4.304757474927053 832.0555779468268 487.97353100799955 538.8970334213227 211.28646487742662 3.210826672057297 3.679679988662331 -1906.7161803685658 0.08927876143506376 21.81242685913074 -4180.529558509302 3.7417754163899215e-05 0.004422200401159774 0.14518660338643524
0.9997726051924862 2.5848737690241714 4.267087936496946 831.1506360508502 488.8881658674218 536.2926079239696 209.98480082303286 3.210826672057297 3.679679988662331 -1906.7161803685658 0.08927876143506376 21.81242685913074 -4180.529558509302 3.7417754163899215e-05 0.004422200401159774 0.14518660338643524
0.9565604297224763 2.5573751119068935 4.1456597628612 829.9316836427897 489.8270498213824 533.8682459946722 208.46621146053076 3.210826672057297 3.679679988662331 -1906.7161803685658 0.08927876143506376 21.81242685913074 -4180.529558509302 3.7417754163899215e-05 0.004422200401159774 0.14518660338643524
0.9015631154879203 2.525948075201432 4.193242866138153 828.4027034621686 490.7870138050057 531.6343139689416 206.73096028715372 3.210826672057297 3.679679988662331 -1906.7161803685658 0.08927876143506376 21.81242685913074 -4180.529558509302 3.7417754163899215e-05 0.004422200401159774 0.14518660338643524
0.854422560429727 2.4925568487018808 4.096092042988655 826.5694576241076 491.76473756995983 529.6020817467943 204.78625289350748 3.210826672057297 3.679679988662331 -1906.7161803685658 0.08927876143506376 21.81242685913074 -4180.529558509302 3.7417754163899215e-05 0.004422200401159774 0.14518660338643524
0.8112103849597172 2.4542551477170993 3.9871590681422497 824.4394876491278 492.7567496851552 527.7837227853015 202.64623651653528 3.210826672057297 3.679679988662331 -1906.7161803685658 0.08927876143506376 21.81242685913074 -4180.529558509302 3.7417754163899215e-05 0.004422200401159774 0.14518660338643524
0.7797833482542579 2.414971351835273 3.816333595813318 822.0221145208925 493.75942753325216 526.1923141106963 200.33200047165155 3.210826672057297 3.679679988662331 -1906.7161803685658 0.08927876143506376 21.81242685913074 -4180.529558509302 3.7417754163899215e-05 0.004422200401159774 0.14518660338643524
0.7522846911369777 2.3766696508504936 3.7642634423469077 819.3284385763109 494.76899731415324 524.8418362839147 197.87157583981752 3.210826672057297 3.679679988662331 -1906.7161803685658 0.08927876143506376 21.81242685913074 -4180.529558509302 3.7417754163899215e-05 0.004422200401159774 0.14518660338643524
0.7287144136078855 2.3344395702775285 3.6506635420120936 816.3713396564126 495.7815340438392 523.7471734490246 195.29993552714586 3.210826672057297 3.679679988662331 -1906.7161803685658 0.08927876143506376 21.81242685913074 -4180.529558509302 3.7417754163899215e-05 0.004422200401159774 0.14518660338643524
0.7051441360787888 2.291227394807521 3.640939375269952 813.165476936847 496.7929615555331 522.9241132913157 192.6589944884181 3.210826672057297 3.679679988662331 -1906.7161803685658 0.08927876143506376 21.81242685913074 -4180.529558509302 3.7417754163899215e-05 0.004422200401159774 0.14518660338643524
0.6894306177260546 2.2480152193375114 3.4903636571737664 809.7272890489548 497.7990524941124 522.3893470615149 189.99760930985212 3.210826672057297 3.679679988662331 -1906.7161803685658 0.08927876143506376 21.81242685913074 -4180.529558509302 3.7417754163899215e-05 0.004422200401159774 0.14518660338643524
0.665860340196958 2.2008746642793175 3.6052402625905993 806.0749940685928 498.79542832728475 522.1604695748538 187.37157862633467 3.210826672057297 3.679679988662331 -1906.7161803685658 0.08927876143506376 21.81242685913074 -4180.529558509302 3.7417754163899215e-05 0.004422200401159774 0.14518660338643524
0.6354153983885434 2.1517699194270348 3.696588380928367 802.2285894341767 499.7775593313854 522.2559791943058 184.84364292025566 3.210826672057297 3.679679988662331 -1906.7161803685658 0.08927876143506376 21.81242685913074 -4180.529558509302 3.7417754163899215e-05 0.004422200401159774 0.14518660338643524
0.608898836168308 2.101683079677707 3.628491885401111 798.2098520360887 500.7407646046486 522.6952778492123 182.4834844097495 3.210826672057297 3.679679988662331 -1906.7161803685658 0.08927876143506376 21.81242685913074 -4180.529558509302 3.7417754163899215e-05 0.004422200401159774 0.14518660338643524
0.57452551477171 2.046685765443151 3.7001919689333627 794.042338181287 501.6802120581269 523.4986710157245 180.36772743612528 3.210826672057297 3.679679988662331 -1906.7161803685658 0.08927876143506376 21.81242685913074 -4180.529558509302 3.7417754163899215e-05 0.004422200401159774 0.14518660338643524
0.5362238137869374 1.993652641002685 3.7670776938289143 789.7513835951686 502.59091841895133 524.6873677475378 178.579937890172 3.210826672057297 3.679679988662331 -1906.7161803685658 0.08927876143506376 21.81242685913074 -4180.529558509302 3.7417754163899215e-05 0.004422200401159774 0.14518660338643524
0.491047448522838 1.9366911369740372 3.812114211570336 785.3641034010798 503.4677492319606 526.2834806451574 177.21062389016151 3.210826672057297 3.679679988662331 -1906.7161803685658 0.08927876143506376 21.81242685913074 -4180.529558509302 3.7417754163899215e-05 0.004422200401159774 0.14518660338643524
0.4497994628469221 1.8767833482542529 3.744575409904717 780.909392170608 504.30541885783896 528.3100258596241 176.35723511129618 3.210826672057297 3.679679988662331 -1906.7161803685658 0.08927876143506376 21.81242685913074 -4180.529558509302 3.7417754163899215e-05 0.004422200401159774 0.14518660338643524
0.41542614145031964 1.817857654431511 3.669667102016193 776.4179238639772 505.098490471486 530.7909231195226 176.12416333705187 3.210826672057297 3.679679988662331 -1906.7161803685658 0.08927876143506376 21.81242685913074 -4180.529558509302 3.7417754163899215e-05 0.004422200401159774 0.14518660338643524
0.3889095792300842 1.7599140555058186 3.570771161591138 771.9221519008279 505.84137606457807 533.7509956983849 176.62274197489023 3.210826672057297 3.679679988662331 -1906.7161803685658 0.08927876143506376 21.81242685913074 -4180.529558509302 3.7417754163899215e-05 0.004422200401159774 0.14518660338643524
0.35158997314234736 1.7009883616830792 3.7061620472579144 767.4563090782613 506.5283364462666 537.2159704351798 177.97124664485455 3.210826672057297 3.679679988662331 -1906.7161803685658 0.08927876143506376 21.81242685913074 -4180.529558509302 3.7417754163899215e-05 0.004422200401159774 0.14518660338643524
0.33293017009848347 1.6420626678603385 3.448268972991415 763.0564076192677 507.1534812392201 541.212477715686 180.29489440470934 3.210826672057297 3.679679988662331 -1906.7161803685658 0.08927876143506376 21.81242685913074 -4180.529558509302 3.7417754163899215e-05 0.004422200401159774 0.14518660338643524
0.31328827215756583 1.5880474485228284 3.4903636571737797 758.760239187628 507.7107688849792 545.7680515032262 183.7258446738124 3.210826672057297 3.679679988662331 -1906.7161803685658 0.08927876143506376 21.81242685913074 -4180.529558509302 3.7417754163899215e-05 0.004422200401159774 0.14518660338643524
0.29070008952551835 1.535014324082363 3.5442473071416245 754.6073748338968 508.19400663813576 550.9111293097958 188.4031983241439 3.210826672057297 3.679679988662331 -1906.7161803685658 0.08927876143506376 21.81242685913074 -4180.529558509302 3.7417754163899215e-05 0.004422200401159774 0.14518660338643524
0.2789149507609678 1.4839453894359884 3.368391501643727 750.6391650494188 508.59685057075694 556.6710521932691 194.4729982689023 3.210826672057297 3.679679988662331 -1906.7161803685658 0.08927876143506376 21.81242685913074 -4180.529558509302 3.7417754163899215e-05 0.004422200401159774 0.14518660338643524
0.27498657117278424 1.4309122649955233 3.2155316912477505 746.8987397421151 508.9128055733163 563.0780647899956 202.08822937309742 3.210826672057297 3.679679988662331 -1906.7161803685658 0.08927876143506376 21.81242685913074 -4180.529558509302 3.7417754163899215e-05 0.004422200401159774 0.14518660338643524
0.2710581915846052 1.3788612354521026 3.216921544418064 743.4310082364827 509.13522534584627 570.1633152905852 211.40881820768118 3.210826672057297 3.679679988662331 -1906.7161803685658 0.08927876143506376 21.81242685913074 -4180.529558509302 3.7417754163899215e-05 0.004422200401159774 0.14518660338643524
0.253380483437786 1.3258281110116372 3.577275526620711 740.2826592568308 509.25731241190806 577.9588554352522 222.6016333475709 3.210826672057297 3.679679988662331 -1906.7161803685658 0.08927876143506376 21.81242685913074 -4180.529558509302 3.7417754163899215e-05 0.004422200401159774 0.14518660338643524
0.23275649059982365 1.271812891674126 3.611996916526447 737.5021609775722 509.2721181055531 586.4976405305788 235.84048519283533 3.210826672057297 3.679679988662331 -1906.7161803685658 0.08927876143506376 21.81242685913074 -4180.529558509302 3.7417754163899215e-05 0.004422200401159774 0.14518660338643524
0.1944547896150421 1.2158334825425232 3.808285479844081 735.139760967344 509.17254257923923 595.8135294420645 251.3061259239912 3.210826672057297 3.679679988662331 -1906.7161803685658 0.08927876143506376 21.81242685913074 -4180.529558509302 3.7417754163899215e-05 0.004422200401159774 0.14518660338643524
0.16695613249776187 1.1569077887197825 3.665772282372732 733.2474862150848 508.9513348015025 605.9412845820189 269.1862498000264 3.210826672057297 3.679679988662331 -1906.7161803685658 0.08927876143506376 21.81242685913074 -4180.529558509302 3.7417754163899215e-05 0.004422200401159774 0.14518660338643524
