22 -3.430457475380481 0.15517099373321463 3.7079510284133406 -3.5650044762757345 -0.027498657117279095
-3.430457475380481 0.15517099373321463 3.7079510284133406 651.6655623912811 630.3507719039917 549.6386976875365 117.37752708792686 3.1594698911223476 3.6613865489391357 -1859.071473614865 0.04411018677148377 21.698504245168177 -4071.589982923999 1.8487085822080407e-05 0.004401725806584744 0.17049648170108608
-3.500186213070726 0.08053178155774442 3.662429775498772 641.7305657863617 633.8744419813156 554.275174073875 122.88198778033257 3.1594698911223476 3.6613865489391357 -1859.071473614865 0.04411018677148377 21.698504245168177 -4071.589982923999 1.8487085822080407e-05 0.004401725806584744 0.17049648170108608
-3.570897045658012 0.006874664279318937 3.616908522584203 634.9195256233215 636.3005172014236 559.1397761944681 129.0451129078865 3.1594698911223476 3.6613865489391357 -1859.071473614865 0.04411018677148377 21.698504245168177 -4071.589982923999 1.8487085822080407e-05 0.004401725806584744 0.17049648170108608
-3.6366974037600692 -0.06874664279319719 3.5713872696696343 630.6388819217682 637.8402506113052 564.215713698417 135.9316969513893 3.1594698911223476 3.6613865489391357 -1859.071473614865 0.04411018677148377 21.698504245168177 -4071.589982923999 1.8487085822080407e-05 0.004401725806584744 0.17049648170108608
-3.64848254252462 -0.09722739480752104 3.5258660167550655 628.3498117923737 638.684988796711 569.4866881687194 143.6007510125637 3.1594698911223476 3.6613865489391357 -1859.071473614865 0.04411018677148377 21.698504245168177 -4071.589982923999 1.8487085822080407e-05 0.004401725806584744 0.17049648170108608
-3.6435720680393873 -0.09820948970456804 3.4803447638404967 627.5682191848755 639.0061714053154 574.9368931166828 152.10550317168236 3.1594698911223476 3.6613865489391357 -1859.071473614865 0.04411018677148377 21.698504245168177 -4071.589982923999 1.8487085822080407e-05 0.004401725806584744 0.17049648170108608
-3.633751119068935 -0.0854422560429727 3.434823510925928 627.8647453784943 638.9553307890892 580.5510140005499 161.49339777231216 3.1594698911223476 3.6613865489391357 -1859.071473614865 0.04411018677148377 21.698504245168177 -4071.589982923999 1.8487085822080407e-05 0.004401725806584744 0.17049648170108608
-3.6239301700984785 -0.0677645478961513 3.389302258011359 628.8647632598877 638.6640924215317 586.314228175208 171.8060965836048 3.1594698911223476 3.6613865489391357 -1859.071473614865 0.04411018677148377 21.698504245168177 -4071.589982923999 1.8487085822080407e-05 0.004401725806584744 0.17049648170108608
-3.6170555058191605 -0.05008683974932879 3.3437810050967904 630.2483777999878 638.24417501688 592.2122049666941 183.0794776082039 3.1594698911223476 3.6613865489391357 -1859.071473614865 0.04411018677148377 21.698504245168177 -4071.589982923999 1.8487085822080407e-05 0.004401725806584744 0.17049648170108608
-3.610180841539843 -0.035355416293643915 3.2982597521822217 631.7504277229309 637.7873898744583 598.2311056163162 195.34363612532616 3.1594698911223476 3.6613865489391357 -1859.071473614865 0.04411018677148377 21.698504245168177 -4071.589982923999 1.8487085822080407e-05 0.004401725806584744 0.17049648170108608
-3.6052703670546142 -0.02455237242614257 3.252738499267653 633.1604859828949 637.3656414747238 604.3575832955539 208.62288364768028 3.1594698911223476 3.6613865489391357 -1859.071473614865 0.04411018677148377 21.698504245168177 -4071.589982923999 1.8487085822080407e-05 0.004401725806584744 0.17049648170108608
-3.5974136078782473 -0.017677708146822516 3.2072172463530837 634.3228549957275 637.0309274196625 610.5787831116468 222.93574884533882 3.1594698911223476 3.6613865489391357 -1859.071473614865 0.04411018677148377 21.698504245168177 -4071.589982923999 1.8487085822080407e-05 0.004401725806584744 0.17049648170108608
-3.591521038495974 -0.014731423455685988 3.1616959934385154 635.1365742683411 636.8153384327888 616.8823421020061 238.29497689008713 3.1594698911223476 3.6613865489391357 -1859.071473614865 0.04411018677148377 21.698504245168177 -4071.589982923999 1.8487085822080407e-05 0.004401725806584744 0.17049648170108608
-3.585628469113692 -0.013749328558641223 3.116174740523946 635.555410861969 636.731057703495 623.2563892435282 254.70753002166748 3.1594698911223476 3.6613865489391357 -1859.071473614865 0.04411018677148377 21.698504245168177 -4071.589982923999 1.8487085822080407e-05 0.004401725806584744 0.17049648170108608
-3.582682184422558 -0.013749328558641223 3.070653487609378 635.5878713130951 636.770361840725 629.689545435831 272.17458695173264 3.1594698911223476 3.6613865489391357 -1859.071473614865 0.04411018677148377 21.698504245168177 -4071.589982923999 1.8487085822080407e-05 0.004401725806584744 0.17049648170108608
-3.5797358997314195 -0.015713518352732984 3.0251322346948086 635.297191619873 636.9056203365326 636.1709235198796 290.6915434002876 3.1352928919024072 3.632605887690283 -1839.6022726994584 -2.5561448750815513e-15 21.5447168901908 -3994.5113648517813 -9.489366253851215e-19 0.004369684208348364 0.18983603636917792
-3.576789615040285 -0.017677708146824747 2.97961098178024 634.8013389110565 637.0892959237099 642.6901282556355 310.2480114996433 3.1352928919024072 3.632605887690283 -1839.6022726994584 -2.5561448750815513e-15 21.5447168901908 -3994.5113648517813 -9.489366253851215e-19 0.004369684208348364 0.18983603636917792
-3.5738433303491375 -0.01964189794091651 2.934089728865671 634.2730166912079 637.2539437413216 649.2372563518584 330.8278208374977 3.1352928919024072 3.632605887690283 -1839.6022726994584 -2.5561448750815513e-15 21.5447168901908 -3994.5113648517813 -9.489366253851215e-19 0.004369684208348364 0.18983603636917792
-3.570897045658003 -0.02160608773500604 2.8885684759511023 633.9396593570709 637.3122127056122 655.8028964437544 352.4090168774128 3.1352928919024072 3.632605887690283 -1839.6022726994584 -2.5561448750815513e-15 21.5447168901908 -3994.5113648517813 -9.489366253851215e-19 0.004369684208348364 0.18983603636917792
-3.567950760966869 -0.023570277529097804 2.8430472230365336 634.0834345817566 637.1568439006805 662.3781290799379 374.9638625383377 3.1352928919024072 3.632605887690283 -1839.6022726994584 -2.5561448750815513e-15 21.5447168901908 -3994.5113648517813 -9.489366253851215e-19 0.004369684208348364 0.18983603636917792
-3.5650044762757345 -0.025534467323189567 2.797525970121965 635.0412442684174 636.6606723070145 668.9545267764479 398.45883709192276 3.1352928919024072 3.632605887690283 -1839.6022726994584 -2.5561448750815513e-15 21.5447168901908 -3994.5113648517813 -9.489366253851215e-19 0.004369684208348364 0.18983603636917792
-3.5650044762757345 -0.02651656222023433 2.752004717207396 637.2047219276428 635.6766247749329 675.5241539608687 422.85463696718216 3.1352928919024072 3.632605887690283 -1839.6022726994584 -2.5561448750815513e-15 21.5447168901908 -3994.5113648517813 -9.489366253851215e-19 0.004369684208348364 0.18983603636917792
-3.5650044762757345 -0.027498657117279095 2.7064834642928273 625.1466941460967 637.409276958555 637.5988691309467 366.19886688888073 3.1352928919024072 3.632605887690283 -1839.6022726994584 -2.5561448750815513e-15 21.5447168901908 -3994.5113648517813 -9.489366253851215e-19 0.004369684208348364 0.18983603636917792
-3.5650044762757345 -0.028480752014326094 2.6609622113782585 628.6064277589321 637.0256370864809 655.6375582618639 380.58288395404816 3.1352928919024072 3.632605887690283 -1839.6022726994584 -2.5561448750815513e-15 21.5447168901908 -3994.5113648517813 -9.489366253851215e-19 0.004369684208348364 0.18983603636917792
-3.5650044762757345 -0.028480752014324977 2.6154409584636897 631.5207454785705 636.7326075434685 672.676580907777 393.49939760938287 3.1352928919024072 3.632605887690283 -1839.6022726994584 -2.5561448750815513e-15 21.5447168901908 -3994.5113648517813 -9.489366253851215e-19 0.004369684208348364 0.18983603636917792
-3.5650044762757345 -0.027498657117279095 2.569919705549121 633.9314789921045 636.5211759060621 688.7303954502568 405.0038380213082 3.1352928919024072 3.632605887690283 -1839.6022726994584 -2.5561448750815513e-15 21.5447168901908 -3994.5113648517813 -9.489366253851215e-19 0.004369684208348364 0.18983603636917792
-3.5650044762757345 -0.026516562220233214 2.524398452634552 635.8792482092977 636.3826610539109 703.8137801745906 415.1509220562875 3.1352928919024072 3.632605887690283 -1839.6022726994584 -2.5561448750815513e-15 21.5447168901908 -3994.5113648517813 -9.489366253851215e-19 0.004369684208348364 0.18983603636917792
-3.5650044762757345 -0.02553446732318845 2.4788771997199834 637.4034613072872 636.3087131436914 717.9418332865462 423.994653172791 3.1352928919024072 3.632605887690283 -1839.6022726994584 -2.5561448750815513e-15 21.5447168901908 -3994.5113648517813 -9.489366253851215e-19 0.004369684208348364 0.18983603636917792
-3.5650044762757345 -0.02455237242614257 2.4333559468054147 638.5423145741224 636.2913136426359 731.1299729058519 431.58832151442766 3.1352928919024072 3.632605887690283 -1839.6022726994584 -2.5561448750815513e-15 21.5447168901908 -3994.5113648517813 -9.489366253851215e-19 0.004369684208348364 0.18983603636917792
-3.5650044762757345 -0.023570277529097804 2.387834693890846 639.3327925801277 636.3227753080428 743.3939370820299 437.98450384289026 3.1352928919024072 3.632605887690283 -1839.6022726994584 -2.5561448750815513e-15 21.5447168901908 -3994.5113648517813 -9.489366253851215e-19 0.004369684208348364 0.18983603636917792
-3.5650044762757345 -0.022588182632051923 2.342313440976277 639.8106680512428 636.3957421891391 754.7497837571427 443.23506354540586 3.1352928919024072 3.632605887690283 -1839.6022726994584 -2.5561448750815513e-15 21.5447168901908 -3994.5113648517813 -9.489366253851215e-19 0.004369684208348364 0.18983603636917792
-3.5650044762757345 -0.02160608773500604 2.2967921880617084 640.0105019435287 636.5031896457076 765.2138908151537 447.39115066826344 3.1352928919024072 3.632605887690283 -1839.6022726994584 -2.5561448750815513e-15 21.5447168901908 -3994.5113648517813 -9.489366253851215e-19 0.004369684208348364 0.18983603636917792
-3.5650044762757345 -0.020623992837961277 2.251270935147139 639.9656433910131 636.6384243164212 774.8029560474679 450.50320191681385 3.1352928919024072 3.632605887690283 -1839.6022726994584 -2.5561448750815513e-15 21.5447168901908 -3994.5113648517813 -9.489366253851215e-19 0.004369684208348364 0.18983603636917792
-3.5650044762757345 -0.019641897940915396 2.205749682232571 639.7082297429442 636.7950841598213 783.5339971594512 452.62094060331583 3.1352928919024072 3.632605887690283 -1839.6022726994584 -2.5561448750815513e-15 21.5447168901908 -3994.5113648517813 -9.489366253851215e-19 0.004369684208348364 0.18983603636917792
-3.5650044762757345 -0.019641897940915396 2.160228429318002 639.2691865637898 636.967138402164 791.4243517788127 453.793376673013 3.1352928919024072 3.632605887690283 -1839.6022726994584 -2.5561448750815513e-15 21.5447168901908 -3994.5113648517813 -9.489366253851215e-19 0.004369684208348364 0.18983603636917792
-3.5650044762757345 -0.019641897940915396 2.1147071764034333 638.678227648139 637.1488875802606 798.4916774546728 454.0688067898154 3.1352928919024072 3.632605887690283 -1839.6022726994584 -2.5561448750815513e-15 21.5447168901908 -3994.5113648517813 -9.489366253851215e-19 0.004369684208348364 0.18983603636917792
-3.5650044762757345 -0.019641897940915396 2.069185923488864 637.9638548865914 637.3349635321647 804.7539516342804 453.49481416493654 3.1352928919024072 3.632605887690283 -1839.6022726994584 -2.5561448750815513e-15 21.5447168901908 -3994.5113648517813 -9.489366253851215e-19 0.004369684208348364 0.18983603636917792
-3.5650044762757345 -0.019641897940915396 2.0236646705742958 637.1533585116267 637.5203294027597 810.2294717039913 452.11826868355274 3.1352928919024072 3.632605887690283 -1839.6022726994584 -2.5561448750815513e-15 21.5447168901908 -3994.5113648517813 -9.489366253851215e-19 0.004369684208348364 0.18983603636917792
-3.5650044762757345 -0.019641897940915396 1.9781434176597268 636.2728168591857 637.7002795767039 814.9368549622595 449.9853269010782 3.1352928919024072 3.632605887690283 -1839.6022726994584 -2.5561448750815513e-15 21.5447168901908 -3994.5113648517813 -9.489366253851215e-19 0.004369684208348364 0.18983603636917792
-3.5650044762757345 -0.019641897940915396 1.9326221647451578 635.347096554935 637.8704398144037 818.8950386075303 447.14143197983503 3.1352928919024072 3.632605887690283 -1839.6022726994584 -2.5561448750815513e-15 21.5447168901908 -3994.5113648517813 -9.489366253851215e-19 0.004369684208348364 0.18983603636917792
-3.5650044762757345 -0.019641897940915396 1.887100911830589 634.3998523131013 638.0267671141773 822.1232797792181 443.6313137412071 3.1352928919024072 3.632605887690283 -1839.6022726994584 -2.5561448750815513e-15 21.5447168901908 -3994.5113648517813 -9.489366253851215e-19 0.004369684208348364 0.18983603636917792
-3.5650044762757345 -0.019641897940915396 1.8415796589160203 633.4535271674395 638.1655497997999 824.641155520454 439.4989886395633 3.1352928919024072 3.632605887690283 -1839.6022726994584 -2.5561448750815513e-15 21.5447168901908 -3994.5113648517813 -9.489366253851215e-19 0.004369684208348364 0.18983603636917792
-3.5650044762757345 -0.019641897940915396 1.7960584060014517 632.5293522924185 638.2834074627608 826.4685628041625 434.7877597697079 3.1352928919024072 3.632605887690283 -1839.6022726994584 -2.5561448750815513e-15 21.5447168901908 -3994.5113648517813 -9.489366253851215e-19 0.004369684208348364 0.18983603636917792
-3.5650044762757345 -0.019641897940915396 1.750537153086883 631.6473470777273 638.3772910423577 827.6257184939459 429.5402168519795 3.1352928919024072 3.632605887690283 -1839.6022726994584 -2.5561448750815513e-15 21.5447168901908 -3994.5113648517813 -9.489366253851215e-19 0.004369684208348364 0.18983603636917792
-3.5650044762757345 -0.019641897940915396 1.705015900172314 630.8263191506267 638.444482717663 828.1331593953073 423.7982362732291 3.1352928919024072 3.632605887690283 -1839.6022726994584 -2.5561448750815513e-15 21.5447168901908 -3994.5113648517813 -9.489366253851215e-19 0.004369684208348364 0.18983603636917792
-3.5650044762757345 -0.019641897940915396 1.6594946472577452 630.0838642343879 638.4825959894806 828.0117422351614 417.6029810756445 3.1352928919024072 3.632605887690283 -1839.6022726994584 -2.5561448750815513e-15 21.5447168901908 -3994.5113648517813 -9.489366253851215e-19 0.004369684208348364 0.18983603636917792
-3.5650044762757345 -0.019641897940915396 1.6139733943431764 629.4363664463162 638.4895756617188 827.2826436245814 410.9949008859694 3.1352928919024072 3.632605887690283 -1839.6022726994584 -2.5561448750815513e-15 21.5447168901908 -3994.5113648517813 -9.489366253851215e-19 0.004369684208348364 0.18983603636917792
-3.5650044762757345 -0.019641897940915396 1.5684521414286077 628.8989978954196 638.4636978190392 825.9673601249233 404.01373203098774 3.1352928919024072 3.632605887690283 -1839.6022726994584 -2.5561448750815513e-15 21.5447168901908 -3994.5113648517813 -9.489366253851215e-19 0.004369684208348364 0.18983603636917792
-3.5650044762757345 -0.019641897940915396 1.522930888514039 628.4857190549374 638.4035698547959 824.0877082012594 396.6984974630177 3.1352928919024072 3.632605887690283 -1839.6022726994584 -2.5561448750815513e-15 21.5447168901908 -3994.5113648517813 -9.489366253851215e-19 0.004369684208348364 0.18983603636917792
-3.5650044762757345 -0.019641897940915396 1.4774096355994701 628.2092785164714 638.3081304468215 821.6658242437989 389.0875067189336 3.1352928919024072 3.632605887690283 -1839.6022726994584 -2.5561448750815513e-15 21.5447168901908 -3994.5113648517813 -9.489366253851215e-19 0.004369684208348364 0.18983603636917792
-3.5650044762757345 -0.019641897940915396 1.4318883826849014 628.0812131091952 638.1766495853662 818.7241645408794 381.2183560580015 3.1352928919024072 3.632605887690283 -1839.6022726994584 -2.5561448750815513e-15 21.5447168901908 -3994.5113648517813 -9.489366253851215e-19 0.004369684208348364 0.18983603636917792
-3.5650044762757345 -0.019641897940915396 1.3863671297703326 628.111847884953 638.0087285451591 815.2855053208768 373.1279283426702 3.1352928919024072 3.632605887690283 -1839.6022726994584 -2.5561448750815513e-15 21.5447168901908 -3994.5113648517813 -9.489366253851215e-19 0.004369684208348364 0.18983603636917792
-3.5650044762757345 -0.019641897940915396 1.3408458768557638 628.310296036303 637.8042998947203 811.3729427196085 364.8523930609226 3.1352928919024072 3.632605887690283 -1839.6022726994584 -2.5561448750815513e-15 21.5447168901908 -3994.5113648517813 -9.489366253851215e-19 0.004369684208348364 0.18983603636917792
-3.5650044762757345 -0.019641897940915396 1.295324623941195 628.684458963573 637.5636275019497 807.0098927794024 356.4272063970566 3.1352928919024072 3.632605887690283 -1839.6022726994584 -2.5561448750815513e-15 21.5447168901908 -3994.5113648517813 -9.489366253851215e-19 0.004369684208348364 0.18983603636917792
-3.5650044762757345 -0.019641897940915396 1.2498033710266263 629.2410264164209 637.2873065490276 802.2200914788991 347.8871111124754 3.1352928919024072 3.632605887690283 -1839.6022726994584 -2.5561448750815513e-15 21.5447168901908 -3994.5113648517813 -9.489366253851215e-19 0.004369684208348364 0.18983603636917792
-3.5650044762757345 -0.019641897940915396 1.2042821181120575 629.9854761138558 636.9762634821236 797.0275947097689 339.26613663882017 3.1352928919024072 3.632605887690283 -1839.6022726994584 -2.5561448750815513e-15 21.5447168901908 -3994.5113648517813 -9.489366253851215e-19 0.004369684208348364 0.18983603636917792
-3.5669686660698283 -0.020623992837961277 1.1587608651974888 630.9220742061734 636.6317560616881 791.4567782608792 330.5975990444422 3.1352928919024072 3.632605887690283 -1839.6022726994584 -2.5561448750815513e-15 21.5447168901908 -3994.5113648517813 -9.489366253851215e-19 0.004369684208348364 0.18983603636917792
-3.568932855863922 -0.02160608773500604 1.1132396122829196 632.0538748651743 636.2553733475506 785.5323378639296 321.91410106793046 3.1352928919024072 3.632605887690283 -1839.6022726994584 -2.5561448750815513e-15 21.5447168901908 -3994.5113648517813 -9.489366253851215e-19 0.004369684208348364 0.18983603636917792
-3.570897045658012 -0.02258818263205304 1.0677183593683508 633.3827205821872 635.8490356933326 779.2792891617864 313.2475320249796 3.1352928919024072 3.632605887690283 -1839.6022726994584 -2.5561448750815513e-15 21.5447168901908 -3994.5113648517813 -9.489366253851215e-19 0.004369684208348364 0.18983603636917792
-3.5728612354521014 -0.023570277529097804 1.022197106453782 634.9092419967055 635.414994738996 772.7229676991701 304.6290679201484 3.1352928919024072 3.632605887690283 -1839.6022726994584 -2.5561448750815513e-15 21.5447168901908 -3994.5113648517813 -9.489366253851215e-19 0.004369684208348364 0.18983603636917792
-3.5748254252461953 -0.02455237242614257 0.9766758535392137 636.6328580081463 634.9558334406465 765.8890289543197 296.08917140215635 3.1420727641193893 3.6458001040390466 -1846.3511747579232 -1.8703721642035385e-15 21.62159181256527 -4018.847113637243 -6.943246297124049e-19 0.004391754972365895 0.1836960040917248
-3.576789615040285 -0.025534467323189567 0.931154600624645 638.5517756417394 634.4744660146534 758.8034483240917 287.65759176388383 3.1420727641193893 3.6458001040390466 -1846.3511747579232 -1.8703721642035385e-15 21.62159181256527 -4018.847113637243 -6.943246297124049e-19 0.004391754972365895 0.1836960040917248
-3.578753804834379 -0.02651656222023433 0.8856333477100762 640.6629901751876 633.9741380196065 751.4925211016089 279.36336486414075 3.1420727641193893 3.6458001040390466 -1846.3511747579232 -1.8703721642035385e-15 21.62159181256527 -4018.847113637243 -6.943246297124049e-19 0.004391754972365895 0.1836960040917248
-3.580717994628473 -0.027498657117279095 0.840112094795507 642.9622850939631 633.4584262780845 743.9828625228256 271.23481330275536 3.1420727641193893 3.6458001040390466 -1846.3511747579232 -1.8703721642035385e-15 21.62159181256527 -4018.847113637243 -6.943246297124049e-19 0.004391754972365895 0.1836960040917248
-3.582682184422558 -0.028480752014326094 0.7945908418809382 645.4442320838571 632.9312389269471 736.3014077302068 263.29954627901316 3.1420727641193893 3.6458001040390466 -1846.3511747579232 -1.8703721642035385e-15 21.62159181256527 -4018.847113637243 -6.943246297124049e-19 0.004391754972365895 0.1836960040917248
-3.584646374216652 -0.029462846911370858 0.7490695889663694 648.1021910086274 632.3968153744936 728.4754117755219 255.58445961028337 3.1420727641193893 3.6458001040390466 -1846.3511747579232 -1.8703721642035385e-15 21.62159181256527 -4018.847113637243 -6.943246297124049e-19 0.004391754972365895 0.1836960040917248
-3.584646374216652 -0.029462846911370858 0.7035483360518007 650.9283099472523 631.8597263712436 720.5324496394023 248.1157357916236 3.1420727641193893 3.6458001040390466 -1846.3511747579232 -1.8703721642035385e-15 21.62159181256527 -4018.847113637243 -6.943246297124049e-19 0.004391754972365895 0.1836960040917248
-3.584646374216652 -0.029462846911370858 0.6580270831372319 653.9135252311826 631.3248739093542 712.5004162183031 240.9188439771533 3.1420727641193893 3.6458001040390466 -1846.3511747579232 -1.8703721642035385e-15 21.62159181256527 -4018.847113637243 -6.943246297124049e-19 0.004391754972365895 0.1836960040917248
-3.584646374216652 -0.029462846911370858 0.6125058302226636 657.0475613325834 630.7974913138896 704.4075263142586 234.01853984966874 3.1420727641193893 3.6458001040390466 -1846.3511747579232 -1.8703721642035385e-15 21.62159181256527 -4018.847113637243 -6.943246297124049e-19 0.004391754972365895 0.1836960040917248
-3.5483088630259645 0.019641897940912045 0.5669845773080944 660.318930901587 630.283143196255 696.2823146563023 227.43886591121554 3.1420727641193893 3.6458001040390466 -1846.3511747579232 -1.8703721642035385e-15 21.62159181256527 -4018.847113637243 -6.943246297124049e-19 0.004391754972365895 0.1836960040917248
-3.5021504028648205 0.10017367949865645 0.5214633243935256 663.7149349227548 629.787725450471 688.1536359060556 221.20315112918615 3.1420727641193893 3.6458001040390466 -1846.3511747579232 -1.8703721642035385e-15 21.62159181256527 -4018.847113637243 -6.943246297124049e-19 0.004391754972365895 0.1836960040917248
-3.4530456580125373 0.19543688451208574 0.4759420714789566 667.2216624692082 629.3174652922899 680.0506645990536 215.3340112119913 3.1420727641193893 3.6458001040390466 -1846.3511747579232 -1.8703721642035385e-15 21.62159181256527 -4018.847113637243 -6.943246297124049e-19 0.004391754972365895 0.1836960040917248
-3.4039409131602545 0.29462846911369744 0.4596793758617719 670.823990829289 628.8789212144911 672.0028952360153 209.8533485159278 3.1420727641193893 3.6458001040390466 -1846.3511747579232 -1.8703721642035385e-15 21.62159181256527 -4018.847113637243 -6.943246297124049e-19 0.004391754972365895 0.1836960040917248
-3.3548361683079717 0.3928379588182621 0.46364760900081065 674.5055855512619 628.4789830204099 664.0401422036812 204.78235198557377 3.1420727641193893 3.6458001040390466 -1846.3511747579232 -1.8703721642035385e-15 21.62159181256527 -4018.847113637243 -6.943246297124049e-19 0.004391754972365895 0.1836960040917248
-3.3057314234556885 0.4881011638316914 0.4759420714789566 678.2489003166556 628.1248718090355 656.1925398213789 200.1414972282946 3.1420727641193893 3.6458001040390466 -1846.3511747579232 -1.8703721642035385e-15 21.62159181256527 -4018.847113637243 -6.943246297124049e-19 0.004391754972365895 0.1836960040917248
-3.2595729632945445 0.5774717994628465 0.4767472963205664 682.0351770967245 627.8241399396211 648.4905423121527 195.95054648816586 3.1420727641193893 3.6458001040390466 -1846.3511747579232 -1.8703721642035385e-15 21.62159181256527 -4018.847113637243 -6.943246297124049e-19 0.004391754972365895 0.1836960040917248
-3.2281459265890855 0.6678245299910475 0.3347368373167955 685.844446003437 627.5846711173654 640.9649238372222 192.22854866832495 3.1420727641193893 3.6458001040390466 -1846.3511747579232 -1.8703721642035385e-15 21.62159181256527 -4018.847113637243 -6.943246297124049e-19 0.004391754972365895 0.1836960040917248
-3.20162936436885 0.7562130707251556 0.2914567944778984 689.6555253043771 627.4146803263575 633.6467784456909 188.9938393086195 3.1420727641193893 3.6458001040390466 -1846.3511747579232 -1.8703721642035385e-15 21.62159181256527 -4018.847113637243 -6.943246297124049e-19 0.004391754972365895 0.1836960040917248
-3.178059086839758 0.8436195165622201 0.26339763254545995 693.44602163136 627.3227138388902 626.5675201294944 186.2640405781567 3.1420727641193893 3.6458001040390466 -1846.3511747579232 -1.8703721642035385e-15 21.62159181256527 -4018.847113637243 -6.943246297124049e-19 0.004391754972365895 0.1836960040917248
-3.190826320501353 0.8809391226499558 5.9535608997588065 697.1923296526074 627.3176492173225 619.7588827935979 184.05606127530336 3.1420727641193893 3.6458001040390466 -1846.3511747579232 -1.8703721642035385e-15 21.62159181256527 -4018.847113637243 -6.943246297124049e-19 0.004391754972365895 0.1836960040917248
-3.213414503133396 0.8858495971351841 4.926449663948577 700.8696323633194 627.4086953457445 613.2529202401638 182.3860968761146 3.1420727641193893 3.6458001040390466 -1846.3511747579232 -1.8703721642035385e-15 21.62159181256527 -4018.847113637243 -6.943246297124049e-19 0.004391754972365895 0.1836960040917248
-3.238948970456587 0.8750465532676815 4.312148323350758 704.4519008770585 627.6053923834115 607.0820062160492 181.26962946355343 3.1420727641193893 3.6458001040390466 -1846.3511747579232 -1.8703721642035385e-15 21.62159181256527 -4018.847113637243 -6.943246297124049e-19 0.004391754972365895 0.1836960040917248
-3.2644834377797682 0.8603151298119955 4.1891106582525905 707.9118945300579 627.9176117964089 601.2788343736902 180.7214277908206 3.1420727641193893 3.6458001040390466 -1846.3511747579232 -1.8703721642035385e-15 21.62159181256527 -4018.847113637243 -6.943246297124049e-19 0.004391754972365895 0.1836960040917248
-3.290017905102959 0.8465658012533555 4.218447611465139 711.2211609333754 628.3555563539267 595.876418271102 180.75554721057415 3.1420727641193893 3.6458001040390466 -1846.3511747579232 -1.8703721642035385e-15 21.62159181256527 -4018.847113637243 -6.943246297124049e-19 0.004391754972365895 0.1836960040917248
-3.315552372426141 0.8347806624888082 4.279981204814094 714.350035764277 628.9297600798309 590.9080913988873 181.3853297792375 3.1420727641193893 3.6458001040390466 -1846.3511747579232 -1.8703721642035385e-15 21.62159181256527 -4018.847113637243 -6.943246297124049e-19 0.004391754972365895 0.1836960040917248
-3.338140555058193 0.828888093106533 4.457206589763835 717.2676430940628 629.6510883569717 586.4075071681291 182.62340412288904 3.1420727641193893 3.6458001040390466 -1846.3511747579232 -1.8703721642035385e-15 21.62159181256527 -4018.847113637243 -6.943246297124049e-19 0.004391754972365895 0.1836960040917248
-3.34599731423456 0.822013428827213 3.9935589807631455 719.9418949782848 630.5307378023863 582.4086388852447 184.48168556764722 3.1420727641193893 3.6458001040390466 -1846.3511747579232 -1.8703721642035385e-15 21.62159181256527 -4018.847113637243 -6.943246297124049e-19 0.004391754972365895 0.1836960040917248
-3.3489435989256986 0.8171029543419847 3.6820121538606445 722.3394918888807 631.580236395821 578.9457797920331 186.9713760241866 3.1420727641193893 3.6458001040390466 -1846.3511747579232 -1.8703721642035385e-15 21.62159181256527 -4018.847113637243 -6.943246297124049e-19 0.004391754972365895 0.1836960040917248
-3.3489435989256986 0.8131745747538011 3.141592653589793 724.4259223043919 632.8114433400333 576.0535430563614 190.10296412557364 3.1420727641193893 3.6458001040390466 -1846.3511747579232 -1.8703721642035385e-15 21.62159181256527 -4018.847113637243 -6.943246297124049e-19 0.004391754972365895 0.1836960040917248
-3.423582811101172 0.822995523724261 4.843216376458784 726.1654630824924 634.2365492023528 573.7668617311865 193.88622504100204 3.1420727641193893 3.6458001040390466 -1846.3511747579232 -1.8703721642035385e-15 21.62159181256527 -4018.847113637243 -6.943246297124049e-19 0.004391754972365895 0.1836960040917248
-3.524738585496877 0.8396911369740376 4.875962855951549 727.521179176867 635.8680758010596 572.1209888095036 198.3302206993103 3.1420727641193893 3.6458001040390466 -1846.3511747579232 -1.8703721642035385e-15 21.62159181256527 -4018.847113637243 -6.943246297124049e-19 0.004391754972365895 0.1836960040917248
-3.6327690241718993 0.8563867502238132 4.8657213687830065 728.4549237713218 637.71887627244 571.1514972122386 203.44329957291484 3.1420727641193893 3.6458001040390466 -1846.3511747579232 -1.8703721642035385e-15 21.62159181256527 -4018.847113637243 -6.943246297124049e-19 0.004391754972365895 0.1836960040917248
-3.7407994628469217 0.8681718889883626 4.821050196225292 728.927338257432 639.8021350242198 570.8942797416821 209.23309679329395 3.1420727641193893 3.6458001040390466 -1846.3511747579232 -1.8703721642035385e-15 21.62159181256527 -4018.847113637243 -6.943246297124049e-19 0.004391754972365895 0.1836960040917248
-3.841955237242617 0.8770107430617733 4.799546254938977 728.8978522494435 642.131367797032 571.38554915227 215.70653416961432 3.1420727641193893 3.6458001040390466 -1846.3511747579232 -1.8703721642035385e-15 21.62159181256527 -4018.847113637243 -6.943246297124049e-19 0.004391754972365895 0.1836960040917248
-3.943111011638322 0.8809391226499569 4.7512044264661615 728.324683509767 644.7204216048121 572.6618381030858 222.8698201365769 3.1420727641193893 3.6458001040390466 -1846.3511747579232 -1.8703721642035385e-15 21.62159181256527 -4018.847113637243 -6.943246297124049e-19 0.004391754972365895 0.1836960040917248
-4.0403384064458425 0.8760286481647264 4.661926806367811 727.1648381054401 647.5834747478366 574.7599991578609 230.7284497357905 3.1420727641193893 3.6458001040390466 -1846.3511747579232 -1.8703721642035385e-15 21.62159181256527 -4018.847113637243 -6.943246297124049e-19 0.004391754972365895 0.1836960040917248
-4.132655326768136 0.8642435094001791 4.585416190770619 725.3741101697087 650.7350368537009 577.7172048175707 239.2872047238052 3.1420727641193893 3.6458001040390466 -1846.3511747579232 -1.8703721642035385e-15 21.62159181256527 -4018.847113637243 -6.943246297124049e-19 0.004391754972365895 0.1836960040917248
-4.223008057296334 0.8465658012533577 4.5191774965368845 722.9070821553469 654.1899488270283 581.5709474897012 248.55015343427658 3.1420727641193893 3.6458001040390466 -1846.3511747579232 -1.8703721642035385e-15 21.62159181256527 -4018.847113637243 -6.943246297124049e-19 0.004391754972365895 0.1836960040917248
-4.311396598030443 0.823977618621308 4.462188432607054 719.7171246707439 657.9633828569204 586.3590395003557 258.52065086737275 3.1420727641193893 3.6458001040390466 -1846.3511747579232 -1.8703721642035385e-15 21.62159181256527 -4018.847113637243 -6.943246297124049e-19 0.004391754972365895 0.1836960040917248
-4.325145926589079 0.7837117278424347 3.470642348430043 715.7563965320587 662.0708424579352 592.11961309053 269.20133861899376 3.1420727641193893 3.6458001040390466 -1846.3511747579232 -1.8703721642035385e-15 21.62159181256527 -4018.847113637243 -6.943246297124049e-19 0.004391754972365895 0.1836960040917248
-4.3074682184422555 0.7336248880931059 2.8023000391357185 710.9758447632194 666.5281624235213 598.8911204235628 280.59414502233267 3.1420727641193893 3.6458001040390466 -1846.3511747579232 -1.8703721642035385e-15 21.62159181256527 -4018.847113637243 -6.943246297124049e-19 0.004391754972365895 0.1836960040917248
-4.278987466427931 0.6815738585496864 2.685520657240193 705.3252046182752 671.351508833468 606.7123335842043 292.7002849653363 3.1420727641193893 3.6458001040390466 -1846.3511747579232 -1.8703721642035385e-15 21.62159181256527 -4018.847113637243 -6.943246297124049e-19 0.004391754972365895 0.1836960040917248
-4.250506714413605 0.6305049239033129 2.677945044588996 698.7529994919896 676.5573790892959 615.6223445618525 305.52026000618935 3.1420727641193893 3.6458001040390466 -1846.3511747579232 -1.8703721642035385e-15 21.62159181256527 -4018.847113637243 -6.943246297124049e-19 0.004391754972365895 0.1836960040917248
-4.225954341987468 0.5794359892569372 2.741351996555934 691.2065410241485 682.1626018676907 625.6605652607977 319.05385836213827 3.1420727641193893 3.6458001040390466 -1846.3511747579232 -1.8703721642035385e-15 21.62159181256527 -4018.847113637243 -6.943246297124049e-19 0.004391754972365895 0.1836960040917248
-4.197473589973144 0.531313339301699 2.6537562149301728 682.6319290921092 688.1843371503055 636.8667275262997 333.3001548573375 3.1420727641193893 3.6458001040390466 -1846.3511747579232 -1.8703721642035385e-15 21.62159181256527 -4018.847113637243 -6.943246297124049e-19 0.004391754972365895 0.1836960040917248
