34 -1.1294091316025023 0.48122649955237357 2.239932461524071 -1.6086714413607852 0.48122649955237135
-1.1294091316025023 0.48122649955237357 2.239932461524071 652.4541214993224 555.1431099537294 633.477750484366 241.39122547581792 3.071617636023703 3.5750143279861355 -1711.081340967458 0.01929870292409827 21.29338024751744 -4000.869130519295 -1.0121761124664033e-05 0.0043263185937519955 0.19187340922983043
-1.1794959713518345 0.45863831692032275 2.331241957426786 650.7076173098758 555.5122595177963 638.0408617244102 268.3023096844554 3.071617636023703 3.5750143279861355 -1711.081340967458 0.01929870292409827 21.29338024751744 -4000.869130519295 -1.0121761124664033e-05 0.0043263185937519955 0.19187340922983043
-1.2109230080572937 0.4448889883616838 2.422551453329502 649.6181713445112 555.8529684434179 642.517626655288 292.6131587587297 3.071617636023703 3.5750143279861355 -1711.081340967458 0.01929870292409827 21.29338024751744 -4000.869130519295 -1.0121761124664033e-05 0.0043263185937519955 0.19187340922983043
-1.2295828111011622 0.43997851387645437 2.513860949232217 649.0847346903756 556.1749990154058 646.8886377811432 314.37999185267836 3.071617636023703 3.5750143279861355 -1711.081340967458 0.01929870292409827 21.29338024751744 -4000.869130519295 -1.0121761124664033e-05 0.0043263185937519955 0.19187340922983043
-1.2394037600716143 0.44096060877350135 2.6051704451349327 649.0126838115975 556.4872390858363 651.1370922345668 333.6694286931306 3.071617636023703 3.5750143279861355 -1711.081340967458 0.01929870292409827 21.29338024751744 -4000.869130519295 -1.0121761124664033e-05 0.0043263185937519955 0.19187340922983043
-1.2423500447627531 0.44488898836168267 2.696479941037648 649.3138206042349 556.7977020782419 655.2487917714752 350.55848959088326 3.071617636023703 3.5750143279861355 -1711.081340967458 0.01929870292409827 21.29338024751744 -4000.869130519295 -1.0121761124664033e-05 0.0043263185937519955 0.19187340922983043
-1.2394037600716143 0.4527457475380486 2.787789436940363 649.9063723664731 557.1135269807419 659.2121427748352 365.1345954397693 3.071617636023703 3.5750143279861355 -1711.081340967458 0.01929870292409827 21.29338024751744 -4000.869130519295 -1.0121761124664033e-05 0.0043263185937519955 0.19187340922983043
-1.2335111906893457 0.46060250671441455 2.8790989328430783 650.7149918023497 557.4409783500014 663.018156257458 377.4955677110702 3.071617636023703 3.5750143279861355 -1711.081340967458 0.01929870292409827 21.29338024751744 -4000.869130519295 -1.0121761124664033e-05 0.0043263185937519955 0.19187340922983043
-1.2276186213070681 0.471405550581917 2.9704084287457935 651.670757018961 557.7854463121621 666.6604478578083 387.7496284712106 3.071617636023703 3.5750143279861355 -1711.081340967458 0.01929870292409827 21.29338024751744 -4000.869130519295 -1.0121761124664033e-05 0.0043263185937519955 0.19187340922983043
-1.2315470008952516 0.48319068934646425 3.061717924648509 652.7111715395004 558.1514465609798 670.1352378367446 396.0154003398493 3.071617636023703 3.5750143279861355 -1711.081340967458 0.01929870292409827 21.29338024751744 -4000.869130519295 -1.0121761124664033e-05 0.0043263185937519955 0.19187340922983043
-1.2443142345568425 0.4969400179051032 3.1530274205512243 653.7801642930135 558.5426203573588 673.4413510882296 402.4219065522775 3.071617636023703 3.5750143279861355 -1711.081340967458 0.01929870292409827 21.29338024751744 -4000.869130519295 -1.0121761124664033e-05 0.0043263185937519955 0.19187340922983043
-1.262974037600711 0.5067609668755587 3.2443369164539395 654.8280896181241 558.9617345315637 676.5802171300165 407.108570904471 3.071617636023703 3.5750143279861355 -1711.081340967458 0.01929870292409827 21.29338024751744 -4000.869130519295 -1.0121761124664033e-05 0.0043263185937519955 0.19187340922983043
-1.2934189794091255 0.5155998209489705 3.3356464123566547 655.8117272555828 559.4106814796105 679.5558701078407 410.2252177782357 3.071617636023703 3.5750143279861355 -1711.081340967458 0.01929870292409827 21.29338024751744 -4000.869130519295 -1.0121761124664033e-05 0.0043263185937519955 0.19187340922983043
-1.3209176365264057 0.5234565801253365 3.4269559082593704 656.6942823566496 559.8904791692039 682.3749487912282 411.93207213189453 3.071617636023703 3.5750143279861355 -1711.081340967458 0.01929870292409827 21.29338024751744 -4000.869130519295 -1.0121761124664033e-05 0.0043263185937519955 0.19187340922983043
-1.3425237242614083 0.5303312444046554 3.5182654041620856 657.445385478437 560.4012711328687 685.0466965800151 412.39975951984525 3.071617636023703 3.5750143279861355 -1711.081340967458 0.01929870292409827 21.29338024751744 -4000.869130519295 -1.0121761124664033e-05 0.0043263185937519955 0.19187340922983043
-1.3641298119964156 0.5362238137869295 3.6095749000648008 658.0410925922915 560.9423264722573 687.5829615001567 411.8093060757965 3.071617636023703 3.5750143279861355 -1711.081340967458 0.01929870292409827 21.29338024751744 -4000.869130519295 -1.0121761124664033e-05 0.0043263185937519955 0.19187340922983043
-1.3827896150402794 0.5411342882721578 3.700884395967516 658.46388507355 561.5120398578001 689.998196201399 410.35213848855346 3.071617636023703 3.5750143279861355 -1711.081340967458 0.01929870292409827 21.29338024751744 -4000.869130519295 -1.0121761124664033e-05 0.0043263185937519955 0.19187340922983043
-1.4043957027752867 0.5470268576544309 3.7921938918702316 658.702669701539 562.1079315264942 692.3094579637982 408.23008406255394 3.071617636023703 3.5750143279861355 -1711.081340967458 0.01929870292409827 21.29338024751744 -4000.869130519295 -1.0121761124664033e-05 0.0043263185937519955 0.19187340922983043
-1.4230555058191594 0.5480089525514767 3.883503387772947 658.7527786679566 562.7266472849296 694.5364086925983 405.6553706638515 3.071617636023703 3.5750143279861355 -1711.081340967458 0.01929870292409827 21.29338024751744 -4000.869130519295 -1.0121761124664033e-05 0.0043263185937519955 0.19187340922983043
-1.4377869292748444 0.5480089525514756 3.974812883675662 658.6159695750102 563.3639585070778 696.7013149191625 402.8506267564371 3.071617636023703 3.5750143279861355 -1711.081340967458 0.01929870292409827 21.29338024751744 -4000.869130519295 -1.0121761124664033e-05 0.0043263185937519955 0.19187340922983043
-1.4525183527305248 0.5450626678603391 4.066122379578378 658.3004254307598 564.0147621341748 698.8290478042327 400.048881361261 3.071617636023703 3.5750143279861355 -1711.081340967458 0.01929870292409827 21.29338024751744 -4000.869130519295 -1.0121761124664033e-05 0.0043263185937519955 0.19187340922983043
-1.4672497761862096 0.5411342882721578 4.157431875481093 657.8207546481863 564.6730806778651 700.9470831342041 397.49356410000473 3.071617636023703 3.5750143279861355 -1711.081340967458 0.01929870292409827 21.29338024751744 -4000.869130519295 -1.0121761124664033e-05 0.0043263185937519955 0.19187340922983043
-1.4790349149507558 0.5352417188898837 4.248741371383808 657.1979910461232 565.3320622143801 703.0855013197288 395.43850517924875 3.071617636023703 3.5750143279861355 -1711.081340967458 0.01929870292409827 21.29338024751744 -4000.869130519295 -1.0121761124664033e-05 0.0043263185937519955 0.19187340922983043
-1.4937663384064406 0.525420769919426 4.124386376837069 656.4595938548446 565.9839803905925 705.2769874013029 394.1479353699833 3.0811165369675937 3.614384114868214 -1728.0284757633844 0.017331093563796827 21.40891331341304 -4037.1682798055413 -1.0827481390083765e-05 0.004359491522833828 0.18279307239545298
-1.5114440465532597 0.5146177260519246 4.163839577934131 655.6394477216527 566.6202344207559 707.5568310436793 393.89648603927344 3.0811165369675937 3.614384114868214 -1728.0284757633844 0.017331093563796827 21.40891331341304 -4037.1682798055413 -1.0827481390083765e-05 0.004359491522833828 0.18279307239545298
-1.5261754700089447 0.503814682184421 4.079640145382447 654.7778626838699 567.2313490875531 709.9629265414551 394.9691891260445 3.0811165369675937 3.614384114868214 -1728.0284757633844 0.017331093563796827 21.40891331341304 -4037.1682798055413 -1.0827481390083765e-05 0.004359491522833828 0.18279307239545298
-1.5438531781557683 0.4930116383169197 4.163839577934244 653.9215741977096 567.8069747406989 712.535772814881 397.6614771652967 3.0811165369675937 3.614384114868214 -1728.0284757633844 0.017331093563796827 21.40891331341304 -4037.1682798055413 -1.0827481390083765e-05 0.004359491522833828 0.18279307239545298
-1.5615308863025918 0.48220859444941944 4.163839577934289 653.1237431233749 568.33588729857 715.31847340893 402.2791832499206 3.0811165369675937 3.614384114868214 -1728.0284757633844 0.017331093563796827 21.40891331341304 -4037.1682798055413 -1.0827481390083765e-05 0.004359491522833828 0.18279307239545298
-1.585101163831693 0.4753339301700994 4.428594871176405 652.4439557343721 568.8059882468078 718.3567364960909 409.1385410698131 3.0811165369675937 3.614384114868214 -1728.0284757633844 0.017331093563796827 21.40891331341304 -4037.1682798055413 -1.0827481390083765e-05 0.004359491522833828 0.18279307239545298
-1.6027788719785077 0.4714055505819159 4.493720034510614 651.9482237100601 569.204304642044 721.6988748796284 418.56618490535766 3.0811165369675937 3.614384114868214 -1728.0284757633844 0.017331093563796827 21.40891331341304 -4037.1682798055413 -1.0827481390083765e-05 0.004359491522833828 0.18279307239545298
-1.6145640107430583 0.47336974037600765 4.877537657799317 651.7089841291308 569.5169891046826 725.3958059833385 430.8991495985538 3.0811165369675937 3.614384114868214 -1728.0284757633844 0.017331093563796827 21.40891331341304 -4037.1682798055413 -1.0827481390083765e-05 0.004359491522833828 0.18279307239545298
-1.6204565801253359 0.4753339301700972 5.034139534780877 651.805099488236 569.7293198263505 729.5010518631898 446.48487058561295 3.0811165369675937 3.614384114868214 -1728.0284757633844 0.017331093563796827 21.40891331341304 -4037.1682798055413 -1.0827481390083765e-05 0.004359491522833828 0.18279307239545298
-1.611617726051924 0.47828021486123484 1.2490457723982165 652.3218576908112 569.8257005653577 734.0707391961478 465.68118388485163 3.0811165369675937 3.614384114868214 -1728.0284757633844 0.017331093563796827 21.40891331341304 -4037.1682798055413 -1.0827481390083765e-05 0.004359491522833828 0.18279307239545298
-1.6057251566696509 0.48122649955237135 1.1071487177940904 653.3509720442817 569.78966064821 739.163599293679 488.85632609017193 3.0811165369675937 3.614384114868214 -1728.0284757633844 0.017331093563796827 21.40891331341304 -4037.1682798055413 -1.0827481390083765e-05 0.004359491522833828 0.18279307239545298
-1.6086714413607852 0.48122649955237135 3.141592653589793 652.1913646794856 569.6947538536042 747.5272622480989 503.42033687233925 3.0811165369675937 3.614384114868214 -1728.0284757633844 0.017331093563796827 21.40891331341304 -4037.1682798055413 -1.0827481390083765e-05 0.004359491522833828 0.18279307239545298
-1.617510295434197 0.4802444046553255 4.6017317592107805 652.6947716549039 569.721803676337 737.3072504401207 487.5162105858326 3.0811165369675937 3.614384114868214 -1728.0284757633844 0.017331093563796827 21.40891331341304 -4037.1682798055413 -1.0827481390083765e-05 0.004359491522833828 0.18279307239545298
-1.626349149507609 0.4753339301700994 4.205290475992589 652.55582726188 570.0244635101408 725.0948834866285 467.12302631139755 3.0811165369675937 3.614384114868214 -1728.0284757633844 0.017331093563796827 21.40891331341304 -4037.1682798055413 -1.0827481390083765e-05 0.004359491522833828 0.18279307239545298
-1.638134288272155 0.4694413607878241 4.248741371383732 651.9184013269842 570.5481588933617 711.3946623429656 443.4450495541096 3.0811165369675937 3.614384114868214 -1728.0284757633844 0.017331093563796827 21.40891331341304 -4037.1682798055413 -1.0827481390083765e-05 0.004359491522833828 0.18279307239545298
-1.6528657117278442 0.46256669650850407 4.2757618205712395 650.9137973021716 571.2441817391664 696.6658084318042 417.5767508149147 3.0811165369675937 3.614384114868214 -1728.0284757633844 0.017331093563796827 21.40891331341304 -4037.1682798055413 -1.0827481390083765e-05 0.004359491522833828 0.18279307239545298
-1.6734897045658024 0.45078155774395684 4.193242866138172 649.6607522778213 572.0696903159842 681.3222637474537 390.50280621647835 3.0811165369675937 3.614384114868214 -1728.0284757633844 0.017331093563796827 21.40891331341304 -4037.1682798055413 -1.0827481390083765e-05 0.004359491522833828 0.18279307239545298
-1.6990241718889885 0.43310384959713544 4.106844316779715 648.2654369790107 572.987709264271 665.7326908037066 363.0980970263481 3.0811165369675937 3.614384114868214 -1728.0284757633844 0.017331093563796827 21.40891331341304 -4037.1682798055413 -1.0827481390083765e-05 0.004359491522833828 0.18279307239545298
-1.7245586392121748 0.4154261414503129 4.106844316779686 646.8214557282627 573.9671296076849 650.2204726859927 336.12770959734917 3.0811165369675937 3.614384114868214 -1728.0284757633844 0.017331093563796827 21.40891331341304 -4037.1682798055413 -1.0827481390083765e-05 0.004359491522833828 0.18279307239545298
-1.7648245299910503 0.39676633840644454 4.278435610990808 645.4098464995623 574.9827087055892 635.0637129321694 310.2469356060028 3.0811165369675937 3.614384114868214 -1728.0284757633844 0.017331093563796827 21.40891331341304 -4037.1682798055413 -1.0827481390083765e-05 0.004359491522833828 0.18279307239545298
-1.805090420769917 0.3800707251566701 4.319330961202748 644.0990808773786 576.0150703042746 620.4952357262373 286.0012721121311 3.0811165369675937 3.614384114868214 -1728.0284757633844 0.017331093563796827 21.40891331341304 -4037.1682798055413 -1.0827481390083765e-05 0.004359491522833828 0.18279307239545298
-1.8365174574753762 0.3673034914950759 4.326506310986578 642.945064086467 577.050704526715 606.7025857642293 263.8264211714268 3.0811165369675937 3.614384114868214 -1728.0284757633844 0.017331093563796827 21.40891331341304 -4037.1682798055413 -1.0827481390083765e-05 0.004359491522833828 0.18279307239545298
-1.8649982094897055 0.35551835273052645 4.320048836169193 641.9911349751055 578.0819678455591 593.8280283287168 244.0482903122902 3.0811165369675937 3.614384114868214 -1728.0284757633844 0.017331093563796827 21.40891331341304 -4037.1682798055413 -1.0827481390083765e-05 0.004359491522833828 0.18279307239545298
-1.8905326768128963 0.3486436884512075 4.44939424870383 641.2680660039186 579.1070831054822 581.9685490950942 226.882992208004 3.0811165369675937 3.614384114868214 -1728.0284757633844 0.017331093563796827 21.40891331341304 -4037.1682798055413 -1.0827481390083765e-05 0.004359491522833828 0.18279307239545298
-1.9131208594449438 0.3437332139659792 4.498328296820843 640.79406327568 580.1301395222545 571.1758544296026 212.43684476613998 3.0811165369675937 3.614384114868214 -1728.0284757633844 0.017331093563796827 21.40891331341304 -4037.1682798055413 -1.0827481390083765e-05 0.004359491522833828 0.18279307239545298
-1.9357090420769911 0.3398048343777968 4.5401981658617405 640.5747664775699 581.1610926855356 561.4563711732626 200.70637127757072 3.0811165369675937 3.614384114868214 -1728.0284757633844 0.017331093563796827 21.40891331341304 -4037.1682798055413 -1.0827481390083765e-05 0.004359491522833828 0.18279307239545298
-1.9553509400178954 0.33784064458370616 4.612720327893516 640.6032490059733 582.2157645346597 552.7712467238307 191.57829993963242 3.0811165369675937 3.614384114868214 -1728.0284757633844 0.017331093563796827 21.40891331341304 -4037.1682798055413 -1.0827481390083765e-05 0.004359491522833828 0.18279307239545298
-1.986777976723359 0.3398048343777968 4.7748077903806205 640.860017798841 583.3158433809876 545.0363490357995 184.82956475019455 3.0811165369675937 3.614384114868214 -1728.0284757633844 0.017331093563796827 21.40891331341304 -4037.1682798055413 -1.0827481390083765e-05 0.004359491522833828 0.18279307239545298
-2.0290080572963287 0.34569740376007096 4.851028717518833 641.3130134567618 584.4888839293271 538.1222665756941 180.1273042857647 3.0811165369675937 3.614384114868214 -1728.0284757633844 0.017331093563796827 21.40891331341304 -4037.1682798055413 -1.0827481390083765e-05 0.004359491522833828 0.18279307239545298
-2.071238137869285 0.3535541629364358 4.896332436921885 641.917610231787 585.7683072118089 531.8543083816767 177.02886307239532 3.0811165369675937 3.614384114868214 -1728.0284757633844 0.017331093563796827 21.40891331341304 -4037.1682798055413 -1.0827481390083765e-05 0.004359491522833828 0.18279307239545298
-2.1105219337511114 0.3614109221128006 4.9097845402345595 642.616615941748 587.1934006540105 526.0125039815903 174.981790214777 3.0811165369675937 3.614384114868214 -1728.0284757633844 0.017331093563796827 21.40891331341304 -4037.1682798055413 -1.0827481390083765e-05 0.004359491522833828 0.18279307239545298
-2.1576624888093137 0.36926768128916543 4.87753765779927 643.3402720764279 588.8093180498108 520.3316035345197 173.32384049892426 3.0811165369675937 3.614384114868214 -1728.0284757633844 0.017331093563796827 21.40891331341304 -4037.1682798055413 -1.0827481390083765e-05 0.004359491522833828 0.18279307239545298
-2.2126598030438696 0.37319606087734897 4.783696445169998 644.0062537547201 590.6670795427635 514.5010776296258 171.28297385573387 3.0811165369675937 3.614384114868214 -1728.0284757633844 0.017331093563796827 21.40891331341304 -4037.1682798055413 -1.0827481390083765e-05 0.004359491522833828 0.18279307239545298
-2.2755138764547924 0.3751602506714407 4.743628813814965 644.5196696817875 592.823571654968 508.1651175171137 167.9773553609848 3.0811165369675937 3.614384114868214 -1728.0284757633844 0.017331093563796827 21.40891331341304 -4037.1682798055413 -1.0827481390083765e-05 0.004359491522833828 0.18279307239545298
-2.3413142345568496 0.3761423455684866 4.727313245374779 644.7730622291565 595.341547283344 500.9226348698139 162.41535565257072 3.0811165369675937 3.614384114868214 -1728.0284757633844 0.017331093563796827 21.40891331341304 -4037.1682798055413 -1.0827481390083765e-05 0.004359491522833828 0.18279307239545298
-2.4012220232766297 0.37614234556848775 4.712388980384708 644.6464073546231 598.2896256754175 492.32726200670004 153.49554991722107 3.0811165369675937 3.614384114868214 -1728.0284757633844 0.017331093563796827 21.40891331341304 -4037.1682798055413 -1.0827481390083765e-05 0.004359491522833828 0.18279307239545298
-2.463094001790512 0.3751602506714418 4.696517297392898 644.0071146842092 601.7422924647108 481.8873517215252 140.00671955943108 3.0811165369675937 3.614384114868214 -1728.0284757633844 0.017331093563796827 21.40891331341304 -4037.1682798055413 -1.0827481390083765e-05 0.004359491522833828 0.18279307239545298
