26 -0.4419427036705506 -4.205330349149509 1.49282969296335 0.8544225604297181 -4.663968666069832
-0.4419427036705506 -4.205330349149509 1.49282969296335 301.4426996775437 527.8069378141081 680.148056820035 211.10375440120697 3.200100507117826 3.6941238911632848 -1914.405887145335 0.05145700924313577 21.95864250638638 -4276.445174047872 2.1566223488321724e-05 0.004444102685691677 0.13033540623463846
-0.3830170098478111 -4.198455684870189 1.4546546999149084 303.4871735947672 526.188706160814 683.6039174944162 204.4200849533081 3.200100507117826 3.6941238911632848 -1914.405887145335 0.05145700924313577 21.95864250638638 -4276.445174047872 2.1566223488321724e-05 0.004444102685691677 0.13033540623463846
-0.3201629364368926 -4.19158102059087 1.4618543698050177 305.27838068362325 524.5490579080652 682.1127989143133 205.77080976963043 3.200100507117826 3.6941238911632848 -1914.405887145335 0.05145700924313577 21.95864250638638 -4276.445174047872 2.1566223488321724e-05 0.004444102685691677 0.13033540623463846
-0.2632014324082426 -4.18470635631155 1.4506875912279893 306.8164558180142 522.8912910804502 676.5742883980274 213.40360593795776 3.200100507117826 3.6941238911632848 -1914.405887145335 0.05145700924313577 21.95864250638638 -4276.445174047872 2.1566223488321724e-05 0.004444102685691677 0.13033540623463846
-0.20623992837959712 -4.179795881826322 1.484802035600652 308.10275724786334 521.2190788996522 667.8097680211067 225.72501403093338 3.200100507117826 3.6941238911632848 -1914.405887145335 0.05145700924313577 21.95864250638638 -4276.445174047872 2.1566223488321724e-05 0.004444102685691677 0.13033540623463846
-0.14927842435095165 -4.177831692032229 1.5363272257953693 309.1398665953893 519.5364697846235 656.5624148994684 241.30043718218803 3.200100507117826 3.6941238911632848 -1914.405887145335 0.05145700924313577 21.95864250638638 -4276.445174047872 2.1566223488321724e-05 0.004444102685691677 0.13033540623463846
-0.08740644583706893 -4.17783169203223 1.5707963267949057 309.93158885720186 517.8478873508284 643.4972008764744 258.8541414141655 3.200100507117826 3.6941238911632848 -1914.405887145335 0.05145700924313577 21.95864250638638 -4276.445174047872 2.1566223488321724e-05 0.004444102685691677 0.13033540623463846
-0.025534467323190684 -4.180777976723367 1.6183794300718803 310.4829524056986 516.1581304111751 629.2008927613497 277.26925587654114 3.200100507117826 3.6941238911632848 -1914.405887145335 0.05145700924313577 21.95864250638638 -4276.445174047872 2.1566223488321724e-05 0.004444102685691677 0.13033540623463846
0.03339122649954434 -4.186670546105642 1.6704649792860793 310.8002089874353 514.472372975084 614.1820521652699 295.5877721309662 3.200100507117826 3.6941238911632848 -1914.405887145335 0.05145700924313577 21.95864250638638 -4276.445174047872 2.1566223488321724e-05 0.004444102685691677 0.13033540623463846
0.1001736794986464 -4.196491495076098 1.7168085845061778 310.89083372149616 512.7961642497103 598.8710356652737 313.0105450153351 3.200100507117826 3.6941238911632848 -1914.405887145335 0.05145700924313577 21.95864250638638 -4276.445174047872 2.1566223488321724e-05 0.004444102685691677 0.13033540623463846
0.16302775290956942 -4.213187108325874 1.8304259562031406 310.763525102986 511.1354286385467 583.6199945360422 328.89729207754135 3.200100507117826 3.6941238911632848 -1914.405887145335 0.05145700924313577 21.95864250638638 -4276.445174047872 2.1566223488321724e-05 0.004444102685691677 0.13033540623463846
0.2268639212175372 -4.232829006266786 1.8692952583810678 310.42820500046946 509.4964657421224 568.7028751969337 342.7665938138962 3.200100507117826 3.6941238911632848 -1914.405887145335 0.05145700924313577 21.95864250638638 -4276.445174047872 2.1566223488321724e-05 0.004444102685691677 0.13033540623463846
0.28382542524618715 -4.256399283795883 1.9631364710104147 309.89601865783334 507.88595035893377 554.3154187053442 354.29589346051216 3.200100507117826 3.6941238911632848 -1914.405887145335 0.05145700924313577 21.95864250638638 -4276.445174047872 2.1566223488321724e-05 0.004444102685691677 0.13033540623463846
0.3437332139659759 -4.28193375111907 1.973707917648386 309.17933469242416 506.31093248340767 540.5751610845327 363.3214972913265 3.200100507117826 3.6941238911632848 -1914.405887145335 0.05145700924313577 21.95864250638638 -4276.445174047872 2.1566223488321724e-05 0.004444102685691677 0.13033540623463846
0.40069471799462136 -4.308450313339303 2.0064791998258618 308.2917450957466 504.77883730712347 527.521433159709 369.8385744392872 3.200100507117826 3.6941238911632848 -1914.405887145335 0.05145700924313577 21.95864250638638 -4276.445174047872 2.1566223488321724e-05 0.004444102685691677 0.13033540623463846
0.45765622202327133 -4.333002685765445 1.9777671121636649 307.24806523369625 503.2974652192206 515.1153606921434 374.00115674734116 3.200100507117826 3.6941238911632848 -1914.405887145335 0.05145700924313577 21.95864250638638 -4276.445174047872 2.1566223488321724e-05 0.004444102685691677 0.13033540623463846
0.5146177260519212 -4.358537153088632 1.9922155336826843 306.06433384818956 501.8749918057583 503.23986437916756 376.12213918566704 3.200100507117826 3.6941238911632848 -1914.405887145335 0.05145700924313577 21.95864250638638 -4276.445174047872 2.1566223488321724e-05 0.004444102685691677 0.13033540623463846
0.5647045658012445 -4.383089525514773 2.0265700827716446 304.7578130529728 500.51996784913354 491.6996596157551 376.6732794344425 3.200100507117826 3.6941238911632848 -1914.405887145335 0.05145700924313577 21.95864250638638 -4276.445174047872 2.1566223488321724e-05 0.004444102685691677 0.13033540623463846
0.6147914055505721 -4.409606087735006 2.0576955586061714 303.34698833711445 499.24131932959426 480.2212569564581 376.28519782423973 3.200100507117826 3.6941238911632848 -1914.405887145335 0.05145700924313577 21.95864250638638 -4276.445174047872 2.1566223488321724e-05 0.004444102685691677 0.13033540623463846
0.6570214861235417 -4.439068934646376 2.1799597924555996 301.85156856500544 498.04834742401727 468.45296132564545 375.7473782300949 3.200100507117826 3.6941238911632848 -1914.405887145335 0.05145700924313577 21.95864250638638 -4276.445174047872 2.1566223488321724e-05 0.004444102685691677 0.13033540623463846
0.6992515666965023 -4.468531781557745 2.179959792455699 300.2924859735649 496.9507285062573 455.9648731350899 376.0081667304039 3.200100507117826 3.6941238911632848 -1914.405887145335 0.05145700924313577 21.95864250638638 -4276.445174047872 2.1566223488321724e-05 0.004444102685691677 0.13033540623463846
0.7375532676812838 -4.497012533572069 2.2101822324810545 298.6918961755 495.95851414714707 442.2488871961832 378.1747726202011 3.200100507117826 3.6941238911632848 -1914.405887145335 0.05145700924313577 21.95864250638638 -4276.445174047872 2.1566223488321724e-05 0.004444102685691677 0.13033540623463846
0.7719265890778819 -4.527457475380485 2.2956624704102415 297.0731781560462 495.08213111478835 426.71869337558746 383.5132678747177 3.200100507117826 3.6941238911632848 -1914.405887145335 0.05145700924313577 21.95864250638638 -4276.445174047872 2.1566223488321724e-05 0.004444102685691677 0.13033540623463846
0.8033536257833411 -4.558884512085946 2.3561944901923715 295.4609342769254 494.3323813744355 408.70977641642094 393.4485876560211 3.200100507117826 3.6941238911632848 -1914.405887145335 0.05145700924313577 21.95864250638638 -4276.445174047872 2.1566223488321724e-05 0.004444102685691677 0.13033540623463846
0.8269239033124378 -4.591293643688453 2.512796367174344 293.88099027378485 493.72044208738953 387.47941598296165 409.5645296573639 3.200100507117826 3.6941238911632848 -1914.405887145335 0.05145700924313577 21.95864250638638 -4276.445174047872 2.1566223488321724e-05 0.004444102685691677 0.13033540623463846
0.8465658012533555 -4.627631154879142 2.6460409801038685 292.3603952564299 493.25786561344285 362.2066864669323 433.6037545502186 3.200100507117826 3.6941238911632848 -1914.405887145335 0.05145700924313577 21.95864250638638 -4276.445174047872 2.1566223488321724e-05 0.004444102685691677 0.13033540623463846
0.8544225604297181 -4.663968666069832 2.928654304010469 292.4162823006045 495.14667694526725 319.6240247422829 447.18266477482393 3.200100507117826 3.6941238911632848 -1914.405887145335 0.05145700924313577 21.95864250638638 -4276.445174047872 2.1566223488321724e-05 0.004444102685691677 0.13033540623463846
0.8544225604297181 -4.703252461951658 3.141592653589793 287.88107155589387 493.91068919561803 336.7657045610249 426.009593534749 3.200100507117826 3.6941238911632848 -1914.405887145335 0.05145700924313577 21.95864250638638 -4276.445174047872 2.1566223488321724e-05 0.004444102685691677 0.13033540623463846
0.8504941808415345 -4.742536257833485 3.2412613060809776 283.48888793902006 492.93059138173703 352.5889261541888 405.75664583267644 3.200100507117826 3.6941238911632848 -1914.405887145335 0.05145700924313577 21.95864250638638 -4276.445174047872 2.1566223488321724e-05 0.004444102685691677 0.13033540623463846
0.846565801253351 -4.780837958818264 3.243799371697072 279.24817284732126 492.1894193459302 367.17948158457875 386.432319461368 3.200100507117826 3.6941238911632848 -1914.405887145335 0.05145700924313577 21.95864250638638 -4276.445174047872 2.1566223488321724e-05 0.004444102685691677 0.13033540623463846
0.846565801253351 -4.82012175470009 3.141592653589793 275.1669700680068 491.6707613306353 380.61985872127116 368.0429606605321 3.200100507117826 3.6941238911632848 -1914.405887145335 0.05145700924313577 21.95864250638638 -4276.445174047872 2.1566223488321724e-05 0.004444102685691677 0.13033540623463846
0.8504941808415345 -4.863333930170099 3.0509327663890273 271.2529257800197 491.3587579773739 392.9892412479967 350.5927641126327 3.200100507117826 3.6941238911632848 -1914.405887145335 0.05145700924313577 21.95864250638638 -4276.445174047872 2.1566223488321724e-05 0.004444102685691677 0.13033540623463846
0.8583509400179016 -4.9085102954341995 2.969401839066817 267.5132885541534 491.2381023269845 404.36350866314024 334.08377294428647 3.200100507117826 3.6941238911632848 -1914.405887145335 0.05145700924313577 21.95864250638638 -4276.445174047872 2.1566223488321724e-05 0.004444102685691677 0.13033540623463846
0.8662076991942642 -4.957615040286483 2.982937391403445 263.95490935212 491.2940398196224 414.8152362778783 318.51587872905657 3.200100507117826 3.6941238911632848 -1914.405887145335 0.05145700924313577 21.95864250638638 -4276.445174047872 2.1566223488321724e-05 0.004444102685691677 0.13033540623463846
0.878974932855855 -5.0116302596239946 2.909488815514687 260.58424152596854 491.5123682944104 424.4136952208355 303.88682148605585 3.200100507117826 3.6941238911632848 -1914.405887145335 0.05145700924313577 21.95864250638638 -4276.445174047872 2.1566223488321724e-05 0.004444102685691677 0.13033540623463846
0.8868316920322221 -5.067609668755597 3.002152596498424 257.407340819831 491.87943799002096 433.22485242504627 290.1921896743588 3.200100507117826 3.6941238911632848 -1914.405887145335 0.05145700924313577 21.95864250638638 -4276.445174047872 2.1566223488321724e-05 0.004444102685691677 0.13033540623463846
0.8868316920322221 -5.120642793196062 3.141592653589793 254.4298653693404 492.38215154467616 441.3113706437871 277.42542020604014 3.200100507117826 3.6941238911632848 -1914.405887145335 0.05145700924313577 21.95864250638638 -4276.445174047872 2.1566223488321724e-05 0.004444102685691677 0.13033540623463846
0.8907600716204056 -5.170729632945391 3.063321513068498 251.65707570011728 493.0079639960313 448.73260844219476 265.5777984294109 3.200100507117826 3.6941238911632848 -1914.405887145335 0.05145700924313577 21.95864250638638 -4276.445174047872 2.1566223488321724e-05 0.004444102685691677 0.13033540623463846
0.8829033124440431 -5.2139418084154 3.321446153382212 249.09383473044727 493.7448827801272 455.5446202037856 254.63845814578235 3.2097340922959368 3.7005158658294213 -1923.777136446586 0.049102249434773385 21.9618624682576 -4276.013585311694 2.0579316611388763e-05 0.004445703828014893 0.13041463582245932
0.8632614145031299 -5.249297224709044 3.6486911579821273 246.7446077686036 494.5814677333692 461.8001561164856 244.59438159689307 3.2097340922959368 3.7005158658294213 -1923.777136446586 0.049102249434773385 21.9618624682576 -4276.013585311694 2.0579316611388763e-05 0.004445703828014893 0.13041463582245932
0.8357627573858497 -5.278760071620414 3.892521715987766 244.6134625148261 495.5068310906645 467.54866218939424 235.43039947003126 3.2097340922959368 3.7005158658294213 -1923.777136446586 0.049102249434773385 21.9618624682576 -4276.013585311694 2.0579316611388763e-05 0.004445703828014893 0.13041463582245932
0.8004073410922069 -5.303312444046553 4.1054013163382805 242.70406905992422 496.51063748740125 472.8362802453339 227.12919089663774 3.2097340922959368 3.7005158658294213 -1923.777136446586 0.049102249434773385 21.9618624682576 -4276.013585311694 2.0579316611388763e-05 0.004445703828014893 0.13041463582245932
0.7503205013428748 -5.317061772605194 4.444478557961352 241.0196998870233 497.5831039559562 477.7058479115367 219.67128345696256 3.2097340922959368 3.7005158658294213 -1923.777136446586 0.049102249434773385 21.9618624682576 -4276.013585311694 2.0579316611388763e-05 0.004445703828014893 0.13041463582245932
0.6884485228290009 -5.320990152193377 4.6489820284178585 239.56322986865416 498.71499993116595 482.1968986354768 213.03505317121744 3.2097340922959368 3.7005158658294213 -1923.777136446586 0.049102249434773385 21.9618624682576 -4276.013585311694 2.0579316611388763e-05 0.004445703828014893 0.13041463582245932
0.6138093106535274 -5.314115487914057 4.804235106649429 238.3371362707112 499.8976472445065 486.3456616839394 207.1967245079577 3.2097340922959368 3.7005158658294213 -1923.777136446586 0.049102249434773385 21.9618624682576 -4276.013585311694 2.0579316611388763e-05 0.004445703828014893 0.13041463582245932
0.540152193375103 -5.303312444046555 4.8580173609555075 237.3434987490764 501.12292012840044 490.18506212811917 202.13037037989125 3.2097340922959368 3.7005158658294213 -1923.777136446586 0.049102249434773385 21.9618624682576 -4276.013585311694 2.0579316611388763e-05 0.004445703828014893 0.13041463582245932
0.471405550581907 -5.290545210384961 4.896011306553971 236.58399935020134 502.38324521272443 493.74472084920853 197.80791214480996 3.2097340922959368 3.7005158658294213 -1923.777136446586 0.049102249434773385 21.9618624682576 -4276.013585311694 2.0579316611388763e-05 0.004445703828014893 0.13041463582245932
0.4026589077887109 -5.275813786929276 4.923482313607436 236.059922513552 503.67160152981523 497.05095455702394 194.199119603727 3.2097340922959368 3.7005158658294213 -1923.777136446586 0.049102249434773385 21.9618624682576 -4276.013585311694 2.0579316611388763e-05 0.004445703828014893 0.13041463582245932
0.3456974037600654 -5.2630465532676824 4.932882741751373 235.77215506811626 504.98152050795034 500.1267757648602 191.2716110064648 3.2097340922959368 3.7005158658294213 -1923.777136446586 0.049102249434773385 21.9618624682576 -4276.013585311694 2.0579316611388763e-05 0.004445703828014893 0.13041463582245932
0.292664279319599 -5.25224350940018 4.913343244072787 235.72118623484857 506.3070859769359 502.9918927960098 188.99085304094478 3.2097340922959368 3.7005158658294213 -1923.777136446586 0.049102249434773385 21.9618624682576 -4276.013585311694 2.0579316611388763e-05 0.004445703828014893 0.13041463582245932
0.239631154879137 -5.237512085944496 4.983335830723128 235.90710762597155 507.64293416403234 505.66270979400724 187.32016085088253 3.2097340922959368 3.7005158658294213 -1923.777136446586 0.049102249434773385 21.9618624682576 -4276.013585311694 2.0579316611388763e-05 0.004445703828014893 0.13041463582245932
0.1905264100268541 -5.221798567591764 5.02209192492714 236.32961324497592 508.98425369895995 508.15232671704143 186.22069801436737 3.2097340922959368 3.7005158658294213 -1923.777136446586 0.049102249434773385 21.9618624682576 -4276.013585311694 2.0579316611388763e-05 0.004445703828014893 0.13041463582245932
0.14927842435093824 -5.205102954341989 5.0969936952069155 236.9879994862713 510.3267856067978 510.4705393370241 185.65147656202316 3.2097340922959368 3.7005158658294213 -1923.777136446586 0.049102249434773385 21.9618624682576 -4276.013585311694 2.0579316611388763e-05 0.004445703828014893 0.13041463582245932
0.10803043867501345 -5.18447896150403 5.176036589385431 237.88116513518617 511.66682331461925 512.6238392265514 185.56935696071014 3.2097340922959368 3.7005158658294213 -1923.777136446586 0.049102249434773385 21.9618624682576 -4276.013585311694 2.0579316611388763e-05 0.004445703828014893 0.13041463582245932
0.06776454789614236 -5.16189077887198 5.22361969266249 239.0076113693649 513.0012126474176 514.6154137915 185.9290481330827 3.2097340922959368 3.7005158658294213 -1923.777136446586 0.049102249434773385 21.9618624682576 -4276.013585311694 2.0579316611388763e-05 0.004445703828014893 0.13041463582245932
0.024552372426136986 -5.1314458370635645 5.326159075401292 240.36544175632298 514.3273518315982 516.4451462319121 186.68310744082555 3.2097340922959368 3.7005158658294213 -1923.777136446586 0.049102249434773385 21.9618624682576 -4276.013585311694 2.0579316611388763e-05 0.004445703828014893 0.13041463582245932
-0.0157135183527341 -5.0990367054610575 5.390097272949339 241.95236225554254 515.6431914890418 518.1096155783162 187.78194068884477 3.2097340922959368 3.7005158658294213 -1923.777136446586 0.049102249434773385 21.9618624682576 -4276.013585311694 2.0579316611388763e-05 0.004445703828014893 0.13041463582245932
-0.05892569382274395 -5.059752909579231 5.450204040505144 243.76568121777382 516.9472346454859 519.6020966665819 189.1738021299243 3.2097340922959368 3.7005158658294213 -1923.777136446586 0.049102249434773385 21.9618624682576 -4276.013585311694 2.0579316611388763e-05 0.004445703828014893 0.13041463582245932
-0.10606624888093732 -5.014576544315132 5.476513757758048 245.8023093844531 518.238536722376 520.9125601397827 190.80479446286336 3.2097340922959368 3.7005158658294213 -1923.777136446586 0.049102249434773385 21.9618624682576 -4276.013585311694 2.0579316611388763e-05 0.004445703828014893 0.13041463582245932
-0.1492784243509427 -4.9674359892569395 5.541238039173717 248.05875988909975 519.51670554257 522.0276724761352 192.6188688292168 3.2097340922959368 3.7005158658294213 -1923.777136446586 0.049102249434773385 21.9618624682576 -4276.013585311694 2.0579316611388763e-05 0.004445703828014893 0.13041463582245932
-0.18856222023276903 -4.917349149507611 5.618082620710089 250.53114825545345 520.7819013269618 522.9307959359139 194.55782481562346 3.2097340922959368 3.7005158658294213 -1923.777136446586 0.049102249434773385 21.9618624682576 -4276.013585311694 2.0579316611388763e-05 0.004445703828014893 0.13041463582245932
-0.23079230080572966 -4.862351835273054 5.6283532385817985 253.21519239922054 522.0348366973922 523.60198862385 196.56131045520306 3.2097340922959368 3.7005158658294213 -1923.777136446586 0.049102249434773385 21.9618624682576 -4276.013585311694 2.0579316611388763e-05 0.004445703828014893 0.13041463582245932
-0.2740044762757395 -4.8063724261414515 5.625796202455324 256.1062126265606 523.2767766721081 524.0180044360459 198.5668222270906 3.2097340922959368 3.7005158658294213 -1923.777136446586 0.049102249434773385 21.9618624682576 -4276.013585311694 2.0579316611388763e-05 0.004445703828014893 0.13041463582245932
-0.3123061772605255 -4.75235720680394 5.666384083391502 259.19913163548335 524.5095386719331 524.1522930925712 200.50970504712313 3.2097340922959368 3.7005158658294213 -1923.777136446586 0.049102249434773385 21.9618624682576 -4276.013585311694 2.0579316611388763e-05 0.004445703828014893 0.13041463582245932
-0.35158997314234736 -4.698341987466429 5.654389020764212 262.48847451538313 525.7354925147956 523.9750001244247 202.32315228972584 3.2097340922959368 3.7005158658294213 -1923.777136446586 0.049102249434773385 21.9618624682576 -4276.013585311694 2.0579316611388763e-05 0.004445703828014893 0.13041463582245932
-0.3908737690241737 -4.645308863025964 5.645636509040892 265.9683687464567 526.9575604199199 523.452966879122 203.93820576136932 3.2097340922959368 3.7005158658294213 -1923.777136446586 0.049102249434773385 21.9618624682576 -4276.013585311694 2.0579316611388763e-05 0.004445703828014893 0.13041463582245932
-0.4291754700089553 -4.5922757385854975 5.657700266940349 269.632544199354 528.179217003053 522.5497305160388 205.28375572385266 3.2097340922959368 3.7005158658294213 -1923.777136446586 0.049102249434773385 21.9618624682576 -4276.013585311694 2.0579316611388763e-05 0.004445703828014893 0.13041463582245932
-0.4635487914055533 -4.542188898836169 5.681730600319304 273.4743331379723 529.404489281238 521.2255240008235 206.28654087521136 3.2097340922959368 3.7005158658294213 -1923.777136446586 0.049102249434773385 21.9618624682576 -4276.013585311694 2.0579316611388763e-05 0.004445703828014893 0.13041463582245932
-0.50086839749329 -4.492102059086841 5.642828842108723 277.4866702151485 530.6379566709511 519.4372761286795 206.87114836415276 3.2097340922959368 3.7005158658294213 -1923.777136446586 0.049102249434773385 21.9618624682576 -4276.013585311694 2.0579316611388763e-05 0.004445703828014893 0.13041463582245932
-0.5421163831692104 -4.43808683974933 5.631013895422485 281.6620924763847 531.8847509874031 517.1386114861816 206.96001378493384 3.2097340922959368 3.7005158658294213 -1923.777136446586 0.049102249434773385 21.9618624682576 -4276.013585311694 2.0579316611388763e-05 0.004445703828014893 0.13041463582245932
-0.5902390331244486 -4.385053715308865 5.54629275602251 285.9927393582184 533.1505564444233 514.2798504950479 206.4734211708419 3.2097340922959368 3.7005158658294213 -1923.777136446586 0.049102249434773385 21.9618624682576 -4276.013585311694 2.0579316611388763e-05 0.004445703828014893 0.13041463582245932
-0.6413079677708166 -4.330056401074307 5.534807259656131 290.47035268787295 534.4416096559726 510.8080093804747 205.3295030039735 3.2097340922959368 3.7005158658294213 -1923.777136446586 0.049102249434773385 21.9618624682576 -4276.013585311694 2.0579316611388763e-05 0.004445703828014893 0.13041463582245932
-0.6992515666965112 -4.271130707251567 5.506190307329782 295.08627668383997 535.7646996359108 506.66680018324405 203.4442402170971 3.2097340922959368 3.7005158658294213 -1923.777136446586 0.049102249434773385 21.9618624682576 -4276.013585311694 2.0579316611388763e-05 0.004445703828014893 0.13041463582245932
-0.7601414503133447 -4.208276633840645 5.513658826773904 299.83145795646124 537.127167796134 501.7966307550669 200.73146217642352 3.2097340922959368 3.7005158658294213 -1923.777136446586 0.049102249434773385 21.9618624682576 -4276.013585311694 2.0579316611388763e-05 0.004445703828014893 0.13041463582245932
-0.820049239033129 -4.1385478961504045 5.5734002870189725 304.6964455067646 538.5369079487864 496.1346047660336 197.10284669650719 3.2097340922959368 3.7005158658294213 -1923.777136446586 0.049102249434773385 21.9618624682576 -4276.013585311694 2.0579316611388763e-05 0.004445703828014893 0.13041463582245932
-0.8760286481647341 -4.0648907788719795 5.6333148577676155 309.67139072704595 540.0023663041648 489.6145216906443 192.46792004816234 3.2097340922959368 3.7005158658294213 -1923.777136446586 0.049102249434773385 21.9618624682576 -4276.013585311694 2.0579316611388763e-05 0.004445703828014893 0.13041463582245932
-0.9290617726052006 -3.986323187108327 5.689435640468807 314.7460474006366 541.5325414731633 482.1668768208474 186.7340569314547 3.2097340922959368 3.7005158658294213 -1923.777136446586 0.049102249434773385 21.9618624682576 -4276.013585311694 2.0579316611388763e-05 0.004445703828014893 0.13041463582245932
-0.986023276633846 -3.9038272157564915 5.67887980031338 319.9097717028344 543.136984465993 473.7188612772152 179.8064804985188 3.2097340922959368 3.7005158658294213 -1923.777136446586 0.049102249434773385 21.9618624682576 -4276.013585311694 2.0579316611388763e-05 0.004445703828014893 0.13041463582245932
-1.0420026857654467 -3.8183849597135193 5.703182532971919 325.1515221991576 544.8257986912504 464.1943619688973 171.58826235029846 3.2097340922959368 3.7005158658294213 -1923.777136446586 0.049102249434773385 21.9618624682576 -4276.013585311694 2.0579316611388763e-05 0.004445703828014893 0.13041463582245932
-1.1087851387645489 -3.732942703670547 5.639684198386309 330.4598598468583 546.6096399569651 453.51396164111793 161.98032252537087 3.2097340922959368 3.7005158658294213 -1923.777136446586 0.049102249434773385 21.9618624682576 -4276.013585311694 2.0579316611388763e-05 0.004445703828014893 0.13041463582245932
-1.175567591763651 -3.645536257833484 5.650436472177409 335.82294799457304 548.4997164708329 441.5949388286099 150.8814295111224 3.2097340922959368 3.7005158658294213 -1923.777136446586 0.049102249434773385 21.9618624682576 -4276.013585311694 2.0579316611388763e-05 0.004445703828014893 0.13041463582245932
-1.2433321396598023 -3.5591119068934662 5.637888868178747 341.22855238150805 550.50778883975 428.3512679049745 138.18820024142042 3.2097340922959368 3.7005158658294213 -1923.777136446586 0.049102249434773385 21.9618624682576 -4276.013585311694 2.0579316611388763e-05 0.004445703828014893 0.13041463582245932
-1.303239928379591 -3.4746517457475403 5.687267301663278 346.6640411389526 552.6461700705113 413.69361903332174 123.79510008916259 3.2097340922959368 3.7005158658294213 -1923.777136446586 0.049102249434773385 21.9618624682576 -4276.013585311694 2.0579316611388763e-05 0.004445703828014893 0.13041463582245932
-1.36412981199642 -3.390191584601613 5.6794359737821525 352.11638478864916 554.9277255684137 397.5293582174927 107.59444287698716 3.06764017119611 3.588407005572646 -1847.530534207222 0.006545673161049444 21.77448792731176 -4416.479118035631 5.8970028477926825e-06 0.0042984067176739475 0.1264807352344821
-1.4220734109221147 -3.3086777081468224 5.686986165882086 357.5721562441904 557.3658731381875 379.76254724897444 89.47639087587595 3.06764017119611 3.588407005572646 -1847.530534207222 0.006545673161049444 21.77448792731176 -4416.479118035631 5.8970028477926825e-06 0.0042984067176739475 0.1264807352344821
-1.4800170098478094 -3.227163831692034 5.686986165882116 363.017530809273 559.974582983763 360.2939437478781 69.32895479165018 3.06764017119611 3.588407005572646 -1847.530534207222 0.006545673161049444 21.77448792731176 -4416.479118035631 5.8970028477926825e-06 0.0042984067176739475 0.1264807352344821
