17 -4.407641897940911 3.5954494180841534 0.4925927520703087 -3.0592256042972337 5.031272157564908
-4.407641897940911 3.5954494180841534 0.4925927520703087 1058.1546858010406 677.5704442551214 848.335149549006 425.7688305712654 3.14557008992941 3.6717194661083243 -1968.2085516805848 -0.05426897463731832 22.388468359203287 -4804.447516764309 -2.2359064004705487e-05 0.004436447635031003 0.05230389989002377
-4.176849597135181 3.939182632050136 0.5912920653671184 1040.077099968039 659.348023130704 862.0822690886271 463.09100025199587 3.14557008992941 3.6717194661083243 -1968.2085516805848 -0.05426897463731832 22.388468359203287 -4804.447516764309 -2.2359064004705487e-05 0.004436447635031003 0.05230389989002377
-3.9460572963294513 4.209258728737692 0.7071270228761704 1026.8794157647353 643.736951107363 871.8669321735797 493.6000246157637 3.14557008992941 3.6717194661083243 -1968.2085516805848 -0.05426897463731832 22.388468359203287 -4804.447516764309 -2.2359064004705487e-05 0.004436447635031003 0.05230389989002377
-3.708390331244404 4.4842452999104765 0.7127294143999277 1018.0835921748367 630.5462186061486 878.0239957292506 517.8321801447892 3.14557008992941 3.6717194661083243 -1968.2085516805848 -0.05426897463731832 22.388468359203287 -4804.447516764309 -2.2359064004705487e-05 0.004436447635031003 0.05230389989002377
-3.4766159355416297 4.759231871083263 0.7003326234287975 1013.2275565937161 619.5898501551128 880.8770033543115 536.3058480403852 3.14557008992941 3.6717194661083243 -1968.2085516805848 -0.05426897463731832 22.388468359203287 -4804.447516764309 -2.2359064004705487e-05 0.004436447635031003 0.05230389989002377
-3.2487699194270387 5.02636168307968 0.7061990924279963 1011.8652048291115 610.6869043897168 880.7381853211555 549.5215142229572 3.14557008992941 3.6717194661083243 -1968.2085516805848 -0.05426897463731832 22.388468359203287 -4804.447516764309 -2.2359064004705487e-05 0.004436447635031003 0.05230389989002377
-3.0258343777976715 5.286616830796777 0.7847601750461187 1013.5664011014451 603.6614740525401 877.9084585754608 557.9617693323526 3.14557008992941 3.6717194661083243 -1968.2085516805848 -0.05426897463731832 22.388468359203287 -4804.447516764309 -2.2359064004705487e-05 0.004436447635031003 0.05230389989002377
-2.807809310653533 5.470268576544315 0.8633212576642413 1017.9169780433003 598.3426859933097 872.677426735987 562.0913087269873 3.14557008992941 3.6717194661083243 -1968.2085516805848 -0.05426897463731832 22.388468359203287 -4804.447516764309 -2.2359064004705487e-05 0.004436447635031003 0.05230389989002377
-2.7537940913160264 5.511516562220232 0.9418823402823637 1024.518736699305 594.5647011690016 865.3233800952148 562.3569324850105 3.14557008992941 3.6717194661083243 -1968.2085516805848 -0.05426897463731832 22.388468359203287 -4804.447516764309 -2.2359064004705487e-05 0.004436447635031003 0.05230389989002377
-2.7626329453894334 5.475179051029544 1.0204434229004862 1032.9894465266261 592.1667146438413 856.113295618823 559.1875454033143 3.14557008992941 3.6717194661083243 -1968.2085516805848 -0.05426897463731832 22.388468359203287 -4804.447516764309 -2.2359064004705487e-05 0.004436447635031003 0.05230389989002377
-2.7930778871978523 5.408396598030439 1.0990045055186086 1042.962845394708 590.9929555891867 845.3028369459207 552.9941569978255 3.14557008992941 3.6717194661083243 -1968.2085516805848 -0.05426897463731832 22.388468359203287 -4804.447516764309 -2.2359064004705487e-05 0.004436447635031003 0.05230389989002377
-2.844146821844225 5.320008057296333 1.1775655881367313 1054.0886395856505 590.8926872836018 833.1363543890184 544.1698815041455 3.14557008992941 3.6717194661083243 -1968.2085516805848 -0.05426897463731832 22.388468359203287 -4804.447516764309 -2.2359064004705487e-05 0.004436447635031003 0.05230389989002377
-2.8883410922112795 5.240458370635633 1.2561266707548535 1066.0325037933071 591.720207112885 819.8468849339988 533.0899378763279 3.14557008992941 3.6717194661083243 -1968.2085516805848 -0.05426897463731832 22.388468359203287 -4804.447516764309 -2.2359064004705487e-05 0.004436447635031003 0.05230389989002377
-2.9325353625783297 5.173675917636526 1.3346877533729762 1078.4760811240994 593.3348465699964 805.6561522400007 520.1116497882758 3.14557008992941 3.6717194661083243 -1968.2085516805848 -0.05426897463731832 22.388468359203287 -4804.447516764309 -2.2359064004705487e-05 0.004436447635031003 0.05230389989002377
-2.9708370635631156 5.122606982990152 1.4132488359910986 1091.116983096843 595.6009712550585 790.7745666396804 505.57444563211175 3.14557008992941 3.6717194661083243 -1968.2085516805848 -0.05426897463731832 22.388468359203287 -4804.447516764309 -2.2359064004705487e-05 0.004436447635031003 0.05230389989002377
-3.0032461951656244 5.0843052820053725 1.491809918609221 1103.668789642339 598.3879808755592 775.4012251391541 489.7998585200985 3.1735026436267786 3.6184346552801223 -1775.142038761319 0.23285419841282975 22.214303341801486 -4882.190833517798 2.9115169156738067e-05 0.0043854647117159565 0.041443170013627434
-3.032709042076994 5.054842435094005 1.5703710012273437 1115.8610491043364 601.5703092459735 759.7239114176773 473.0915262827184 3.1735026436267786 3.6184346552801223 -1775.142038761319 0.23285419841282975 22.214303341801486 -4882.190833517798 2.9115169156738067e-05 0.0043854647117159565 0.041443170013627434
-3.0592256042972337 5.031272157564908 1.648932083845466 1287.720967108311 552.8083107894927 705.8104355552641 421.94351812131936 3.1735026436267786 3.6184346552801223 -1775.142038761319 0.23285419841282975 22.214303341801486 -4882.190833517798 2.9115169156738067e-05 0.0043854647117159565 0.041443170013627434
-3.082795881826326 5.013594449418087 1.7274931664635886 1269.251162532848 580.7901406815508 692.9234141849156 405.9407586269808 3.1735026436267786 3.6184346552801223 -1775.142038761319 0.23285419841282975 22.214303341801486 -4882.190833517798 2.9115169156738067e-05 0.0043854647117159565 0.041443170013627434
-3.1063661593554226 4.99689883616831 1.8060542490817109 1249.8357873721689 604.2967157053354 681.7183456951752 391.54595253252774 3.1735026436267786 3.6184346552801223 -1775.142038761319 0.23285419841282975 22.214303341801486 -4882.190833517798 2.9115169156738067e-05 0.0043854647117159565 0.041443170013627434
-3.1269901521933807 4.981185317815578 1.8846153316998335 1229.6005323830614 623.6123635098047 672.0394660445454 378.6410807346401 3.1735026436267786 3.6184346552801223 -1775.142038761319 0.23285419841282975 22.214303341801486 -4882.190833517798 2.9115169156738067e-05 0.0043854647117159565 0.041443170013627434
-3.129936436884515 4.982167412712623 1.9631764143179558 1208.6670395808906 639.0142715101829 663.7361837147037 367.11175530339824 3.1735026436267786 3.6184346552801223 -1775.142038761319 0.23285419841282975 22.214303341801486 -4882.190833517798 2.9115169156738067e-05 0.0043854647117159565 0.041443170013627434
-3.132882721575654 4.983149507609668 2.0417374969360784 1187.1529022397735 650.7724868882506 656.6630797102116 356.84721948218066 3.1735026436267786 3.6184346552801223 -1775.142038761319 0.23285419841282975 22.214303341801486 -4882.190833517798 2.9115169156738067e-05 0.0043854647117159565 0.041443170013627434
-3.132882721575654 4.98511369740376 2.120298579554201 1165.1716648925212 659.1499165921123 650.6799075590679 347.7403476876352 3.1735026436267786 3.6184346552801223 -1775.142038761319 0.23285419841282975 22.214303341801486 -4882.190833517798 2.9115169156738067e-05 0.0043854647117159565 0.041443170013627434
-3.132882721575654 4.986095792300804 2.1988596621723233 1142.832823330682 664.4023273359344 645.6515933121846 339.68764550997 3.1735026436267786 3.6184346552801223 -1775.142038761319 0.23285419841282975 22.214303341801486 -4882.190833517798 2.9115169156738067e-05 0.0043854647117159565 0.041443170013627434
-3.132882721575654 4.987077887197849 2.277420744790446 1120.241824604338 666.7783456004981 641.4482355436776 332.58924971241504 3.1735026436267786 3.6184346552801223 -1775.142038761319 0.23285419841282975 22.214303341801486 -4882.190833517798 2.9115169156738067e-05 0.0043854647117159565 0.041443170013627434
-3.132882721575654 4.988059982094896 2.355981827408568 1097.5000670224108 666.5194576330541 637.9451053507364 326.34892823183327 3.1735026436267786 3.6184346552801223 -1775.142038761319 0.23285419841282975 22.214303341801486 -4882.190833517798 2.9115169156738067e-05 0.0043854647117159565 0.041443170013627434
-3.132882721575654 4.989042076991941 2.434542910026691 1074.7049001524283 663.8600094469439 635.0226463539002 320.8740801781678 3.1735026436267786 3.6184346552801223 -1775.142038761319 0.23285419841282975 22.214303341801486 -4882.190833517798 2.9115169156738067e-05 0.0043854647117159565 0.041443170013627434
-3.132882721575654 4.988059982094896 2.5131039926448135 1051.9496248207288 659.0272068219783 632.5664746964758 316.0757358348783 3.1735026436267786 3.6184346552801223 -1775.142038761319 0.23285419841282975 22.214303341801486 -4882.190833517798 2.9115169156738067e-05 0.0043854647117159565 0.041443170013627434
-3.132882721575654 4.987077887197851 2.5916650752629358 1029.3234931122133 652.2411153044086 630.4673790449888 311.86855665867915 3.1735026436267786 3.6184346552801223 -1775.142038761319 0.23285419841282975 22.214303341801486 -4882.190833517798 2.9115169156738067e-05 0.0043854647117159565 0.041443170013627434
-3.132882721575654 4.986095792300807 2.670226157881058 1006.9117083704477 643.7146602067805 628.6213205894455 308.1708352796122 3.1735026436267786 3.6184346552801223 -1775.142038761319 0.23285419841282975 22.214303341801486 -4882.190833517798 2.9115169156738067e-05 0.0043854647117159565 0.041443170013627434
-3.132882721575654 4.9851136974037615 2.7487872404991807 984.7954251979245 633.6536266079347 626.92943304246 304.90449550107587 3.1735026436267786 3.6184346552801223 -1775.142038761319 0.23285419841282975 22.214303341801486 -4882.190833517798 2.9115169156738067e-05 0.0043854647117159565 0.041443170013627434
-3.132882721575654 4.984131602506717 2.8273483231173033 963.0517494554806 622.256659353181 625.2980226400541 301.99509229988325 3.1735026436267786 3.6184346552801223 -1775.142038761319 0.23285419841282975 22.214303341801486 -4882.190833517798 2.9115169156738067e-05 0.0043854647117159565 0.041443170013627434
-3.132882721575654 4.983149507609673 2.9059094057354256 941.7537382628943 609.7152630540368 623.6385681413958 299.37181182594213 3.1735026436267786 3.6184346552801223 -1775.142038761319 0.23285419841282975 22.214303341801486 -4882.190833517798 2.9115169156738067e-05 0.0043854647117159565 0.041443170013627434
-3.132882721575654 4.982167412712625 2.9844704883535482 920.9703999985504 596.2138020885759 621.8677208286826 296.96747140280786 3.1735026436267786 3.6184346552801223 -1775.142038761319 0.23285419841282975 22.214303341801486 -4882.190833517798 2.9115169156738067e-05 0.0043854647117159565 0.041443170013627434
-3.132882721575654 4.981185317815581 3.063031570971671 900.7666942995857 581.9295006011671 619.9073045073164 294.7185195271595 3.1735026436267786 3.6184346552801223 -1775.142038761319 0.23285419841282975 22.214303341801486 -4882.190833517798 2.9115169156738067e-05 0.0043854647117159565 0.041443170013627434
-3.132882721575654 4.980203222918536 3.141592653589793 881.2035320617288 567.0324425024737 617.6843155054958 292.5650358691055 3.1735026436267786 3.6184346552801223 -1775.142038761319 0.23285419841282975 22.214303341801486 -4882.190833517798 2.9115169156738067e-05 0.0043854647117159565 0.041443170013627434
-3.132882721575654 4.980203222918534 3.141592653589793 862.3377754394314 551.6855714694539 615.1309226752492 290.45073127195064 3.1735026436267786 3.6184346552801223 -1775.142038761319 0.23285419841282975 22.214303341801486 -4882.190833517798 2.9115169156738067e-05 0.0043854647117159565 0.041443170013627434
-3.132882721575654 4.981185317815578 -0.0 844.2222378458682 536.0446909457969 612.1844673908345 288.32294775253104 3.1735026436267786 3.6184346552801223 -1775.142038761319 0.23285419841282975 22.214303341801486 -4882.190833517798 2.9115169156738067e-05 0.0043854647117159565 0.041443170013627434
-3.132882721575654 4.982167412712625 -0.0 826.9056839529367 520.2584641409921 608.787463550485 286.1326585009083 3.1735026436267786 3.6184346552801223 -1775.142038761319 0.23285419841282975 22.214303341801486 -4882.190833517798 2.9115169156738067e-05 0.0043854647117159565 0.041443170013627434
-3.132882721575654 4.98314950760967 -0.0 810.432829691068 504.4684140312311 604.8875975749688 283.8344678805006 3.1735026436267786 3.6184346552801223 -1775.142038761319 0.23285419841282975 22.214303341801486 -4882.190833517798 2.9115169156738067e-05 0.0043854647117159565 0.041443170013627434
-3.132882721575654 4.984131602506714 -0.0 794.8443422496057 488.8089233591454 600.4377284084185 281.38661142803903 3.1735026436267786 3.6184346552801223 -1775.142038761319 0.23285419841282975 22.214303341801486 -4882.190833517798 2.9115169156738067e-05 0.0043854647117159565 0.041443170013627434
-3.132882721575654 4.98511369740376 -0.0 780.1768400764267 473.40723463342874 595.3958875179524 278.7509558535676 3.1735026436267786 3.6184346552801223 -1775.142038761319 0.23285419841282975 22.214303341801486 -4882.190833517798 2.9115169156738067e-05 0.0043854647117159565 0.041443170013627434
-1.7176839749328614 4.057034019695613 2.1512342911197213 766.4628928781458 458.38345012950595 589.7252788942278 275.8929990405304 3.1735026436267786 3.6184346552801223 -1775.142038761319 0.23285419841282975 22.214303341801486 -4882.190833517798 2.9115169156738067e-05 0.0043854647117159565 0.041443170013627434
0.8524583706356241 1.9141029543419863 2.265797642215956 753.731021620013 443.85053188874735 583.3942790502042 272.7818700456555 3.1735026436267786 3.6184346552801223 -1775.142038761319 0.23285419841282975 22.214303341801486 -4882.190833517798 2.9115169156738067e-05 0.0043854647117159565 0.041443170013627434
3.906773500447621 -0.9870053715308864 2.3304745693912343 742.0056985260599 429.91430171916727 576.3764370229619 269.39032909914386 3.1735026436267786 3.6184346552801223 -1775.142038761319 0.23285419841282975 22.214303341801486 -4882.190833517798 2.9115169156738067e-05 0.0043854647117159565 0.041443170013627434
6.973855863921213 -4.077658012533573 2.360022222694354 731.3073470790114 416.6734411950747 568.6504743718833 265.694767604291 3.1735026436267786 3.6184346552801223 -1775.142038761319 0.23285419841282975 22.214303341801486 -4882.190833517798 2.9115169156738067e-05 0.0043854647117159565 0.041443170013627434
9.91719427036705 -7.05929811996419 2.3626588456963873 721.6523420201847 404.2194916571316 560.2002851799625 261.67520813790907 3.1735026436267786 3.6184346552801223 -1775.142038761319 0.23285419841282975 22.214303341801486 -4882.190833517798 2.9115169156738067e-05 0.0043854647117159565 0.041443170013627434
12.698487018800355 -9.809163831692032 2.3505127331514974 713.0530093496054 392.6368542123528 551.0149360530631 257.3153044499777 3.1735026436267786 3.6184346552801223 -1775.142038761319 0.23285419841282975 22.214303341801486 -4882.190833517798 2.9115169156738067e-05 0.0043854647117159565 0.041443170013627434
15.371749328558636 -12.000217547000897 2.2573854764410717 705.5176263261092 382.00278973407694 541.0886661203112 252.60234146412404 3.1735026436267786 3.6184346552801223 -1775.142038761319 0.23285419841282975 22.214303341801486 -4882.190833517798 2.9115169156738067e-05 0.0043854647117159565 0.041443170013627434
17.935017009847805 -13.804325872873768 2.1840890865429516 699.0504214670946 372.3874188620539 530.4208870339644 247.52723527698254 3.1735026436267786 3.6184346552801223 -1775.142038761319 0.23285419841282975 22.214303341801486 -4882.190833517798 2.9115169156738067e-05 0.0043854647117159565 0.041443170013627434
20.4020393912265 -15.36683885407341 2.1353846618299923 693.6515745486686 363.85372200238635 519.0161829693097 242.08453315866063 3.1735026436267786 3.6184346552801223 -1775.142038761319 0.23285419841282975 22.214303341801486 -4882.190833517798 2.9115169156738067e-05 0.0043854647117159565 0.041443170013627434
22.798350940017905 -16.796769024171887 2.1088015391440167 689.3172166057338 356.45753932761727 506.8843106247223 236.2724135525641 3.1735026436267786 3.6184346552801223 -1775.142038761319 0.23285419841282975 22.214303341801486 -4882.190833517798 2.9115169156738067e-05 0.0043854647117159565 0.041443170013627434
23.73035899731423 -17.238711727842432 2.0135781399850203 686.0394299317122 350.2475707764679 494.04019922186853 230.09268607549893 3.1735026436267786 3.6184346552801223 -1775.142038761319 0.23285419841282975 22.214303341801486 -4882.190833517798 2.9115169156738067e-05 0.0043854647117159565 0.041443170013627434
23.462247090420767 -16.452053715308864 5.954708396827789 683.8062480788358 345.26537605395424 480.5039505056193 223.55079151748214 3.1735026436267786 3.6184346552801223 -1775.142038761319 0.23285419841282975 22.214303341801486 -4882.190833517798 2.9115169156738067e-05 0.0043854647117159565 0.041443170013627434
22.681481647269468 -14.917039391226497 5.812651808543645 682.6016558580304 341.5453746319399 466.30083874335105 216.65580184207647 3.1735026436267786 3.6184346552801223 -1775.142038761319 0.23285419841282975 22.214303341801486 -4882.190833517798 2.9115169156738067e-05 0.0043854647117159565 0.041443170013627434
21.895805729632947 -11.652555953446733 6.0450319809918085 682.4055893389595 339.11484574788483 451.4613107264013 209.4204201859684 3.1735026436267786 3.6184346552801223 -1775.142038761319 0.23285419841282975 22.214303341801486 -4882.190833517798 2.9115169156738067e-05 0.0043854647117159565 0.041443170013627434
21.215213965980304 -7.625966875559536 6.115457342372255 683.1939358497184 337.993928406504 436.020985768846 201.8609808593319 3.1735026436267786 3.6184346552801223 -1775.142038761319 0.23285419841282975 22.214303341801486 -4882.190833517798 2.9115169156738067e-05 0.0043854647117159565 0.041443170013627434
20.666222918531783 -3.426529095792303 6.153615159655774 684.9385339773871 338.19562137813773 420.0206557076017 193.99744934545015 3.1735026436267786 3.6184346552801223 -1775.142038761319 0.23285419841282975 22.214303341801486 -4882.190833517798 2.9115169156738067e-05 0.0043854647117159565 0.041443170013627434
20.231154879140558 0.3398048343777968 6.168965433166125 687.607173567565 339.7257831999741 403.50628490321105 185.85342230129754 3.1735026436267786 3.6184346552801223 -1775.142038761319 0.23285419841282975 22.214303341801486 -4882.190833517798 2.9115169156738067e-05 0.0043854647117159565 0.041443170013627434
19.32369919427037 3.527684870188002 6.002885650841135 691.1635957246472 342.5831321751466 386.5290102390718 177.4561275568558 3.210776326153687 3.673775613828605 -1847.3029468828465 0.2771520712717232 22.451141909835165 -5017.179808980199 5.152735568095053e-05 0.004439559789939342 0.008949682250196569
18.33178334825426 6.3561181736795005 5.9410207450809525 695.567492811635 346.75924637322896 369.145141121684 168.83642411559413 3.210776326153687 3.673775613828605 -1847.3029468828465 0.2771520712717232 22.451141909835165 -5017.179808980199 5.152735568095053e-05 0.004439559789939342 0.008949682250196569
17.357545210384963 8.948848701880038 5.917843644268384 700.7745084502822 352.2385636304971 351.41615948081017 160.02880215429468 3.210776326153687 3.673775613828605 -1847.3029468828465 0.2771520712717232 22.451141909835165 -5017.179808980199 5.152735568095053e-05 0.004439559789939342 0.008949682250196569
16.42848343777977 11.391318710832591 5.913316062099233 706.7362375210796 358.9983815494925 333.408719769388 151.07138302305248 3.210776326153687 3.673775613828605 -1847.3029468828465 0.2771520712717232 22.451141909835165 -5017.179808980199 5.152735568095053e-05 0.004439559789939342 0.008949682250196569
15.173366159355425 13.541124440465536 5.74297482244278 713.4002261629794 367.0088574985275 315.1946489630209 142.00591924529 3.210776326153687 3.673775613828605 -1847.3029468828465 0.2771520712717232 22.451141909835165 -5017.179808980199 5.152735568095053e-05 0.004439559789939342 0.008949682250196569
14.17653983885408 15.751820053715312 5.850748349013556 720.7099717738165 376.23300861325697 296.85094656120054 132.8777945178881 3.210776326153687 3.673775613828605 -1847.3029468828465 0.2771520712717232 22.451141909835165 -5017.179808980199 5.152735568095053e-05 0.004439559789939342 0.008949682250196569
13.279887197851394 16.429465532676815 5.359560118139199 728.6049230101489 386.6267117947282 278.4597845858807 123.73602371093875 3.210776326153687 3.673775613828605 -1847.3029468828465 0.2771520712717232 22.451141909835165 -5017.179808980199 5.152735568095053e-05 0.004439559789939342 0.008949682250196569
11.082940913160256 15.355053715308868 4.257541431571175 737.0204797871847 398.13870371109806 260.10850758223387 114.63325286781765 3.210776326153687 3.673775613828605 -1847.3029468828465 0.2771520712717232 22.451141909835165 -5017.179808980199 5.152735568095053e-05 0.004439559789939342 0.008949682250196569
8.595294538943605 13.661922112802154 4.114791306048387 745.8879932786949 410.7105807962944 241.88963261901517 105.62575920530071 3.210776326153687 3.673775613828605 -1847.3029468828465 0.2771520712717232 22.451141909835165 -5017.179808980199 5.152735568095053e-05 0.004439559789939342 0.008949682250196569
6.069346463742171 11.742908683974937 4.062696000258834 755.1347659172752 424.2767992512381 223.90084928748547 96.77345111360773 3.210776326153687 3.673775613828605 -1847.3029468828465 0.2771520712717232 22.451141909835165 -5017.179808980199 5.152735568095053e-05 0.004439559789939342 0.008949682250196569
4.1306911369740416 9.976119964189797 3.973339788309686 764.6840513942298 438.7646750425338 206.24501970257552 88.13986815615499 3.210776326153687 3.673775613828605 -1847.3029468828465 0.2771520712717232 22.451141909835165 -5017.179808980199 5.152735568095053e-05 0.004439559789939342 0.008949682250196569
2.3963115487914104 8.314415398388542 3.9483872042406936 774.4550546593237 454.0943839036918 189.03017850211472 79.79218106975895 3.210776326153687 3.673775613828605 -1847.3029468828465 0.2771520712717232 22.451141909835165 -5017.179808980199 5.152735568095053e-05 0.004439559789939342 0.008949682250196569
0.736571172784248 6.768598030438677 3.962515081567635 784.3629319214233 470.1789613341971 172.36953284680203 71.80119176447624 3.210776326153687 3.673775613828605 -1847.3029468828465 0.2771520712717232 22.451141909835165 -5017.179808980199 5.152735568095053e-05 0.004439559789939342 0.008949682250196569
-0.9025452103849607 5.335721575649061 3.9940257747032764 794.3187906477833 486.92430260038236 156.38146242084622 64.24133332383644 3.210776326153687 3.673775613828605 -1847.3029468828465 0.2771520712717232 22.451141909835165 -5017.179808980199 5.152735568095053e-05 0.004439559789939342 0.008949682250196569
-2.155698299015215 4.206312444046555 3.9788815377308704 804.2296895643085 504.229162734031 141.18951943138381 57.19067000459472 3.210776326153687 3.673775613828605 -1847.3029468828465 0.2771520712717232 22.451141909835165 -5017.179808980199 5.152735568095053e-05 0.004439559789939342 0.008949682250196569
-3.6258943598925724 3.0484225604297226 4.045270216586457 813.9986386557721 521.9851565343561 126.92242860881379 50.73089723679004 3.210776326153687 3.673775613828605 -1847.3029468828465 0.2771520712717232 22.451141909835165 -5017.179808980199 5.152735568095053e-05 0.004439559789939342 0.008949682250196569
-5.195282005371531 1.9013357206803942 4.08121546050071 823.5245991655102 540.0767585661379 113.71408720631734 44.9473416240362 3.210776326153687 3.673775613828605 -1847.3029468828465 0.2771520712717232 22.451141909835165 -5017.179808980199 5.152735568095053e-05 0.004439559789939342 0.008949682250196569
-5.436877350044762 1.645991047448523 3.8993298896638118 832.7024835958873 558.3813031610334 101.70356500077469 39.92896094311436 3.210776326153687 3.673775613828605 -1847.3029468828465 0.2771520712717232 22.451141909835165 -5017.179808980199 5.152735568095053e-05 0.004439559789939342 0.008949682250196569
-5.350452999104743 1.6125998209489698 1.9394922294529484 841.4231557072198 576.768984416849 91.03510429165908 35.76834414417681 3.210776326153687 3.673775613828605 -1847.3029468828465 0.2771520712717232 22.451141909835165 -5017.179808980199 5.152735568095053e-05 0.004439559789939342 0.008949682250196569
-5.226709042076986 1.6833106535362554 1.051650212548397 849.5734305193037 595.1028561975982 81.85811990174989 32.56171135052864 3.210776326153687 3.673775613828605 -1847.3029468828465 0.2771520712717232 22.451141909835165 -5017.179808980199 5.152735568095053e-05 0.004439559789939342 0.008949682250196569
-5.102965085049239 1.7962515666965084 0.8310096603962932 857.0360743100464 613.2388321338512 74.32719917726354 30.408913859180757 3.210776326153687 3.673775613828605 -1847.3029468828465 0.2771520712717232 22.451141909835165 -5017.179808980199 5.152735568095053e-05 0.004439559789939342 0.008949682250196569
-5.039128916741261 1.867944494180841 0.7274919581494137 863.6898046166025 631.0256856227061 68.60210198682034 29.41343414018047 3.210776326153687 3.673775613828605 -1847.3029468828465 0.2771520712717232 22.451141909835165 -5017.179808980199 5.152735568095053e-05 0.004439559789939342 0.008949682250196569
-5.0067197851387535 1.8983894359892555 0.8166379968277587 869.4092902342527 648.3050498270313 64.84776072285604 29.682385836946196 3.210776326153687 3.673775613828605 -1847.3029468828465 0.2771520712717232 22.451141909835165 -5017.179808980199 5.152735568095053e-05 0.004439559789939342 0.008949682250196569
-4.978239033124438 1.910174574753804 1.1784561825792677 874.065151217379 664.9114176766598 63.23428030069044 31.32651376638387 3.210776326153687 3.673775613828605 -1847.3029468828465 0.2771520712717232 22.451141909835165 -5017.179808980199 5.152735568095053e-05 0.004439559789939342 0.008949682250196569
-4.954668755595341 1.9013357206803942 1.9295669970654066 877.5239588788972 680.6721418677771 63.93693815848383 34.46019391862501 3.210776326153687 3.673775613828605 -1847.3029468828465 0.2771520712717232 22.451141909835165 -5017.179808980199 5.152735568095053e-05 0.004439559789939342 0.008949682250196569
-4.936991047448526 1.8748191584601588 2.553590050042459 879.6482357903005 695.407434862369 67.13618425825553 39.20143345701217 3.210776326153687 3.673775613828605 -1847.3029468828465 0.2771520712717232 22.451141909835165 -5017.179808980199 5.152735568095053e-05 0.004439559789939342 0.008949682250196569
-4.923241718889881 1.832589077887196 2.8268349921983664 880.2964557818923 708.9303688891232 73.0176410842978 45.67187071852095 3.210776326153687 3.673775613828605 -1847.3029468828465 0.2771520712717232 22.451141909835165 -5017.179808980199 5.152735568095053e-05 0.004439559789939342 0.008949682250196569
-4.904581915846017 1.7687529095792283 2.857207876995986 879.3230439429026 721.0468759431096 81.7721036443545 53.996775213308865 3.210776326153687 3.673775613828605 -1847.3029468828465 0.2771520712717232 22.451141909835165 -5017.179808980199 5.152735568095053e-05 0.004439559789939342 0.008949682250196569
-4.884940017905104 1.6901853178155755 2.896613990462929 876.5783766205568 731.5557477859256 93.59553946979577 64.30504762481723 3.210776326153687 3.673775613828605 -1847.3029468828465 0.2771520712717232 22.451141909835165 -5017.179808980199 5.152735568095053e-05 0.004439559789939342 0.008949682250196569
-4.867262309758281 1.6027788719785134 2.9420372698844837 871.9087814216618 740.2486359450559 108.68908861403179 76.7292198096111 3.210776326153687 3.673775613828605 -1847.3029468828465 0.2771520712717232 22.451141909835165 -5017.179808980199 5.152735568095053e-05 0.004439559789939342 0.008949682250196569
-4.85645926589078 1.5026051924798558 3.034164699985147 865.1565372109035 746.9100517147745 127.25906365460833 91.40545479829598 3.210776326153687 3.673775613828605 -1847.3029468828465 0.2771520712717232 22.451141909835165 -5017.179808980199 5.152735568095053e-05 0.004439559789939342 0.008949682250196569
-4.8073545210385005 1.4535004476275728 2.3561944901923906 856.1598741122871 751.317366155592 149.51694969201344 108.47354679410637 3.210776326153687 3.673775613828605 -1847.3029468828465 0.2771520712717232 22.451141909835165 -5017.179808980199 5.152735568095053e-05 0.004439559789939342 0.008949682250196569
-4.7405720680393895 1.4318943598925669 1.8836975546752748 844.7529735082499 753.2408100942266 175.67940434919728 128.0769211739098 3.210776326153687 3.673775613828605 -1847.3029468828465 0.2771520712717232 22.451141909835165 -5017.179808980199 5.152735568095053e-05 0.004439559789939342 0.008949682250196569
-4.686556848701883 1.4063598925693817 2.012388689102189 830.7659680399083 752.4434741240402 205.96825777292543 150.36263448779937 3.210776326153687 3.673775613828605 -1847.3029468828465 0.2771520712717232 22.451141909835165 -5017.179808980199 5.152735568095053e-05 0.004439559789939342 0.008949682250196569
-4.642362578334824 1.3788612354521037 2.1273956448050666 814.0249416068837 748.6813086046604 240.61051263293484 175.48137445935572 3.210776326153687 3.673775613828605 -1847.3029468828465 0.2771520712717232 22.451141909835165 -5017.179808980199 5.152735568095053e-05 0.004439559789939342 0.008949682250196569
-4.607989256938231 1.3484162936436892 2.2956624704102877 794.3519293680583 741.7031236614857 279.83834412183205 203.58745998518134 3.210776326153687 3.673775613828605 -1847.3029468828465 0.2771520712717232 22.451141909835165 -5017.179808980199 5.152735568095053e-05 0.004439559789939342 0.008949682250196569
-4.578526410026852 1.3169892569382278 2.3884413726274545 771.5649177403247 731.2505891875189 323.88909995566064 234.83884113578824 3.210776326153687 3.673775613828605 -1847.3029468828465 0.2771520712717232 22.451141909835165 -5017.179808980199 5.152735568095053e-05 0.004439559789939342 0.008949682250196569
-4.569687555953449 1.2885085049239038 2.8406724192296235 745.4778443995747 717.0582348408934 373.00530037345015 269.3970991545648 3.210776326153687 3.673775613828605 -1847.3029468828465 0.2771520712717232 22.451141909835165 -5017.179808980199 5.152735568095053e-05 0.004439559789939342 0.008949682250196569
-4.573615935541633 1.2669024171888978 3.3214461533822988 715.9005982806557 698.8534500468231 427.43463813725975 307.427446458154 3.210776326153687 3.673775613828605 -1847.3029468828465 0.2771520712717232 22.451141909835165 -5017.179808980199 5.152735568095053e-05 0.004439559789939342 0.008949682250196569
-4.583436884512089 1.252170993733213 3.7295952571373605 682.6390195765562 676.3564839964965 487.4299785325129 349.09872663684655 3.210776326153687 3.673775613828605 -1847.3029468828465 0.2771520712717232 22.451141909835165 -5017.179808980199 5.152735568095053e-05 0.004439559789939342 0.008949682250196569
-4.5883473589973125 1.2472605192479846 3.9269908169867866 645.4948997393076 649.2804456478625 553.2493593675026 394.5834144542023 3.210776326153687 3.673775613828605 -1847.3029468828465 0.2771520712717232 22.451141909835165 -5017.179808980199 5.152735568095053e-05 0.004439559789939342 0.008949682250196569
-4.4046956132497765 1.2610098478066236 1.84983782542654 604.2659814796498 617.3313037252228 625.1559909736825 444.05761584705033 3.210776326153687 3.673775613828605 -1847.3029468828465 0.2771520712717232 22.451141909835165 -5017.179808980199 5.152735568095053e-05 0.004439559789939342 0.008949682250196569
-4.224972247090424 1.2757412712623073 1.8506134353181514 558.7459587668272 580.207886718068 703.4182562059141 497.7010679254454 3.210776326153687 3.673775613828605 -1847.3029468828465 0.2771520712717232 22.451141909835165 -5017.179808980199 5.152735568095053e-05 0.004439559789939342 0.008949682250196569
-4.045248880931062 1.2914547896150381 1.8452966119844658 508.7244768289529 537.6018828841916 788.3097104419721 555.6971389730315 3.210776326153687 3.673775613828605 -1847.3029468828465 0.2771520712717232 22.451141909835165 -5017.179808980199 5.152735568095053e-05 0.004439559789939342 0.008949682250196569
-3.8655255147717047 1.3042220232766324 1.8611982693433327 453.98713215264434 489.1978402461973 880.1090815823991 618.232828446562 3.210776326153687 3.673775613828605 -1847.3029468828465 0.2771520712717232 22.451141909835165 -5017.179808980199 5.152735568095053e-05 0.004439559789939342 0.008949682250196569
