17 -3.583664279319607 -1.349398388540735 3.5401150992561634 -3.7555308863025973 -2.4513088630259627
-3.583664279319607 -1.349398388540735 3.5401150992561634 508.8561469614506 637.3166792690754 585.88041639328 171.18233996629715 3.189122925143692 3.7093003769685033 -1905.2598965960246 3.6056135040644455e-16 21.877261826404673 -4136.638932441393 1.3384330762839225e-19 0.004450162061841269 0.15854580949120722
-3.6003598925693816 -1.4083240823634746 3.4176896729852015 503.0856876820326 637.9897960424423 580.2754117846489 180.04921299219131 3.189122925143692 3.7093003769685033 -1905.2598965960246 3.6056135040644455e-16 21.877261826404673 -4136.638932441393 1.3384330762839225e-19 0.004450162061841269 0.15854580949120722
-3.6121450313339323 -1.4692139659803058 3.3327771131868484 497.20569537580013 638.4870870113373 574.0532758235931 189.46678271889687 3.189122925143692 3.7093003769685033 -1905.2598965960246 3.6056135040644455e-16 21.877261826404673 -4136.638932441393 1.3384330762839225e-19 0.004450162061841269 0.15854580949120722
-3.6209838854073397 -1.530103849597137 3.285747040702889 491.20060285925865 638.8728216290474 567.3899632096291 199.5430110692978 3.189122925143692 3.7093003769685033 -1905.2598965960246 3.6056135040644455e-16 21.877261826404673 -4136.638932441393 1.3384330762839225e-19 0.004450162061841269 0.15854580949120722
-3.6278585496866573 -1.591975828111013 3.252249874763661 485.06114506721497 639.2010705173016 560.432552754879 210.372851729393 3.189122925143692 3.7093003769685033 -1905.2598965960246 3.6056135040644455e-16 21.877261826404673 -4136.638932441393 1.3384330762839225e-19 0.004450162061841269 0.15854580949120722
-3.63473321396598 -1.6558119964189797 3.248871509238239 478.784358933568 639.5157049894333 553.2992469072342 222.03824812173843 3.189122925143692 3.7093003769685033 -1905.2598965960246 3.6056135040644455e-16 21.877261826404673 -4136.638932441393 1.3384330762839225e-19 0.004450162061841269 0.15854580949120722
-3.6416078782452974 -1.7216123545210393 3.2456925916993646 472.3735835403204 639.8503977358341 546.0793731808662 234.60813587903976 3.189122925143692 3.7093003769685033 -1905.2598965960246 3.6056135040644455e-16 21.877261826404673 -4136.638932441393 1.3384330762839225e-19 0.004450162061841269 0.15854580949120722
-3.6514288272157542 -1.7893769024171895 3.28551810297801 465.83846010267735 640.2286227047443 538.833381831646 248.13844072818756 3.189122925143692 3.7093003769685033 -1905.2598965960246 3.6056135040644455e-16 21.877261826404673 -4136.638932441393 1.3384330762839225e-19 0.004450162061841269 0.15854580949120722
-3.6632139659803 -1.8581235452103855 3.311370927558106 459.19493186473846 640.6636548042297 531.5928484201431 262.67207965254784 3.189122925143692 3.7093003769685033 -1905.2598965960246 3.6056135040644455e-16 21.877261826404673 -4136.638932441393 1.3384330762839225e-19 0.004450162061841269 0.15854580949120722
-3.6749991047448463 -1.9278522829006275 3.3090244320602906 452.4652442485094 641.1585703492165 524.3604716658592 278.2389607131481 3.189122925143692 3.7093003769685033 -1905.2598965960246 3.6056135040644455e-16 21.877261826404673 -4136.638932441393 1.3384330762839225e-19 0.004450162061841269 0.15854580949120722
-3.687766338406442 -1.9965989256938235 3.325214979759098 445.6779447197914 641.7062462568283 517.1100749373436 294.855982452631 3.189122925143692 3.7093003769685033 -1905.2598965960246 3.6056135040644455e-16 21.877261826404673 -4136.638932441393 1.3384330762839225e-19 0.004450162061841269 0.15854580949120722
-3.7024977618621264 -2.0643634735899736 3.355653337153615 438.8678827881813 642.2893613576889 509.78660494089127 312.527035176754 3.189122925143692 3.7093003769685033 -1905.2598965960246 3.6056135040644455e-16 21.877261826404673 -4136.638932441393 1.3384330762839225e-19 0.004450162061841269 0.15854580949120722
-3.717229185317816 -2.132128021486125 3.3556533371536745 432.0762101560831 642.8803949356079 502.3061335682869 331.2429992556572 3.189122925143692 3.7093003769685033 -1905.2598965960246 3.6056135040644455e-16 21.877261826404673 -4136.638932441393 1.3384330762839225e-19 0.004450162061841269 0.15854580949120722
-3.729996418979411 -2.201856759176366 3.3226853101210385 425.35038064420223 643.4416278004646 494.55585592985153 350.98174664378166 3.189122925143692 3.7093003769685033 -1905.2598965960246 3.6056135040644455e-16 21.877261826404673 -4136.638932441393 1.3384330762839225e-19 0.004450162061841269 0.15854580949120722
-3.742763652641002 -2.269621307072516 3.327815494000897 418.74414998292923 643.9251416623592 486.3940908908844 371.70813968777657 3.189122925143692 3.7093003769685033 -1905.2598965960246 3.6056135040644455e-16 21.877261826404673 -4136.638932441393 1.3384330762839225e-19 0.004450162061841269 0.15854580949120722
-3.7525846016114586 -2.3344395702775307 3.2919640815969244 412.31757624447346 644.2728196680546 477.6502823829651 393.37403240799904 3.189122925143692 3.7093003769685033 -1905.2598965960246 3.6056135040644455e-16 21.877261826404673 -4136.638932441393 1.3384330762839225e-19 0.004450162061841269 0.15854580949120722
-3.7555308863025973 -2.395329453894362 3.189942040241725 406.13701942563057 644.4163457453251 468.12499791383743 415.9182690382004 3.189122925143692 3.7093003769685033 -1905.2598965960246 3.6056135040644455e-16 21.877261826404673 -4136.638932441393 1.3384330762839225e-19 0.004450162061841269 0.15854580949120722
-3.7555308863025973 -2.4513088630259627 3.141592653589793 396.151354925707 643.3764988929033 486.23410201072693 415.8550068885088 3.189122925143692 3.7093003769685033 -1905.2598965960246 3.6056135040644455e-16 21.877261826404673 -4136.638932441393 1.3384330762839225e-19 0.004450162061841269 0.15854580949120722
-3.7535666965085035 -2.5023777976723376 3.1259036058563563 393.93081404687837 643.6864528190345 474.6093460172415 410.09491193294525 3.189122925143692 3.7093003769685033 -1905.2598965960246 3.6056135040644455e-16 21.877261826404673 -4136.638932441393 1.3384330762839225e-19 0.004450162061841269 0.15854580949120722
-3.7486562220232753 -2.546572068039392 3.1102145581229195 391.90012450376526 643.8752324096859 462.98981119692326 405.56701926887035 3.189122925143692 3.7093003769685033 -1905.2598965960246 3.6056135040644455e-16 21.877261826404673 -4136.638932441393 1.3384330762839225e-19 0.004450162061841269 0.15854580949120722
-3.740799462846908 -2.5848737690241723 3.094525510389483 390.0541999526322 643.9587926007807 451.447642326355 402.14355082809925 3.189122925143692 3.7093003769685033 -1905.2598965960246 3.6056135040644455e-16 21.877261826404673 -4136.638932441393 1.3384330762839225e-19 0.004450162061841269 0.15854580949120722
-3.732942703670541 -2.616300805729633 3.0788364626560463 388.38775195833296 643.9522740989923 440.0514659434557 399.70158037543297 3.189122925143692 3.7093003769685033 -1905.2598965960246 3.6056135040644455e-16 21.877261826404673 -4136.638932441393 1.3384330762839225e-19 0.004450162061841269 0.15854580949120722
-3.7250859444941784 -2.6398710832587287 3.0631474149226094 386.8952899919823 643.8700033426285 428.8663903474808 398.1230332404375 3.189122925143692 3.7093003769685033 -1905.2598965960246 3.6056135040644455e-16 21.877261826404673 -4136.638932441393 1.3384330762839225e-19 0.004450162061841269 0.15854580949120722
-3.7172291853178114 -2.6546025067144146 3.0474583671891726 385.57112143421546 643.7254925835878 417.9540055990219 397.2946867197752 3.1950793047862294 3.7203529207129518 -1911.371730407591 3.101072847537743e-16 21.977407838945158 -4168.556907721244 1.151084814339825e-19 0.004478944286282035 0.15045785741874346
-3.7093724261414445 -2.6634413607878242 3.0317693194557362 384.4093515705317 643.5314397774637 407.37238352000713 397.1081698387861 3.1950793047862294 3.7203529207129518 -1911.371730407591 3.101072847537743e-16 21.977407838945158 -4168.556907721244 1.151084814339825e-19 0.004478944286282035 0.15045785741874346
-3.701515666965082 -2.6683518352730546 3.0160802717222994 383.40388359641656 643.2997286748141 397.1760777235031 397.45996356010437 3.1950793047862294 3.7203529207129518 -1911.371730407591 3.101072847537743e-16 21.977407838945158 -4168.556907721244 1.151084814339825e-19 0.004478944286282035 0.15045785741874346
-3.698569382273943 -2.6693339301700996 3.0003912239888626 382.54841861035675 643.0414287988096 387.4161235541105 398.25140030682087 3.1950793047862294 3.7203529207129518 -1911.371730407591 3.101072847537743e-16 21.977407838945158 -4168.556907721244 1.151084814339825e-19 0.004478944286282035 0.15045785741874346
-3.695623097582809 -2.666387645478963 2.9847021762554258 381.8364556254819 642.7667954098433 378.1400381475687 399.3886647820473 3.1950793047862294 3.7203529207129518 -1911.371730407591 3.101072847537743e-16 21.977407838945158 -4168.556907721244 1.151084814339825e-19 0.004478944286282035 0.15045785741874346
-3.69267681289167 -2.6604950760966886 2.9690131285219894 381.261291556526 642.4852695334703 369.39182038605213 400.7827929407358 3.1950793047862294 3.7203529207129518 -1911.371730407591 3.101072847537743e-16 21.977407838945158 -4168.556907721244 1.151084814339825e-19 0.004478944286282035 0.15045785741874346
-3.69267681289167 -2.6536204118173696 2.9533240807885526 380.8160212296061 642.2054779939353 361.2119509726763 402.3496730327606 3.1950793047862294 3.7203529207129518 -1911.371730407591 3.101072847537743e-16 21.977407838945158 -4168.556907721244 1.151084814339825e-19 0.004478944286282035 0.15045785741874346
-3.69267681289167 -2.64674574753805 2.9376350330551158 380.4935373729095 641.9352333303541 353.63739228248596 404.01004472374916 3.1950793047862294 3.7203529207129518 -1911.371730407591 3.101072847537743e-16 21.977407838945158 -4168.556907721244 1.151084814339825e-19 0.004478944286282035 0.15045785741874346
-3.69267681289167 -2.6408531781557754 2.921945985321679 380.28653062693775 641.6815338600427 346.70158848166466 405.68949967622757 3.1950793047862294 3.7203529207129518 -1911.371730407591 3.101072847537743e-16 21.977407838945158 -4168.556907721244 1.151084814339825e-19 0.004478944286282035 0.15045785741874346
-3.69267681289167 -2.636924798567593 2.9062569375882426 380.1874895389192 641.45056367293 340.43446558713913 407.3184811770916 3.1950793047862294 3.7203529207129518 -1911.371730407591 3.101072847537743e-16 21.977407838945158 -4168.556907721244 1.151084814339825e-19 0.004478944286282035 0.15045785741874346
-3.69267681289167 -2.6349606087735014 2.8905678898548057 380.18870056420565 641.247692624107 334.8624312579632 408.83228462934494 3.1950793047862294 3.7203529207129518 -1911.371730407591 3.101072847537743e-16 21.977407838945158 -4168.556907721244 1.151084814339825e-19 0.004478944286282035 0.15045785741874346
-3.69267681289167 -2.6339785138764555 2.874878842121369 380.2822480611503 641.0774763152003 330.0083750039339 410.1710567623377 3.1950793047862294 3.7203529207129518 -1911.371730407591 3.101072847537743e-16 21.977407838945158 -4168.556907721244 1.151084814339825e-19 0.004478944286282035 0.15045785741874346
-3.69267681289167 -2.6329964189794097 2.859189794387932 380.46001430088654 640.9436561260372 325.8916680663824 411.2797965705395 3.1950793047862294 3.7203529207129518 -1911.371730407591 3.101072847537743e-16 21.977407838945158 -4168.556907721244 1.151084814339825e-19 0.004478944286282035 0.15045785741874346
-3.69267681289167 -2.6329964189794097 2.8435007466544953 380.71367945941165 640.8491591736674 322.5281634926796 412.1083545386791 3.1950793047862294 3.7203529207129518 -1911.371730407591 3.101072847537743e-16 21.977407838945158 -4168.556907721244 1.151084814339825e-19 0.004478944286282035 0.15045785741874346
-3.69267681289167 -2.6339785138764555 2.827811698921059 381.0347216222435 640.7960983719677 319.93019603192806 412.6114330738783 3.1950793047862294 3.7203529207129518 -1911.371730407591 3.101072847537743e-16 21.977407838945158 -4168.556907721244 1.151084814339825e-19 0.004478944286282035 0.15045785741874346
-3.69267681289167 -2.6349606087735014 2.812122651187622 381.4144167751074 640.7857723720372 318.1065822094679 412.74858620762825 3.1950793047862294 3.7203529207129518 -1911.371730407591 3.101072847537743e-16 21.977407838945158 -4168.556907721244 1.151084814339825e-19 0.004478944286282035 0.15045785741874346
-3.69267681289167 -2.635942703670547 2.7964336034541852 381.8438388230279 640.818665606901 317.06262032687664 412.4842199385166 3.1950793047862294 3.7203529207129518 -1911.371730407591 3.101072847537743e-16 21.977407838945158 -4168.556907721244 1.151084814339825e-19 0.004478944286282035 0.15045785741874346
-3.69267681289167 -2.636924798567593 2.780744555720749 382.3138595726341 640.894448235631 316.8000904470682 411.7875921726227 3.1950793047862294 3.7203529207129518 -1911.371730407591 3.101072847537743e-16 21.977407838945158 -4168.556907721244 1.151084814339825e-19 0.004478944286282035 0.15045785741874346
-3.69267681289167 -2.637906893464639 2.765055507987312 382.81514873262495 641.0119762402028 317.3172544836998 410.6328122019768 3.1950793047862294 3.7203529207129518 -1911.371730407591 3.101072847537743e-16 21.977407838945158 -4168.556907721244 1.151084814339825e-19 0.004478944286282035 0.15045785741874346
-3.69267681289167 -2.638888988361685 2.749366460253875 383.3381739282049 641.169291311875 318.60885602235794 408.9988415390253 3.1950793047862294 3.7203529207129518 -1911.371730407591 3.101072847537743e-16 21.977407838945158 -4168.556907721244 1.151084814339825e-19 0.004478944286282035 0.15045785741874346
-3.69267681289167 -2.639871083258731 2.7336774125204384 383.8732006889768 641.3636209201068 320.66612039506435 406.8694931268692 3.1950793047862294 3.7203529207129518 -1911.371730407591 3.101072847537743e-16 21.977407838945158 -4168.556907721244 1.151084814339825e-19 0.004478944286282035 0.15045785741874346
-3.69267681289167 -2.6408531781557767 2.7179883647870016 384.410292445682 641.5913783125579 323.4767547249794 404.23343205451965 3.1950793047862294 3.7203529207129518 -1911.371730407591 3.101072847537743e-16 21.977407838945158 -4168.556907721244 1.151084814339825e-19 0.004478944286282035 0.15045785741874346
-3.69267681289167 -2.641835273052821 2.702299317053565 384.93931055022404 641.8481624685228 327.02494794130325 401.08417496085167 3.1950793047862294 3.7203529207129518 -1911.371730407591 3.101072847537743e-16 21.977407838945158 -4168.556907721244 1.151084814339825e-19 0.004478944286282035 0.15045785741874346
-3.69267681289167 -2.6408531781557767 2.6866102693201284 385.44991424819455 642.1287581603974 331.2913706898689 397.42009039223194 3.1950793047862294 3.7203529207129518 -1911.371730407591 3.101072847537743e-16 21.977407838945158 -4168.556907721244 1.151084814339825e-19 0.004478944286282035 0.15045785741874346
-3.69267681289167 -2.639871083258731 2.6709212215866915 385.93156069749966 642.4271359145641 336.25317542254925 393.24439848959446 3.1950793047862294 3.7203529207129518 -1911.371730407591 3.101072847537743e-16 21.977407838945158 -4168.556907721244 1.151084814339825e-19 0.004478944286282035 0.15045785741874346
-3.69267681289167 -2.638888988361685 2.655232173853255 386.37350496742874 642.7364520058036 341.8839963078499 388.56517158448696 3.1950793047862294 3.7203529207129518 -1911.371730407591 3.101072847537743e-16 21.977407838945158 -4168.556907721244 1.151084814339825e-19 0.004478944286282035 0.15045785741874346
-3.69267681289167 -2.637906893464639 2.6395431261198183 386.76480003166944 643.0490484945476 348.1539493203163 383.39533327519894 3.1950793047862294 3.7203529207129518 -1911.371730407591 3.101072847537743e-16 21.977407838945158 -4168.556907721244 1.151084814339825e-19 0.004478944286282035 0.15045785741874346
-3.69267681289167 -2.636924798567593 2.6238540783863815 387.09429677017033 643.356453185901 355.029632166028 377.7526594251394 3.1950793047862294 3.7203529207129518 -1911.371730407591 3.101072847537743e-16 21.977407838945158 -4168.556907721244 1.151084814339825e-19 0.004478944286282035 0.15045785741874346
-3.69267681289167 -2.635942703670547 2.6081650306529447 387.3506439710036 643.6493796464056 362.474124327302 371.65977750718594 3.1950793047862294 3.7203529207129518 -1911.371730407591 3.101072847537743e-16 21.977407838945158 -4168.556907721244 1.151084814339825e-19 0.004478944286282035 0.15045785741874346
-3.69267681289167 -2.6349606087735014 2.592475982919508 387.52228833083063 643.9177272114903 370.44698709249496 365.14416678249836 3.1950793047862294 3.7203529207129518 -1911.371730407591 3.101072847537743e-16 21.977407838945158 -4168.556907721244 1.151084814339825e-19 0.004478944286282035 0.15045785741874346
-3.69267681289167 -2.6339785138764555 2.5767869351860715 387.59747445443645 644.1505809891969 378.90426345169544 358.23815816640854 3.1950793047862294 3.7203529207129518 -1911.371730407591 3.101072847537743e-16 21.977407838945158 -4168.556907721244 1.151084814339825e-19 0.004478944286282035 0.15045785741874346
-3.69267681289167 -2.6329964189794097 2.5610978874526347 387.564244850073 644.3362118508667 387.79847824573517 350.97893454134464 3.1950793047862294 3.7203529207129518 -1911.371730407591 3.101072847537743e-16 21.977407838945158 -4168.556907721244 1.151084814339825e-19 0.004478944286282035 0.15045785741874346
-3.69267681289167 -2.6329964189794097 2.545408839719198 387.4104399397038 644.4620763827115 397.0786379724741 343.40853075683117 3.1950793047862294 3.7203529207129518 -1911.371730407591 3.101072847537743e-16 21.977407838945158 -4168.556907721244 1.151084814339825e-19 0.004478944286282035 0.15045785741874346
-3.69267681289167 -2.6329964189794106 2.5297197919857615 387.1236980454996 644.5148170087487 406.6902308911085 335.5738329589367 3.1950793047862294 3.7203529207129518 -1911.371730407591 3.101072847537743e-16 21.977407838945158 -4168.556907721244 1.151084814339825e-19 0.004478944286282035 0.15045785741874346
-3.69267681289167 -2.6329964189794106 2.5140307442523246 386.6914554028772 644.4802618529648 416.57522724568844 327.5265796035528 3.1950793047862294 3.7203529207129518 -1911.371730407591 3.101072847537743e-16 21.977407838945158 -4168.556907721244 1.151084814339825e-19 0.004478944286282035 0.15045785741874346
-3.6946410026857595 -2.6329964189794106 2.498341696518888 386.10094615491107 644.3434248417616 426.67207872867584 319.3233605772257 3.1950793047862294 3.7203529207129518 -1911.371730407591 3.101072847537743e-16 21.977407838945158 -4168.556907721244 1.151084814339825e-19 0.004478944286282035 0.15045785741874346
-3.696605192479849 -2.6329964189794106 2.482652648785451 385.33920234814286 644.088505640626 436.9157190024853 311.02561773359776 3.1950793047862294 3.7203529207129518 -1911.371730407591 3.101072847537743e-16 21.977407838945158 -4168.556907721244 1.151084814339825e-19 0.004478944286282035 0.15045785741874346
-3.6985693822739387 -2.6329964189794097 2.466963601052014 384.39305393816903 643.6988896783441 447.2375634610653 302.69964458048344 3.1950793047862294 3.7203529207129518 -1911.371730407591 3.101072847537743e-16 21.977407838945158 -4168.556907721244 1.151084814339825e-19 0.004478944286282035 0.15045785741874346
-3.700533572068028 -2.6329964189794097 2.451274553318578 383.24912878731266 643.1571481768042 457.5655091702938 294.4165867716074 3.1950793047862294 3.7203529207129518 -1911.371730407591 3.101072847537743e-16 21.977407838945158 -4168.556907721244 1.151084814339825e-19 0.004478944286282035 0.15045785741874346
-3.7024977618621264 -2.6329964189794097 2.435585505585141 381.89385266508907 642.4450380783528 467.8239351063967 286.2524411678314 3.1950793047862294 3.7203529207129518 -1911.371730407591 3.101072847537743e-16 21.977407838945158 -4168.556907721244 1.151084814339825e-19 0.004478944286282035 0.15045785741874346
-3.7044619516562163 -2.6329964189794097 2.419896457851704 380.31344925705343 641.543502099812 477.9337019920349 278.28805707395077 3.1950793047862294 3.7203529207129518 -1911.371730407591 3.101072847537743e-16 21.977407838945158 -4168.556907721244 1.151084814339825e-19 0.004478944286282035 0.15045785741874346
-3.7162470904207665 -2.6329964189794097 2.4042074101182673 378.49394014058635 640.4326687455177 487.8121521025896 270.6091350018978 3.1950793047862294 3.7203529207129518 -1911.371730407591 3.101072847537743e-16 21.977407838945158 -4168.556907721244 1.151084814339825e-19 0.004478944286282035 0.15045785741874346
-3.728032229185317 -2.632014324082365 2.388518362384831 376.4211448156275 639.0918522626162 497.37310978770256 263.3062276393175 3.1950793047862294 3.7203529207129518 -1911.371730407591 3.101072847537743e-16 21.977407838945158 -4168.556907721244 1.151084814339825e-19 0.004478944286282035 0.15045785741874346
-3.739817367949868 -2.632014324082366 2.372829314651394 374.0806806795299 637.4995526522398 506.52688094973564 256.4747394323349 3.1950793047862294 3.7203529207129518 -1911.371730407591 3.101072847537743e-16 21.977407838945158 -4168.556907721244 1.151084814339825e-19 0.004478944286282035 0.15045785741874346
-3.7516025067144185 -2.632014324082366 2.3571402669179573 371.4579630382359 635.6334557067603 515.1802533268929 250.21492643654346 3.1950793047862294 3.7203529207129518 -1911.371730407591 3.101072847537743e-16 21.977407838945158 -4168.556907721244 1.151084814339825e-19 0.004478944286282035 0.15045785741874346
-3.7614234556848705 -2.632014324082367 2.3414512191845205 368.5382051123306 633.470432953909 523.236496374011 244.63189660012722 3.1796587379194827 3.6998528398735404 -1901.4431561246238 0.04535110637601261 21.96615441005117 -4231.076127823254 1.9007169478630446e-05 0.004447892576147652 0.139574152124318
-3.6592855863921256 -2.7125461056401092 2.3257621714510837 365.3064180240035 630.9865416809916 530.5953614115715 239.83560965955257 3.1796587379194827 3.6998528398735404 -1901.4431561246238 0.04535110637601261 21.96615441005117 -4231.076127823254 1.9007169478630446e-05 0.004447892576147652 0.139574152124318
-3.5188460161145994 -2.8362900626678624 2.3100731237176473 361.747410800308 628.1570249516517 537.1530814468861 235.94087719917297 3.1796587379194827 3.6998528398735404 -1901.4431561246238 0.04535110637601261 21.96615441005117 -4231.076127823254 1.9007169478630446e-05 0.004447892576147652 0.139574152124318
-3.360728737690245 -2.9786938227394826 2.2943840759842105 357.8457903810777 624.9563116077334 542.8023712784052 233.0673625767231 3.1796587379194827 3.6998528398735404 -1901.4431561246238 0.04535110637601261 21.96615441005117 -4231.076127823254 1.9007169478630446e-05 0.004447892576147652 0.139574152124318
-3.2026114592658947 -3.1210975828111023 2.2943840759842384 353.58596161659807 621.3580162264407 547.4324274361134 231.33958080410957 3.1796587379194827 3.6998528398735404 -1901.4431561246238 0.04535110637601261 21.96615441005117 -4231.076127823254 1.9007169478630446e-05 0.004447892576147652 0.139574152124318
-3.044494180841549 -3.255644583706358 2.2661377392272817 348.95212725084275 617.3349391631782 550.928928270936 230.88689886033535 3.1796587379194827 3.6998528398735404 -1901.4431561246238 0.04535110637601261 21.96615441005117 -4231.076127823254 1.9007169478630446e-05 0.004447892576147652 0.139574152124318
-2.8765559534467378 -3.378406445837065 2.2020223203346547 343.92828795220703 612.8590665124357 553.1740338653326 231.84353552758694 3.1796587379194827 3.6998528398735404 -1901.4431561246238 0.04535110637601261 21.96615441005117 -4231.076127823254 1.9007169478630446e-05 0.004447892576147652 0.139574152124318
-2.7086177260519313 -3.49036526410027 2.1587989303424657 338.49824228556827 607.9015701729804 554.0463860034943 234.34856113791466 3.1796587379194827 3.6998528398735404 -1901.4431561246238 0.04535110637601261 21.96615441005117 -4231.076127823254 1.9007169478630446e-05 0.004447892576147652 0.139574152124318
-2.543625783348268 -3.5895568487018807 2.112090717480945 332.6455867267214 602.4328077603132 553.4211084097624 238.54589822888374 3.1796587379194827 3.6998528398735404 -1901.4431561246238 0.04535110637601261 21.96615441005117 -4231.076127823254 1.9007169478630446e-05 0.004447892576147652 0.139574152124318
-2.3786338406445866 -3.6789274843330353 2.0672190801997496 326.35371565958485 596.4223226774484 551.1698064208031 244.58432064950466 3.1796587379194827 3.6998528398735404 -1901.4431561246238 0.04535110637601261 21.96615441005117 -4231.076127823254 1.9007169478630446e-05 0.004447892576147652 0.139574152124318
-2.216588182632053 -3.7584771709937344 2.0271447953520094 319.6058213724755 589.8388441093266 547.1605671793222 252.61745446920395 3.1796587379194827 3.6998528398735404 -1901.4431561246238 0.04535110637601261 21.96615441005117 -4231.076127823254 1.9007169478630446e-05 0.004447892576147652 0.139574152124318
-2.16650134288273 -3.7506204118173687 1.4152014988178374 312.3848940646276 582.6502869538963 541.2579595595598 262.80377718806267 3.1796587379194827 3.6998528398735404 -1901.4431561246238 0.04535110637601261 21.96615441005117 -4231.076127823254 1.9007169478630446e-05 0.004447892576147652 0.139574152124318
-2.1547162041181838 -3.692676812891675 0.20065287731985776 304.6737218447961 574.8237519264221 533.3230343014002 275.3066183924675 3.1796587379194827 3.6998528398735404 -1901.4431561246238 0.04535110637601261 21.96615441005117 -4231.076127823254 1.9007169478630446e-05 0.004447892576147652 0.139574152124318
-2.1576624888093137 -3.612145031333931 6.246616251266134 296.4548907186836 566.3255254495889 523.2133238315582 290.2941593378782 3.1796587379194827 3.6998528398735404 -1901.4431561246238 0.04535110637601261 21.96615441005117 -4231.076127823254 1.9007169478630446e-05 0.004447892576147652 0.139574152124318
-2.157662488809318 -3.527684870188004 6.283185307179533 287.7107846112922 557.1210797410458 510.7828422933817 307.9394330531359 3.1796587379194827 3.6998528398735404 -1901.4431561246238 0.04535110637601261 21.96615441005117 -4231.076127823254 1.9007169478630446e-05 0.004447892576147652 0.139574152124318
