23 -1.876783348254254 -2.049632050134288 4.875139213735379 -2.9944073410922125 -3.306713518352731
-1.876783348254254 -2.049632050134288 4.875139213735379 284.0257008209177 429.80755092733415 707.5547734873822 139.88013073882664 3.2950455522883573 3.843707051610093 -2166.182579133645 0.005140388657991477 22.616978866981967 -4784.1026853787225 2.033947591249247e-05 0.004605469765458111 0.01789378614357536
-2.143913160250678 -2.3570277529095796 4.873913745529434 329.76670850888206 498.4850443035233 702.0108521912873 144.46824262693846 3.2950455522883573 3.843707051610093 -2166.182579133645 0.005140388657991477 22.616978866981967 -4784.1026853787225 2.033947591249247e-05 0.004605469765458111 0.01789378614357536
-2.4110429722470905 -2.6673697403760075 4.87299432288569 361.1421187508143 548.1522108326465 696.3115797246236 149.6021587108545 3.2950455522883573 3.843707051610093 -2166.182579133645 0.005140388657991477 22.616978866981967 -4784.1026853787225 2.033947591249247e-05 0.004605469765458111 0.01789378614357536
-2.678172784243517 -2.981640107430619 4.871768000096307 380.82487421045784 582.2304961628772 690.4734704654618 155.36017186474862 3.2950455522883573 3.843707051610093 -2166.182579133645 0.005140388657991477 22.616978866981967 -4784.1026853787225 2.033947591249247e-05 0.004605469765458111 0.01789378614357536
-2.665405550581926 -3.0366374216651755 2.913490025309893 391.2498301469701 603.8371483779393 684.5113633506087 161.81463330719632 3.2950455522883573 3.843707051610093 -2166.182579133645 0.005140388657991477 22.616978866981967 -4784.1026853787225 2.033947591249247e-05 0.004605469765458111 0.01789378614357536
-2.6712981199641987 -3.08770635631155 3.256469259006674 394.613754414922 615.7852179971077 678.4384218756078 169.03195260117465 3.2950455522883573 3.843707051610093 -2166.182579133645 0.005140388657991477 22.616978866981967 -4784.1026853787225 2.033947591249247e-05 0.004605469765458111 0.01789378614357536
-2.683083258728745 -3.133864816472696 3.391571275050577 392.8753274642985 620.5835579752077 672.2661340947387 177.07259765406226 3.2950455522883573 3.843707051610093 -2166.182579133645 0.005140388657991477 22.616978866981967 -4784.1026853787225 2.033947591249247e-05 0.004605469765458111 0.01789378614357536
-2.6703160250671543 -3.1957367949865723 2.9380996083322706 387.75514234049797 620.4368237026156 666.0043126210179 185.9910947176394 3.2950455522883573 3.843707051610093 -2166.182579133645 0.005140388657991477 22.616978866981967 -4784.1026853787225 2.033947591249247e-05 0.004605469765458111 0.01789378614357536
-2.6487099373321517 -3.2595729632945405 2.8152338368830585 380.73570468433263 617.2454730052582 659.6610946261981 195.83602838808798 3.2950455522883573 3.843707051610093 -2166.182579133645 0.005140388657991477 22.616978866981967 -4784.1026853787225 2.033947591249247e-05 0.004605469765458111 0.01789378614357536
-2.632996418979413 -3.321444941808417 2.892882664496149 373.0614327320286 612.6057661446132 653.2429418407684 206.65004160599136 3.2950455522883573 3.843707051610093 -2166.182579133645 0.005140388657991477 22.616978866981967 -4784.1026853787225 2.033947591249247e-05 0.004605469765458111 0.01789378614357536
-2.6251396598030503 -3.376442256042973 2.999695598985675 365.73865731522574 607.8097658177091 646.7546405539545 218.46983565633457 3.2950455522883573 3.843707051610093 -2166.182579133645 0.005140388657991477 22.616978866981967 -4784.1026853787225 2.033947591249247e-05 0.004605469765458111 0.01789378614357536
-2.623175470008952 -3.4235828111011655 3.099950074491054 359.53562186097747 603.8453371571247 640.1993016137184 231.32617016850432 3.2950455522883573 3.843707051610093 -2166.182579133645 0.005140388657991477 22.616978866981967 -4784.1026853787225 2.033947591249247e-05 0.004605469765458111 0.01789378614357536
-2.624157564906001 -3.4667949865711742 3.1643160144315168 354.9824823917509 601.3961477309902 633.5783604267588 245.24386311628882 3.2950455522883573 3.843707051610093 -2166.182579133645 0.005140388657991477 22.616978866981967 -4784.1026853787225 2.033947591249247e-05 0.004605469765458111 0.01789378614357536
-2.6271038495971397 -3.4942936436884517 3.2483283262389966 352.371307525427 600.8416675429855 626.8915769585108 260.2417908178778 3.2950455522883573 3.843707051610093 -2166.182579133645 0.005140388657991477 22.616978866981967 -4784.1026853787225 2.033947591249247e-05 0.004605469765458111 0.01789378614357536
-2.6437994628469097 -3.4903652641002694 4.9434796475806575 351.7560784753007 602.2571690323429 620.1370357331457 276.33288793586274 3.2950455522883573 3.843707051610093 -2166.182579133645 0.005140388657991477 22.616978866981967 -4784.1026853787225 2.033947591249247e-05 0.004605469765458111 0.01789378614357536
-2.6467457475380485 -3.4844726947179954 5.8195376981785145 352.9526890500802 605.4137270738439 613.3111458335715 293.5241474772367 3.2950455522883573 3.843707051610093 -2166.182579133645 0.005140388657991477 22.616978866981967 -4784.1026853787225 2.033947591249247e-05 0.004605469765458111 0.01789378614357536
-2.6467457475380574 -3.488401074306178 3.141592653592067 355.53894565388816 609.7782189778203 606.4086409014326 311.8166207933941 3.2950455522883573 3.843707051610093 -2166.182579133645 0.005140388657991477 22.616978866981967 -4784.1026853787225 2.033947591249247e-05 0.004605469765458111 0.01789378614357536
-2.6801369740376106 -3.477598030438676 5.025290208265057 358.8545672862602 614.5133244901565 599.4225791371099 331.2054175801314 3.2950455522883573 3.843707051610093 -2166.182579133645 0.005140388657991477 22.616978866981967 -4784.1026853787225 2.033947591249247e-05 0.004605469765458111 0.01789378614357536
-2.729241718889894 -3.4609024171889 5.040127487165243 362.0011855421461 618.4775257922867 592.3443432997207 351.67970587764614 3.2950455522883573 3.843707051610093 -2166.182579133645 0.005140388657991477 22.616978866981967 -4784.1026853787225 2.033947591249247e-05 0.004605469765458111 0.01789378614357536
-2.7803106535362527 -3.4226007162041197 5.337874020624028 363.8423446119091 620.2251075011958 585.1636407071186 373.2227120705379 3.2950455522883573 3.843707051610093 -2166.182579133645 0.005140388657991477 22.616978866981967 -4784.1026853787225 2.033947591249247e-05 0.004605469765458111 0.01789378614357536
-2.834325872873768 -3.378406445837064 5.380678399215218 363.00350128132624 618.0061566694188 577.8685032358941 395.8117208878075 3.2950455522883573 3.843707051610093 -2166.182579133645 0.005140388657991477 22.616978866981967 -4784.1026853787225 2.033947591249247e-05 0.004605469765458111 0.01789378614357536
-2.8873589973142346 -3.3361763652641008 5.36722104898248 357.87202493158907 609.7665627850425 570.4452873213737 419.4180754028576 3.2950455522883573 3.843707051610093 -2166.182579133645 0.005140388657991477 22.616978866981967 -4784.1026853787225 2.033947591249247e-05 0.004605469765458111 0.01789378614357536
-2.940392121754701 -3.3106418979409136 5.147059195533944 346.5971975393029 593.1480177717045 562.8786739576205 444.00717703349227 3.2950455522883573 3.843707051610093 -2166.182579133645 0.005140388657991477 22.616978866981967 -4784.1026853787225 2.033947591249247e-05 0.004605469765458111 0.01789378614357536
-2.9944073410922125 -3.306713518352731 4.782449563023138 358.81569566432205 625.1350162646444 707.0828673009228 421.5063196037954 3.274930353741129 3.823833527344244 -2132.913328911103 0.01580425339593996 22.540454286896498 -4771.688527267263 2.026305740152388e-05 0.004577747497825215 0.024019305245117428
-3.0395837063563116 -3.321444941808416 4.409504112009702 356.89444154214175 626.0545632073972 654.5815945985696 429.6052707174372 3.274930353741129 3.823833527344244 -2132.913328911103 0.01580425339593996 22.540454286896498 -4771.688527267263 2.026305740152388e-05 0.004577747497825215 0.024019305245117428
-3.0926168307967736 -3.343051029543421 4.338055364377093 354.6906968456786 626.9807352531727 607.3350880147987 436.49893381525646 3.274930353741129 3.823833527344244 -2132.913328911103 0.01580425339593996 22.540454286896498 -4771.688527267263 2.026305740152388e-05 0.004577747497825215 0.024019305245117428
-3.148596239928379 -3.3587645478961514 4.44757165047891 352.2261594357059 627.9134402648175 565.0828586040052 442.25015785811 3.274930353741129 3.823833527344244 -2132.913328911103 0.01580425339593996 22.540454286896498 -4771.688527267263 2.026305740152388e-05 0.004577747497825215 0.024019305245117428
-3.1927905102954335 -3.376442256042973 4.346641679122362 349.5220673612402 628.852547671587 527.5699275169327 446.9203101076906 3.274930353741129 3.823833527344244 -2132.913328911103 0.01580425339593996 22.540454286896498 -4771.688527267263 2.026305740152388e-05 0.004577747497825215 0.024019305245117428
-3.2350205908683987 -3.3941199641897946 4.331882603272334 346.59919885954054 629.7978884691462 494.54682600067827 450.56927612652566 3.274930353741129 3.823833527344244 -2132.913328911103 0.01580425339593996 22.540454286896498 -4771.688527267263 2.026305740152388e-05 0.004577747497825215 0.024019305245117428
-3.269393912264997 -3.4353679498657126 3.8363309297864907 343.4778723561089 630.7492552195692 465.76959539868767 453.25545977797753 3.274930353741129 3.823833527344244 -2132.913328911103 0.01580425339593996 22.540454286896498 -4771.688527267263 2.026305740152388e-05 0.004577747497825215 0.024019305245117428
-3.297874664279317 -3.4854547896150416 3.6586246060812786 340.1779464646902 631.7064020513396 440.99978715075576 455.0357832262439 3.274930353741129 3.823833527344244 -2132.913328911103 0.01580425339593996 22.540454286896498 -4771.688527267263 2.026305740152388e-05 0.004577747497825215 0.024019305245117428
-3.3243912264995483 -3.5414341987466433 3.5839668765665165 336.7188199872719 632.6690446593503 420.00446279302923 455.965686936358 3.274930353741129 3.823833527344244 -2132.913328911103 0.01580425339593996 22.540454286896498 -4771.688527267263 2.026305740152388e-05 0.004577747497825215 0.024019305245117428
-3.350907788719788 -3.5846463742166526 3.691978601266701 333.1194319140846 633.6368603049033 402.5561939580066 456.0991296741878 3.274930353741129 3.823833527344244 -2132.913328911103 0.01580425339593996 22.540454286896498 -4771.688527267263 2.026305740152388e-05 0.004577747497825215 0.024019305245117428
-3.37644225604297 -3.620983885407342 3.754130210199999 329.3982614236015 634.6094878157099 388.4330623745327 455.48858850643626 3.274930353741129 3.823833527344244 -2132.913328911103 0.01580425339593996 22.540454286896498 -4771.688527267263 2.026305740152388e-05 0.004577747497825215 0.024019305245117428
-3.400012533572071 -3.6514288272157573 3.8003986897073756 325.57332788253865 635.5865275858911 377.41865986780704 454.1850588006423 3.274930353741129 3.823833527344244 -2132.913328911103 0.01580425339593996 22.540454286896498 -4771.688527267263 2.026305740152388e-05 0.004577747497825215 0.024019305245117428
-3.4206365264100245 -3.679909579230082 3.7683355548007107 321.6621908458552 636.5675415759765 369.3020883593772 452.23805422517853 3.274930353741129 3.823833527344244 -2132.913328911103 0.01580425339593996 22.540454286896498 -4771.688527267263 2.026305740152388e-05 0.004577747497825215 0.024019305245117428
-3.444206803939126 -3.708390331244406 3.8329295823593608 317.68195005675267 637.5520533129059 363.8779598671408 449.69560674925447 3.274930353741129 3.823833527344244 -2132.913328911103 0.01580425339593996 22.540454286896498 -4771.688527267263 2.026305740152388e-05 0.004577747497825215 0.024019305245117428
-3.467777081468218 -3.73687108325873 3.8329295823591845 313.64924544667554 638.5395478900274 360.94639650534646 446.60426664291344 3.274930353741129 3.823833527344244 -2132.913328911103 0.01580425339593996 22.540454286896498 -4771.688527267263 2.026305740152388e-05 0.004577747497825215 0.024019305245117428
-3.4913473589973143 -3.7692802148612365 3.7703889400052506 309.58025713531146 639.5294719670991 360.3130304845927 443.0091024770343 3.274930353741129 3.823833527344244 -2132.913328911103 0.01580425339593996 22.540454286896498 -4771.688527267263 2.026305740152388e-05 0.004577747497825215 0.024019305245117428
-3.516881826320496 -3.800707251566697 3.823909208464449 305.49070543059054 640.5212337702883 361.78900411183076 438.95370112333194 3.274930353741129 3.823833527344244 -2132.913328911103 0.01580425339593996 22.540454286896498 -4771.688527267263 2.026305740152388e-05 0.004577747497825215 0.024019305245117428
-3.545362578334817 -3.834098478066249 3.847791746017731 301.39585082868575 641.5142030921713 365.1909697903584 434.4801677543546 3.274930353741129 3.823833527344244 -2132.913328911103 0.01580425339593996 22.540454286896498 -4771.688527267263 2.026305740152388e-05 0.004577747497825215 0.024019305245117428
-3.5758075201432313 -3.8655255147717105 3.9111191339954297 297.3104940140128 642.507711291734 370.3410900198269 429.6291258434869 3.274930353741129 3.823833527344244 -2132.913328911103 0.01580425339593996 22.540454286896498 -4771.688527267263 2.026305740152388e-05 0.004577747497825215 0.024019305245117428
-3.6033061772605115 -3.897934646374218 3.845206436369267 293.2489758592308 643.5010512943716 377.0670373962357 424.43971716494957 3.274930353741129 3.823833527344244 -2132.913328911103 0.01580425339593996 22.540454286896498 -4771.688527267263 2.026305740152388e-05 0.004577747497825215 0.024019305245117428
-3.6219659803043798 -3.93132587287377 3.651184918398742 289.2251774252409 644.4934775918881 385.20199461193624 418.9496017937952 3.274930353741129 3.823833527344244 -2132.913328911103 0.01580425339593996 22.540454286896498 -4771.688527267263 2.026305740152388e-05 0.004577747497825215 0.024019305245117428
-3.6376794986571097 -3.9647170993733223 3.5814352364055098 285.25251996118743 645.4842062424976 394.5846544556325 413.1949581059157 3.274930353741129 3.823833527344244 -2132.913328911103 0.01580425339593996 22.540454286896498 -4771.688527267263 2.026305740152388e-05 0.004577747497825215 0.024019305245117428
-3.6465183527305256 -4.001054610564012 3.3802019760981303 281.3439649044577 646.4724148708228 405.05921981237134 407.2104827780346 3.274930353741129 3.823833527344244 -2132.913328911103 0.01580425339593996 22.540454286896498 -4771.688527267263 2.026305740152388e-05 0.004577747497825215 0.024019305245117428
-3.63473321396598 -4.042302596239929 2.8632929945847176 277.5120138806816 647.4572426678963 416.47540366355406 401.0293907877127 3.274930353741129 3.823833527344244 -2132.913328911103 0.01580425339593996 22.540454286896498 -4771.688527267263 2.026305740152388e-05 0.004577747497825215 0.024019305245117428
-3.6150913160250666 -4.086496866606984 2.723368324010569 273.7687087037318 648.4377903911592 428.6884290869366 394.6834154133452 3.274930353741129 3.823833527344244 -2132.913328911103 0.01580425339593996 22.540454286896498 -4771.688527267263 2.026305740152388e-05 0.004577747497825215 0.024019305245117428
-3.6180376007162054 -4.123816472694719 3.2203766145789854 270.12563137572397 649.4131203644628 441.5590292566221 388.20280823416283 3.274930353741129 3.823833527344244 -2132.913328911103 0.01580425339593996 22.540454286896498 -4771.688527267263 2.026305740152388e-05 0.004577747497825215 0.024019305245117428
-3.63276902417189 -4.157207699194271 3.55708474953068 266.5939040870169 650.382256478067 454.9534474430593 381.6163391302308 3.274930353741129 3.823833527344244 -2132.913328911103 0.01580425339593996 22.540454286896498 -4771.688527267263 2.026305740152388e-05 0.004577747497825215 0.024019305245117428
-3.6504467323187137 -4.190598925693824 3.6284918854010995 263.1841892162112 651.3441841886414 468.7434370130568 374.9512962824497 3.274930353741129 3.823833527344244 -2132.913328911103 0.01580425339593996 22.540454286896498 -4771.688527267263 2.026305740152388e-05 0.004577747497825215 0.024019305245117428
-3.6681244404655287 -4.223008057296331 3.6409393752697516 259.9066893301513 652.2978505192648 482.80626142976234 368.23348617255624 3.274930353741129 3.823833527344244 -2132.913328911103 0.01580425339593996 22.540454286896498 -4771.688527267263 2.026305740152388e-05 0.004577747497825215 0.024019305245117428
-3.690712623097585 -4.2524709042077005 3.795675378004296 256.77114718392414 653.2421640594252 497.02469425268646 361.48723358312054 3.274930353741129 3.823833527344244 -2132.913328911103 0.01580425339593996 22.540454286896498 -4771.688527267263 2.026305740152388e-05 0.004577747497825215 0.024019305245117428
-3.7241038495971384 -4.278987466427933 4.041245144948696 253.78684572085928 654.17599496502 511.2870191376792 354.7353815975491 3.274930353741129 3.823833527344244 -2132.913328911103 0.01580425339593996 22.540454286896498 -4771.688527267263 2.026305740152388e-05 0.004577747497825215 0.024019305245117428
-3.76240555058192 -4.303539838854074 4.14234851668499 250.9626080725294 655.0981749583558 525.487029836946 347.9992916000833 3.274930353741129 3.823833527344244 -2132.913328911103 0.01580425339593996 22.540454286896498 -4771.688527267263 2.026305740152388e-05 0.004577747497825215 0.024019305245117428
-3.8065998209489744 -4.325145926589079 4.257669705563702 248.3067975587498 656.0074973281486 539.5240301990416 341.29884327579975 3.274930353741129 3.823833527344244 -2132.913328911103 0.01580425339593996 22.540454286896498 -4771.688527267263 2.026305740152388e-05 0.004577747497825215 0.024019305245117428
-3.8724001790510316 -4.335948970456581 4.549661605744317 245.82731768757864 656.9027169295236 553.3028341688746 334.65243461061027 3.274930353741129 3.823833527344244 -2132.913328911103 0.01580425339593996 22.540454286896498 -4771.688527267263 2.026305740152388e-05 0.004577747497825215 0.024019305245117428
-3.944093106535362 -4.3428236347359 4.6167908617208475 243.53161215531708 657.7825501840156 566.733765787696 328.0769818912613 3.274930353741129 3.823833527344244 -2132.913328911103 0.01580425339593996 22.540454286896498 -4771.688527267263 2.026305740152388e-05 0.004577747497825215 0.024019305245117428
-3.990251566696506 -4.351662488809312 4.5231899582846955 241.4266648465088 658.645675079568 579.7326591931173 321.58791970533457 3.274930353741129 3.823833527344244 -2132.913328911103 0.01580425339593996 22.540454286896498 -4771.688527267263 2.026305740152388e-05 0.004577747497825215 0.024019305245117428
-4.021678603401965 -4.361483437779769 4.409504112009702 239.51899983394014 659.4907311705344 592.2208586190891 315.19920094124734 3.274930353741129 3.823833527344244 -2132.913328911103 0.01580425339593996 22.540454286896498 -4771.688527267263 2.026305740152388e-05 0.004577747497825215 0.024019305245117428
-4.045248880931067 -4.368358102059088 4.428594871176449 237.81468137864132 660.3163195776771 604.125218395925 308.9232967882531 3.274930353741129 3.823833527344244 -2132.913328911103 0.01580425339593996 22.540454286896498 -4771.688527267263 2.026305740152388e-05 0.004577747497825215 0.024019305245117428
-4.063908683974935 -4.374250671441362 4.40651010897984 236.31931392988432 661.1210029881678 615.3781029502761 302.77119673643654 3.274930353741129 3.823833527344244 -2132.913328911103 0.01580425339593996 22.540454286896498 -4771.688527267263 2.026305740152388e-05 0.004577747497825215 0.024019305245117428
-4.077658012533575 -4.380143240823636 4.307497194099616 235.0380421251837 661.9033056555875 625.9173868051539 296.7524085767227 3.274930353741129 3.823833527344244 -2132.913328911103 0.01580425339593996 22.540454286896498 -4771.688527267263 2.026305740152388e-05 0.004577747497825215 0.024019305245117428
-4.089443151298116 -4.384071620411818 4.390638425987905 233.97555079029812 662.6617133999266 635.6864545799172 290.8749584008689 3.274930353741129 3.823833527344244 -2132.913328911103 0.01580425339593996 22.540454286896498 -4771.688527267263 2.026305740152388e-05 0.004577747497825215 0.024019305245117428
-4.1022103849597125 -4.388982094897047 4.4138900487985255 233.13606493922833 663.3946736075848 644.6342009902701 285.1453906014659 3.274930353741129 3.823833527344244 -2132.913328911103 0.01580425339593996 22.540454286896498 -4771.688527267263 2.026305740152388e-05 0.004577747497825215 0.024019305245117428
-4.113995523724258 -4.391928379588184 4.547240302970094 232.52334977421737 664.1005952313709 652.7150308482733 279.5687678719445 3.274930353741129 3.823833527344244 -2132.913328911103 0.01580425339593996 22.540454286896498 -4771.688527267263 2.026305740152388e-05 0.004577747497825215 0.024019305245117428
-4.123816472694711 -4.397820948970458 4.2487413713837014 232.14071068575214 664.7778487905034 659.888859062341 274.14867120656584 3.274930353741129 3.823833527344244 -2132.913328911103 0.01580425339593996 22.540454286896498 -4771.688527267263 2.026305740152388e-05 0.004577747497825215 0.024019305245117428
-4.130691136974037 -4.403713518352733 4.092139494402306 231.9909932525617 665.4247663706095 666.1211106372234 268.88719990043 3.274930353741129 3.823833527344244 -2132.913328911103 0.01580425339593996 22.540454286896498 -4771.688527267263 2.026305740152388e-05 0.004577747497825215 0.024019305245117428
-4.1405120859444935 -4.410588182632052 4.1719694801141305 232.07658324161758 666.0396416237263 671.3827206740352 263.7849715494674 3.2779714410486376 3.810495199858796 -2127.856176673643 0.020391394378080047 22.50337953475206 -4763.034856793727 2.1803039818344996e-05 0.00456624368448007 0.026386730616000997
-4.1483688451208565 -4.418444941808417 3.993558980762904 232.3994066081358 666.6207297682998 675.6501343702394 258.8411220504505 3.2779714410486376 3.810495199858796 -2127.856176673643 0.020391394378080047 22.50337953475206 -4763.034856793727 2.1803039818344996e-05 0.00456624368448007 0.026386730616000997
-4.1562256042972185 -4.424337511190691 4.153789665040974 232.96092949557345 667.1662475891854 678.9053070196451 254.0533056009806 3.2779714410486376 3.810495199858796 -2127.856176673643 0.020391394378080047 22.50337953475206 -4763.034856793727 2.1803039818344996e-05 0.00456624368448007 0.026386730616000997
-4.1640823634735815 -4.427283795881828 4.467410317257759 233.76215823563055 667.674373437648 681.135704012404 249.4176946994961 3.2779714410486376 3.810495199858796 -2127.856176673643 0.020391394378080047 22.50337953475206 -4763.034856793727 2.1803039818344996e-05 0.00456624368448007 0.026386730616000997
-4.173903312444042 -4.426301700984782 4.909784540234472 234.80363934825147 668.1432472313616 682.334300835043 244.92898014527282 3.2779714410486376 3.810495199858796 -2127.856176673643 0.020391394378080047 22.50337953475206 -4763.034856793727 2.1803039818344996e-05 0.00456624368448007 0.026386730616000997
-4.183724261414499 -4.4223733213965986 5.176036589385541 236.08545954162156 668.5709704544092 682.4995830704179 240.5803710384198 3.2779714410486376 3.810495199858796 -2127.856176673643 0.020391394378080047 22.50337953475206 -4763.034856793727 2.1803039818344996e-05 0.00456624368448007 0.026386730616000997
-4.192563115487911 -4.411570277529097 5.597455796273235 237.60724571217008 668.9556061572838 681.6355463977316 236.363594779879 3.2779714410486376 3.810495199858796 -2127.856176673643 0.020391394378080047 22.50337953475206 -4763.034856793727 2.1803039818344996e-05 0.00456624368448007 0.026386730616000997
-4.2014019695613225 -4.396838854073412 5.742765806908958 239.36816494456895 669.2951789568872 679.7516965925543 232.26889707143266 3.2779714410486376 3.810495199858796 -2127.856176673643 0.020391394378080047 22.50337953475206 -4763.034856793727 2.1803039818344996e-05 0.00456624368448007 0.026386730616000997
-4.21024082363473 -4.375232766338408 5.894866589007251 241.36692451173226 669.5876750365305 676.8630495268012 228.28504191569516 3.2779714410486376 3.810495199858796 -2127.856176673643 0.020391394378080047 22.50337953475206 -4763.034856793727 2.1803039818344996e-05 0.00456624368448007 0.026386730616000997
-4.2171154879140476 -4.348716204118174 6.029511211041011 243.6017718748184 669.8310421459344 672.9901311687308 224.39931161611412 3.2779714410486376 3.810495199858796 -2127.856176673643 0.020391394378080047 22.50337953475206 -4763.034856793727 2.1803039818344996e-05 0.00456624368448007 0.026386730616000997
-4.221043867502236 -4.316307072515668 6.162561638599321 246.07049468322717 670.0231896012286 668.1589775829561 220.5975067769765 3.2779714410486376 3.810495199858796 -2127.856176673643 0.020391394378080047 22.50337953475206 -4763.034856793727 2.1803039818344996e-05 0.00456624368448007 0.026386730616000997
-4.223008057296325 -4.279969561324979 6.2291838068036665 248.77042077460123 670.1619882849523 662.4011349304478 216.8639463034017 3.2779714410486376 3.810495199858796 -2127.856176673643 0.020391394378080047 22.50337953475206 -4763.034856793727 2.1803039818344996e-05 0.00456624368448007 0.026386730616000997
-4.223990152193375 -4.2406857654431525 6.258190513560575 251.69841817482694 670.2452706460538 655.753659468508 213.18146740134443 3.2779714410486376 3.810495199858796 -2127.856176673643 0.020391394378080047 22.50337953475206 -4763.034856793727 2.1803039818344996e-05 0.00456624368448007 0.026386730616000997
-4.223008057296325 -4.199437779767235 0.0238050261851569 254.85089509803345 670.2708306998909 648.2591175508101 209.5314255775952 3.2779714410486376 3.810495199858796 -2127.856176673643 0.020391394378080047 22.50337953475206 -4763.034856793727 2.1803039818344996e-05 0.00456624368448007 0.026386730616000997
-4.220061772605186 -4.156225604297226 0.0680764582580401 258.22379994659116 670.2364240282305 639.9655856273739 205.8936946397821 3.2779714410486376 3.810495199858796 -2127.856176673643 0.020391394378080047 22.50337953475206 -4763.034856793727 2.1803039818344996e-05 0.00456624368448007 0.026386730616000997
-4.215151298119959 -4.111049239033125 0.10827059086045551 261.8126213111156 670.1397677792492 630.9266502445503 202.24666669636213 3.2779714410486376 3.810495199858796 -2127.856176673643 0.020391394378080047 22.50337953475206 -4763.034856793727 2.1803039818344996e-05 0.00456624368448007 0.026386730616000997
-4.21024082363473 -4.0619444941808425 0.09966865249116202 265.61238797046383 669.9785406675321 621.2014080450613 198.5672521566314 3.2779714410486376 3.810495199858796 -2127.856176673643 0.020391394378080047 22.50337953475206 -4763.034856793727 2.1803039818344996e-05 0.00456624368448007 0.026386730616000997
-4.205330349149501 -4.010875559534469 0.09585914711001339 269.6176688917346 669.7503829740746 610.8544657679804 194.8308797307251 3.2779714410486376 3.810495199858796 -2127.856176673643 0.020391394378080047 22.50337953475206 -4763.034856793727 2.1803039818344996e-05 0.00456624368448007 0.026386730616000997
-4.195509400179045 -3.9598066248880937 0.1899882879187141 273.8225732302727 669.4528965462805 599.955940248723 191.01149642960377 3.2779714410486376 3.810495199858796 -2127.856176673643 0.020391394378080047 22.50337953475206 -4763.034856793727 2.1803039818344996e-05 0.00456624368448007 0.026386730616000997
-4.18274216651745 -3.9087376902417197 0.2449786631268976 278.2207503296628 669.0836447979635 588.5814584190366 187.08156756507287 3.2779714410486376 3.810495199858796 -2127.856176673643 0.020391394378080047 22.50337953475206 -4763.034856793727 2.1803039818344996e-05 0.00456624368448007 0.026386730616000997
-4.166046553267675 -3.8576687555953457 0.31597027195294947 282.80538972173355 668.6401527093465 576.8121573070603 183.01207674976683 3.2779714410486376 3.810495199858796 -2127.856176673643 0.020391394378080047 22.50337953475206 -4763.034856793727 2.1803039818344996e-05 0.00456624368448007 0.026386730616000997
-4.148368845120861 -3.80463563115488 0.32175055439652217 287.5692211265557 668.1199068270613 564.7346840372479 178.77252589715658 3.2779714410486376 3.810495199858796 -2127.856176673643 0.020391394378080047 22.50337953475206 -4763.034856793727 2.1803039818344996e-05 0.00456624368448007 0.026386730616000997
-4.126762757385854 -3.753566696508506 0.4002406570340194 292.5045144524441 667.5203552641495 552.4411958304249 174.33093522155104 3.2779714410486376 3.810495199858796 -2127.856176673643 0.020391394378080047 22.50337953475206 -4763.034856793727 2.1803039818344996e-05 0.00456624368448007 0.026386730616000997
-4.105156669650851 -3.702497761862132 0.40024065703394524 297.603079795956 666.8389077000618 540.0293600037544 169.65384323809155 3.2779714410486376 3.810495199858796 -2127.856176673643 0.020391394378080047 22.50337953475206 -4763.034856793727 2.1803039818344996e-05 0.00456624368448007 0.026386730616000997
-4.0806042972247045 -3.652410922112803 0.4557737559767757 302.85626744189017 666.0729353806581 527.6023539707676 164.70630676275232 3.2779714410486376 3.810495199858796 -2127.856176673643 0.020391394378080047 22.50337953475206 -4763.034856793727 2.1803039818344996e-05 0.00456624368448007 0.026386730616000997
-4.056051924798563 -3.6033061772605204 0.4636476090008061 308.2549678632892 665.2197711182077 515.2688652413199 159.45190091234997 3.2779714410486376 3.810495199858796 -2127.856176673643 0.020391394378080047 22.50337953475206 -4763.034856793727 2.1803039818344996e-05 0.00456624368448007 0.026386730616000997
-4.029535362578333 -3.557147717099374 0.5214344397717104 313.78961172143977 664.2767092913892 503.1430914216244 153.85271910452911 3.2779714410486376 3.810495199858796 -2127.856176673643 0.020391394378080047 22.50337953475206 -4763.034856793727 2.1803039818344996e-05 0.00456624368448007 0.026386730616000997
-4.002036705461053 -3.5109892569382284 0.5372847143008014 319.4501698658694 663.2410058452905 491.34474021427013 147.86937305777064 3.2779714410486376 3.810495199858796 -2127.856176673643 0.020391394378080047 22.50337953475206 -4763.034856793727 2.1803039818344996e-05 0.00456624368448007 0.026386730616000997
-3.977484333034911 -3.4638487018800372 0.4801750296035308 325.22615333434885 662.1098782914087 479.9990294181616 141.46099279139696 3.2779714410486376 3.810495199858796 -2127.856176673643 0.020391394378080047 22.50337953475206 -4763.034856793727 2.1803039818344996e-05 0.00456624368448007 0.026386730616000997
-3.9578424350939976 -3.4157260519248003 0.3875238057802805 331.10661335289274 660.8805057076504 469.2366869285788 134.58522662555777 3.2779714410486376 3.810495199858796 -2127.856176673643 0.020391394378080047 22.50337953475206 -4763.034856793727 2.1803039818344996e-05 0.00456624368448007 0.026386730616000997
-3.9372184422560355 -3.366621307072517 0.39762799152219114 337.0801413357576 659.5500287383312 459.1939507371335 127.19824118123961 3.2779714410486376 3.810495199858796 -2127.856176673643 0.020391394378080047 22.50337953475206 -4763.034856793727 2.1803039818344996e-05 0.00456624368448007 0.026386730616000997
-3.9146302596239835 -3.320462846911371 0.45510080856822205 343.1348688854422 658.1155495941763 450.012568931812 119.25472138026896 3.2779714410486376 3.810495199858796 -2127.856176673643 0.020391394378080047 22.50337953475206 -4763.034856793727 2.1803039818344996e-05 0.00456624368448007 0.026386730616000997
-3.8920420769919315 -3.272340196956133 0.4388592989635342 349.25846779268954 656.5741320523201 441.8397996969061 110.70787044530243 3.2779714410486376 3.810495199858796 -2127.856176673643 0.020391394378080047 22.50337953475206 -4763.034856793727 2.1803039818344996e-05 0.00456624368448007 0.026386730616000997
-3.8665076096687496 -3.2251996418979423 0.49642275340479797 355.4381500364854 654.9228014563062 434.82841131312216 101.50940989983104 3.2779714410486376 3.810495199858796 -2127.856176673643 0.020391394378080047 22.50337953475206 -4763.034856793727 2.1803039818344996e-05 0.00456624368448007 0.026386730616000997
-3.8340984780662413 -3.1770769919427044 0.592697404735085 361.6606677840562 653.1585447160876 429.13668215746384 91.60957956818538 3.2779714410486376 3.810495199858796 -2127.856176673643 0.020391394378080047 22.50337953475206 -4763.034856793727 2.1803039818344996e-05 0.00456624368448007 0.026386730616000997
-3.7967788719785043 -3.129936436884513 0.6696389456766597 367.9123133908741 651.2783103080264 424.9284007033084 80.95713757553267 3.2779714410486376 3.810495199858796 -2127.856176673643 0.020391394378080047 22.50337953475206 -4763.034856793727 2.1803039818344996e-05 0.00456624368448007 0.026386730616000997
-3.7516025067144096 -3.0827958818263217 0.7641247773733326 374.17891940065266 649.2790082748945 422.37286552036585 69.49936034787015 3.2779714410486376 3.810495199858796 -2127.856176673643 0.020391394378080047 22.50337953475206 -4763.034856793727 2.1803039818344996e-05 0.00456624368448007 0.026386730616000997
