21 -5.114750223813784 -0.0707108325872867 4.722551232173062 0.8642435094001836 0.3191808415398378
-5.114750223813784 -0.0707108325872867 4.722551232173062 630.5943111106753 719.4439869523048 394.1912109851837 117.64212644100189 3.154465174069082 3.6956224311305976 -1876.793325564371 0.043740960860702414 21.77076497693735 -4123.142390981708 1.8332339002808996e-05 0.004437516253871878 0.15606194027171474
-5.199210384959706 -0.060889883616830134 4.828148198105508 632.7006619740278 712.9397104382515 450.1103391647339 160.60289239883423 3.154465174069082 3.6956224311305976 -1876.793325564371 0.043740960860702414 21.77076497693735 -4123.142390981708 1.8332339002808996e-05 0.004437516253871878 0.15606194027171474
-5.181532676812891 -0.04812264995523814 0.9453112865555339 634.3938965424895 710.4153728485107 484.824688911438 188.50366055965424 3.154465174069082 3.6956224311305976 -1876.793325564371 0.043740960860702414 21.77076497693735 -4123.142390981708 1.8332339002808996e-05 0.004437516253871878 0.15606194027171474
-5.137338406445832 -0.03339122649955327 1.2490457723982848 635.7727882638574 710.395700097084 504.33817529678345 205.81036245822906 3.154465174069082 3.6956224311305976 -1876.793325564371 0.043740960860702414 21.77076497693735 -4123.142390981708 1.8332339002808996e-05 0.004437516253871878 0.15606194027171474
-5.087251566696504 -0.01964189794091428 1.3028859043715564 636.9270549993962 711.5787736177444 513.9007232189178 216.40910518169403 3.154465174069082 3.6956224311305976 -1876.793325564371 0.043740960860702414 21.77076497693735 -4123.142390981708 1.8332339002808996e-05 0.004437516253871878 0.15606194027171474
-5.044039391226503 -0.005892569382274172 1.2627435457710476 637.9373590312898 712.8360303044319 518.0082745552063 223.6061680316925 3.154465174069082 3.6956224311305976 -1876.793325564371 0.043740960860702414 21.77076497693735 -4123.142390981708 1.8332339002808996e-05 0.004437516253871878 0.15606194027171474
-5.006719785138762 0.0049104744852282904 1.2890244595215836 638.875307098031 713.2122629284859 520.4027876853943 230.1280084848404 3.154465174069082 3.6956224311305976 -1876.793325564371 0.043740960860702414 21.77076497693735 -4123.142390981708 1.8332339002808996e-05 0.004437516253871878 0.15606194027171474
-4.975292748433303 0.014731423455684872 1.267911458419909 639.803450319916 711.9256199002266 524.0722324848175 238.12125527858734 3.154465174069082 3.6956224311305976 -1876.793325564371 0.043740960860702414 21.77076497693735 -4123.142390981708 1.8332339002808996e-05 0.004437516253871878 0.15606194027171474
-4.949758281110121 0.02258818263204969 1.2722973952086742 640.775284267962 708.3676053881645 531.2505967617035 249.15271544456482 3.154465174069082 3.6956224311305976 -1876.793325564371 0.043740960860702414 21.77076497693735 -4123.142390981708 1.8332339002808996e-05 0.004437516253871878 0.15606194027171474
-4.930116383169204 0.02848075201432386 1.2793395323170818 641.8352489266545 702.1030790805817 543.4178817272186 264.2093677520752 3.154465174069082 3.6956224311305976 -1876.793325564371 0.043740960860702414 21.77076497693735 -4123.142390981708 1.8332339002808996e-05 0.004437516253871878 0.15606194027171474
-4.91243867502238 0.032409131602507385 1.352127380920928 643.0187287330627 692.8702557682991 561.300103187561 283.69836711883545 3.154465174069082 3.6956224311305976 -1876.793325564371 0.043740960860702414 21.77076497693735 -4123.142390981708 1.8332339002808996e-05 0.004437516253871878 0.15606194027171474
-4.532367949865712 0.04714055505819226 1.5320560291314171 644.3520525023341 680.580707192421 584.8692932128906 307.4470440149307 3.154465174069082 3.6956224311305976 -1876.793325564371 0.043740960860702414 21.77076497693735 -4123.142390981708 1.8332339002808996e-05 0.004437516253871878 0.15606194027171474
-3.9814127126230945 0.07169292748433259 1.5262625110346086 645.852493526414 665.3193593025208 613.3434979915619 334.70290184020996 3.154465174069082 3.6956224311305976 -1876.793325564371 0.043740960860702414 21.77076497693735 -4123.142390981708 1.8332339002808996e-05 0.004437516253871878 0.15606194027171474
-3.375460161145925 0.10017367949865645 1.5238292714917283 647.5282694771886 647.3444946408272 645.1867778301239 364.1336203813553 3.154465174069082 3.6956224311305976 -1876.793325564371 0.043740960860702414 21.77076497693735 -4123.142390981708 1.8332339002808996e-05 0.004437516253871878 0.15606194027171474
-2.7695076096687514 0.1286544315129803 1.5238292714917288 649.3785424977541 627.0877507925034 678.109209060669 393.8270528316498 3.154465174069082 3.6956224311305976 -1876.793325564371 0.043740960860702414 21.77076497693735 -4123.142390981708 1.8332339002808996e-05 0.004437516253871878 0.15606194027171474
-2.169447627573855 0.15811727842435006 1.5217358900152766 651.3934191167355 605.1541218161583 709.0668835639954 421.291228890419 3.154465174069082 3.6956224311305976 -1876.793325564371 0.043740960860702414 21.77076497693735 -4123.142390981708 1.8332339002808996e-05 0.004437516253871878 0.15606194027171474
-1.5792085944494156 0.18856222023276567 1.51926129973474 653.5539503004402 582.3219562768936 734.2619049549103 443.45435082912445 3.154465174069082 3.6956224311305976 -1876.793325564371 0.043740960860702414 21.77076497693735 -4123.142390981708 1.8332339002808996e-05 0.004437516253871878 0.15606194027171474
-1.0017367949865668 0.21704297224708954 1.521516529662488 655.8321314509958 559.5429596304893 749.1423964500427 456.6647971868515 3.154465174069082 3.6956224311305976 -1876.793325564371 0.043740960860702414 21.77076497693735 -4123.142390981708 1.8332339002808996e-05 0.004437516253871878 0.15606194027171474
-0.43212175470008507 0.2465058191584604 1.5191182423124647 658.1909024044871 537.9421918392181 748.402491569519 456.69112181663513 3.154465174069082 3.6956224311305976 -1876.793325564371 0.043740960860702414 21.77076497693735 -4123.142390981708 1.8332339002808996e-05 0.004437516253871878 0.15606194027171474
0.12963652641002954 0.27498657117278424 1.5201403987072266 660.5841473825276 518.8180692195892 725.982342004776 438.7220507860184 3.154465174069082 3.6956224311305976 -1876.793325564371 0.043740960860702414 21.77076497693735 -4123.142390981708 1.8332339002808996e-05 0.004437516253871878 0.15606194027171474
0.6855022381378756 0.30248522829006225 1.5213666585527659 662.9566950555891 503.6423634290695 675.0681138038635 397.36648881435394 3.154465174069082 3.6956224311305976 -1876.793325564371 0.043740960860702414 21.77076497693735 -4123.142390981708 1.8332339002808996e-05 0.004437516253871878 0.15606194027171474
0.8642435094001836 0.3191808415398378 1.4776599711550742 664.9013120069576 520.1794957019156 690.9131551934406 481.48374527692795 3.154465174069082 3.6956224311305976 -1876.793325564371 0.043740960860702414 21.77076497693735 -4123.142390981708 1.8332339002808996e-05 0.004437516253871878 0.15606194027171474
0.8563867502238165 0.3211450313339295 4.957367643511554 664.2293553265918 515.194055742817 698.8176642125472 455.34717337042093 3.154465174069082 3.6956224311305976 -1876.793325564371 0.043740960860702414 21.77076497693735 -4123.142390981708 1.8332339002808996e-05 0.004437516253871878 0.15606194027171474
0.791568487018804 0.3162345568487001 4.636775837147842 663.5178026116046 510.6490453222068 705.6875764201395 431.12139932531863 3.154465174069082 3.6956224311305976 -1876.793325564371 0.043740960860702414 21.77076497693735 -4123.142390981708 1.8332339002808996e-05 0.004437516253871878 0.15606194027171474
0.7159471799462901 0.3093598925693823 4.621729093183966 662.7698270219844 506.5406225605984 711.5712125576101 408.710003471002 3.154465174069082 3.6956224311305976 -1876.793325564371 0.043740960860702414 21.77076497693735 -4123.142390981708 1.8332339002808996e-05 0.004437516253871878 0.15606194027171474
0.6481826320501433 0.2985568487018798 4.5542990092629925 661.9885286050558 502.86462633433985 716.5159917073324 388.01888505741954 3.154465174069082 3.6956224311305976 -1876.793325564371 0.043740960860702414 21.77076497693735 -4123.142390981708 1.8332339002808996e-05 0.004437516253871878 0.15606194027171474
0.5823822739480815 0.2887358997314233 4.556520778986364 661.1769342954794 499.6165762777673 720.568431282416 368.9562622727826 3.154465174069082 3.6956224311305976 -1876.793325564371 0.043740960860702414 21.77076497693735 -4123.142390981708 1.8332339002808996e-05 0.004437516253871878 0.15606194027171474
0.5303312444046554 0.2808791405550584 4.553037339480786 660.3379979156016 496.7916727800621 723.7741470295005 351.4326722212136 3.154465174069082 3.6956224311305976 -1876.793325564371 0.043740960860702414 21.77076497693735 -4123.142390981708 1.8332339002808996e-05 0.004437516253871878 0.15606194027171474
0.48319068934645754 0.27204028648164774 4.518766987528758 659.47460017493 494.3847969889175 726.1778530343436 335.3609709478915 3.154465174069082 3.6956224311305976 -1876.793325564371 0.043740960860702414 21.77076497693735 -4123.142390981708 1.8332339002808996e-05 0.004437516253871878 0.15606194027171474
0.44685317815576997 0.2602551477170994 4.398157081300336 658.5895486706577 492.3905108071049 727.8233617125079 320.65633341670036 3.154465174069082 3.6956224311305976 -1876.793325564371 0.043740960860702414 21.77076497693735 -4123.142390981708 1.8332339002808996e-05 0.004437516253871878 0.15606194027171474
0.414444046553257 0.24847000895255106 4.365850115950791 657.6855778872268 490.8030568957329 728.7535838196054 307.2362535269931 3.4158010407231214 3.9765246573511717 -2021.4637401269792 0.002249705993414678 22.338486199589585 -3786.1523670335187 4.010171111252943e-06 0.004792322867134623 0.18635697156798756
0.3928379588182543 0.23373858549686619 4.143075789284021 656.765349196532 489.6163586706389 729.0105284419842 295.0205440875143 3.4158010407231214 3.9765246573511717 -2021.4637401269792 0.002249705993414678 22.338486199589585 -3786.1523670335187 4.010171111252943e-06 0.004792322867134623 0.18635697156798756
0.38301700984779774 0.22195344673231784 3.926990816987154 655.8314508578915 488.824020306638 728.6353030032478 283.93133686855435 3.4158010407231214 3.9765246573511717 -2021.4637401269792 0.002249705993414678 22.338486199589585 -3786.1523670335187 4.010171111252943e-06 0.004792322867134623 0.18635697156798756
0.37024977618620686 0.2091862130707236 3.9935589807630048 654.8863980182505 488.4193267325754 727.6681132623926 273.8930825293064 3.4158010407231214 3.9765246573511717 -2021.4637401269792 0.002249705993414678 22.338486199589585 -3786.1523670335187 4.010171111252943e-06 0.004792322867134623 0.18635697156798756
0.36141092211280396 0.19445478961503873 3.785093762382816 653.9326327118324 488.3952436365653 726.1482633086853 264.8325506821275 3.4158010407231214 3.9765246573511717 -2021.4637401269792 0.002249705993414678 22.338486199589585 -3786.1523670335187 4.010171111252943e-06 0.004792322867134623 0.18635697156798756
0.3496257833482489 0.18070546105639976 3.926990816987393 652.9725238604588 488.74441746168304 724.1141555728391 256.6788298599422 3.4158010407231214 3.9765246573511717 -2021.4637401269792 0.002249705993414678 22.338486199589585 -3786.1523670335187 4.010171111252943e-06 0.004792322867134623 0.18635697156798756
0.34373321396598033 0.16499194270367012 3.500363323860085 652.0083672728506 489.45917540759547 721.603290815372 249.36332752928138 3.4158010407231214 3.9765246573511717 -2021.4637401269792 0.002249705993414678 22.338486199589585 -3786.1523670335187 4.010171111252943e-06 0.004792322867134623 0.18635697156798756
0.330965980304385 0.14829632945389348 3.794439284690622 651.0423856459674 490.531525432365 718.6522681331262 242.81977006513625 3.4158010407231214 3.9765246573511717 -2021.4637401269792 0.002249705993414678 22.338486199589585 -3786.1523670335187 4.010171111252943e-06 0.004792322867134623 0.18635697156798756
0.3181987466427852 0.13160071620411684 3.7944392846907906 650.0767285636102 491.953156249132 715.2967849583365 236.98420279752463 3.4158010407231214 3.9765246573511717 -2021.4637401269792 0.002249705993414678 22.338486199589585 -3786.1523670335187 4.010171111252943e-06 0.004792322867134623 0.18635697156798756
0.29659265890778247 0.11883348254252374 4.178680788745407 649.1134724972653 493.7154373272788 711.5716370604932 231.7949899667874 3.4158010407231214 3.9765246573511717 -2021.4637401269792 0.002249705993414678 22.338486199589585 -3786.1523670335187 4.010171111252943e-06 0.004792322867134623 0.18635697156798756
0.2749865711727753 0.10508415398388475 4.145659762861246 648.1546208058135 495.8094188949326 707.5107185370289 227.19281474035233 3.4158010407231214 3.9765246573511717 -2021.4637401269792 0.002249705993414678 22.338486199589585 -3786.1523670335187 4.010171111252943e-06 0.004792322867134623 0.18635697156798756
0.24945210384958913 0.09329901521933752 4.27998120481416 647.2021037354134 498.22583193547325 703.147021827288 223.120679221116 3.4158010407231214 3.9765246573511717 -2021.4637401269792 0.002249705993414678 22.338486199589585 -3786.1523670335187 4.010171111252943e-06 0.004792322867134623 0.18635697156798756
0.22097135183526861 0.08249597135183506 4.3498447431201335 646.2577784200548 500.95508818898816 698.5126377018169 219.52390443719923 3.4158010407231214 3.9765246573511717 -2021.4637401269792 0.002249705993414678 22.338486199589585 -3786.1523670335187 4.010171111252943e-06 0.004792322867134623 0.18635697156798756
0.19249059982094363 0.07463921217547023 4.443221487599011 645.3234288805397 503.9872801519814 693.638755266089 216.35013034567237 3.4158010407231214 3.9765246573511717 -2021.4637401269792 0.002249705993414678 22.338486199589585 -3786.1523670335187 4.010171111252943e-06 0.004792322867134623 0.18635697156798756
0.16400984780661865 0.06972873769024195 4.541653768909412 644.4007660259376 507.31218107865425 688.5556619614363 213.5493158251047 3.4158010407231214 3.9765246573511717 -2021.4637401269792 0.002249705993414678 22.338486199589585 -3786.1523670335187 4.010171111252943e-06 0.004792322867134623 0.18635697156798756
0.13847538048342797 0.06580035810205954 4.559739651989454 643.4914276519266 510.9192449793918 683.292743565049 211.07373868487775 3.4158010407231214 3.9765246573511717 -2021.4637401269792 0.002249705993414678 22.338486199589585 -3786.1523670335187 4.010171111252943e-06 0.004792322867134623 0.18635697156798756
0.10999462846910746 0.060889883616830134 4.541653768909348 642.5969784422196 514.7976066206465 677.8784841876477 208.8779956670478 3.4158010407231214 3.9765246573511717 -2021.4637401269792 0.002249705993414678 22.338486199589585 -3786.1523670335187 4.010171111252943e-06 0.004792322867134623 0.18635697156798756
0.08249597135182724 0.054997314234554846 4.50129564716191 641.718909967487 518.9360815262771 672.3404662730172 206.9190024426207 3.4158010407231214 3.9765246573511717 -2021.4637401269792 0.002249705993414678 22.338486199589585 -3786.1523670335187 4.010171111252943e-06 0.004792322867134623 0.18635697156798756
0.05106893464636797 0.048122649955237025 4.497031280686993 640.8586406861723 523.3231659767916 666.7053706026636 205.1559935985133 3.4158010407231214 3.9765246573511717 -2021.4637401269792 0.002249705993414678 22.338486199589585 -3786.1523670335187 4.010171111252943e-06 0.004792322867134623 0.18635697156798756
0.02258818263204299 0.04026589077887109 4.443221487598976 640.0175159442879 527.9470370092313 660.99897629302 203.5505226580426 3.4158010407231214 3.9765246573511717 -2021.4637401269792 0.002249705993414678 22.338486199589585 -3786.1523670335187 4.010171111252943e-06 0.004792322867134623 0.18635697156798756
-0.011785138764555043 0.031427036705462624 4.46069900862657 639.1968079747749 532.7955524169374 655.2461607945152 202.06646207161248 3.4158010407231214 3.9765246573511717 -2021.4637401269792 0.002249705993414678 22.338486199589585 -3786.1523670335187 4.010171111252943e-06 0.004792322867134623 0.18635697156798756
-0.048122649955242604 0.021606087735003807 4.448425256758915 638.3977158984053 537.8562507498427 649.47089988878 200.6700032092631 3.4158010407231214 3.9765246573511717 -2021.4637401269792 0.002249705993414678 22.338486199589585 -3786.1523670335187 4.010171111252943e-06 0.004792322867134623 0.18635697156798756
-0.08740644583706446 0.009820948970455464 4.42093218590678 637.6213657232001 543.1163513153442 643.6962676988915 199.32965639512986 3.4158010407231214 3.9765246573511717 -2021.4637401269792 0.002249705993414678 22.338486199589585 -3786.1523670335187 4.010171111252943e-06 0.004792322867134623 0.18635697156798756
-0.13258281110116832 -0.005892569382274172 4.377652143067917 636.868810344924 548.562754177663 637.9444366800599 198.01625084225088 3.4158010407231214 3.9765246573511717 -2021.4637401269792 0.002249705993414678 22.338486199589585 -3786.1523670335187 4.010171111252943e-06 0.004792322867134623 0.18635697156798756
-0.1865980304386795 -0.02357027752909557 4.396102852472542 636.1410295461828 554.1820401565055 632.2366776196286 196.70293471682817 3.4158010407231214 3.9765246573511717 -2021.4637401269792 0.002249705993414678 22.338486199589585 -3786.1523670335187 4.010171111252943e-06 0.004792322867134623 0.18635697156798756
-0.24650581915846823 -0.044194270367055734 4.38083481850875 635.4389299975592 559.9604708291008 626.5933596431278 195.36517511401325 3.4158010407231214 3.9765246573511717 -2021.4637401269792 0.002249705993414678 22.338486199589585 -3786.1523670335187 4.010171111252943e-06 0.004792322867134623 0.18635697156798756
-0.3093598925693912 -0.06678245299910542 4.367386803177595 634.7633452570881 565.8839885291527 621.0339502100833 193.98075804207474 3.4158010407231214 3.9765246573511717 -2021.4637401269792 0.002249705993414678 22.338486199589585 -3786.1523670335187 4.010171111252943e-06 0.004792322867134623 0.18635697156798756
-0.37516025067144854 -0.08838854073410923 4.395122700862864 634.1150357697043 571.9382163468981 615.5770151144825 192.52978844940662 3.4158010407231214 3.9765246573511717 -2021.4637401269792 0.002249705993414678 22.338486199589585 -3786.1523670335187 4.010171111252943e-06 0.004792322867134623 0.18635697156798756
-0.4370322291853223 -0.11097672336616003 4.36234409213952 633.4946888682898 578.1084581293399 610.2402184847742 190.99469020869583 3.4158010407231214 3.9765246573511717 -2021.4637401269792 0.002249705993414678 22.338486199589585 -3786.1523670335187 4.010171111252943e-06 0.004792322867134623 0.18635697156798756
-0.4989042076992006 -0.13356490599820972 4.362344092139559 632.9029187728593 584.3796984808869 605.0403227857314 189.36020611040294 3.4158010407231214 3.9765246573511717 -2021.4637401269792 0.002249705993414678 22.338486199589585 -3786.1523670335187 4.010171111252943e-06 0.004792322867134623 0.18635697156798756
-0.5597940913160295 -0.15615308863026164 4.357158118337972 632.3402665911999 590.7366027600365 599.993188818451 187.61339789349586 3.4158010407231214 3.9765246573511717 -2021.4637401269792 0.002249705993414678 22.338486199589585 -3786.1523670335187 4.010171111252943e-06 0.004792322867134623 0.18635697156798756
-0.9300438675022409 -0.16499194270367123 4.6885208348409995 631.8072003181733 597.1635170861264 595.1137757101096 185.74364620633423 3.4158010407231214 3.9765246573511717 -2021.4637401269792 0.002249705993414678 22.338486199589585 -3786.1523670335187 4.010171111252943e-06 0.004792322867134623 0.18635697156798756
-1.3759149507609705 -0.166956132497763 4.707983722537878 631.3041148363263 603.644468331302 590.4161409349181 183.74265063088387 3.4158010407231214 3.9765246573511717 -2021.4637401269792 0.002249705993414678 22.338486199589585 -3786.1523670335187 4.010171111252943e-06 0.004792322867134623 0.18635697156798756
-1.8316069829901613 -0.16204565801253581 4.72316442538787 630.8313319155423 610.1631641268614 585.9134402945638 181.6044296771288 3.4158010407231214 3.9765246573511717 -2021.4637401269792 0.002249705993414678 22.338486199589585 -3786.1523670335187 4.010171111252943e-06 0.004792322867134623 0.18635697156798756
-2.275513876454797 -0.15320680393912176 4.732297854010429 630.3891002130986 616.7029928590637 581.6179279265925 179.3253207905218 3.4158010407231214 3.9765246573511717 -2021.4637401269792 0.002249705993414678 22.338486199589585 -3786.1523670335187 4.010171111252943e-06 0.004792322867134623 0.18635697156798756
-2.7086177260519313 -0.14142166517457455 4.739593151781901 629.9775952735799 623.2470236724475 577.5409563044086 176.9039803277701 3.4158010407231214 3.9765246573511717 -2021.4637401269792 0.002249705993414678 22.338486199589585 -3786.1523670335187 4.010171111252943e-06 0.004792322867134623 0.18635697156798756
-3.1279722470904257 -0.12669024171888968 4.747503346660023 629.5969195295766 629.7780064664548 573.6929762349464 174.341383587569 3.4158010407231214 3.9765246573511717 -2021.4637401269792 0.002249705993414678 22.338486199589585 -3786.1523670335187 4.010171111252943e-06 0.004792322867134623 0.18635697156798756
-3.5355416293643693 -0.11195881826320479 4.748517830897466 629.2471023004036 636.2783718994469 570.083536864724 171.640824791044 3.4158010407231214 3.9765246573511717 -2021.4637401269792 0.002249705993414678 22.338486199589585 -3786.1523670335187 4.010171111252943e-06 0.004792322867134623 0.18635697156798756
-3.9352542524619545 -0.09526320501342816 4.754133756723597 628.9280997934402 642.7302313836408 566.7212856663391 168.80791708547622 3.4158010407231214 3.9765246573511717 -2021.4637401269792 0.002249705993414678 22.338486199589585 -3786.1523670335187 4.010171111252943e-06 0.004792322867134623 0.18635697156798756
-4.323181736794989 -0.07856759176365265 4.755400411950411 628.6397951026447 649.1153770904057 563.6139684538357 165.85059255175292 3.4158010407231214 3.9765246573511717 -2021.4637401269792 0.002249705993414678 22.338486199589585 -3786.1523670335187 4.010171111252943e-06 0.004792322867134623 0.18635697156798756
-4.693431512981205 -0.0589256938227406 4.765389694762657 628.381998210476 655.4152819471201 560.7684293766506 162.77910219039768 3.4158010407231214 3.9765246573511717 -2021.4637401269792 0.002249705993414678 22.338486199589585 -3786.1523670335187 4.010171111252943e-06 0.004792322867134623 0.18635697156798756
-4.824050134288275 -0.05401521933751231 4.751431630339857 628.1544459861179 661.611099637521 558.1906109149568 159.60601593740284 3.4158010407231214 3.9765246573511717 -2021.4637401269792 0.002249705993414678 22.338486199589585 -3786.1523670335187 4.010171111252943e-06 0.004792322867134623 0.18635697156798756
-4.871190689346473 -0.054997314234557074 4.689137357574252 627.9568021864397 667.6836646007723 555.8855538847856 156.34622265212238 3.4158010407231214 3.9765246573511717 -2021.4637401269792 0.002249705993414678 22.338486199589585 -3786.1523670335187 4.010171111252943e-06 0.004792322867134623 0.18635697156798756
-4.8977072515666995 -0.05892569382273837 4.5325354805922204 627.7886574555305 673.613492035307 553.8573974412866 153.01693011913449 3.4158010407231214 3.9765246573511717 -2021.4637401269792 0.002249705993414678 22.338486199589585 -3786.1523670335187 4.010171111252943e-06 0.004792322867134623 0.18635697156798756
-4.9104744852283035 -0.06383616830796666 4.485434285347375 627.6495293253101 679.3807778942864 552.1093790698797 149.63766505289823 3.4158010407231214 3.9765246573511717 -2021.4637401269792 0.002249705993414678 22.338486199589585 -3786.1523670335187 4.010171111252943e-06 0.004792322867134623 0.18635697156798756
-4.924223813786944 -0.06874664279319495 4.438333090102529 627.5388622145983 684.9653988888604 550.6438345890492 146.2302731089294 3.081150272023414 3.649500356720778 -1831.5046996339395 -0.08713337473980089 21.594983065566964 -4012.10158163947 -3.65185979630348e-05 0.0043932187034779555 0.19079180237472437
-4.943865711727852 -0.07365711727842324 4.391231894857683 627.4560274302785 690.346912484616 549.4621981587261 142.81891884468496 3.081150272023414 3.649500356720778 -1831.5046996339395 -0.08713337473980089 21.594983065566964 -4012.10158163947 -3.65185979630348e-05 0.0043932187034779555 0.19079180237472437
-4.981185317815585 -0.07758549686660676 4.344130699612838 627.4003231660172 695.5045569069334 548.5650022700429 139.43008576892316 3.081150272023414 3.649500356720778 -1831.5046996339395 -0.08713337473980089 21.594983065566964 -4012.10158163947 -3.65185979630348e-05 0.0043932187034779555 0.19079180237472437
-5.027343777976738 -0.08151387645478918 4.297029504367991 627.3709745036322 700.4172511361539 547.951877748128 136.0925762988627 3.081150272023414 3.649500356720778 -1831.5046996339395 -0.08713337473980089 21.594983065566964 -4012.10158163947 -3.65185979630348e-05 0.0043932187034779555 0.19079180237472437
-5.08234109221129 -0.08446016114592682 4.2499283091231455 627.3671334115788 705.0635949089192 547.6215537525713 132.83751180022955 3.081150272023414 3.649500356720778 -1831.5046996339395 -0.08713337473980089 21.594983065566964 -4012.10158163947 -3.65185979630348e-05 0.0043932187034779555 0.19079180237472437
-5.150105640107445 -0.08740644583706335 4.2028271138783 627.3878787464346 709.4218687179382 547.5718577820808 129.69833254348487 3.081150272023414 3.649500356720778 -1831.5046996339395 -0.08713337473980089 21.594983065566964 -4012.10158163947 -3.65185979630348e-05 0.0043932187034779555 0.19079180237472437
-5.142248880931079 -0.08838854073410923 4.155725918633454 627.4322162516473 713.470033815538 547.7997156674974 126.71079775318503 3.081150272023414 3.649500356720778 -1831.5046996339395 -0.08713337473980089 21.594983065566964 -4012.10158163947 -3.65185979630348e-05 0.0043932187034779555 0.19079180237472437
-5.016540734109232 -0.13356490599820972 4.108624723388608 627.4990785588743 717.1857322085416 548.301151569467 123.91298555303365 3.081150272023414 3.649500356720778 -1831.5046996339395 -0.08713337473980089 21.594983065566964 -4012.10158163947 -3.65185979630348e-05 0.0043932187034779555 0.19079180237472437
-4.9723464637421735 -0.15811727842435117 4.061523528143763 627.5873251860903 720.5462866602466 549.0712879933417 121.34529301710427 3.081150272023414 3.649500356720778 -1831.5046996339395 -0.08713337473980089 21.594983065566964 -4012.10158163947 -3.65185979630348e-05 0.0043932187034779555 0.19079180237472437
-4.970382273948079 -0.1699024171888995 4.014422332898917 627.6957425399742 723.5287006910075 550.1043457738124 119.05043613631278 3.081150272023414 3.649500356720778 -1831.5046996339395 -0.08713337473980089 21.594983065566964 -4012.10158163947 -3.65185979630348e-05 0.0043932187034779555 0.19079180237472437
-4.98216741271263 -0.17383079677708305 3.967321137654071 627.8230439134932 726.1096585781779 551.3936440786347 117.07344983145595 3.081150272023414 3.649500356720778 -1831.5046996339395 -0.08713337473980089 21.594983065566964 -4012.10158163947 -3.65185979630348e-05 0.0043932187034779555 0.19079180237472437
-4.997880931065355 -0.17186660698299017 3.9202199424092252 627.9678694878821 728.2655253569828 552.9316004146822 115.46168795321137 3.081150272023414 3.649500356720778 -1831.5046996339395 -0.08713337473980089 21.594983065566964 -4012.10158163947 -3.65185979630348e-05 0.0043932187034779555 0.19079180237472437
-5.003773500447637 -0.16793822739480777 3.8731187471643795 628.1287863311591 729.9723468153388 554.7097306209616 114.26482327561826 3.081150272023414 3.649500356720778 -1831.5046996339395 -0.08713337473980089 21.594983065566964 -4012.10158163947 -3.65185979630348e-05 0.0043932187034779555 0.19079180237472437
-5.005737690241727 -0.16302775290957947 3.8260175519195334 628.304288399464 731.2058495024103 556.7186488742009 113.53484750539064 3.081150272023414 3.649500356720778 -1831.5046996339395 -0.08713337473980089 21.594983065566964 -4012.10158163947 -3.65185979630348e-05 0.0043932187034779555 0.19079180237472437
-5.007701880035816 -0.15909937332139706 3.7789163566746877 628.492796535953 731.9414407208678 558.9480676804669 113.32607127167284 3.081150272023414 3.649500356720778 -1831.5046996339395 -0.08713337473980089 21.594983065566964 -4012.10158163947 -3.65185979630348e-05 0.0043932187034779555 0.19079180237472437
-5.00770188003582 -0.15517099373321352 3.731815161429842 628.6926584712055 732.1542085327092 561.3867978854105 113.695124136284 3.081150272023414 3.649500356720778 -1831.5046996339395 -0.08713337473980089 21.594983065566964 -4012.10158163947 -3.65185979630348e-05 0.0043932187034779555 0.19079180237472437
-5.00770188003582 -0.1532068039391229 3.6847139661849964 628.9021488231665 731.8189217533218 564.0227486696094 114.70095458254218 3.081150272023414 3.649500356720778 -1831.5046996339395 -0.08713337473980089 21.594983065566964 -4012.10158163947 -3.65185979630348e-05 0.0043932187034779555 0.19079180237472437
-5.127517457475389 -0.10704834377797874 3.6376127709401507 629.119469097408 730.9100299586426 566.842927546706 116.4048300422728 3.081150272023414 3.649500356720778 -1831.5046996339395 -0.08713337473980089 21.594983065566964 -4012.10158163947 -3.65185979630348e-05 0.0043932187034779555 0.19079180237472437
-5.1677833482542646 -0.08249597135183506 3.590511575695305 629.3427476872748 729.4016634767177 569.8334403634071 118.87033683434129 3.081150272023414 3.649500356720778 -1831.5046996339395 -0.08713337473980089 21.594983065566964 -4012.10158163947 -3.65185979630348e-05 0.0043932187034779555 0.19079180237472437
-5.179568487018815 -0.06972873769024195 3.5434103804504593 629.5700398724875 727.267633397365 572.9794913060032 122.16338025592268 3.081150272023414 3.649500356720778 -1831.5046996339395 -0.08713337473980089 21.594983065566964 -4012.10158163947 -3.65185979630348e-05 0.0043932187034779555 0.19079180237472437
-5.179568487018811 -0.06481826320501366 3.496309185205613 629.7993278217036 724.4814315626863 576.2653828957118 126.35218447819352 3.081150272023414 3.649500356720778 -1831.5046996339395 -0.08713337473980089 21.594983065566964 -4012.10158163947 -3.65185979630348e-05 0.0043932187034779555 0.19079180237472437
-5.169747538048354 -0.06678245299910542 3.449207989960767 630.0285205895198 721.0162305741105 579.6745159779675 131.50729264691472 3.081150272023414 3.649500356720778 -1831.5046996339395 -0.08713337473980089 21.594983065566964 -4012.10158163947 -3.65185979630348e-05 0.0043932187034779555 0.19079180237472437
-5.15403401969562 -0.07169292748433259 3.4021067947159214 630.2554541190038 716.8448837875621 583.1893897475675 137.70156680885702 3.081150272023414 3.649500356720778 -1831.5046996339395 -0.08713337473980089 21.594983065566964 -4012.10158163947 -3.65185979630348e-05 0.0043932187034779555 0.19079180237472437
-5.13832050134289 -0.07758549686660676 3.3550055994710757 630.4778912400361 711.9399253190495 586.7916017277166 145.0101879518479 3.081150272023414 3.649500356720778 -1831.5046996339395 -0.08713337473980089 21.594983065566964 -4012.10158163947 -3.65185979630348e-05 0.0043932187034779555 0.19079180237472437
-5.122606982990161 -0.08249597135183506 3.30790440422623 630.6935216703569 706.2735700373887 590.4618477732874 153.51065597869456 3.081150272023414 3.649500356720778 -1831.5046996339395 -0.08713337473980089 21.594983065566964 -4012.10158163947 -3.65185979630348e-05 0.0043932187034779555 0.19079180237472437
-5.108857654431525 -0.08740644583706335 3.2608032089813843 630.899962015159 699.8177135711303 594.1799220796674 163.28278973326087 3.081150272023414 3.649500356720778 -1831.5046996339395 -0.08713337473980089 21.594983065566964 -4012.10158163947 -3.65185979630348e-05 0.0043932187034779555 0.19079180237472437
-5.09510832587288 -0.09035273052820099 3.2137020137365386 631.094755766564 692.5439323027385 597.924717172049 174.40872697718441 3.081150272023414 3.649500356720778 -1831.5046996339395 -0.08713337473980089 21.594983065566964 -4012.10158163947 -3.65185979630348e-05 0.0043932187034779555 0.19079180237472437
-5.0852873769024285 -0.09133482542524575 3.166600818491693 631.2753733045247 684.423483374354 601.6742239161395 186.97292440291494 3.081150272023414 3.649500356720778 -1831.5046996339395 -0.08713337473980089 21.594983065566964 -4012.10158163947 -3.65185979630348e-05 0.0043932187034779555 0.19079180237472437
-5.081358997314244 -0.09133482542524575 3.119499623246847 631.4392118965043 675.4273046819726 605.4055315079167 201.06215763371438 3.081150272023414 3.649500356720778 -1831.5046996339395 -0.08713337473980089 21.594983065566964 -4012.10158163947 -3.65185979630348e-05 0.0043932187034779555 0.19079180237472437
-5.0774306177260655 -0.0932990152193364 3.072398428002001 631.5835956972733 665.5260148811503 609.0948274787515 216.76552121061832 3.081150272023414 3.649500356720778 -1831.5046996339395 -0.08713337473980089 21.594983065566964 -4012.10158163947 -3.65185979630348e-05 0.0043932187034779555 0.19079180237472437
