23 -0.9762023276633806 3.9165944494180853 2.0131705497716132 0.15026051924799194 2.6182649955237247
-0.9762023276633806 3.9165944494180853 2.0131705497716132 953.4159546643496 541.1267894655466 616.9276376962662 215.93333458900452 3.032742280265424 3.5420795527016145 -1731.7957845375427 0.1291537625546549 21.360915898866768 -4156.625620657424 2.903535352915427e-05 0.004254151695940654 0.1710364271097912
-0.8976347358997234 3.88123903312444 1.9936502529278302 949.2925968170166 538.81899458915 620.5227729082108 235.64212727546692 3.032742280265424 3.5420795527016145 -1731.7957845375427 0.1291537625546549 21.360915898866768 -4156.625620657424 2.903535352915427e-05 0.004254151695940654 0.1710364271097912
-0.8249597135183483 3.8419552372426113 2.0663480002807697 944.9996113330126 536.6815402805805 624.3888721466064 255.30371642112732 3.032742280265424 3.5420795527016145 -1731.7957845375427 0.1291537625546549 21.360915898866768 -4156.625620657424 2.903535352915427e-05 0.004254151695940654 0.1710364271097912
-0.7591593554162865 3.8007072515666955 2.130736123909247 940.5215285718441 534.7181969583035 628.4594102799892 274.2901086807251 3.032742280265424 3.5420795527016145 -1731.7957845375427 0.1291537625546549 21.360915898866768 -4156.625620657424 2.903535352915427e-05 0.004254151695940654 0.1710364271097912
-0.6972873769024083 3.757495076096688 2.18045619350695 935.8479836583138 532.9294620007277 632.6772977113724 292.07603573799133 3.032742280265424 3.5420795527016145 -1731.7957845375427 0.1291537625546549 21.360915898866768 -4156.625620657424 2.903535352915427e-05 0.004254151695940654 0.1710364271097912
-0.6383616830796733 3.7123187108325864 2.224879051209308 930.9737166911364 531.3125596195459 636.9948795735836 308.23895621299744 3.032742280265424 3.5420795527016145 -1731.7957845375427 0.1291537625546549 21.360915898866768 -4156.625620657424 2.903535352915427e-05 0.004254151695940654 0.1710364271097912
-0.5863106535362561 3.663213965980306 2.327076508685309 925.8985724747181 529.8614409789443 641.3739356994629 322.4590573310852 3.032742280265424 3.5420795527016145 -1731.7957845375427 0.1291537625546549 21.360915898866768 -4156.625620657424 2.903535352915427e-05 0.004254151695940654 0.1710364271097912
-0.536223813786924 3.60821665174575 2.4028894942356316 920.6275009512901 528.5667840465903 645.7856815457344 334.5192515850067 3.032742280265424 3.5420795527016145 -1731.7957845375427 0.1291537625546549 21.360915898866768 -4156.625620657424 2.903535352915427e-05 0.004254151695940654 0.1710364271097912
-0.4998863025962319 3.549290957923008 2.5890083032990634 915.1705568134785 527.415993757546 650.210766762495 344.3051779270172 3.032742280265424 3.5420795527016145 -1731.7957845375427 0.1291537625546549 21.360915898866768 -4156.625620657424 2.903535352915427e-05 0.004254151695940654 0.1710364271097912
-0.4635487914055444 3.486436884512085 2.6174130248069076 909.5428996682167 526.3932019025087 654.6392764747143 351.80520248413086 3.032742280265424 3.5420795527016145 -1731.7957845375427 0.1291537625546549 21.360915898866768 -4156.625620657424 2.903535352915427e-05 0.004254151695940654 0.1710364271097912
-0.43113965980303587 3.4206365264100276 2.683932996972868 903.7647940665483 525.4792671650648 659.0707306563854 357.11041951179504 3.032742280265424 3.5420795527016145 -1731.7957845375427 0.1291537625546549 21.360915898866768 -4156.625620657424 2.903535352915427e-05 0.004254151695940654 0.1710364271097912
-0.40560519247984966 3.350907788719785 2.7905617668473903 897.8616094440222 524.6517751067877 663.5140840411186 360.41464924812317 3.032742280265424 3.5420795527016145 -1731.7957845375427 0.1291537625546549 21.360915898866768 -4156.625620657424 2.903535352915427e-05 0.004254151695940654 0.1710364271097912
-0.3761423455684799 3.281179051029544 2.7418115553469917 891.8638200908899 523.8850382119417 667.987726688385 362.0144362449646 3.032742280265424 3.5420795527016145 -1731.7957845375427 0.1291537625546549 21.360915898866768 -4156.625620657424 2.903535352915427e-05 0.004254151695940654 0.1710364271097912
-0.3427511190689311 3.2134145031333925 2.6837589325708766 885.8070050925016 523.1500958055258 672.5194832086563 362.30905652046204 3.032742280265424 3.5420795527016145 -1731.7957845375427 0.1291537625546549 21.360915898866768 -4156.625620657424 2.903535352915427e-05 0.004254151695940654 0.1710364271097912
-0.31230617726051657 3.1456499552372414 2.7193415001385373 879.7318487912416 522.4147141352296 677.1466134786606 361.80050826072693 3.032742280265424 3.5420795527016145 -1731.7957845375427 0.1291537625546549 21.360915898866768 -4156.625620657424 2.903535352915427e-05 0.004254151695940654 0.1710364271097912
-0.2857896150402856 3.076903312444045 2.773461882264652 873.6841399669647 521.6433863341808 681.9158121645451 361.09351897239685 3.032742280265424 3.5420795527016145 -1731.7957845375427 0.1291537625546549 21.360915898866768 -4156.625620657424 2.903535352915427e-05 0.004254151695940654 0.1710364271097912
-0.2553446732318711 3.0081566696508513 2.724694583179898 867.7147725820541 520.7973323911428 686.883209079504 360.89554357528687 3.032742280265424 3.5420795527016145 -1731.7957845375427 0.1291537625546549 21.360915898866768 -4156.625620657424 2.903535352915427e-05 0.004254151695940654 0.1710364271097912
-0.2219534467323223 2.9433384064458368 2.665897434734853 861.879745438695 519.8344992697239 692.1143687069416 362.0167624950409 3.032742280265424 3.5420795527016145 -1731.7957845375427 0.1291537625546549 21.360915898866768 -4156.625620657424 2.903535352915427e-05 0.004254151695940654 0.1710364271097912
-0.17775917636525876 2.879502238137869 2.536047989984729 856.2401622086763 518.7095606997609 697.684290766716 365.37008333206177 3.032742280265424 3.5420795527016145 -1731.7957845375427 0.1291537625546549 21.360915898866768 -4156.625620657424 2.903535352915427e-05 0.004254151695940654 0.1710364271097912
-0.12865443151297584 2.820576544315127 2.446854377393109 850.8622314482927 517.373917400837 703.6774098873138 371.9711377620697 3.032742280265424 3.5420795527016145 -1731.7957845375427 0.1291537625546549 21.360915898866768 -4156.625620657424 2.903535352915427e-05 0.004254151695940654 0.1710364271097912
-0.06481826320500808 2.766561324977618 2.273053258303883 845.8172665834427 515.7756969183683 710.1875954866409 382.93829107284546 3.032742280265424 3.5420795527016145 -1731.7957845375427 0.1291537625546549 21.360915898866768 -4156.625620657424 2.903535352915427e-05 0.004254151695940654 0.1710364271097912
0.002946284691143227 2.7145102954341986 2.225791182303201 841.1816861182451 513.8597537353635 717.3181520402431 399.49262833595276 3.032742280265424 3.5420795527016145 -1731.7957845375427 0.1291537625546549 21.360915898866768 -4156.625620657424 2.903535352915427e-05 0.004254151695940654 0.1710364271097912
0.07463921217547359 2.665405550581916 2.1713374581739218 837.0370132029057 511.5676691904664 725.1818190813065 422.95796513557434 3.032742280265424 3.5420795527016145 -1731.7957845375427 0.1291537625546549 21.360915898866768 -4156.625620657424 2.903535352915427e-05 0.004254151695940654 0.1710364271097912
0.15026051924799194 2.6182649955237247 2.128227418370817 800.9229554906487 528.0587405078113 625.9390407577157 391.2297318428755 3.032742280265424 3.5420795527016145 -1731.7957845375427 0.1291537625546549 21.360915898866768 -4156.625620657424 2.903535352915427e-05 0.004254151695940654 0.1710364271097912
0.22981020590868936 2.5721065353625785 2.0965648607840963 805.3809533119202 521.0116998963058 631.6345163136721 373.9897806365043 3.032742280265424 3.5420795527016145 -1731.7957845375427 0.1291537625546549 21.360915898866768 -4156.625620657424 2.903535352915427e-05 0.004254151695940654 0.1710364271097912
0.306413607878248 2.525948075201432 2.113099064010521 808.689057059586 514.7348024360836 635.5548453107476 357.47928472980857 3.032742280265424 3.5420795527016145 -1731.7957845375427 0.1291537625546549 21.360915898866768 -4156.625620657424 2.903535352915427e-05 0.004254151695940654 0.1710364271097912
0.37614234556848886 2.4758612354521032 2.1713374581738925 810.9301314279437 509.1766088195145 637.8008573502302 341.6755146738142 3.032742280265424 3.5420795527016145 -1731.7957845375427 0.1291537625546549 21.360915898866768 -4156.625620657424 2.903535352915427e-05 0.004254151695940654 0.1710364271097912
0.44292479856758643 2.4247923008057275 2.200441509441096 812.1845533847809 504.28717566654086 638.4711587503552 326.55613708123565 3.032742280265424 3.5420795527016145 -1731.7957845375427 0.1291537625546549 21.360915898866768 -4156.625620657424 2.903535352915427e-05 0.004254151695940654 0.1710364271097912
0.5028325872873707 2.372741271262309 2.26083244328994 812.5302124544978 500.0180553905666 637.6621325165033 312.099214611575 3.032742280265424 3.5420795527016145 -1731.7957845375427 0.1291537625546549 21.360915898866768 -4156.625620657424 2.903535352915427e-05 0.004254151695940654 0.1710364271097912
0.5548836168307879 2.317743957027752 2.356194490192345 812.0425106361508 496.322296384722 635.4679382666945 298.2832059469074 3.032742280265424 3.5420795527016145 -1731.7957845375427 0.1291537625546549 21.360915898866768 -4156.625620657424 2.903535352915427e-05 0.004254151695940654 0.1710364271097912
0.5961316025067172 2.2637287376902417 2.457883341955298 810.7943623065948 493.154442820698 631.9805122315884 285.0869658421725 3.0149520775794056 3.5333072734563937 -1718.6418586135999 0.02948277939041061 21.317970580680466 -4062.3588080903955 -2.1613626146592163e-07 0.004263647038496531 0.18964099102010473
0.6334512085944495 2.208731423455686 2.5127963671743605 808.8561943843961 490.4705347418785 627.2895674034953 272.489745086059 3.0149520775794056 3.5333072734563937 -1718.6418586135999 0.02948277939041061 21.317970580680466 -4062.3588080903955 -2.1613626146592163e-07 0.004263647038496531 0.18964099102010473
0.6668424350939983 2.1547162041181736 2.5535900500423034 806.2959461808205 488.22810812294483 621.4825933426619 260.47119052149355 3.0149520775794056 3.5333072734563937 -1718.6418586135999 0.02948277939041061 21.317970580680466 -4062.3588080903955 -2.1613626146592163e-07 0.004263647038496531 0.18964099102010473
0.700233661593547 2.1007009847806613 2.5535900500422453 803.1790695488453 486.3861947543919 614.6448562592268 249.01134503260255 3.0149520775794056 3.5333072734563937 -1718.6418586135999 0.02948277939041061 21.317970580680466 -4062.3588080903955 -2.1613626146592163e-07 0.004263647038496531 0.18964099102010473
0.7257681289167378 2.044721575649058 2.677945044588971 799.5685287117958 484.9053223133087 606.8593990877271 238.09064755402505 3.0149520775794056 3.5333072734563937 -1718.6418586135999 0.02948277939041061 21.317970580680466 -4062.3588080903955 -2.1613626146592163e-07 0.004263647038496531 0.18964099102010473
0.7581772605192418 1.9887421665174565 2.5829933382462236 795.5248003825545 483.747514359653 598.207041375339 227.68993306346238 3.0149520775794056 3.5333072734563937 -1718.6418586135999 0.02948277939041061 21.317970580680466 -4062.3588080903955 -2.1613626146592163e-07 0.004263647038496531 0.18964099102010473
0.7974610564010681 1.937673231871084 2.48589702734824 791.1058737933636 482.87629030272365 588.766379289329 217.7904325891286 3.0149520775794056 3.5333072734563937 -1718.6418586135999 0.02948277939041061 21.317970580680466 -4062.3588080903955 -2.1613626146592163e-07 0.004263647038496531 0.18964099102010473
0.8377269471799437 1.8885684870187989 2.4547750038311267 786.3672505542636 482.2566654421389 578.6137857362628 208.37377320043743 3.0149520775794056 3.5333072734563937 -1718.6418586135999 0.02948277939041061 21.317970580680466 -4062.3588080903955 -2.1613626146592163e-07 0.004263647038496531 0.18964099102010473
0.8779928379588148 1.8394637421665183 2.4547750038311364 781.3619447946548 481.8551508747041 567.8234101980925 199.4219780229032 3.0149520775794056 3.5333072734563937 -1718.6418586135999 0.02948277939041061 21.317970580680466 -4062.3588080903955 -2.1613626146592163e-07 0.004263647038496531 0.18964099102010473
0.9182587287376859 1.7903589973142353 2.4547750038311587 776.140483006835 481.6397536918521 556.4671788290143 190.91746622510254 3.0149520775794056 3.5333072734563937 -1718.6418586135999 0.02948277939041061 21.317970580680466 -4062.3588080903955 -2.1613626146592163e-07 0.004263647038496531 0.18964099102010473
0.958524619516557 1.7392900626678596 2.4739270649964644 770.7509042695165 481.579976785928 544.6147944703698 182.84305301494896 3.0149520775794056 3.5333072734563937 -1718.6418586135999 0.02948277939041061 21.317970580680466 -4062.3588080903955 -2.1613626146592163e-07 0.004263647038496531 0.18964099102010473
1.0037009847806564 1.690185317815578 2.3978370692909317 765.2387600839138 481.64681889489293 532.3337365984917 175.1819496564567 3.0149520775794056 3.5333072734563937 -1718.6418586135999 0.02948277939041061 21.317970580680466 -4062.3588080903955 -2.1613626146592163e-07 0.004263647038496531 0.18964099102010473
1.0488773500447601 1.641080572963295 2.397837069290894 759.6471143066883 481.81277465447783 519.6892613247037 167.91776345856488 3.0149520775794056 3.5333072734563937 -1718.6418586135999 0.02948277939041061 21.317970580680466 -4062.3588080903955 -2.1613626146592163e-07 0.004263647038496531 0.18964099102010473
1.090125335720676 1.5929579230080568 2.4329663814621534 754.0165434256196 482.0518345795572 506.74440145492554 161.03449777700007 3.0149520775794056 3.5333072734563937 -1718.6418586135999 0.02948277939041061 21.317970580680466 -4062.3588080903955 -2.1613626146592163e-07 0.004263647038496531 0.18964099102010473
1.139230080572959 1.5477815577439562 2.314551911093759 748.385136269033 482.3394850343466 493.5599663928151 154.51655200868845 3.0149520775794056 3.5333072734563937 -1718.6418586135999 0.02948277939041061 21.317970580680466 -4062.3588080903955 -2.1613626146592163e-07 0.004263647038496531 0.18964099102010473
1.1893169203222866 1.507515666965084 2.2479238993319 742.7884941026568 482.65270828828216 480.1945422515273 148.3487216103822 3.0149520775794056 3.5333072734563937 -1718.6418586135999 0.02948277939041061 21.317970580680466 -4062.3588080903955 -2.1613626146592163e-07 0.004263647038496531 0.18964099102010473
1.2394037600716143 1.4682318710832578 2.2358990132643997 737.2597308084369 482.9699824154377 466.7044917792082 142.51619806699455 3.0149520775794056 3.5333072734563937 -1718.6418586135999 0.02948277939041061 21.317970580680466 -4062.3588080903955 -2.1613626146592163e-07 0.004263647038496531 0.18964099102010473
1.2894905998209418 1.4279659803043856 2.2479238993319 731.8294725567102 483.2712814323604 453.14395432919264 137.0045689251274 3.0149520775794056 3.5333072734563937 -1718.6418586135999 0.02948277939041061 21.317970580680466 -4062.3588080903955 -2.1613626146592163e-07 0.004263647038496531 0.18964099102010473
1.339577439570274 1.3896642793196061 2.2236429578956196 726.5258580446243 483.53807516023517 439.5648460537195 131.7998177781701 3.0149520775794056 3.5333072734563937 -1718.6418586135999 0.02948277939041061 21.317970580680466 -4062.3588080903955 -2.1613626146592163e-07 0.004263647038496531 0.18964099102010473
1.3857358997314226 1.3543088630259623 2.2244322237143934 721.3745384290814 483.75332933291793 426.0168595686555 126.88832425698638 3.0149520775794056 3.5333072734563937 -1718.6418586135999 0.02948277939041061 21.317970580680466 -4062.3588080903955 -2.1613626146592163e-07 0.004263647038496531 0.18964099102010473
1.4318943598925669 1.3209176365264101 2.1970577643936666 716.3986773490906 483.9015055410564 412.54746425896883 122.25686404295266 3.0149520775794056 3.5333072734563937 -1718.6418586135999 0.02948277939041061 21.317970580680466 -4062.3588080903955 -2.1613626146592163e-07 0.004263647038496531 0.18964099102010473
1.4780528200537064 1.2894905998209498 2.1685547183880316 711.6189508661628 483.9685612395406 399.2019061744213 117.89260886982083 3.0149520775794056 3.5333072734563937 -1718.6418586135999 0.02948277939041061 21.317970580680466 -4062.3588080903955 -2.1613626146592163e-07 0.004263647038496531 0.18964099102010473
1.5251933751118953 1.2570814682184424 2.173083672929897 707.0535475239158 483.94194976985455 386.02320793271065 113.78312651440501 3.0149520775794056 3.5333072734563937 -1718.6418586135999 0.02948277939041061 21.317970580680466 -4062.3588080903955 -2.1613626146592163e-07 0.004263647038496531 0.18964099102010473
1.5772444046553216 1.2246723366159349 2.127697850900438 702.7181682810187 483.8106203265488 373.05216889083385 109.9163807965815 3.0149520775794056 3.5333072734563937 -1718.6418586135999 0.02948277939041061 21.317970580680466 -4062.3588080903955 -2.1613626146592163e-07 0.004263647038496531 0.18964099102010473
1.6292954341987431 1.1922632050134288 2.127697850900461 698.6260266602039 483.56501798704267 360.3273650482297 106.28073159046471 3.0149520775794056 3.5333072734563937 -1718.6418586135999 0.02948277939041061 21.317970580680466 -4062.3588080903955 -2.1613626146592163e-07 0.004263647038496531 0.18964099102010473
1.676435989256932 1.1598540734109213 2.173083672929897 694.7878485321999 483.19708367064595 347.8851489946246 102.8649348076433 3.0149520775794056 3.5333072734563937 -1718.6418586135999 0.02948277939041061 21.317970580680466 -4062.3588080903955 -2.1613626146592163e-07 0.004263647038496531 0.18964099102010473
1.7245586392121703 1.1254807520143233 2.1910458127777095 691.2118722572923 482.700254175812 335.75965002924204 99.65814241580665 3.0149520775794056 3.5333072734563937 -1718.6418586135999 0.02948277939041061 21.317970580680466 -4062.3588080903955 -2.1613626146592163e-07 0.004263647038496531 0.18964099102010473
1.76777081468218 1.093071620411818 2.214297435588148 687.9038487374783 482.06946221739054 323.9827741160989 96.64990243315697 3.0149520775794056 3.5333072734563937 -1718.6418586135999 0.02948277939041061 21.317970580680466 -4062.3588080903955 -2.1613626146592163e-07 0.004263647038496531 0.18964099102010473
1.8070546105640108 1.0606624888093108 2.2605963715284587 684.8670411556959 481.3011363297701 312.58420383930206 93.8301588986069 3.0149520775794056 3.5333072734563937 -1718.6418586135999 0.02948277939041061 21.317970580680466 -4062.3588080903955 -2.1613626146592163e-07 0.004263647038496531 0.18964099102010473
1.8512488809310654 1.0272712623097564 2.2178435200152484 682.1022253856063 480.39320090040565 301.59139842540026 91.1892519351095 3.0149520775794056 3.5333072734563937 -1718.6418586135999 0.02948277939041061 21.317970580680466 -4062.3588080903955 -2.1613626146592163e-07 0.004263647038496531 0.18964099102010473
1.8954431512981156 0.9928979409131605 2.231839495645601 679.6076895669103 479.34507624804974 291.0295938104391 88.71791768074036 3.0149520775794056 3.5333072734563937 -1718.6418586135999 0.02948277939041061 21.317970580680466 -4062.3588080903955 -2.1613626146592163e-07 0.004263647038496531 0.18964099102010473
1.9357090420769822 0.9575425246195166 2.2913504626392074 677.3792343586683 478.15767852962017 280.9218025431037 86.40728834271431 3.0149520775794056 3.5333072734563937 -1718.6418586135999 0.02948277939041061 21.317970580680466 -4062.3588080903955 -2.1613626146592163e-07 0.004263647038496531 0.18964099102010473
1.9710644583706252 0.9251333930170104 2.31274359480082 675.4101729169488 476.83341974020004 271.28881381452084 84.24889216385782 3.0149520775794056 3.5333072734563937 -1718.6418586135999 0.02948277939041061 21.317970580680466 -4062.3588080903955 -2.1613626146592163e-07 0.004263647038496531 0.18964099102010473
2.001509400179044 0.892724261414503 2.387434323622565 673.6913308575749 475.3762078024447 262.1491935402155 82.23465343005955 3.0149520775794056 3.5333072734563937 -1718.6418586135999 0.02948277939041061 21.317970580680466 -4062.3588080903955 -2.1613626146592163e-07 0.004263647038496531 0.18964099102010473
2.032936436884503 0.8603151298119968 2.3715778919729615 672.2110461965203 473.7914464585483 253.5192841887474 80.35689249634743 3.0149520775794056 3.5333072734563937 -1718.6418586135999 0.02948277939041061 21.317970580680466 -4062.3588080903955 -2.1613626146592163e-07 0.004263647038496531 0.18964099102010473
2.059452999104739 0.8259418084153987 2.484517717878091 670.9551694616675 472.086035374552 245.41320492327213 78.6083257291466 3.0149520775794056 3.5333072734563937 -1718.6418586135999 0.02948277939041061 21.317970580680466 -4062.3588080903955 -2.1613626146592163e-07 0.004263647038496531 0.18964099102010473
2.0908800358102027 0.7935326768128913 2.371577891972908 669.9070636332035 470.26837003976107 237.8428516983986 76.98206557147205 3.0149520775794056 3.5333072734563937 -1718.6418586135999 0.02948277939041061 21.317970580680466 -4062.3588080903955 -2.1613626146592163e-07 0.004263647038496531 0.18964099102010473
2.1183786929274784 0.7591593554162944 2.4668517113662722 669.0476040616632 468.34834181144834 230.8178968206048 75.47162050008774 3.0149520775794056 3.5333072734563937 -1718.6418586135999 0.02948277939041061 21.317970580680466 -4062.3588080903955 -2.1613626146592163e-07 0.004263647038496531 0.18964099102010473
2.145877350044754 0.7238039391226493 2.480549484739172 668.3551787436008 466.33733793348074 224.34578956663609 74.07089504227042 3.0149520775794056 3.5333072734563937 -1718.6418586135999 0.02948277939041061 21.317970580680466 -4062.3588080903955 -2.1613626146592163e-07 0.004263647038496531 0.18964099102010473
2.172393912264985 0.6864843330349147 2.5238369280235866 667.8056879788637 464.24824153631926 218.43175564706326 72.77418977022171 3.0149520775794056 3.5333072734563937 -1718.6418586135999 0.02948277939041061 21.317970580680466 -4062.3588080903955 -2.1613626146592163e-07 0.004263647038496531 0.18964099102010473
2.199892569382265 0.6472005371530885 2.530866689200554 667.3725445494056 462.0954315774143 213.07879756391048 71.57620130106807 3.0149520775794056 3.5333072734563937 -1718.6418586135999 0.02948277939041061 21.317970580680466 -4062.3588080903955 -2.1613626146592163e-07 0.004263647038496531 0.18964099102010473
2.2951557743956967 0.6059525514771704 1.9316331098279995 667.0266737639904 459.89478293806314 208.28769439458847 70.47202230989933 3.0149520775794056 3.5333072734563937 -1718.6418586135999 0.02948277939041061 21.317970580680466 -4062.3588080903955 -2.1613626146592163e-07 0.004263647038496531 0.18964099102010473
2.390418979409133 0.5617582811101157 1.9561727952744183 666.7365133389831 457.66366634890437 204.05700187385082 69.45714150369167 3.0149520775794056 3.5333072734563937 -1718.6418586135999 0.02948277939041061 21.317970580680466 -4062.3588080903955 -2.1613626146592163e-07 0.004263647038496531 0.18964099102010473
2.4876463742166584 0.5155998209489716 1.9655874464946432 666.4680134952068 455.42094833031297 200.38305240869522 68.52744365110993 3.0149520775794056 3.5333072734563937 -1718.6418586135999 0.02948277939041061 21.317970580680466 -4062.3588080903955 -2.1613626146592163e-07 0.004263647038496531 0.18964099102010473
2.586837958818269 0.46845926589077935 1.9668777683592058 666.1846367865801 453.1869914084673 197.25995513051748 67.67920954898 3.0149520775794056 3.5333072734563937 -1718.6418586135999 0.02948277939041061 21.317970580680466 -4062.3588080903955 -2.1613626146592163e-07 0.004263647038496531 0.18964099102010473
2.696832587287376 0.4193545210384976 1.9484496446014743 665.8473583757877 450.98365389183164 194.67959569394588 66.90911605581641 2.629882463138609 3.038969427355427 -1493.163517708858 0.11970895160609615 20.726859444219578 -4790.850121286152 2.9159520352013136e-05 0.0036629542024496876 0.15091429232265294
2.802898836168309 0.3702497761862135 1.9601130486280343 665.4146658331156 448.8342899568379 192.63163647055626 66.21423607133329 2.629882463138609 3.038969427355427 -1493.163517708858 0.11970895160609615 20.726859444219578 -4790.850121286152 2.9159520352013136e-05 0.0036629542024496876 0.15091429232265294
2.908965085049242 0.3191808415398411 1.9746561217022567 664.8425591811538 446.76374969258904 191.1035165041685 65.59203854948282 2.629882463138609 3.038969427355427 -1493.163517708858 0.11970895160609615 20.726859444219578 -4790.850121286152 2.9159520352013136e-05 0.0036629542024496876 0.15091429232265294
3.0150313339301746 0.2681119068934642 1.9746561217022813 664.0845508649945 444.79837907105684 190.08045150339603 65.04038847982883 2.629882463138609 3.038969427355427 -1493.163517708858 0.11970895160609615 20.726859444219578 -4790.850121286152 2.9159520352013136e-05 0.0036629542024496876 0.15091429232265294
3.118151298119969 0.21606087735004478 1.991459675927922 663.0916659012437 442.9660198390484 189.545433729887 64.55754690244794 2.629882463138609 3.038969427355427 -1493.163517708858 0.11970895160609615 20.726859444219578 -4790.850121286152 2.9159520352013136e-05 0.0036629542024496876 0.15091429232265294
3.216360787824535 0.16597403760071822 1.9932687191806142 661.8124416545033 441.2960097081959 189.47923223674297 64.14217090979218 2.629882463138609 3.038969427355427 -1493.163517708858 0.11970895160609615 20.726859444219578 -4790.850121286152 2.9159520352013136e-05 0.0036629542024496876 0.15091429232265294
3.247787824529994 0.11490510295434356 2.589937671061276 660.1929279565811 439.8191822320223 189.86039266735315 63.79331363737583 2.629882463138609 3.038969427355427 -1493.163517708858 0.11970895160609615 20.726859444219578 -4790.850121286152 2.9159520352013136e-05 0.0036629542024496876 0.15091429232265294
3.2733222918531846 0.06285407341092525 2.685520657240115 658.1766871884465 438.5678667873144 190.66523725539446 63.51042426750064 2.629882463138609 3.038969427355427 -1493.163517708858 0.11970895160609615 20.726859444219578 -4790.850121286152 2.9159520352013136e-05 0.0036629542024496876 0.15091429232265294
3.2929641897940978 0.011785138764550576 2.774418819771577 655.7047940939665 437.575888723135 191.86786500364542 63.29334802925587 2.629882463138609 3.038969427355427 -1493.163517708858 0.11970895160609615 20.726859444219578 -4790.850121286152 2.9159520352013136e-05 0.0036629542024496876 0.15091429232265294
3.3057314234556934 -0.04026589077886886 2.9010584056438544 652.7158359363675 436.8785691149533 193.44015150517225 63.142326194792986 2.629882463138609 3.038969427355427 -1493.163517708858 0.11970895160609615 20.726859444219578 -4790.850121286152 2.9159520352013136e-05 0.0036629542024496876 0.15091429232265294
3.3126060877350154 -0.09035273052819764 3.0051900491887937 649.1459123939276 436.51272505149245 195.35174903273582 63.05799609236419 2.629882463138609 3.038969427355427 -1493.163517708858 0.11970895160609615 20.726859444219578 -4790.850121286152 2.9159520352013136e-05 0.0036629542024496876 0.15091429232265294
3.3135881826320603 -0.14043957027752754 3.1219873227326067 644.9286356121302 436.5166694074869 197.57008649408817 63.04139109142125 2.629882463138609 3.038969427355427 -1493.163517708858 0.11970895160609615 20.726859444219578 -4790.850121286152 2.9159520352013136e-05 0.0036629542024496876 0.15091429232265294
3.320462846911378 -0.18954431512981046 3.0024967121077575 639.995130263269 436.93021093308926 200.060369476676 63.093940606340766 2.629882463138609 3.038969427355427 -1493.163517708858 0.11970895160609615 20.726859444219578 -4790.850121286152 2.9159520352013136e-05 0.0036629542024496876 0.15091429232265294
3.327337511190696 -0.23864905998209335 3.0024967121077575 634.2740334123373 437.794654276222 202.78558012098074 63.21747010014951 2.629882463138609 3.038969427355427 -1493.163517708858 0.11970895160609615 20.726859444219578 -4790.850121286152 2.9159520352013136e-05 0.0036629542024496876 0.15091429232265294
3.3342121754700136 -0.28775380483437624 3.0024967121077575 627.6914945319295 439.15279994532466 205.7064774259925 63.41420108452439 2.629882463138609 3.038969427355427 -1493.163517708858 0.11970895160609615 20.726859444219578 -4790.850121286152 2.9159520352013136e-05 0.0036629542024496876 0.15091429232265294
3.3410868397493316 -0.33587645478961325 2.999695598985665 620.1711757257581 441.04894430190325 208.78159678727388 63.68675111606717 2.629882463138609 3.038969427355427 -1493.163517708858 0.11970895160609615 20.726859444219578 -4790.850121286152 2.9159520352013136e-05 0.0036629542024496876 0.15091429232265294
3.342068934646376 -0.38399910474485033 3.121187322903274 611.6342514157295 443.5288795940578 211.9672505185008 64.03813380002975 2.629882463138609 3.038969427355427 -1493.163517708858 0.11970895160609615 20.726859444219578 -4790.850121286152 2.9159520352013136e-05 0.0036629542024496876 0.15091429232265294
3.348943598925694 -0.43015756490599777 2.9937432883310806 601.9994084611535 446.6398939117789 215.21752739697695 64.47175878100097 2.629882463138609 3.038969427355427 -1493.163517708858 0.11970895160609615 20.726859444219578 -4790.850121286152 2.9159520352013136e-05 0.0036629542024496876 0.15091429232265294
3.3676034019695624 -0.47631602506714193 2.7574232891971637 591.1828463003039 450.4307712689042 218.48429288715124 64.99143177643418 2.629882463138609 3.038969427355427 -1493.163517708858 0.11970895160609615 20.726859444219578 -4790.850121286152 2.9159520352013136e-05 0.0036629542024496876 0.15091429232265294
3.3744780662488805 -0.5224744852282894 2.9937432883310806 579.098276771605 454.95179149881005 221.71718920767307 65.60135450772941 2.629882463138609 3.038969427355427 -1493.163517708858 0.11970895160609615 20.726859444219578 -4790.850121286152 2.9159520352013136e-05 0.0036629542024496876 0.15091429232265294
3.3872452999104756 -0.5686329453894347 2.871743497651284 565.6569241285324 460.25473031401634 224.8636351302266 66.30612477660179 2.629882463138609 3.038969427355427 -1493.163517708858 0.11970895160609615 20.726859444219578 -4790.850121286152 2.9159520352013136e-05 0.0036629542024496876 0.15091429232265294
3.4000125335720663 -0.6157735004476258 2.8771042710406114 550.7675251811743 466.39285934343934 227.86882605403662 67.11073642037809 2.629882463138609 3.038969427355427 -1493.163517708858 0.11970895160609615 20.726859444219578 -4790.850121286152 2.9159520352013136e-05 0.0036629542024496876 0.15091429232265294
3.4137618621307113 -0.6629140555058181 2.8577985443813643 534.3363291248679 473.42094598710537 230.67573418468237 68.02057932689786 2.629882463138609 3.038969427355427 -1493.163517708858 0.11970895160609615 20.726859444219578 -4790.850121286152 2.9159520352013136e-05 0.0036629542024496876 0.15091429232265294
3.4216186213070783 -0.7100546105640092 2.976443976175128 516.2670976296067 481.3952536210418 233.2251082584262 69.04143941961229 2.629882463138609 3.038969427355427 -1493.163517708858 0.11970895160609615 20.726859444219578 -4790.850121286152 2.9159520352013136e-05 0.0036629542024496876 0.15091429232265294
3.4343858549686734 -0.7571951656222015 2.877104271040529 496.46110482513905 490.373541418463 235.455473639071 70.17949868924916 2.629882463138609 3.038969427355427 -1493.163517708858 0.11970895160609615 20.726859444219578 -4790.850121286152 2.9159520352013136e-05 0.0036629542024496876 0.15091429232265294
3.447153088630264 -0.8053178155774385 2.882260909189159 474.81713730096817 500.41506446525455 237.3031324595213 71.44133515655994 2.629882463138609 3.038969427355427 -1493.163517708858 0.11970895160609615 20.726859444219578 -4790.850121286152 2.9159520352013136e-05 0.0036629542024496876 0.15091429232265294
2.6310322291853234 -1.10583885407341 4.359565900570272 451.2314941212535 511.5805737115443 238.70216343551874 72.83392289280891 2.629882463138609 3.038969427355427 -1493.163517708858 0.11970895160609615 20.726859444219578 -4790.850121286152 2.9159520352013136e-05 0.0036629542024496876 0.15091429232265294
1.6234028648164747 -1.5173366159355406 4.324677634114914 425.5979867950082 523.9323159269989 239.58442192524672 74.36463202349842 2.629882463138609 3.038969427355427 -1493.163517708858 0.11970895160609615 20.726859444219578 -4790.850121286152 2.9159520352013136e-05 0.0036629542024496876 0.15091429232265294
0.5617582811101192 -1.9907063563115484 4.29296365627266 397.8079393059015 537.534033793956 239.879539988935 76.04122871160507 2.629882463138609 3.038969427355427 -1493.163517708858 0.11970895160609615 20.726859444219578 -4790.850121286152 2.9159520352013136e-05 0.0036629542024496876 0.15091429232265294
-0.49104744852282456 -2.475861235452104 4.280572920721423 367.75018808990717 552.4509658887982 239.51492632180452 77.87187516130507 2.629882463138609 3.038969427355427 -1493.163517708858 0.11970895160609615 20.726859444219578 -4790.850121286152 2.9159520352013136e-05 0.0036629542024496876 0.15091429232265294
-1.5359964189794102 -2.9511951656222015 4.285478281374706 335.31108202040195 568.7498465925455 238.4157662242651 79.86512964591384 2.629882463138609 3.038969427355427 -1493.163517708858 0.11970895160609615 20.726859444219578 -4790.850121286152 2.9159520352013136e-05 0.0036629542024496876 0.15091429232265294
-2.5652318710832573 -3.4019767233661584 4.2995781584473525 300.37448243796825 586.4989062063396 236.5050217434764 82.02994646690786 2.629882463138609 3.038969427355427 -1493.163517708858 0.11970895160609615 20.726859444219578 -4790.850121286152 2.9159520352013136e-05 0.0036629542024496876 0.15091429232265294
-3.5875926589077864 -3.8252596239928365 4.31985087796922 262.8217632099986 605.7678708769381 233.70343153178692 84.37567597813904 2.629882463138609 3.038969427355427 -1493.163517708858 0.11970895160609615 20.726859444219578 -4790.850121286152 2.9159520352013136e-05 0.0036629542024496876 0.15091429232265294
-4.590311548791407 -4.223008057296328 4.334756644386895 222.53181059658527 626.6279626712203 229.92951083183289 86.9120645802468 2.629882463138609 3.038969427355427 -1493.163517708858 0.11970895160609615 20.726859444219578 -4790.850121286152 2.9159520352013136e-05 0.0036629542024496876 0.15091429232265294
-5.58811996418979 -4.600132497761861 4.351032108983459 179.3810232579708 649.1518994271755 225.09955168515444 89.64925472252071 2.629882463138609 3.038969427355427 -1493.163517708858 0.11970895160609615 20.726859444219578 -4790.850121286152 2.9159520352013136e-05 0.0036629542024496876 0.15091429232265294
-6.5751253357206805 -4.9605613249776175 4.362260475438698 133.24331245571375 673.4138949289918 219.12762267142534 92.59778489731252 2.629882463138609 3.038969427355427 -1493.163517708858 0.11970895160609615 20.726859444219578 -4790.850121286152 2.9159520352013136e-05 0.0036629542024496876 0.15091429232265294
-6.724403760071624 -5.054842435094001 4.149072718892729 83.99010179191828 699.4896588101983 211.92556907981634 95.76858964934945 2.629882463138609 3.038969427355427 -1493.163517708858 0.11970895160609615 20.726859444219578 -4790.850121286152 2.9159520352013136e-05 0.0036629542024496876 0.15091429232265294
