28 -1.6793822739480664 0.3309659803043861 5.391394289083291 -1.21976186213071 1.564477170993735
-1.6793822739480664 0.3309659803043861 5.391394289083291 661.2616793531924 569.5508784074336 755.4441736955196 267.94593048095703 3.2371179844457383 3.7850497611046188 -2051.0913064938545 0.06442450657904444 22.739258110031738 -4990.987071337403 2.586983754314902e-05 0.00452977209792141 0.0008401505571150315
-1.725540734109215 0.38203491495076075 5.54824931779897 666.4879077970982 571.0474238824099 758.5001129377633 268.31119997799397 3.2371179844457383 3.7850497611046188 -2051.0913064938545 0.06442450657904444 22.739258110031738 -4990.987071337403 2.586983754314902e-05 0.00452977209792141 0.0008401505571150315
-1.7648245299910412 0.4399785138764555 5.687400759556534 671.829331273213 572.2484305351973 761.9184966813773 272.45087790489197 3.2371179844457383 3.7850497611046188 -2051.0913064938545 0.06442450657904444 22.739258110031738 -4990.987071337403 2.586983754314902e-05 0.00452977209792141 0.0008401505571150315
-1.7972336615935498 0.5038146821844222 5.813402805820875 677.2262360304594 573.2032424602658 765.6300792656839 279.8343360349536 3.2371179844457383 3.7850497611046188 -2051.0913064938545 0.06442450657904444 22.739258110031738 -4990.987071337403 2.586983754314902e-05 0.00452977209792141 0.0008401505571150315
-1.7510752014324058 0.5705971351835276 0.4930508972047979 682.6243890188634 573.9572238326073 769.5698945168406 289.95581463724375 3.2371179844457383 3.7850497611046188 -2051.0913064938545 0.06442450657904444 22.739258110031738 -4990.987071337403 2.586983754314902e-05 0.00452977209792141 0.0008401505571150315
-1.6980420769919393 0.637379588182633 0.5705827629958058 687.9750379361212 574.5517589114606 773.6772557683289 302.33442237973213 3.2371179844457383 3.7850497611046188 -2051.0913064938545 0.06442450657904444 22.739258110031738 -4990.987071337403 2.586983754314902e-05 0.00452977209792141 0.0008401505571150315
-1.6371521933751103 0.7071083258728761 0.6296451826461398 693.2349112350494 575.0242520216852 777.8957558590919 316.5141364708543 3.2371179844457383 3.7850497611046188 -2051.0913064938545 0.06442450657904444 22.739258110031738 -4990.987071337403 2.586983754314902e-05 0.00452977209792141 0.0008401505571150315
-1.5742981199641872 0.7729086839749334 0.6765859585801849 698.3662180546671 575.4081275835633 782.1732671074569 332.0638025254011 3.2371179844457383 3.7850497611046188 -2051.0913064938545 0.06442450657904444 22.739258110031738 -4990.987071337403 2.586983754314902e-05 0.00452977209792141 0.0008401505571150315
-1.5084977618621345 0.8347806624888104 0.7345944593392241 703.336648311466 575.7328300774097 786.4619413465261 348.57713466882706 4.452217089764484 5.165021461919739 -2810.5311988366784 0.12927427552963816 26.026087253146653 -4141.2825401459095 4.404574975456154e-05 0.006180121740511242 0.010619386924977358
-1.4446615935541622 0.8937063563115488 0.7411792190018057 708.1193726286292 576.0238240864128 790.7182098962367 365.67271538078785 4.452217089764484 5.165021461919739 -2810.5311988366784 0.12927427552963816 26.026087253146653 -4141.2825401459095 4.404574975456154e-05 0.006180121740511242 0.010619386924977358
-1.3749328558639213 0.9496857654431519 0.8198672643970022 712.6930423844606 576.3025942593813 794.9027835763991 382.9939957410097 4.452217089764484 5.165021461919739 -2810.5311988366784 0.12927427552963816 26.026087253146653 -4141.2825401459095 4.404574975456154e-05 0.006180121740511242 0.010619386924977358
-1.305204118173676 1.0007547000895254 0.8663022625526767 717.0417896769941 576.5866453200579 798.9806527085602 400.209295168519 4.452217089764484 5.165021461919739 -2810.5311988366784 0.12927427552963816 26.026087253146653 -4141.2825401459095 4.404574975456154e-05 0.006180121740511242 0.010619386924977358
-1.2374395702775292 1.0478952551477176 0.8897793163477509 721.1552273146808 576.8895020857453 802.9210871178657 417.0118015408516 4.452217089764484 5.165021461919739 -2810.5311988366784 0.12927427552963816 26.026087253146653 -4141.2825401459095 4.404574975456154e-05 0.006180121740511242 0.010619386924977358
-1.172621307072521 1.0911074306177275 0.9072406004173177 725.0284489057958 577.2207094319165 806.6976361088455 433.11957136541605 4.452217089764484 5.165021461919739 -2810.5311988366784 0.12927427552963816 26.026087253146653 -4141.2825401459095 4.404574975456154e-05 0.006180121740511242 0.010619386924977358
-1.1824422560429777 1.1303912264995526 6.038206644052716 728.6620287261903 577.5858323443681 810.2881285045296 448.2755293995142 4.452217089764484 5.165021461919739 -2810.5311988366784 0.12927427552963816 26.026087253146653 -4141.2825401459095 4.404574975456154e-05 0.006180121740511242 0.010619386924977358
-1.1902990152193402 1.1677108325872885 6.075689080744456 732.0620218068361 577.9864558540285 813.6746726129204 462.2474690005183 4.452217089764484 5.165021461919739 -2810.5311988366784 0.12927427552963816 26.026087253146653 -4141.2825401459095 4.404574975456154e-05 0.006180121740511242 0.010619386924977358
-1.198155774395703 1.2020841539838865 6.058474138765018 735.2399639226496 578.4201850946993 816.8436562400311 474.82805183529854 4.452217089764484 5.165021461919739 -2810.5311988366784 0.12927427552963816 26.026087253146653 -4141.2825401459095 4.404574975456154e-05 0.006180121740511242 0.010619386924977358
-1.20601253357207 1.2374395702775303 6.064516361305597 738.2128715794533 578.8806452713907 819.7857466973364 485.8348082229495 4.452217089764484 5.165021461919739 -2810.5311988366784 0.12927427552963816 26.026087253146653 -4141.2825401459095 4.404574975456154e-05 0.006180121740511242 0.010619386924977358
-1.2138692927484325 1.2708307967770824 6.052094639983764 741.0032420046628 579.3574816677719 822.4958907943219 495.11013676971197 4.452217089764484 5.165021461919739 -2810.5311988366784 0.12927427552963816 26.026087253146653 -4141.2825401459095 4.404574975456154e-05 0.006180121740511242 0.010619386924977358
-1.221726051924795 1.3052041181736804 6.058474138765018 743.63905316405 579.8363596536219 824.9733148254454 502.5213046744466 4.452217089764484 5.165021461919739 -2810.5311988366784 0.12927427552963816 26.026087253146653 -4141.2825401459095 4.404574975456154e-05 0.006180121740511242 0.010619386924977358
-1.2315470008952516 1.3376132497761868 5.988950742068394 746.1537637747824 580.2989646662027 827.2215245943516 507.96044750511646 4.452217089764484 5.165021461919739 -2810.5311988366784 0.12927427552963816 26.026087253146653 -4141.2825401459095 4.404574975456154e-05 0.006180121740511242 0.010619386924977358
-1.2413679498657126 1.3700223813786918 5.988950742068258 748.5863132532686 580.7230022251606 829.2483054120094 511.3445693254471 4.452217089764484 5.165021461919739 -2810.5311988366784 0.12927427552963816 26.026087253146653 -4141.2825401459095 4.404574975456154e-05 0.006180121740511242 0.010619386924977358
-1.2492247090420754 1.4004673231871099 6.0306310314016285 750.9811217859387 581.0821979381144 831.0657220594585 512.6155426353216 4.452217089764484 5.165021461919739 -2810.5311988366784 0.12927427552963816 26.026087253146653 -4141.2825401459095 4.404574975456154e-05 0.006180121740511242 0.010619386924977358
-1.2551172784243527 1.4279659803043878 6.072091973956712 753.3880902696401 581.3462974913418 832.6901188399643 511.740108422935 4.452217089764484 5.165021461919739 -2810.5311988366784 0.12927427552963816 26.026087253146653 -4141.2825401459095 4.404574975456154e-05 0.006180121740511242 0.010619386924977358
-1.2590456580125364 1.45448254252462 6.136106951791147 755.862600337714 581.4810666367412 834.1421195492148 508.70987613499165 4.452217089764484 5.165021461919739 -2810.5311988366784 0.12927427552963816 26.026087253146653 -4141.2825401459095 4.404574975456154e-05 0.006180121740511242 0.010619386924977358
-1.2570814682184424 1.480999104744854 0.0739390376580365 758.4655143525451 581.4482912123203 835.4466274678707 503.5413236245513 4.452217089764484 5.165021461919739 -2810.5311988366784 0.12927427552963816 26.026087253146653 -4141.2825401459095 4.404574975456154e-05 0.006180121740511242 0.010619386924977358
-1.2492247090420754 1.5084977618621322 0.2782996590051757 761.2631754353642 581.2057771515101 836.6328253913671 496.2757973074913 4.452217089764484 5.165021461919739 -2810.5311988366784 0.12927427552963816 26.026087253146653 -4141.2825401459095 4.404574975456154e-05 0.006180121740511242 0.010619386924977358
-1.2374395702775292 1.5359964189794102 0.4048917862850344 764.3274074047804 580.7073504440486 837.7341756150126 486.97951187193394 4.452217089764484 5.165021461919739 -2810.5311988366784 0.12927427552963816 26.026087253146653 -4141.2825401459095 4.404574975456154e-05 0.006180121740511242 0.010619386924977358
-1.21976186213071 1.564477170993735 0.5554937352654616 764.8785256352276 579.9782407116145 839.5435600280762 511.3133897781372 4.452217089764484 5.165021461919739 -2810.5311988366784 0.12927427552963816 26.026087253146653 -4141.2825401459095 4.404574975456154e-05 0.006180121740511242 0.010619386924977358
-1.198155774395703 1.5900116383169214 0.7022569315090855 766.8888377887197 578.333283457905 738.234219789505 460.69570112228394 4.452217089764484 5.165021461919739 -2810.5311988366784 0.12927427552963816 26.026087253146653 -4141.2825401459095 4.404574975456154e-05 0.006180121740511242 0.010619386924977358
-1.174585496866606 1.6135819158460158 0.7853981633974957 768.6743749333546 577.039069247432 676.2000946998596 422.853392124176 4.452217089764484 5.165021461919739 -2810.5311988366784 0.12927427552963816 26.026087253146653 -4141.2825401459095 4.404574975456154e-05 0.006180121740511242 0.010619386924977358
-1.1549435989256887 1.634205908683976 0.7610127542248109 770.2329824133776 576.0505842901766 645.4892663955688 395.2317259311676 4.452217089764484 5.165021461919739 -2810.5311988366784 0.12927427552963816 26.026087253146653 -4141.2825401459095 4.404574975456154e-05 0.006180121740511242 0.010619386924977358
-1.1392300805729634 1.6518836168307973 0.7266423406815689 771.563898597844 575.3254179134965 638.8785073757172 375.5233383178711 4.452217089764484 5.165021461919739 -2810.5311988366784 0.12927427552963816 26.026087253146653 -4141.2825401459095 4.404574975456154e-05 0.006180121740511242 0.010619386924977358
-1.1274449418084127 1.6685792300805729 0.6146629519222915 772.6677548890002 574.8237625630572 649.8732645511627 361.66823172569275 4.452217089764484 5.165021461919739 -2810.5311988366784 0.12927427552963816 26.026087253146653 -4141.2825401459095 4.404574975456154e-05 0.006180121740511242 0.010619386924977358
-1.1156598030438667 1.6813464637421671 0.7454194762740566 773.5465757059865 574.5084138158709 672.7076799869537 351.8537822961807 4.452217089764484 5.165021461919739 -2810.5311988366784 0.12927427552963816 26.026087253146653 -4141.2825401459095 4.404574975456154e-05 0.006180121740511242 0.010619386924977358
-1.1117314234556832 1.6911674127126237 0.3805063771124433 774.2037785048597 574.3447703570127 702.344569683075 344.5147330760956 4.452217089764484 5.165021461919739 -2810.5311988366784 0.12927427552963816 26.026087253146653 -4141.2825401459095 4.404574975456154e-05 0.006180121740511242 0.010619386924977358
-1.1097672336615891 1.696077887197852 0.3805063771128353 774.644173762761 574.3008340029046 734.4754433631897 338.33319866657257 4.452217089764484 5.165021461919739 -2810.5311988366784 0.12927427552963816 26.026087253146653 -4141.2825401459095 4.404574975456154e-05 0.006180121740511242 0.010619386924977358
-1.1097672336615936 1.6980420769919438 6.2831853071773125 774.8739649844356 574.3472096854821 765.5204856395721 332.2386635541916 4.452217089764484 5.165021461919739 -2810.5311988366784 0.12927427552963816 26.026087253146653 -4141.2825401459095 4.404574975456154e-05 0.006180121740511242 0.010619386924977358
-1.1156598030438667 1.696077887197853 4.390638425988104 774.9007487096824 574.457105467096 792.6285746097565 325.4079821109772 4.452217089764484 5.165021461919739 -2810.5311988366784 0.12927427552963816 26.026087253146653 -4141.2825401459095 4.404574975456154e-05 0.006180121740511242 0.010619386924977358
-1.1235165622202337 1.6921495076096695 4.2487413713838835 774.7335144942626 574.6063325153664 813.6772644519806 317.26537907123566 4.452217089764484 5.165021461919739 -2810.5311988366784 0.12927427552963816 26.026087253146653 -4141.2825401459095 4.404574975456154e-05 0.006180121740511242 0.010619386924977358
-1.1313733213965964 1.6872390331244402 4.153789665040872 774.3826449303888 574.7733051432297 827.2728004455566 307.4824481010437 4.452217089764484 5.165021461919739 -2810.5311988366784 0.12927427552963816 26.026087253146653 -4141.2825401459095 4.404574975456154e-05 0.006180121740511242 0.010619386924977358
-1.1353017009847843 1.6793822739480753 3.6052402625911677 773.8599156299606 574.939040761441 832.7501060962677 295.97815442085266 4.452217089764484 5.165021461919739 -2810.5311988366784 0.12927427552963816 26.026087253146653 -4141.2825401459095 4.404574975456154e-05 0.006180121740511242 0.010619386924977358
-1.13530170098478 1.6705434198746647 3.1415926535892877 773.1784952380694 575.0871599102393 830.172792673111 282.91883182525635 4.452217089764484 5.165021461919739 -2810.5311988366784 0.12927427552963816 26.026087253146653 -4141.2825401459095 4.404574975456154e-05 0.006180121740511242 0.010619386924977358
-1.13530170098478 1.659740376007162 3.141592653589793 772.352945425082 575.2038862593472 820.3331551551819 268.718185544014 4.452217089764484 5.165021461919739 -2810.5311988366784 0.12927427552963816 26.026087253146653 -4141.2825401459095 4.404574975456154e-05 0.006180121740511242 0.010619386924977358
-1.1353017009847755 1.6489373321396619 3.1415926535893797 771.3992208880372 575.2780465949327 804.7521727085114 254.0372896194458 4.452217089764484 5.165021461919739 -2810.5311988366784 0.12927427552963816 26.026087253146653 -4141.2825401459095 4.404574975456154e-05 0.006180121740511242 0.010619386924977358
-1.1333375111906858 1.6371521933751136 2.97644397617532 770.3346693520434 575.3010708186775 785.6795079708099 239.78458845615387 4.452217089764484 5.165021461919739 -2810.5311988366784 0.12927427552963816 26.026087253146653 -4141.2825401459095 4.404574975456154e-05 0.006180121740511242 0.010619386924977358
-1.1313733213965964 1.6243849597135194 2.988943325194673 769.1780315674841 575.2669919598848 766.093508720398 227.11589694023132 4.452217089764484 5.165021461919739 -2810.5311988366784 0.12927427552963816 26.026087253146653 -4141.2825401459095 4.404574975456154e-05 0.006180121740511242 0.010619386924977358
-1.1294091316025112 1.6106356311548793 2.999695598986084 767.9494413174689 575.1724461689591 749.7012059688568 217.43439972400665 4.452217089764484 5.165021461919739 -2810.5311988366784 0.12927427552963816 26.026087253146653 -4141.2825401459095 4.404574975456154e-05 0.006180121740511242 0.010619386924977358
-1.1274449418084218 1.5968863025962403 2.9996955989857543 766.6704254071228 575.016672716476 740.9383161067963 212.3906512260437 4.452217089764484 5.165021461919739 -2810.5311988366784 0.12927427552963816 26.026087253146653 -4141.2825401459095 4.404574975456154e-05 0.006180121740511242 0.010619386924977358
-1.24627842435095 1.578226499552373 4.545725152614354 765.3639036677778 574.8015139913186 744.9692392349243 213.88257598876953 4.452217089764484 5.165021461919739 -2810.5311988366784 0.12927427552963816 26.026087253146653 -4141.2825401459095 4.404574975456154e-05 0.006180121740511242 0.010619386924977358
-1.3611835273052857 1.558584601611461 4.529973573302179 764.0541889606975 574.5314155099913 767.6870603561401 224.05546915531158 4.452217089764484 5.165021461919739 -2810.5311988366784 0.12927427552963816 26.026087253146653 -4141.2825401459095 4.404574975456154e-05 0.006180121740511242 0.010619386924977358
-1.4721602506714468 1.5379606087735018 4.513051675402368 762.766987180803 574.2134259138256 815.7135455608368 245.30199468135834 4.452217089764484 5.165021461919739 -2810.5311988366784 0.12927427552963816 26.026087253146653 -4141.2825401459095 4.404574975456154e-05 0.006180121740511242 0.010619386924977358
-1.583136974037608 1.5163545210384959 4.503366037578414 761.529397235252 573.8571969494224 896.3991506099701 280.26218831539154 4.452217089764484 5.165021461919739 -2810.5311988366784 0.12927427552963816 26.026087253146653 -4141.2825401459095 4.404574975456154e-05 0.006180121740511242 0.010619386924977358
