26 -1.4299301700984728 -0.9585246195165625 1.6598459094293887 -4.847620411817377 0.04615846016114638
-1.4299301700984728 -0.9585246195165625 1.6598459094293887 558.6001257896423 567.7090945243835 616.1269078999758 275.49791073799133 3.1169044343784806 3.609818498924793 -1837.9603076400838 0.043261077396479525 21.409052933574678 -4071.849844138726 1.8131214332137294e-05 0.004333599270096058 0.17230914136089437
-1.374932855863917 -0.9673634735899743 1.7301479676988318 552.0487396717072 557.3630321025848 607.1977891474962 298.9921042919159 3.1169044343784806 3.609818498924793 -1837.9603076400838 0.043261077396479525 21.409052933574678 -4071.849844138726 1.8131214332137294e-05 0.004333599270096058 0.17230914136089437
-1.319935541629361 -0.9791486123545227 1.7818896600176544 550.3070116043091 555.4670159816742 598.361149802804 320.90313696861267 3.1169044343784806 3.609818498924793 -1837.9603076400838 0.043261077396479525 21.409052933574678 -4071.849844138726 1.8131214332137294e-05 0.004333599270096058 0.17230914136089437
-1.270830796777078 -0.9919158460161158 1.825164385348154 552.434249162674 560.2998497486115 589.6684494018555 340.9601744413376 3.1169044343784806 3.609818498924793 -1837.9603076400838 0.043261077396479525 21.409052933574678 -4071.849844138726 1.8131214332137294e-05 0.004333599270096058 0.17230914136089437
-1.5507278424350905 -0.9369185317815587 4.911143235050673 557.5668739080429 570.2850577831268 581.1630335152149 358.94684541225433 3.1169044343784806 3.609818498924793 -1837.9603076400838 0.043261077396479525 21.409052933574678 -4071.849844138726 1.8131214332137294e-05 0.004333599270096058 0.17230914136089437
-1.9170492390331273 -0.8524583706356319 4.94272833292105 564.9184221029282 583.990891456604 572.880133420229 374.70124113559723 3.1169044343784806 3.609818498924793 -1837.9603076400838 0.043261077396479525 21.409052933574678 -4071.849844138726 1.8131214332137294e-05 0.004333599270096058 0.17230914136089437
-2.30890510295435 -0.7542488809310672 4.961512083962538 573.779542684555 600.1303224563599 564.8468662649393 388.11591708660126 3.1169044343784806 3.609818498924793 -1837.9603076400838 0.043261077396479525 21.409052933574678 -4071.849844138726 1.8131214332137294e-05 0.004333599270096058 0.17230914136089437
-2.701743061772609 -0.6491647269471824 4.977364977484705 583.517998456955 617.5610439777374 557.0822351872921 399.137890458107 3.1169044343784806 3.609818498924793 -1837.9603076400838 0.043261077396479525 21.409052933574678 -4071.849844138726 1.8131214332137294e-05 0.004333599270096058 0.17230914136089437
-3.1004735899731455 -0.5421163831692037 4.978222093657324 593.5786658525467 635.2854752540588 549.5971291363239 407.76864194869995 3.1145724906698695 3.6277291856675387 -1843.9468080359397 1.9930094587030451e-16 21.45440882946722 -4058.523397779473 7.39847076225964e-20 0.00435852005059897 0.17550020857479076
-3.4933115487914175 -0.43506803939122607 4.982039487140226 603.483536362648 652.450754404068 542.3943229615688 414.06411468982697 3.1145724906698695 3.6277291856675387 -1843.9468080359397 1.9930094587030451e-16 21.45440882946722 -4058.523397779473 7.39847076225964e-20 0.00435852005059897 0.17550020857479076
-3.8881136974037656 -0.32900179051029543 4.978429478872392 612.8317130804062 668.3487467765808 535.4684773981571 418.13471603393555 3.1145724906698695 3.6277291856675387 -1843.9468080359397 1.9930094587030451e-16 21.45440882946722 -4058.523397779473 7.39847076225964e-20 0.00435852005059897 0.17550020857479076
-4.279969561324984 -0.22195344673232006 4.982686142664828 621.299415230751 682.416036605835 528.8061390072107 420.1453150510788 3.1145724906698695 3.6277291856675387 -1843.9468080359397 1.9930094587030451e-16 21.45440882946722 -4058.523397779473 7.39847076225964e-20 0.00435852005059897 0.17550020857479076
-4.670843330349154 -0.11392300805729656 4.9856786612667605 628.639973282814 694.2339334487915 522.3857401460409 420.31524419784546 3.1145724906698695 3.6277291856675387 -1843.9468080359397 1.9930094587030451e-16 21.45440882946722 -4058.523397779473 7.39847076225964e-20 0.00435852005059897 0.17550020857479076
-5.057788719785144 -0.004910474485229407 4.9906886393898 634.6838335990906 703.5284671783447 516.1775993853807 418.91829895973206 3.1145724906698695 3.6277291856675387 -1843.9468080359397 1.9930094587030451e-16 21.45440882946722 -4058.523397779473 7.39847076225964e-20 0.00435852005059897 0.17550020857479076
-5.122606982990156 0.03731960608773456 4.924826285659873 639.3385549783707 710.1703939437866 510.14392076432705 416.28273832798004 3.1145724906698695 3.6277291856675387 -1843.9468080359397 1.9930094587030451e-16 21.45440882946722 -4058.523397779473 7.39847076225964e-20 0.00435852005059897 0.17550020857479076
-5.102965085049248 0.04812264995523479 4.858963931929947 642.5888111591339 714.1751866340637 504.2387943714857 412.79128324985504 3.1145724906698695 3.6277291856675387 -1843.9468080359397 1.9930094587030451e-16 21.45440882946722 -4058.523397779473 7.39847076225964e-20 0.00435852005059897 0.17550020857479076
-5.061717099373336 0.04615846016114526 4.7931015782000195 644.4963884353638 715.7030494213104 498.40819631516933 408.88111782073975 3.1145724906698695 3.6277291856675387 -1843.9468080359397 1.9930094587030451e-16 21.45440882946722 -4058.523397779473 7.39847076225964e-20 0.00435852005059897 0.17550020857479076
-5.020469113697415 0.03830170098477933 4.727239224470092 645.2001867294312 715.0589008331299 492.5899882018566 405.0438904762268 3.1145724906698695 3.6277291856675387 -1843.9468080359397 1.9930094587030451e-16 21.45440882946722 -4058.523397779473 7.39847076225964e-20 0.00435852005059897 0.17550020857479076
-4.985113697403769 0.03240913160250627 4.661376870740166 644.9162217378616 712.6923892498016 486.71391797065735 401.8257110118866 3.1145724906698695 3.6277291856675387 -1843.9468080359397 1.9930094587030451e-16 21.45440882946722 -4058.523397779473 7.39847076225964e-20 0.00435852005059897 0.17550020857479076
-4.95368666069831 0.029462846911368627 4.595514517010239 643.9376202821732 709.1978785991669 480.7016191482544 399.82715260982513 3.1145724906698695 3.6277291856675387 -1843.9468080359397 1.9930094587030451e-16 21.45440882946722 -4058.523397779473 7.39847076225964e-20 0.00435852005059897 0.17550020857479076
-4.927170098478078 0.029462846911369744 4.529652163280312 642.6346242427826 705.314462184906 474.4666110575199 399.7032525539398 3.1145724906698695 3.6277291856675387 -1843.9468080359397 1.9930094587030451e-16 21.45440882946722 -4058.523397779473 7.39847076225964e-20 0.00435852005059897 0.17550020857479076
-4.906546105640116 0.03142703670546151 4.463789809550385 641.4545902013779 701.9259519577026 467.9142992198467 402.16350853443146 3.1145724906698695 3.6277291856675387 -1843.9468080359397 1.9930094587030451e-16 21.45440882946722 -4058.523397779473 7.39847076225964e-20 0.00435852005059897 0.17550020857479076
-4.887886302596252 0.03437332139659915 4.397927455820458 640.9219866991043 700.0608847141266 460.9419747889042 407.97188425064087 3.1145724906698695 3.6277291856675387 -1843.9468080359397 1.9930094587030451e-16 21.45440882946722 -4058.523397779473 7.39847076225964e-20 0.00435852005059897 0.17550020857479076
-4.873154879140567 0.038301700984781556 4.332065102090532 641.6383970975876 700.8925180435181 453.4388148933649 417.9468046426773 3.1145724906698695 3.6277291856675387 -1843.9468080359397 1.9930094587030451e-16 21.45440882946722 -4058.523397779473 7.39847076225964e-20 0.00435852005059897 0.17550020857479076
-4.860387645478972 0.041247985675918086 4.266202748360604 644.2825179100037 705.7388355731964 445.2858824133873 432.9611575603485 3.1145724906698695 3.6277291856675387 -1843.9468080359397 1.9930094587030451e-16 21.45440882946722 -4058.523397779473 7.39847076225964e-20 0.00435852005059897 0.17550020857479076
-4.851548791405564 0.04419427036705462 4.200340394630677 649.6101596355438 716.0625383853912 436.3561262190342 453.9422949552536 3.1145724906698695 3.6277291856675387 -1843.9468080359397 1.9930094587030451e-16 21.45440882946722 -4058.523397779473 7.39847076225964e-20 0.00435852005059897 0.17550020857479076
-4.847620411817377 0.04615846016114638 4.134478040900751 646.0423791133799 697.0971518119331 413.6666130796075 439.4261079914868 3.1145724906698695 3.6277291856675387 -1843.9468080359397 1.9930094587030451e-16 21.45440882946722 -4058.523397779473 7.39847076225964e-20 0.00435852005059897 0.17550020857479076
-4.845656222023282 0.048122649955237025 4.068615687170824 645.5279266089201 698.5258131946903 424.43032091856 413.72525905817747 3.1145724906698695 3.6277291856675387 -1843.9468080359397 1.9930094587030451e-16 21.45440882946722 -4058.523397779473 7.39847076225964e-20 0.00435852005059897 0.17550020857479076
-4.843692032229188 0.048122649955237025 4.0027533334408965 644.9598644385114 699.8443332256284 433.9177918061614 389.69809241220355 3.1145724906698695 3.6277291856675387 -1843.9468080359397 1.9930094587030451e-16 21.45440882946722 -4058.523397779473 7.39847076225964e-20 0.00435852005059897 0.17550020857479076
-4.843692032229188 0.04615846016114526 3.9368909797109697 644.3448497611098 701.0583002890926 442.22193878889084 367.27252546325326 3.1145724906698695 3.6277291856675387 -1843.9468080359397 1.9930094587030451e-16 21.45440882946722 -4058.523397779473 7.39847076225964e-20 0.00435852005059897 0.17550020857479076
-4.843692032229188 0.0441942703670535 3.871028625981043 643.6893227635883 702.1731706561986 449.4330269768834 346.3780237995088 3.1145724906698695 3.6277291856675387 -1843.9468080359397 1.9930094587030451e-16 21.45440882946722 -4058.523397779473 7.39847076225964e-20 0.00435852005059897 0.17550020857479076
-4.845656222023278 0.04124798567591585 3.8051662722511157 642.9995066970587 703.194268487161 455.63867339491844 326.94560128077865 3.1145724906698695 3.6277291856675387 -1843.9468080359397 1.9930094587030451e-16 21.45440882946722 -4058.523397779473 7.39847076225964e-20 0.00435852005059897 0.17550020857479076
-4.849584601611466 0.03830170098477933 3.7393039185211894 642.2814078414813 704.1267858296633 460.92384727299213 308.90781996026635 3.1145724906698695 3.6277291856675387 -1843.9468080359397 1.9930094587030451e-16 21.45440882946722 -4058.523397779473 7.39847076225964e-20 0.00435852005059897 0.17550020857479076
-4.853512981199645 0.03437332139659691 3.673441564791262 641.5408155308105 704.9757826165296 465.3708696514368 292.1987901106477 3.1145724906698695 3.6277291856675387 -1843.9468080359397 1.9930094587030451e-16 21.45440882946722 -4058.523397779473 7.39847076225964e-20 0.00435852005059897 0.17550020857479076
-4.859405550581918 0.03044494180841339 3.664722730181402 640.7833021432161 705.7461866699159 469.0594137981534 276.754170242697 3.1145724906698695 3.6277291856675387 -1843.9468080359397 1.9930094587030451e-16 21.45440882946722 -4058.523397779473 7.39847076225964e-20 0.00435852005059897 0.17550020857479076
-4.868244404655338 0.025534467323185102 3.656003895571542 640.0142230982892 706.442793700844 472.0665048286319 262.51116709038615 3.1145724906698695 3.6277291856675387 -1843.9468080359397 1.9930094587030451e-16 21.45440882946722 -4058.523397779473 7.39847076225964e-20 0.00435852005059897 0.17550020857479076
-4.870208594449428 0.019641897940913162 3.6472850609616816 639.2387168626301 707.0702673050109 474.466520011425 249.40853559598327 3.1145724906698695 3.6277291856675387 -1843.9468080359397 1.9930094587030451e-16 21.45440882946722 -4058.523397779473 7.39847076225964e-20 0.00435852005059897 0.17550020857479076
-4.888868397493288 0.010803043867502462 3.6385662263518217 638.4617049535736 707.633138967678 476.3311885744333 237.38657893240452 3.1145724906698695 3.6277291856675387 -1843.9468080359397 1.9930094587030451e-16 21.45440882946722 -4058.523397779473 7.39847076225964e-20 0.00435852005059897 0.17550020857479076
-4.913420769919438 0.0009820948970447648 3.6298473917419614 637.6878919238225 708.1358080620412 477.729591794312 226.38714849576354 3.1145724906698695 3.6277291856675387 -1843.9468080359397 1.9930094587030451e-16 21.45440882946722 -4058.523397779473 7.39847076225964e-20 0.00435852005059897 0.17550020857479076
-4.937973142345579 -0.008838854073411817 3.6211285571321015 636.921765376348 708.5825418466702 478.7281629741192 216.3536439165473 3.1145724906698695 3.6277291856675387 -1843.9468080359397 1.9930094587030451e-16 21.45440882946722 -4058.523397779473 7.39847076225964e-20 0.00435852005059897 0.17550020857479076
-4.962525514771716 -0.018659803043868398 3.612409722522241 636.1675959629938 708.977475468535 479.390687443316 207.23101304844022 3.1145724906698695 3.6277291856675387 -1843.9468080359397 1.9930094587030451e-16 21.45440882946722 -4058.523397779473 7.39847076225964e-20 0.00435852005059897 0.17550020857479076
-4.987077887197858 -0.028480752014324977 3.603690887912381 635.4294373714365 709.3246119651012 479.77830246835947 198.96575191244483 3.1145724906698695 3.6277291856675387 -1843.9468080359397 1.9930094587030451e-16 21.45440882946722 -4058.523397779473 7.39847076225964e-20 0.00435852005059897 0.17550020857479076
-5.011630259624 -0.03928379588182744 3.594972053302521 634.7111263452098 709.6278222552501 479.9494974985719 191.50590482726693 3.1145724906698695 3.6277291856675387 -1843.9468080359397 1.9930094587030451e-16 21.45440882946722 -4058.523397779473 7.39847076225964e-20 0.00435852005059897 0.17550020857479076
-5.036182632050141 -0.04910474485228402 3.5862532186926606 634.0162826641463 709.8908451527823 479.9601139202714 184.80106430500746 3.1145724906698695 3.6277291856675387 -1843.9468080359397 1.9930094587030451e-16 21.45440882946722 -4058.523397779473 7.39847076225964e-20 0.00435852005059897 0.17550020857479076
-5.056806624888094 -0.0589256938227406 3.5775343840828007 633.3483091574162 710.117287352914 479.8633451089263 178.8023710846901 3.1145724906698695 3.6277291856675387 -1843.9468080359397 1.9930094587030451e-16 21.45440882946722 -4058.523397779473 7.39847076225964e-20 0.00435852005059897 0.17550020857479076
-5.074484333034918 -0.06678245299910654 3.5688155494729403 632.7103916984051 710.3106234411243 479.709736533463 173.46251410245895 3.1145724906698695 3.6277291856675387 -1843.9468080359397 1.9930094587030451e-16 21.45440882946722 -4058.523397779473 7.39847076225964e-20 0.00435852005059897 0.17550020857479076
-5.09707251566697 -0.07365711727842547 3.5600967148630804 632.1054992103018 710.4741958912928 479.5471855998039 168.7357305586338 3.1145724906698695 3.6277291856675387 -1843.9468080359397 1.9930094587030451e-16 21.45440882946722 -4058.523397779473 7.39847076225964e-20 0.00435852005059897 0.17550020857479076
-5.101000895255158 -0.07758549686660789 3.55137788025322 631.5363836521283 710.6112150624394 479.4209418967366 164.57780585065484 3.1145724906698695 3.6277291856675387 -1843.9468080359397 1.9930094587030451e-16 21.45440882946722 -4058.523397779473 7.39847076225964e-20 0.00435852005059897 0.17550020857479076
-5.101000895255158 -0.07954968666069964 3.5426590456433598 631.0055800369009 710.7247592029162 479.37360686808825 160.94607359543443 3.1145724906698695 3.6277291856675387 -1843.9468080359397 1.9930094587030451e-16 21.45440882946722 -4058.523397779473 7.39847076225964e-20 0.00435852005059897 0.17550020857479076
-5.100018800358109 -0.08053178155774442 3.5339402110335 630.5154064162634 710.8177744478453 479.4451340287924 157.79941563680768 3.1145724906698695 3.6277291856675387 -1843.9468080359397 1.9930094587030451e-16 21.45440882946722 -4058.523397779473 7.39847076225964e-20 0.00435852005059897 0.17550020857479076
-5.09707251566697 -0.08151387645479029 3.5252213764236395 630.0679638916627 710.8930748216808 479.6728290244937 155.0982620753348 3.1145724906698695 3.6277291856675387 -1843.9468080359397 1.9930094587030451e-16 21.45440882946722 -4058.523397779473 7.39847076225964e-20 0.00435852005059897 0.17550020857479076
-5.092162041181737 -0.08151387645479141 3.5165025418137796 629.6651366087608 710.9533422319219 480.09134938567877 152.8045911900699 3.1145724906698695 3.6277291856675387 -1843.9468080359397 1.9930094587030451e-16 21.45440882946722 -4058.523397779473 7.39847076225964e-20 0.00435852005059897 0.17550020857479076
-5.087251566696509 -0.08053178155774553 3.5077837072039193 629.3085917560384 711.0011264805216 480.73270470649004 150.88192949071527 3.1145724906698695 3.6277291856675387 -1843.9468080359397 1.9930094587030451e-16 21.45440882946722 -4058.523397779473 7.39847076225964e-20 0.00435852005059897 0.17550020857479076
-5.082341092211281 -0.08249597135183728 3.4990648725940594 628.9997795685194 711.0388452508487 481.6262566149235 149.29535172134638 3.13719260785732 3.6269253514779534 -1851.439118385339 0.08353984244049478 21.490538323868726 -4108.351914606078 2.507104393903143e-05 0.004364268839291539 0.16267581184850963
-5.0813589973142355 -0.08544225604297381 3.490346037984199 628.7399333263747 711.0687841151375 482.7987188473344 148.01148084551096 3.13719260785732 3.6269253514779534 -1851.439118385339 0.08353984244049478 21.490538323868726 -4108.351914606078 2.507104393903143e-05 0.004364268839291539 0.16267581184850963
-5.0803769024171865 -0.09035273052820099 3.4816272033743387 628.5300693591125 711.0930965372827 484.2741570100188 146.99848806113005 3.13719260785732 3.6269253514779534 -1851.439118385339 0.08353984244049478 21.490538323868726 -4108.351914606078 2.507104393903143e-05 0.004364268839291539 0.16267581184850963
-5.079394807520142 -0.0952632050134304 3.472908368764479 628.3709870316088 711.1138038625941 486.07398883253336 146.22609277442098 3.13719260785732 3.6269253514779534 -1851.439118385339 0.08353984244049478 21.490538323868726 -4108.351914606078 2.507104393903143e-05 0.004364268839291539 0.16267581184850963
-5.0803769024171865 -0.10017367949865758 3.4641895341546185 628.2632687669247 711.1327953282744 488.21698405593634 145.66556259989738 3.13719260785732 3.6269253514779534 -1851.439118385339 0.08353984244049478 21.490538323868726 -4108.351914606078 2.507104393903143e-05 0.004364268839291539 0.16267581184850963
-5.079394807520138 -0.10213786929274933 3.4554706995447586 628.2072800179012 711.1518280587625 490.71926444768906 145.28971343114972 3.13719260785732 3.6269253514779534 -1851.439118385339 0.08353984244049478 21.490538323868726 -4108.351914606078 2.507104393903143e-05 0.004364268839291539 0.16267581184850963
-5.079394807520138 -0.10213786929274822 3.4467518649348983 628.2031692988239 711.1725270631723 493.5943037196994 145.07290929555893 3.13719260785732 3.6269253514779534 -1851.439118385339 0.08353984244049478 21.490538323868726 -4108.351914606078 2.507104393903143e-05 0.004364268839291539 0.16267581184850963
-5.081358997314227 -0.10311996418979298 3.4380330303250384 628.2508681532927 711.1963852397166 496.85292775928974 144.99106253311038 3.13719260785732 3.6269253514779534 -1851.439118385339 0.08353984244049478 21.490538323868726 -4108.351914606078 2.507104393903143e-05 0.004364268839291539 0.16267581184850963
-5.083323187108316 -0.10508415398388586 3.429314195715178 628.3500911858864 711.224763377104 500.5033143311739 145.02163364365697 3.13719260785732 3.6269253514779534 -1851.439118385339 0.08353984244049478 21.490538323868726 -4108.351914606078 2.507104393903143e-05 0.004364268839291539 0.16267581184850963
-5.085287376902406 -0.10803043867502239 3.4205953611053177 628.5003360337578 711.2588901477866 504.5509933233261 145.1436314098537 3.13719260785732 3.6269253514779534 -1851.439118385339 0.08353984244049478 21.490538323868726 -4108.351914606078 2.507104393903143e-05 0.004364268839291539 0.16267581184850963
-4.934044762757378 -0.09722739480751992 3.411876526495458 628.7008833838627 711.2998621121515 508.99884658306837 145.33761274814606 3.13719260785732 3.6269253514779534 -1851.439118385339 0.08353984244049478 21.490538323868726 -4108.351914606078 2.507104393903143e-05 0.004364268839291539 0.16267581184850963
-4.88395792300805 -0.09035273052820099 3.4031576918855975 628.9507969710976 711.3486437203828 513.8471080362797 145.58568290621042 3.13719260785732 3.6269253514779534 -1851.439118385339 0.08353984244049478 21.490538323868726 -4108.351914606078 2.507104393903143e-05 0.004364268839291539 0.16267581184850963
-4.8702085944494105 -0.08642435094001746 3.3944388572757376 629.248923573643 711.4060673071072 519.093363635242 145.8714952468872 3.13719260785732 3.6269253514779534 -1851.439118385339 0.08353984244049478 21.490538323868726 -4108.351914606078 2.507104393903143e-05 0.004364268839291539 0.16267581184850963
-4.876101163831688 -0.08642435094001859 3.3857200226658772 629.5938930073753 711.4728330967482 524.7325512841344 146.18025147542357 3.13719260785732 3.6269253514779534 -1851.439118385339 0.08353984244049478 21.490538323868726 -4108.351914606078 2.507104393903143e-05 0.004364268839291539 0.16267581184850963
-4.887886302596234 -0.0893706356311551 3.377001188056017 629.9841181463562 711.549509202363 530.7569609209895 146.4987013824284 3.13719260785732 3.6269253514779534 -1851.439118385339 0.08353984244049478 21.490538323868726 -4108.351914606078 2.507104393903143e-05 0.004364268839291539 0.16267581184850963
-4.893778871978512 -0.09428111011638228 3.368282353446157 630.417794902809 711.6365316219162 537.1562346220016 146.81514309719205 3.13719260785732 3.6269253514779534 -1851.439118385339 0.08353984244049478 21.490538323868726 -4108.351914606078 2.507104393903143e-05 0.004364268839291539 0.16267581184850963
-4.899671441360789 -0.0942811101163834 3.3595635188362967 630.8929022341035 711.7342042410746 543.9173664003611 147.11942291259766 3.13719260785732 3.6269253514779534 -1851.439118385339 0.08353984244049478 21.490538323868726 -4108.351914606078 2.507104393903143e-05 0.004364268839291539 0.16267581184850963
-4.903599820948968 -0.08838854073411034 3.3508446842264368 631.4072021418251 711.8426988362335 551.0247022137046 147.40293538197875 3.13719260785732 3.6269253514779534 -1851.439118385339 0.08353984244049478 21.490538323868726 -4108.351914606078 2.507104393903143e-05 0.004364268839291539 0.16267581184850963
-4.907528200537147 -0.07954968666069853 3.363250419972843 631.9582396759652 711.9620550668333 558.45994027704 147.65862322226167 3.13719260785732 3.6269253514779534 -1851.439118385339 0.08353984244049478 21.490538323868726 -4108.351914606078 2.507104393903143e-05 0.004364268839291539 0.16267581184850963
-4.911456580125336 -0.06874664279319606 3.3756561557192493 632.5433429325931 712.0921804821119 566.2021305337548 147.88097743690014 3.13719260785732 3.6269253514779534 -1851.439118385339 0.08353984244049478 21.490538323868726 -4108.351914606078 2.507104393903143e-05 0.004364268839291539 0.16267581184850963
-5.06859176365264 -0.06285407341092189 3.388061891465656 633.1596230440773 712.2328505215701 574.227675229311 148.066037196666 3.13719260785732 3.6269253514779534 -1851.439118385339 0.08353984244049478 21.490538323868726 -4108.351914606078 2.507104393903143e-05 0.004364268839291539 0.16267581184850963
-5.122606982990152 -0.05008683974932879 3.400467627212062 633.8039742009714 712.3837085077539 582.5103284195065 148.21138996258378 3.13719260785732 3.6269253514779534 -1851.439118385339 0.08353984244049478 21.490538323868726 -4108.351914606078 2.507104393903143e-05 0.004364268839291539 0.16267581184850963
-5.140284691136971 -0.03339122649955327 3.4128733629584684 634.4730736310594 712.5442656506784 591.0211963132024 148.31617135182023 3.13719260785732 3.6269253514779534 -1851.439118385339 0.08353984244049478 21.490538323868726 -4108.351914606078 2.507104393903143e-05 0.004364268839291539 0.16267581184850963
-5.138320501342877 -0.012767233661594225 3.4252790987048747 635.1633816058747 712.7139010531828 599.7287370935082 148.38106525316834 3.13719260785732 3.6269253514779534 -1851.439118385339 0.08353984244049478 21.490538323868726 -4108.351914606078 2.507104393903143e-05 0.004364268839291539 0.16267581184850963
-5.130463742166515 0.010803043867501345 3.4376848344512814 635.87114144722 712.8918617006857 608.5987609922886 148.40830371901393 3.13719260785732 3.6269253514779534 -1851.439118385339 0.08353984244049478 21.490538323868726 -4108.351914606078 2.507104393903143e-05 0.004364268839291539 0.16267581184850963
-5.12849955237242 0.03240913160250515 3.4500905701976876 636.5923795211129 713.0772624684032 617.594430193305 148.40166711434722 3.13719260785732 3.6269253514779534 -1851.439118385339 0.08353984244049478 21.490538323868726 -4108.351914606078 2.507104393903143e-05 0.004364268839291539 0.16267581184850963
-5.1265353625783305 0.04615846016114526 3.462496305944094 637.3229052340612 713.2690861183219 626.6762590333819 148.36648394167423 3.13719260785732 3.6269253514779534 -1851.439118385339 0.08353984244049478 21.490538323868726 -4108.351914606078 2.507104393903143e-05 0.004364268839291539 0.16267581184850963
-5.1265353625783305 0.054015219337511196 3.4749020416905 638.0583110442385 713.4661832996644 635.8021137714386 148.30963097512722 3.13719260785732 3.6269253514779534 -1851.439118385339 0.08353984244049478 21.490538323868726 -4108.351914606078 2.507104393903143e-05 0.004364268839291539 0.16267581184850963
-5.1265353625783305 0.05990778871978537 3.4873077774369063 638.7939724498428 713.6672725502867 644.9272127002478 148.23953318595886 3.13719260785732 3.6269253514779534 -1851.439118385339 0.08353984244049478 21.490538323868726 -4108.351914606078 2.507104393903143e-05 0.004364268839291539 0.16267581184850963
-5.1265353625783305 0.06481826320501366 3.499713513183313 639.5250479951501 713.8709402938839 654.0041262060404 148.1661638058722 3.13719260785732 3.6269253514779534 -1851.439118385339 0.08353984244049478 21.490538323868726 -4108.351914606078 2.507104393903143e-05 0.004364268839291539 0.16267581184850963
-5.1265353625783305 0.06383616830796777 3.5121192489297193 640.2464792765677 714.0756408453453 662.9827765971422 148.10104423761368 3.13719260785732 3.6269253514779534 -1851.439118385339 0.08353984244049478 21.490538323868726 -4108.351914606078 2.507104393903143e-05 0.004364268839291539 0.16267581184850963
-5.1265353625783305 0.060889883616830134 3.5245249846761255 640.9529909249395 714.2796964019071 671.810438297689 148.0572441406548 3.13719260785732 3.6269253514779534 -1851.439118385339 0.08353984244049478 21.490538323868726 -4108.351914606078 2.507104393903143e-05 0.004364268839291539 0.16267581184850963
-5.1265353625783305 0.05892569382273949 3.5369307204225318 641.6390906223096 714.481297052931 680.4317376837134 148.04938138276339 3.13719260785732 3.6269253514779534 -1851.439118385339 0.08353984244049478 21.490538323868726 -4108.351914606078 2.507104393903143e-05 0.004364268839291539 0.16267581184850963
-5.1265353625783305 0.056961504028648836 3.5493364561689384 642.299069094006 714.6785007726867 688.7886532396078 148.09362208470702 3.13719260785732 3.6269253514779534 -1851.439118385339 0.08353984244049478 21.490538323868726 -4108.351914606078 2.507104393903143e-05 0.004364268839291539 0.16267581184850963
-5.1265353625783305 0.05499731423455819 3.5617421919153447 642.9270001165569 714.8692334236111 696.8205153569579 148.2076805382967 3.13719260785732 3.6269253514779534 -1851.439118385339 0.08353984244049478 21.490538323868726 -4108.351914606078 2.507104393903143e-05 0.004364268839291539 0.16267581184850963
-5.1265353625783305 0.05401521933751231 3.574147927661751 643.5167404976673 715.0512887567747 704.4640065729618 148.41081930696964 3.13719260785732 3.6269253514779534 -1851.439118385339 0.08353984244049478 21.490538323868726 -4108.351914606078 2.507104393903143e-05 0.004364268839291539 0.16267581184850963
-5.1265353625783305 0.05401521933751231 3.586553663408157 644.0619301050901 715.2223284097854 711.6531613767147 148.72384914383292 3.13719260785732 3.6269253514779534 -1851.439118385339 0.08353984244049478 21.490538323868726 -4108.351914606078 2.507104393903143e-05 0.004364268839291539 0.16267581184850963
-5.1265353625783305 0.054997314234557074 3.5989593991545634 644.5559918461367 715.3798819063231 718.3193662911654 149.1691290512681 3.13719260785732 3.6269253514779534 -1851.439118385339 0.08353984244049478 21.490538323868726 -4108.351914606078 2.507104393903143e-05 0.004364268839291539 0.16267581184850963
-5.1265353625783305 0.05597940913160296 3.61136513490097 644.9921316714026 715.5213466612622 724.391359873116 149.77056623250246 3.13719260785732 3.6269253514779534 -1851.439118385339 0.08353984244049478 21.490538323868726 -4108.351914606078 2.507104393903143e-05 0.004364268839291539 0.16267581184850963
-5.1265353625783305 0.056961504028648836 3.6237708706473764 645.3633385756984 715.6439879743848 729.7952327653766 150.5536161288619 3.13719260785732 3.6269253514779534 -1851.439118385339 0.08353984244049478 21.490538323868726 -4108.351914606078 2.507104393903143e-05 0.004364268839291539 0.16267581184850963
-5.1265353625783305 0.057943598925693604 3.6361766063937826 645.6623846055008 715.7449390331749 734.4544274583459 151.5452824048698 3.13719260785732 3.6269253514779534 -1851.439118385339 0.08353984244049478 21.490538323868726 -4108.351914606078 2.507104393903143e-05 0.004364268839291539 0.16267581184850963
-5.128499552372425 0.05597940913160184 3.648582342140189 645.8818248482421 715.8212009137496 738.2897386625409 152.77411691844463 3.13719260785732 3.6269253514779534 -1851.439118385339 0.08353984244049478 21.490538323868726 -4108.351914606078 2.507104393903143e-05 0.004364268839291539 0.16267581184850963
-5.132427931960608 0.05401521933751008 3.6609880778865955 646.0139974313788 715.8696425787639 741.219313018024 154.2702197767794 3.13719260785732 3.6269253514779534 -1851.439118385339 0.08353984244049478 21.490538323868726 -4108.351914606078 2.507104393903143e-05 0.004364268839291539 0.16267581184850963
-5.130463742166519 0.05008683974932655 3.6733938136330018 646.0510235405527 715.8870008799713 743.1586491540074 156.06523933634162 3.13719260785732 3.6269253514779534 -1851.439118385339 0.08353984244049478 21.490538323868726 -4108.351914606078 2.507104393903143e-05 0.004364268839291539 0.16267581184850963
-5.124571172784246 0.045176365264100495 3.685799549379408 645.984807393048 715.8698805538006 744.0205978676677 158.19237211719155 3.13719260785732 3.6269253514779534 -1851.439118385339 0.08353984244049478 21.490538323868726 -4108.351914606078 2.507104393903143e-05 0.004364268839291539 0.16267581184850963
-5.118678603401973 0.039283795881826324 3.6982052851258143 645.8070362587459 715.8147542283405 743.7153617590666 160.68636292219162 3.115222133655385 3.6177860829992916 -1839.5323330920182 4.143302232730383e-15 21.524375548185905 -4080.990958864852 1.5380252446218033e-18 0.004378618122533464 0.1698202379726233
-5.112786034019695 0.03339122649955215 3.64726234522631 645.5091804517433 715.7179624142591 742.1504957079887 163.58350470289588 3.115222133655385 3.6177860829992916 -1839.5323330920182 4.143302232730383e-15 21.524375548185905 -4080.990958864852 1.5380252446218033e-18 0.004378618122533464 0.1698202379726233
-5.102965085049243 0.026516562220232097 3.596319405326806 645.0824933322147 715.575713514816 739.2309063598514 166.92163872346282 3.115222133655385 3.6177860829992916 -1839.5323330920182 4.143302232730383e-15 21.524375548185905 -4080.990958864852 1.5380252446218033e-18 0.004378618122533464 0.1698202379726233
-5.091179946284693 0.019641897940912045 3.545376465427302 644.5180113026872 715.3840838158503 734.8588526174426 170.740154389292 3.115222133655385 3.6177860829992916 -1839.5323330920182 4.143302232730383e-15 21.524375548185905 -4080.990958864852 1.5380252446218033e-18 0.004378618122533464 0.1698202379726233
-5.079394807520151 0.012767233661593108 3.4944335255277976 643.8065538113005 715.1390174964909 728.9339452907443 175.07998939231038 3.115222133655385 3.6177860829992916 -1839.5323330920182 4.143302232730383e-15 21.524375548185905 -4080.990958864852 1.5380252446218033e-18 0.004378618122533464 0.1698202379726233
-5.067609668755605 0.005892569382274172 3.4434905856282936 642.9387233504094 714.836326618446 721.3531472012401 179.9836296029389 3.115222133655385 3.6177860829992916 -1839.5323330920182 4.143302232730383e-15 21.524375548185905 -4080.990958864852 1.5380252446218033e-18 0.004378618122533464 0.1698202379726233
-5.05386034019696 0.0019641897940906464 3.3925476457287895 641.9049054645002 714.471691132756 712.0107731595635 185.49510914459825 3.115222133655385 3.6177860829992916 -1839.5323330920182 4.143302232730383e-15 21.524375548185905 -4080.990958864852 1.5380252446218033e-18 0.004378618122533464 0.1698202379726233
-5.038146821844226 -0.002946284691137644 3.3416047058292855 640.6952687390149 714.0406588786282 700.7984901741147 191.66001032665372 3.115222133655385 3.6177860829992916 -1839.5323330920182 4.143302232730383e-15 21.524375548185905 -4080.990958864852 1.5380252446218033e-18 0.004378618122533464 0.1698202379726233
-5.028325872873769 -0.005892569382274172 3.2906617659297814 639.2997647994198 713.5386455827393 687.6053171157837 198.52546374499798 3.115222133655385 3.6177860829992916 -1839.5323330920182 4.143302232730383e-15 21.524375548185905 -4080.990958864852 1.5380252446218033e-18 0.004378618122533464 0.1698202379726233
-5.034218442256047 -0.017677708146822516 3.2397188260302774 637.7081283186562 712.9609348585363 672.317624874413 206.14014813303947 3.115222133655385 3.6177860829992916 -1839.5323330920182 4.143302232730383e-15 21.524375548185905 -4080.990958864852 1.5380252446218033e-18 0.004378618122533464 0.1698202379726233
-5.044039391226499 -0.03437332139659915 3.1887758861307733 635.9098770194687 712.3026782053057 654.8191365152597 214.55429054051638 3.115222133655385 3.6177860829992916 -1839.5323330920182 4.143302232730383e-15 21.524375548185905 -4080.990958864852 1.5380252446218033e-18 0.004378618122533464 0.1698202379726233
-5.053860340196955 -0.05401521933751231 3.137832946231269 633.8943116702139 711.5588950163219 634.9909269735217 223.81966614723206 3.115222133655385 3.6177860829992916 -1839.5323330920182 4.143302232730383e-15 21.524375548185905 -4080.990958864852 1.5380252446218033e-18 0.004378618122533464 0.1698202379726233
-5.069573858549695 -0.07365711727842547 3.086890006331765 631.6505160783418 710.7244725651108 612.7114232927561 233.98959844186902 3.115222133655385 3.6177860829992916 -1839.5323330920182 4.143302232730383e-15 21.524375548185905 -4080.990958864852 1.5380252446218033e-18 0.004378618122533464 0.1698202379726233
-5.085287376902424 -0.09329901521933863 3.0359470664322608 629.1673571006395 709.7941660131328 587.856404453516 245.11895906552672 3.115222133655385 3.6177860829992916 -1839.5323330920182 4.143302232730383e-15 21.524375548185905 -4080.990958864852 1.5380252446218033e-18 0.004378618122533464 0.1698202379726233
-5.101000895255158 -0.11195881826320592 2.9850041265327567 626.4334846353158 708.7625984176993 560.2990015819669 257.26416793093085 3.115222133655385 3.6177860829992916 -1839.5323330920182 4.143302232730383e-15 21.524375548185905 -4080.990958864852 1.5380252446218033e-18 0.004378618122533464 0.1698202379726233
