21 -1.0773581020590897 3.9480214861235465 1.4852910331166405 -0.3191808415398389 4.147386750223813
-1.0773581020590897 3.9480214861235465 1.4852910331166405 962.7249435347265 568.4720073404856 690.9758610954291 249.70045172222217 4.392728988578637 5.087168401211819 -2746.3764414535035 0.06407777767555944 25.821588106304276 -4012.002758279125 2.18322922233593e-05 0.006114938266297213 0.04692469677660807
-1.041020590868402 3.951949865711728 1.4631064559621072 962.2613963267861 566.7327550595861 701.2789013046463 261.5370590508019 4.392728988578637 5.087168401211819 -2746.3764414535035 0.06407777767555944 25.821588106304276 -4012.002758279125 2.18322922233593e-05 0.006114938266297213 0.04692469677660807
-1.0046830796777144 3.9558782452999113 1.4631064559620464 961.6966668152605 564.9247454109588 712.7263489752042 277.3260275193952 4.392728988578637 5.087168401211819 -2746.3764414535035 0.06407777767555944 25.821588106304276 -4012.002758279125 2.18322922233593e-05 0.006114938266297213 0.04692469677660807
-0.9673634735899822 3.96078871978514 1.4399689307208303 961.0440309824794 563.0782430821307 724.9817054552193 295.41252369472477 4.392728988578637 5.087168401211819 -2746.3764414535035 0.06407777767555944 25.821588106304276 -4012.002758279125 2.18322922233593e-05 0.006114938266297213 0.04692469677660807
-0.9280796777081558 3.9666812891674126 1.4219063791854216 960.3184934479316 561.219260230617 737.7537905010106 314.36752760183754 4.392728988578637 5.087168401211819 -2746.3764414535035 0.06407777767555944 25.821588106304276 -4012.002758279125 2.18322922233593e-05 0.006114938266297213 0.04692469677660807
-0.8897779767233742 3.9706096687555963 1.4685896086876224 959.5367874682648 559.3695564839215 750.7967422771035 332.9878327240913 4.392728988578637 5.087168401211819 -2746.3764414535035 0.06407777767555944 25.821588106304276 -4012.002758279125 2.18322922233593e-05 0.006114938266297213 0.04692469677660807
-0.8514762757385927 3.973555953446733 1.494024435525132 958.7173749372861 557.5466389395376 763.9100173562213 350.2960460031618 4.392728988578637 5.087168401211819 -2746.3764414535035 0.06407777767555944 25.821588106304276 -4012.002758279125 2.18322922233593e-05 0.006114938266297213 0.04692469677660807
-0.8112103849597172 3.978466427931961 1.4494443262241437 957.8804463859611 555.7637621649458 776.9383907192953 365.54058783903656 4.392728988578637 5.087168401211819 -2746.3764414535035 0.06407777767555944 25.821588106304276 -4012.002758279125 2.18322922233593e-05 0.006114938266297213 0.04692469677660807
-0.7758549686660744 3.979448522829008 1.543025690201437 957.047920982415 554.0299281976163 789.7719557554619 378.1956920900202 4.392728988578637 5.087168401211819 -2746.3764414535035 0.06407777767555944 25.821588106304276 -4012.002758279125 2.18322922233593e-05 0.006114938266297213 0.04692469677660807
-0.7414816472694763 3.980430617726053 1.5422326689561625 956.2434465319317 552.3498865450076 802.3461242620585 387.96140607272173 4.392728988578637 5.087168401211819 -2746.3764414535035 0.06407777767555944 25.821588106304276 -4012.002758279125 2.18322922233593e-05 0.006114938266297213 0.04692469677660807
-0.7051441360787888 3.9814127126230976 1.5437758776076551 955.492399476954 550.7241341845668 814.6416264446261 394.76359056208366 4.392728988578637 5.087168401211819 -2746.3764414535035 0.06407777767555944 25.821588106304276 -4012.002758279125 2.18322922233593e-05 0.006114938266297213 0.04692469677660807
-0.6727350044762802 3.9833769024171892 1.510264307012779 954.8218848970841 549.1489155637296 826.6845109169101 398.7539197913393 4.392728988578637 5.087168401211819 -2746.3764414535035 0.06407777767555944 25.821588106304276 -4012.002758279125 2.18322922233593e-05 0.006114938266297213 0.04692469677660807
-0.6373795881826375 3.9873052820053707 1.4601391056210355 954.2607365090832 547.6162225999203 838.5461447008586 400.3098814520663 4.392728988578637 5.087168401211819 -2746.3764414535035 0.06407777767555944 25.821588106304276 -4012.002758279125 2.18322922233593e-05 0.006114938266297213 0.04692469677660807
-0.6049704565801245 3.993197851387644 1.390942827002479 953.8395166668714 546.113794680552 850.3432132266275 400.03477669412496 4.392728988578637 5.087168401211819 -2746.3764414535035 0.06407777767555944 25.821588106304276 -4012.002758279125 2.18322922233593e-05 0.006114938266297213 0.04692469677660807
-0.5715792300805757 4.001054610564011 1.339705659598925 953.5905163615278 544.6251186630262 862.2377203325709 398.7577201257154 4.392728988578637 5.087168401211819 -2746.3764414535035 0.06407777767555944 25.821588106304276 -4012.002758279125 2.18322922233593e-05 0.006114938266297213 0.04692469677660807
-0.5391700984780716 4.012839749328559 1.2220253232109508 953.5477552212907 543.129428874733 874.4369882652484 397.5336398133368 4.392728988578637 5.087168401211819 -2746.3764414535035 0.06407777767555944 25.821588106304276 -4012.002758279125 2.18322922233593e-05 0.006114938266297213 0.04692469677660807
-0.5057788719785183 4.027571172784244 1.1553042308540158 953.7469815115571 541.6017071130516 887.1936576794267 397.6432772818016 4.392728988578637 5.087168401211819 -2746.3764414535035 0.06407777767555944 25.821588106304276 -4012.002758279125 2.18322922233593e-05 0.006114938266297213 0.04692469677660807
-0.47140555058192035 4.045248880931066 1.09578557052981 954.2256721348837 540.0126826453488 900.8056876380713 400.5931875142651 4.392728988578637 5.087168401211819 -2746.3764414535035 0.06407777767555944 25.821588106304276 -4012.002758279125 2.18322922233593e-05 0.006114938266297213 0.04692469677660807
-0.4301575649060045 4.067837063563115 1.0697829399912973 955.0230326309854 538.3288322089809 915.6163556123533 408.11573895214224 4.392728988578637 5.087168401211819 -2746.3764414535035 0.06407777767555944 25.821588106304276 -4012.002758279125 2.18322922233593e-05 0.006114938266297213 0.04692469677660807
-0.38989167412712894 4.092389435989257 1.0232340908549384 956.1799971767371 536.5123800112931 932.0142574816532 422.16911349523525 4.392728988578637 5.087168401211819 -2746.3764414535035 0.06407777767555944 25.821588106304276 -4012.002758279125 2.18322922233593e-05 0.006114938266297213 0.04692469677660807
-0.35355416293643693 4.1198880931065345 0.9229848998678415 957.7392285861716 534.5212977296178 950.4333075335428 444.93730650157795 4.392728988578637 5.087168401211819 -2746.3764414535035 0.06407777767555944 25.821588106304276 -4012.002758279125 2.18322922233593e-05 0.006114938266297213 0.04692469677660807
-0.3191808415398389 4.147386750223813 0.8960553845713519 1039.5096732523016 496.792347363541 871.4520465658607 409.454339716729 4.392728988578637 5.087168401211819 -2746.3764414535035 0.06407777767555944 25.821588106304276 -4012.002758279125 2.18322922233593e-05 0.006114938266297213 0.04692469677660807
-0.2916821844225631 4.1758675022381375 0.7678561033399814 986.1225248887877 521.2239972908592 823.0556543364437 380.28914975713633 4.392728988578637 5.087168401211819 -2746.3764414535035 0.06407777767555944 25.821588106304276 -4012.002758279125 2.18322922233593e-05 0.006114938266297213 0.04692469677660807
-0.2661477170993814 4.2053303491495075 0.7140906986120541 937.6389005690708 543.7051107079715 783.9132903090831 354.74484103625764 4.392728988578637 5.087168401211819 -2746.3764414535035 0.06407777767555944 25.821588106304276 -4012.002758279125 2.18322922233593e-05 0.006114938266297213 0.04692469677660807
-0.4979221128021558 3.918558639212177 3.8213252348873867 893.7710003042666 564.3248013075154 753.059393690859 332.5034613882781 4.392728988578637 5.087168401211819 -2746.3764414535035 0.06407777767555944 25.821588106304276 -4012.002758279125 2.18322922233593e-05 0.006114938266297213 0.04692469677660807
-0.7974610564010816 3.496257833482544 3.7585345441373286 854.2390346601169 583.1707160861642 729.572284580041 313.2609699233217 4.392728988578637 5.087168401211819 -2746.3764414535035 0.06407777767555944 25.821588106304276 -4012.002758279125 2.18322922233593e-05 0.006114938266297213 0.04692469677660807
-1.11860608773501 3.0120850492390328 3.727251145162722 818.7712247569798 600.3290353446246 712.5741639661392 296.7272370274586 4.392728988578637 5.087168401211819 -2746.3764414535035 0.06407777767555944 25.821588106304276 -4012.002758279125 2.18322922233593e-05 0.006114938266297213 0.04692469677660807
-1.4456436884512158 2.5072882721575636 3.716461954311754 787.1038022698413 615.884472687635 701.2311137298748 282.6260443626961 4.392728988578637 5.087168401211819 -2746.3764414535035 0.06407777767555944 25.821588106304276 -4012.002758279125 2.18322922233593e-05 0.006114938266297213 0.04692469677660807
-1.7707170993733279 2.0034735899731415 3.714603195537209 758.981009428293 629.9202750239738 694.7530966431877 270.6950848669603 4.392728988578637 5.087168401211819 -2746.3764414535035 0.06407777767555944 25.821588106304276 -4012.002758279125 2.18322922233593e-05 0.006114938266297213 0.04692469677660807
-2.0938263205013503 1.5094798567591758 3.7208275999418423 734.1550990165506 642.5182225664485 692.3939563691965 260.6859627541435 4.392728988578637 5.087168401211819 -2746.3764414535035 0.06407777767555944 25.821588106304276 -4012.002758279125 2.18322922233593e-05 0.006114938266297213 0.04692469677660807
-2.4159534467323187 1.0321817367949857 3.73527163893228 712.3863343734556 653.7586288319062 693.4514174623037 252.3641935140622 4.392728988578637 5.087168401211819 -2746.3764414535035 0.06407777767555944 25.821588106304276 -4012.002758279125 2.18322922233593e-05 0.006114938266297213 0.04692469677660807
-2.734152193375113 0.5715792300805723 3.7461387598876916 693.4429893924735 663.7203406412227 697.2670853680502 245.50920391246655 4.392728988578637 5.087168401211819 -2746.3764414535035 0.06407777767555944 25.821588106304276 -4012.002758279125 2.18322922233593e-05 0.006114938266297213 0.04692469677660807
-3.0444941808415447 0.12374395702775202 3.7475933135151918 677.1013485216736 672.4807381193104 703.226446423254 239.9143319910545 4.392728988578637 5.087168401211819 -2746.3764414535035 0.06407777767555944 25.821588106304276 -4012.002758279125 2.18322922233593e-05 0.006114938266297213 0.04692469677660807
-3.3518898836168374 -0.31525246195165757 3.7524687455863432 663.1457067637584 680.1157346951213 710.758867855915 235.3868270674502 4.392728988578637 5.087168401211819 -2746.3764414535035 0.06407777767555944 25.821588106304276 -4012.002758279125 2.18322922233593e-05 0.006114938266297213 0.04692469677660807
-3.573843330349151 -0.43310384959713655 4.2037267556093525 651.3683696760363 686.6997771016304 719.3375977852629 231.7478497352331 4.392728988578637 5.087168401211819 -2746.3764414535035 0.06407777767555944 25.821588106304276 -4012.002758279125 2.18322922233593e-05 0.006114938266297213 0.04692469677660807
-3.7290143240823665 -0.4154261414503129 4.825991701140357 641.569653370454 692.3058453758567 728.4797652217167 228.8324718639069 4.392728988578637 5.087168401211819 -2746.3764414535035 0.06407777767555944 25.821588106304276 -4012.002758279125 2.18322922233593e-05 0.006114938266297213 0.04692469677660807
-3.865525514771709 -0.33784064458370616 5.252808480655271 633.5578845135606 697.0054528588525 737.7463800669648 226.48967659892332 4.392728988578637 5.087168401211819 -2746.3764414535035 0.06407777767555944 25.821588106304276 -4012.002758279125 2.18322922233593e-05 0.006114938266297213 0.04692469677660807
-4.011857654431513 -0.24355953446732165 5.308588121682176 627.1494003265416 700.8686461956968 746.7423331138343 224.58235836166205 4.392728988578637 5.087168401211819 -2746.3764414535035 0.06407777767555944 25.821588106304276 -4012.002758279125 2.18322922233593e-05 0.006114938266297213 0.04692469677660807
-4.168992837958814 -0.1571351835273053 5.235093798469441 622.1685485851831 703.9640053355142 755.1163960464255 222.98732284944526 3.3030914876682624 3.8635828642942176 -2073.0794653240364 -4.467790032166397e-16 22.74596779980001 -4702.843672781002 -1.6583814901863117e-19 0.004637014464701673 0.04127385003561001
-4.330056401074303 -0.08544225604297158 5.147248733060097 618.4476876199078 706.3586435314546 762.5612214400717 221.59528703553406 3.3030914876682624 3.8635828642942176 -2073.0794653240364 -4.467790032166397e-16 22.74596779980001 -4702.843672781002 -1.6583814901863117e-19 0.004637014464701673 0.04127385003561001
-4.492102059086837 -0.03339122649955327 5.03413953478133 615.8271863157497 708.1182073407053 768.8133427612411 220.31087916913202 3.3030914876682624 3.8635828642942176 -2073.0794653240364 -4.467790032166397e-16 22.74596779980001 -4702.843672781002 -1.6583814901863117e-19 0.004637014464701673 0.04127385003561001
-4.656111906893464 -0.0009820948970458813 4.91221762545768 614.1554241123631 709.3068766244924 773.6531743676787 219.0526387753671 3.3030914876682624 3.8635828642942176 -2073.0794653240364 -4.467790032166397e-16 22.74596779980001 -4702.843672781002 -1.6583814901863117e-19 0.004637014464701673 0.04127385003561001
-4.826014324082364 0.015713518352730754 4.809642178636256 613.2887910040226 709.9873645480657 776.9050115083082 217.75301665532788 3.3030914876682624 3.8635828642942176 -2073.0794653240364 -4.467790032166397e-16 22.74596779980001 -4702.843672781002 -1.6583814901863117e-19 0.004637014464701673 0.04127385003561001
-4.994934646374212 0.0088388540734107 4.663348577060933 613.0916875396288 710.220917580722 778.43703032333 216.35837488601828 3.3030914876682624 3.8635828642942176 -2073.0794653240364 -4.467790032166397e-16 22.74596779980001 -4702.843672781002 -1.6583814901863117e-19 0.004637014464701673 0.04127385003561001
-4.996898836168306 -0.0029462846911365278 4.575172559536377 613.4365248226895 710.0673154957794 778.1612878441083 214.8289868203883 3.3030914876682624 3.8635828642942176 -2073.0794653240364 -4.467790032166397e-16 22.74596779980001 -4702.843672781002 -1.6583814901863117e-19 0.004637014464701673 0.04127385003561001
-5.001809310653534 -0.017677708146822516 4.48699654201182 614.2037245113424 709.5848713706037 776.0337219932044 213.1390370873396 3.3030914876682624 3.8635828642942176 -2073.0794653240364 -4.467790032166397e-16 22.74596779980001 -4702.843672781002 -1.6583814901863117e-19 0.004637014464701673 0.04127385003561001
-5.010648164726941 -0.0412479856759192 4.398820524487264 615.2817188183453 708.8304315865844 772.054151584427 211.27662159167994 3.3030914876682624 3.8635828642942176 -2073.0794653240364 -4.467790032166397e-16 22.74596779980001 -4702.843672781002 -1.6583814901863117e-19 0.004637014464701673 0.04127385003561001
-5.0047555953446725 -0.0638361683079689 4.310644506962707 616.5669505110654 707.8593758291518 766.2662763228363 209.243747514196 3.3030914876682624 3.8635828642942176 -2073.0794653240364 -4.467790032166397e-16 22.74596779980001 -4702.843672781002 -1.6583814901863117e-19 0.004637014464701673 0.04127385003561001
-4.996898836168306 -0.0864243509400197 4.222468489438151 617.9638729114959 706.725617087769 758.7576768046347 207.05633331157514 3.3030914876682624 3.8635828642942176 -2073.0794653240364 -4.467790032166397e-16 22.74596779980001 -4702.843672781002 -1.6583814901863117e-19 0.004637014464701673 0.04127385003561001
-4.9890420769919475 -0.1070483437779765 4.134292471913595 619.3849498962554 705.4816016559289 749.6598145172538 204.74420871647817 3.3030914876682624 3.8635828642942176 -2073.0794653240364 -4.467790032166397e-16 22.74596779980001 -4702.843672781002 -1.6583814901863117e-19 0.004637014464701673 0.04127385003561001
-4.98511369740376 -0.12963652641002732 4.046116454389038 620.7506558965797 704.1783091311672 739.1480318394024 202.35111473746838 3.3030914876682624 3.8635828642942176 -2073.0794653240364 -4.467790032166397e-16 22.74596779980001 -4702.843672781002 -1.6583814901863117e-19 0.004637014464701673 0.04127385003561001
-4.98314950760967 -0.15124261414503223 3.9579404368644813 621.9894758983137 702.8652524150439 727.4415520409384 199.93470365907524 3.3030914876682624 3.8635828642942176 -2073.0794653240364 -4.467790032166397e-16 22.74596779980001 -4702.843672781002 -1.6583814901863117e-19 0.004637014464701673 0.04127385003561001
-4.981185317815571 -0.17284870188003604 3.8697644193399245 623.0379054419354 701.5904777131618 714.803479282964 197.56653904174345 3.3030914876682624 3.8635828642942176 -2073.0794653240364 -4.467790032166397e-16 22.74596779980001 -4702.843672781002 -1.6583814901863117e-19 0.004637014464701673 0.04127385003561001
-4.983149507609661 -0.18168755595344674 3.7815884018153683 623.8404506225397 700.4005645351572 701.5407986177597 195.3320957218857 3.3030914876682624 3.8635828642942176 -2073.0794653240364 -4.467790032166397e-16 22.74596779980001 -4702.843672781002 -1.6583814901863117e-19 0.004637014464701673 0.04127385003561001
-4.985113697403751 -0.19347269471799622 3.6934123842908115 624.3496280898325 699.3406256946973 688.0043759888867 193.3307598118281 3.3030914876682624 3.8635828642942176 -2073.0794653240364 -4.467790032166397e-16 22.74596779980001 -4702.843672781002 -1.6583814901863117e-19 0.004637014464701673 0.04127385003561001
-4.98707788719784 -0.20427573858549755 3.6052363667662553 624.5259650481457 698.4543073094792 674.5889582310992 191.67582869983016 3.3030914876682624 3.8635828642942176 -2073.0794653240364 -4.467790032166397e-16 22.74596779980001 -4702.843672781002 -1.6583814901863117e-19 0.004637014464701673 0.04127385003561001
-4.98707788719784 -0.20722202327663408 3.5170603492416985 624.3379992564369 697.7837888012482 661.7331730702972 190.49451105011758 3.3030914876682624 3.8635828642942176 -2073.0794653240364 -4.467790032166397e-16 22.74596779980001 -4702.843672781002 -1.6583814901863117e-19 0.004637014464701673 0.04127385003561001
-4.991006266786028 -0.21016830796777172 3.4288843317171422 623.7622790282658 697.369782895772 649.9195291236647 189.92792680282218 3.3030914876682624 3.8635828642942176 -2073.0794653240364 -4.467790032166397e-16 22.74596779980001 -4702.843672781002 -1.6583814901863117e-19 0.004637014464701673 0.04127385003561001
-4.9968988361683015 -0.21311459265890936 3.340708314192586 622.7833632318416 697.2515356228523 639.6744158996735 190.13110717404743 3.3030914876682624 3.8635828642942176 -2073.0794653240364 -4.467790032166397e-16 22.74596779980001 -4702.843672781002 -1.6583814901863117e-19 0.004637014464701673 0.04127385003561001
-5.0047555953446725 -0.21704297224709065 3.2525322966680292 621.3938212899648 697.4668263163339 631.5681037978175 191.272994655812 3.3030914876682624 3.8635828642942176 -2073.0794653240364 -4.467790032166397e-16 22.74596779980001 -4702.843672781002 -1.6583814901863117e-19 0.004637014464701673 0.04127385003561001
-5.008683974932857 -0.21900716204118242 3.1643562791434725 619.5942331800525 698.0519676140939 626.2147441089219 193.53644301607346 3.3030914876682624 3.8635828642942176 -2073.0794653240364 -4.467790032166397e-16 22.74596779980001 -4702.843672781002 -1.6583814901863117e-19 0.004637014464701673 0.04127385003561001
-5.014576544315129 -0.22293554162936371 3.0761802616189162 617.393189434184 699.0418054580332 624.2723690150524 197.118217298721 3.3030914876682624 3.8635828642942176 -2073.0794653240364 -4.467790032166397e-16 22.74596779980001 -4702.843672781002 -1.6583814901863117e-19 0.004637014464701673 0.04127385003561001
-5.020469113697402 -0.22588182632050136 2.98800424409436 614.8072911390118 700.4697190941042 626.4428915894896 202.2289938236263 3.3030914876682624 3.8635828642942176 -2073.0794653240364 -4.467790032166397e-16 22.74596779980001 -4702.843672781002 -1.6583814901863117e-19 0.004637014464701673 0.04127385003561001
-5.02636168307968 -0.23079230080573077 2.899828226569803 611.861149935834 702.3676210722779 633.4721057966199 209.09336018652175 3.3030914876682624 3.8635828642942176 -2073.0794653240364 -4.467790032166397e-16 22.74596779980001 -4702.843672781002 -1.6583814901863117e-19 0.004637014464701673 0.04127385003561001
-5.030290062667864 -0.23472068039391317 2.8116522090452465 608.587388020549 704.7659572465709 646.1496864921719 217.94981525915136 3.3030914876682624 3.8635828642942176 -2073.0794653240364 -4.467790032166397e-16 22.74596779980001 -4702.843672781002 -1.6583814901863117e-19 0.004637014464701673 0.04127385003561001
-5.0342184422560425 -0.2386490599820956 2.7234761915206898 605.0266381436923 707.6937067750232 665.309189422991 229.05076918917985 3.3030914876682624 3.8635828642942176 -2073.0794653240364 -4.467790032166397e-16 22.74596779980001 -4702.843672781002 -1.6583814901863117e-19 0.004637014464701673 0.04127385003561001
-5.038146821844221 -0.242577439570278 2.635300173996134 601.227543610421 711.1783821197205 691.8280512272395 242.6625434001453 3.3030914876682624 3.8635828642942176 -2073.0794653240364 -4.467790032166397e-16 22.74596779980001 -4702.843672781002 -1.6583814901863117e-19 0.004637014464701673 0.04127385003561001
-5.0420752014324 -0.2465058191584604 2.547124156471577 597.2467582804802 715.2460290467734 726.6275894342434 259.06537059163384 3.3030914876682624 3.8635828642942176 -2073.0794653240364 -4.467790032166397e-16 22.74596779980001 -4702.843672781002 -1.6583814901863117e-19 0.004637014464701673 0.04127385003561001
