19 -0.9762023276633895 3.2281459265890775 1.7359450042095235 -0.31328827215756133 2.602551477170993
-0.9762023276633895 3.2281459265890775 1.7359450042095235 911.088490165188 539.0467304623598 693.2405635294272 258.1004784713732 3.1303513800148344 3.66004228477484 -1830.1762716650549 3.3611736558775347e-15 21.621303482880514 -3895.9267072659068 1.2476306238510246e-18 0.004406475829458883 0.20600037446847677
-0.9320080572963348 3.2202891674127128 1.7467359522474146 909.8059871160367 537.7685336334544 704.4140319600119 285.203114739852 3.1303513800148344 3.66004228477484 -1830.1762716650549 3.3611736558775347e-15 21.621303482880514 -3895.9267072659068 1.2476306238510246e-18 0.004406475829458883 0.20600037446847677
-0.8868316920322356 3.2085040286481643 1.8259787174157291 908.200051990716 536.3342644712393 714.658203552186 308.0809644443216 3.1303513800148344 3.66004228477484 -1830.1762716650549 3.3611736558775347e-15 21.621303482880514 -3895.9267072659068 1.2476306238510246e-18 0.004406475829458883 0.20600037446847677
-0.8377269471799526 3.19180841539839 1.8985348335754195 906.2641019328585 534.7907003470464 724.1560066606617 326.8990993539337 3.1303513800148344 3.66004228477484 -1830.1762716650549 3.3611736558775347e-15 21.621303482880514 -3895.9267072659068 1.2476306238510246e-18 0.004406475829458883 0.20600037446847677
-0.7856759176365309 3.174130707251566 1.8981965385951436 903.9987663010688 533.1806782999047 733.0774931979249 341.88127404195257 3.1303513800148344 3.66004228477484 -1830.1762716650549 3.3611736558775347e-15 21.621303482880514 -3895.9267072659068 1.2476306238510246e-18 0.004406475829458883 0.20600037446847677
-0.7336248880931138 3.1535067144136084 1.9480453864372584 901.411886668764 531.5430950369628 741.5798386336537 353.3099258856382 3.1303513800148344 3.66004228477484 -1830.1762716650549 3.3611736558775347e-15 21.621303482880514 -3895.9267072659068 1.2476306238510246e-18 0.004406475829458883 0.20600037446847677
-0.6776454789615131 3.126990152193375 2.0131705497716603 898.5185168248718 529.9129069329938 749.8073419955326 361.5261750642676 3.1303513800148344 3.66004228477484 -1830.1762716650549 3.3611736558775347e-15 21.621303482880514 -3895.9267072659068 1.2476306238510246e-18 0.004406475829458883 0.20600037446847677
-0.6246123545210466 3.095563115487916 2.1057514005809606 895.3409227728844 528.3211300308903 757.8914258682635 366.92982456320897 3.1303513800148344 3.66004228477484 -1830.1762716650549 3.3611736558775347e-15 21.621303482880514 -3895.9267072659068 1.2476306238510246e-18 0.004406475829458883 0.20600037446847677
-0.5755076096687637 3.0611897940913155 2.1815222911841357 891.908582731674 526.7948400411697 765.950636394613 369.9793601669371 3.1303513800148344 3.66004228477484 -1830.1762716650549 3.3611736558775347e-15 21.621303482880514 -3895.9267072659068 1.2476306238510246e-18 0.004406475829458883 0.20600037446847677
-0.5283670546105703 3.024852282900628 2.2274979889142887 888.2581871348084 525.3571723424975 774.0906432744232 371.191950466251 3.1303513800148344 3.66004228477484 -1830.1762716650549 3.3611736558775347e-15 21.621303482880514 -3895.9267072659068 1.2476306238510246e-18 0.004406475829458883 0.20600037446847677
-0.48122649955237695 2.986550581915844 2.253112881669666 884.4336386312061 524.0273219813098 782.4042397657176 371.14344685408287 3.1303513800148344 3.66004228477484 -1830.1762716650549 3.3611736558775347e-15 21.621303482880514 -3895.9267072659068 1.2476306238510246e-18 0.004406475829458883 0.20600037446847677
-0.4448889883616849 2.9433384064458368 2.4696294819995463 880.4860520845687 522.8205436718999 790.9713426833623 370.4683835268952 3.1303513800148344 3.66004228477484 -1830.1762716650549 3.3611736558775347e-15 21.621303482880514 -3895.9267072659068 1.2476306238510246e-18 0.004406475829458883 0.20600037446847677
-0.4124798567591764 2.899144136078782 2.538362800665122 876.4737545738462 521.7481517965498 799.8589924003463 369.8599774853792 3.1303513800148344 3.66004228477484 -1830.1762716650549 3.3611736558775347e-15 21.621303482880514 -3895.9267072659068 1.2476306238510246e-18 0.004406475829458883 0.20600037446847677
-0.3869453894359857 2.8539677708146804 2.660705373394454 872.4622853928595 520.8175204051804 809.1213528469088 370.0701285309624 3.1303513800148344 3.66004228477484 -1830.1762716650549 3.3611736558775347e-15 21.621303482880514 -3895.9267072659068 1.2476306238510246e-18 0.004406475829458883 0.20600037446847677
-0.3673034914950726 2.8068272157564893 2.7828219833191845 868.5243960505904 520.0320832159487 818.7997115110047 371.9094192708144 3.1303513800148344 3.66004228477484 -1830.1762716650549 3.3611736558775347e-15 21.621303482880514 -3895.9267072659068 1.2476306238510246e-18 0.004406475829458883 0.20600037446847677
-0.34766159355415494 2.76165085049239 2.768604931789691 864.7400502707169 519.3913336146506 828.9224794379552 376.24711511540227 3.084152827734775 3.6241856894289177 -1801.9015116870828 -0.04364280951850758 21.53377911946025 -3869.960884421196 -1.8291202648158926e-05 0.004363698842729988 0.21929028476859655
-0.33489435989256405 2.7204028648164718 2.8854412710242126 861.1964239925146 518.8908246550563 839.5051912306226 384.01116427616216 3.084152827734775 3.6241856894289177 -1801.9015116870828 -0.04364280951850758 21.53377911946025 -3869.960884421196 -1.8291202648158926e-05 0.004363698842729988 0.21929028476859655
-0.325073410922103 2.6811190689346454 2.9441970937398687 857.9879053698241 518.522169058866 850.5505050497595 396.1881977694575 3.084152827734775 3.6241856894289177 -1801.9015116870828 -0.04364280951850758 21.53377911946025 -3869.960884421196 -1.8291202648158926e-05 0.004363698842729988 0.21929028476859655
-0.3152524619516464 2.641835273052819 2.9441970937398687 855.2160947717202 518.2730392154917 862.0482026135433 413.82352941529825 3.084152827734775 3.6241856894289177 -1801.9015116870828 -0.04364280951850758 21.53377911946025 -3869.960884421196 -1.8291202648158926e-05 0.004363698842729988 0.21929028476859655
-0.31328827215756133 2.602551477170993 3.141592653589907 854.8122491334652 524.016555329792 1026.2947080065496 497.6524535398348 3.084152827734775 3.6241856894289177 -1801.9015116870828 -0.04364280951850758 21.53377911946025 -3869.960884421196 -1.8291202648158926e-05 0.004363698842729988 0.21929028476859655
-0.30739570277528383 2.564249776186211 3.039385935482519 849.794754882183 521.5618064160626 972.0336504017469 459.26222007209435 3.084152827734775 3.6241856894289177 -1801.9015116870828 -0.04364280951850758 21.53377911946025 -3869.960884421196 -1.8291202648158926e-05 0.004363698842729988 0.21929028476859655
-0.29757475380482723 2.527912264995524 2.8776289299640765 845.1336910793398 519.4804954692663 921.0559776077862 424.121877426689 3.084152827734775 3.6241856894289177 -1801.9015116870828 -0.04364280951850758 21.53377911946025 -3869.960884421196 -1.8291202648158926e-05 0.004363698842729988 0.21929028476859655
-0.2936463742166482 2.491574753804834 3.033902782757071 840.7979867933391 517.7500262381182 873.2317365309864 392.05008428764995 3.084152827734775 3.6241856894289177 -1801.9015116870828 -0.04364280951850758 21.53377911946025 -3869.960884421196 -1.8291202648158926e-05 0.004363698842729988 0.21929028476859655
-0.29364637421664375 2.4532730528200544 3.1415926535896768 836.7577431783066 516.3483375740252 828.4339225516014 362.8704327325686 3.084152827734775 3.6241856894289177 -1801.9015116870828 -0.04364280951850758 21.53377911946025 -3869.960884421196 -1.8291202648158926e-05 0.004363698842729988 0.21929028476859655
-0.29659265890778247 2.414971351835273 3.2183645448596154 832.9842334741552 515.2539034310539 786.5384795218706 336.41144823329523 3.084152827734775 3.6241856894289177 -1801.9015116870828 -0.04364280951850758 21.53377911946025 -3869.960884421196 -1.8291202648158926e-05 0.004363698842729988 0.21929028476859655
-0.300521038495966 2.3707770814682183 3.2302485354572505 829.4499030065053 514.4457328659701 747.4242997673864 312.5065896557644 3.084152827734775 3.6241856894289177 -1801.9015116870828 -0.04364280951850758 21.53377911946025 -3869.960884421196 -1.8291202648158926e-05 0.004363698842729988 0.21929028476859655
-0.29659265890778697 2.323636526410027 3.0584514217014265 826.128369186772 513.9033700382279 710.9732240866288 290.994249259762 3.084152827734775 3.6241856894289177 -1801.9015116870828 -0.04364280951850758 21.53377911946025 -3869.960884421196 -1.8291202648158926e-05 0.004363698842729988 0.21929028476859655
-0.29659265890778697 2.2745317815577444 3.141592653589793 822.9944215121068 513.606894209941 677.0700417507614 271.7177526995074 3.084152827734775 3.6241856894289177 -1801.9015116870828 -0.04364280951850758 21.53377911946025 -3869.960884421196 -1.8291202648158926e-05 0.004363698842729988 0.21929028476859655
-0.29953894359892125 2.226409131602504 3.202740816239035 820.0240215653539 513.5369197459404 645.6024905040977 254.52535902301315 3.084152827734775 3.6241856894289177 -1801.9015116870828 -0.04364280951850758 21.53377911946025 -3869.960884421196 -1.8291202648158926e-05 0.004363698842729988 0.21929028476859655
-0.2985568487018765 2.18025067144136 3.1203192675657507 817.1943030152397 513.6745961137094 616.4612565637217 239.2702606722596 3.084152827734775 3.6241856894289177 -1801.9015116870828 -0.04364280951850758 21.53377911946025 -3869.960884421196 -1.8291202648158926e-05 0.004363698842729988 0.21929028476859655
-0.30543151298119875 2.1331101163831687 3.286405151828789 814.483571616147 514.0016078834378 589.539974619518 225.81058348336956 3.084152827734775 3.6241856894289177 -1801.9015116870828 -0.04364280951850758 21.53377911946025 -3869.960884421196 -1.8291202648158926e-05 0.004363698842729988 0.21929028476859655
-0.3113240823634718 2.0869516562220225 3.2685654432038516 811.8713052082385 514.5001747279821 564.7352278340841 214.00938668678282 3.084152827734775 3.6241856894289177 -1801.9015116870828 -0.04364280951850758 21.53377911946025 -3869.960884421196 -1.8291202648158926e-05 0.004363698842729988 0.21929028476859655
-0.3142703670546106 2.0437394807520124 3.209669111847832 809.3381537174137 515.1530514228798 541.9465478436032 203.73466290679062 3.084152827734775 3.6241856894289177 -1801.9015116870828 -0.04364280951850758 21.53377911946025 -3869.960884421196 -1.8291202648158926e-05 0.004363698842729988 0.21929028476859655
-0.31721665174574487 2.006419874664278 3.2203766145788664 806.8659391553447 515.9435278463752 521.0764147563314 194.85933816171018 3.084152827734775 3.6241856894289177 -1801.9015116870828 -0.04364280951850758 21.53377911946025 -3869.960884421196 -1.8291202648158926e-05 0.004363698842729988 0.21929028476859655
-0.32016293643687915 1.9691002685765433 3.2203766145788664 804.4376556194256 516.8554289793756 502.03025715390686 187.26127186400117 3.084152827734775 3.6241856894289177 -1801.9015116870828 -0.04364280951850758 21.53377911946025 -3869.960884421196 -1.8291202648158926e-05 0.004363698842729988 0.21929028476859655
-0.32998388540733575 1.936691136974035 3.4358272187009655 802.0374692928744 517.8731149054838 484.71645209070994 180.82325682009105 3.084152827734775 3.6241856894289177 -1801.9015116870828 -0.04364280951850758 21.53377911946025 -3869.960884421196 -1.8291202648158926e-05 0.004363698842729988 0.21929028476859655
-0.35060787824529366 1.909192479856759 3.7850937623831036 799.6507184445582 518.9814808109586 469.04632509406656 175.4330192306079 3.084152827734775 3.6241856894289177 -1801.9015116870828 -0.04364280951850758 21.53377911946025 -3869.960884421196 -1.8291202648158926e-05 0.004363698842729988 0.21929028476859655
-0.3673034914950726 1.8856222023276623 3.757889590985922 797.2639134291967 520.165956984787 454.9341501639283 170.98321869008942 3.084152827734775 3.6241856894289177 -1801.9015116870828 -0.04364280951850758 21.53377911946025 -3869.960884421196 -1.8291202648158926e-05 0.004363698842729988 0.21929028476859655
-0.38498119964190064 1.8630340196956128 3.805638816416659 794.8647366871519 521.4125088185865 442.297149773658 167.3714481871575 3.084152827734775 3.6241856894289177 -1801.9015116870828 -0.04364280951850758 21.53377911946025 -3869.960884421196 -1.8291202648158926e-05 0.004363698842729988 0.21929028476859655
-0.4056051924798586 1.8414279319606088 3.9037391941767723 792.4420427446603 522.7076368066992 431.05549486901145 164.50023410469294 3.084152827734775 3.6241856894289177 -1801.9015116870828 -0.04364280951850758 21.53377911946025 -3869.960884421196 -1.8291202648158926e-05 0.004363698842729988 0.21929028476859655
-0.4262291853178165 1.819821844225604 3.9037391941767465 789.985858213644 524.038376546152 421.1323048688355 162.27703621948604 3.084152827734775 3.6241856894289177 -1801.9015116870828 -0.04364280951850758 21.53377911946025 -3869.960884421196 -1.8291202648158926e-05 0.004363698842729988 0.21929028476859655
-0.45078155774395795 1.799197851387645 4.013729155663221 787.4873817917396 525.3922987366277 412.45364766503917 160.61424770246958 3.084152827734775 3.6241856894289177 -1801.9015116870828 -0.04364280951850758 21.53377911946025 -3869.960884421196 -1.8291202648158926e-05 0.004363698842729988 0.21929028476859655
-0.4822085944494128 1.7756275738585494 4.068887871591315 784.9389842624587 526.7575091805047 404.9485396220116 159.42919511836953 3.084152827734775 3.6241856894289177 -1801.9015116870828 -0.04364280951850758 21.53377911946025 -3869.960884421196 -1.8291202648158926e-05 0.004363698842729988 0.21929028476859655
-0.5126535362578273 1.751075201432408 4.033726489636363 782.3342084949254 528.1226487828244 398.5489455773204 158.6441384262871 3.084152827734775 3.6241856894289177 -1801.9015116870828 -0.04364280951850758 21.53377911946025 -3869.960884421196 -1.8291202648158926e-05 0.004363698842729988 0.21929028476859655
-0.5568478066248819 1.7245586392121748 4.1719694801140985 779.6677694441169 529.4768935513821 393.1897788414208 158.18627097911667 3.084152827734775 3.6241856894289177 -1801.9015116870828 -0.04364280951850758 21.53377911946025 -3869.960884421196 -1.8291202648158926e-05 0.004363698842729988 0.21929028476859655
-0.6039883616830752 1.696077887197852 4.168911385671684 776.9355541507102 530.8099545965742 388.80890119748074 157.9877195241861 3.084152827734775 3.6241856894289177 -1801.9015116870828 -0.04364280951850758 21.53377911946025 -3869.960884421196 -1.8291202648158926e-05 0.004363698842729988 0.21929028476859655
-0.6511289167412642 1.660722470904208 4.068887871591375 774.1346217411265 532.1120781315003 385.34712290161406 157.98554420261644 3.084152827734775 3.6241856894289177 -1801.9015116870828 -0.04364280951850758 21.53377911946025 -3869.960884421196 -1.8291202648158926e-05 0.004363698842729988 0.21929028476859655
-0.7041620411817351 1.6234028648164736 4.099181631510234 771.2632034276321 533.3740454719773 382.74820268305484 158.1217385493219 3.084152827734775 3.6241856894289177 -1801.9015116870828 -0.04364280951850758 21.53377911946025 -3869.960884421196 -1.8291202648158926e-05 0.004363698842729988 0.21929028476859655
-0.7601414503133358 1.5831369740376002 4.088828248225633 768.3207025080919 534.5871730364634 380.95884774354636 158.3432294941158 3.084152827734775 3.6241856894289177 -1801.9015116870828 -0.04364280951850758 21.53377911946025 -3869.960884421196 -1.8291202648158926e-05 0.004363698842729988 0.21929028476859655
-0.8131745747538022 1.5389427036705456 4.017650704187995 765.3076943662891 535.7433123461524 379.92871375809773 158.60187735996442 3.084152827734775 3.6241856894289177 -1801.9015116870828 -0.04364280951850758 21.53377911946025 -3869.960884421196 -1.8291202648158926e-05 0.004363698842729988 0.21929028476859655
-0.8622793196060852 1.4957305282005369 3.990734129519931 762.2259264716267 536.8348500248467 379.61040487440187 158.85447586438386 3.084152827734775 3.6241856894289177 -1801.9015116870828 -0.04364280951850758 21.53377911946025 -3869.960884421196 -1.8291202648158926e-05 0.004363698842729988 0.21929028476859655
-0.9172766338406411 1.4466257833482539 3.9835342539320506 759.0783183793392 537.8547077991207 379.959473712981 159.06275211914908 3.084152827734775 3.6241856894289177 -1801.9015116870828 -0.04364280951850758 21.53377911946025 -3869.960884421196 -1.8291202648158926e-05 0.004363698842729988 0.21929028476859655
-0.9752202327663358 1.4004673231871076 4.039718428577622 755.8689617303462 538.7963424981353 380.9344213673321 159.19336662930436 3.084152827734775 3.6241856894289177 -1801.9015116870828 -0.04364280951850758 21.53377911946025 -3869.960884421196 -1.8291202648158926e-05 0.004363698842729988 0.21929028476859655
-1.0370922112802097 1.35038048343778 4.031867755717463 752.6031202514205 539.6537460538348 382.4966974038689 159.21791329461848 3.084152827734775 3.6241856894289177 -1801.9015116870828 -0.04364280951850758 21.53377911946025 -3869.960884421196 -1.8291202648158926e-05 0.004363698842729988 0.21929028476859655
-1.0822685765443134 1.301275738585497 3.8853482378886923 749.2872297549184 540.4214455007605 384.6106998619216 159.11291940882802 3.084152827734775 3.6241856894289177 -1801.9015116870828 -0.04364280951850758 21.53377911946025 -3869.960884421196 -1.8291202648158926e-05 0.004363698842729988 0.21929028476859655
-1.126462846911368 1.2521709937332142 3.8744077553762994 745.9288981391874 541.0945029761933 387.2437752534752 158.8598456598702 3.084152827734775 3.6241856894289177 -1801.9015116870828 -0.04364280951850758 21.53377911946025 -3869.960884421196 -1.8291202648158926e-05 0.004363698842729988 0.21929028476859655
-1.1657466427931944 1.2030662488809312 3.8163335958133455 742.5369053881514 541.6685157200773 390.3662185637804 158.44508612906793 3.084152827734775 3.6241856894289177 -1801.9015116870828 -0.04364280951850758 21.53377911946025 -3869.960884421196 -1.8291202648158926e-05 0.004363698842729988 0.21929028476859655
-1.1991378692927388 1.1529794091316024 3.7295952571372473 739.121203571478 542.1396160750228 393.9512732505682 157.85996829241049 3.084152827734775 3.6241856894289177 -1801.9015116870828 -0.04364280951850758 21.53377911946025 -3869.960884421196 -1.8291202648158926e-05 0.004363698842729988 0.21929028476859655
-1.2256544315129696 1.1028925693822735 3.6284918854010324 735.6929168447605 542.5044714863325 397.9751312449516 157.1007530199131 3.084152827734775 3.6241856894289177 -1801.9015116870828 -0.04364280951850758 21.53377911946025 -3869.960884421196 -1.8291202648158926e-05 0.004363698842729988 0.21929028476859655
-1.249224709042071 1.0537878245299908 3.5891126287470514 732.2643414490376 542.7602845020483 402.4169329503784 156.16863457573345 3.084152827734775 3.6241856894289177 -1801.9015116870828 -0.04364280951850758 21.53377911946025 -3869.960884421196 -1.8291202648158926e-05 0.004363698842729988 0.21929028476859655
-1.2698487018800289 1.0056651745747536 3.5464844398748623 728.848945711492 542.9047927728025 407.2587672434456 155.06974061741494 3.1476943127359243 3.6620315212292964 -1839.9478754447632 0.04363468679289365 21.694361555584916 -3946.887487845947 1.8287798320575654e-05 0.004415530683019178 0.19316015246647467
-1.2777054610564003 0.9644171888988355 3.329814158894708 725.4613700447153 542.9362690519993 412.48567147381254 153.8151321974583 3.1476943127359243 3.6620315212292964 -1839.9478754447632 0.04363468679289365 21.694361555584916 -3946.887487845947 1.8287798320575654e-05 0.004415530683019178 0.19316015246647467
-1.2669024171888945 0.9221871083258716 2.8911495639783658 722.1174269472613 542.853521195626 418.0856314637931 152.42080376192462 3.1476943127359243 3.6620315212292964 -1839.9478754447632 0.04363468679289365 21.694361555584916 -3946.887487845947 1.8287798320575654e-05 0.004415530683019178 0.19316015246647467
-1.2423500447627576 0.8848675022381381 2.559687535449972 718.8341010033473 542.6558921624492 424.0495815088216 150.90768315078458 3.1476943127359243 3.6620315212292964 -1839.9478754447632 0.04363468679289365 21.694361555584916 -3946.887487845947 1.8287798320575654e-05 0.004415530683019178 0.19316015246647467
-1.217797672336616 0.850494180841539 2.5213431676069873 715.6295488829637 542.3432600138658 430.37140437652124 149.30163159838412 3.1476943127359243 3.6620315212292964 -1839.9478754447632 0.04363468679289365 21.694361555584916 -3946.887487845947 1.8287798320575654e-05 0.004415530683019178 0.19316015246647467
-1.181460161145924 0.8171029543419869 2.313966088079303 712.5230993418227 541.9160379139539 437.04793130853795 147.63344373356085 3.1476943127359243 3.6620315212292964 -1839.9478754447632 0.04363468679289365 21.694361555584916 -3946.887487845947 1.8287798320575654e-05 0.004415530683019178 0.19316015246647467
-1.140212175470008 0.788622202327663 2.175101833661143 709.5352532214529 541.3751741295382 444.07894201841555 145.93884757830529 3.1476943127359243 3.6620315212292964 -1839.9478754447632 0.04363468679289365 21.694361555584916 -3946.887487845947 1.8287798320575654e-05 0.004415530683019178 0.19316015246647467
-1.0930716204118147 0.7621056401074309 2.083185787105607 706.687683449054 540.7221520300409 451.46716469319654 144.25850454892498 3.1476943127359243 3.6620315212292964 -1839.9478754447632 0.04363468679289365 21.694361555584916 -3946.887487845947 1.8287798320575654e-05 0.004415530683019178 0.19316015246647467
-1.039056401074299 0.7385353625783331 1.9822525702085998 704.0032350377223 539.9589900876126 459.2182759923453 142.63800945627736 3.1476943127359243 3.6620315212292964 -1839.9478754447632 0.04363468679289365 21.694361555584916 -3946.887487845947 1.8287798320575654e-05 0.004415530683019178 0.19316015246647467
-0.9820948970456537 0.7159471799462845 1.9483265222184272 701.5059250861013 539.088241877078 467.34090104867937 141.1278905046638 3.1476943127359243 3.6620315212292964 -1839.9478754447632 0.04363468679289365 21.694361555584916 -3946.887487845947 1.8287798320575654e-05 0.004415530683019178 0.19316015246647467
-0.9241512981199544 0.6943410922112807 1.9277082631465268 699.2209427787675 538.1129960759681 475.846613467671 139.78360929270275 3.1476943127359243 3.6620315212292964 -1839.9478754447632 0.04363468679289365 21.694361555584916 -3946.887487845947 1.8287798320575654e-05 0.004415530683019178 0.19316015246647467
-0.8662076991942642 0.6727350044762758 1.927708263146594 697.1746493859464 537.03687646443 484.74993532765075 138.6655608136207 3.1476943127359243 3.6620315212292964 -1839.9478754447632 0.04363468679289365 21.694361555584916 -3946.887487845947 1.8287798320575654e-05 0.004415530683019178 0.19316015246647467
-0.8112103849597082 0.6550572963294544 1.881794607400435 695.3945782636074 535.8640419253788 494.0683371798077 137.83907345373882 3.1476943127359243 3.6620315212292964 -1839.9478754447632 0.04363468679289365 21.694361555584916 -3946.887487845947 1.8287798320575654e-05 0.004415530683019178 0.19316015246647467
-0.7562130707251523 0.6422900626678613 1.7988989550748353 693.9094348536237 534.5991864443531 503.82223804827663 137.3744089936954 3.1476943127359243 3.6620315212292964 -1839.9478754447632 0.04363468679289365 21.694361555584916 -3946.887487845947 1.8287798320575654e-05 0.004415530683019178 0.19316015246647467
-0.6943410922112785 0.6344333034914954 1.6971044438581528 692.7490966833866 533.2475391096268 514.0350054303126 137.34676260879496 3.1476943127359243 3.6620315212292964 -1839.9478754447632 0.04363468679289365 21.694361555584916 -3946.887487845947 1.8287798320575654e-05 0.004415530683019178 0.19316015246647467
-0.6314870188003555 0.6314870188003588 1.6176370397108586 691.9446133661986 531.8148641121115 524.7329552956217 137.8362628679024 3.1476943127359243 3.6620315212292964 -1839.9478754447632 0.04363468679289365 21.694361555584916 -3946.887487845947 1.8287798320575654e-05 0.004415530683019178 0.19316015246647467
-0.572561324977616 0.6324691136974036 1.554131203080971 691.5282066011423 530.3074607454073 535.9453520871466 138.92797173402505 3.1476943127359243 3.6620315212292964 -1839.9478754447632 0.04363468679289365 21.694361555584916 -3946.887487845947 1.8287798320575654e-05 0.004415530683019178 0.19316015246647467
-0.519528200537154 0.6383616830796767 1.4601391056210102 691.5332701729421 528.7321634058062 547.7044087205722 140.7118845639634 3.1476943127359243 3.6620315212292964 -1839.9478754447632 0.04363468679289365 21.694361555584916 -3946.887487845947 1.8287798320575654e-05 0.004415530683019178 0.19316015246647467
-0.4694413607878219 0.6521110116383168 1.3028859043715586 691.9943699520372 527.0963415922815 560.0452865843254 143.28293010935886 3.1476943127359243 3.6620315212292964 -1839.9478754447632 0.04363468679289365 21.694361555584916 -3946.887487845947 1.8287798320575654e-05 0.004415530683019178 0.19316015246647467
-0.42131871083258376 0.6737170993733206 1.1487912968926974 692.9472438948578 525.4078999065168 573.0060955400404 146.74097051500576 3.1476943127359243 3.6620315212292964 -1839.9478754447632 0.04363468679289365 21.694361555584916 -3946.887487845947 1.8287798320575654e-05 0.004415530683019178 0.19316015246647467
-0.3741781557743904 0.698269471799462 1.0906212971913853 694.4288020433232 523.6752780528441 586.6278939221229 151.19080132053932 3.1476943127359243 3.6620315212292964 -1839.9478754447632 0.04363468679289365 21.694361555584916 -3946.887487845947 1.8287798320575654e-05 0.004415530683019178 0.19316015246647467
-0.3339122649955193 0.7296965085049235 0.9080668189018873 696.477126525242 521.9074508382764 600.9546885377204 156.74215145857306 3.1476943127359243 3.6620315212292964 -1839.9478754447632 0.04363468679289365 21.694361555584916 -3946.887487845947 1.8287798320575654e-05 0.004415530683019178 0.19316015246647467
-0.292664279319599 0.7640698299015215 0.8760580505982254 699.1314715541303 520.1139281725045 616.0334346670134 163.50968325743452 3.1476943127359243 3.6620315212292964 -1839.9478754447632 0.04363468679289365 21.694361555584916 -3946.887487845947 1.8287798320575654e-05 0.004415530683019178 0.19316015246647467
-0.25829095792300094 0.8004073410922113 0.7576275268040211 702.4322634293494 518.3047550679585 631.9140360630408 171.612992437731 3.1476943127359243 3.6620315212292964 -1839.9478754447632 0.04363468679289365 21.694361555584916 -3946.887487845947 1.8287798320575654e-05 0.004415530683019178 0.19316015246647467
-0.22686392121754165 0.8396911369740387 0.6747409422235111 706.4211005358229 516.4905116397204 648.6493449517584 181.17660811560927 3.1476943127359243 3.6620315212292964 -1839.9478754447632 0.04363468679289365 21.694361555584916 -3946.887487845947 1.8287798320575654e-05 0.004415530683019178 0.19316015246647467
-0.20231154879140467 0.8858495971351852 0.48885235432766844 711.1407533444217 514.6823131055353 666.2951620318636 192.32999280001968 3.1476943127359243 3.6620315212292964 -1839.9478754447632 0.04363468679289365 21.694361555584916 -3946.887487845947 1.8287798320575654e-05 0.004415530683019178 0.19316015246647467
-0.17775917636526323 0.9388827215756482 0.4335814839517795 716.6351644116585 512.8918097858077 684.9102364752616 205.2075423952192 3.1476943127359243 3.6620315212292964 -1839.9478754447632 0.04363468679289365 21.694361555584916 -3946.887487845947 1.8287798320575654e-05 0.004415530683019178 0.19316015246647467
-0.1453500447627547 0.9948621307072512 0.5247957716501278 722.9494483798553 511.13118710369235 704.5562659265415 219.94858619844308 3.1476943127359243 3.6620315212292964 -1839.9478754447632 0.04363468679289365 21.694361555584916 -3946.887487845947 1.8287798320575654e-05 0.004415530683019178 0.19316015246647467
-0.10999462846910746 1.0537878245299908 0.5404195002706287 730.1298919769979 509.4131655850397 725.2978965027723 236.69738690165104 3.1476943127359243 3.6620315212292964 -1839.9478754447632 0.04363468679289365 21.694361555584916 -3946.887487845947 1.8287798320575654e-05 0.004415530683019178 0.19316015246647467
-0.06776454789614683 1.1156598030438678 0.5989112617301969 738.2239540169394 507.75100085829763 747.2027227947256 255.60314059071243 3.1476943127359243 3.6620315212292964 -1839.9478754447632 0.04363468679289365 21.694361555584916 -3946.887487845947 1.8287798320575654e-05 0.004415530683019178 0.19316015246647467
