21 -1.5134082363473582 3.669106535362579 1.6388727850528915 -0.8387090420769885 4.512726051924798
-1.5134082363473582 3.669106535362579 1.6388727850528915 907.5695512518287 558.1411205679178 692.5218839645386 253.60445833206177 3.105328991411198 3.598606709968478 -1706.5962914665674 0.016056161391210504 21.503395113433406 -4082.9779862864593 -2.621860474497949e-05 0.0043556684540174305 0.1826832650599407
-1.470196060877344 3.6710707251566705 1.525373047373315 907.2737028077245 556.539194881916 709.0210349559784 275.59804010391235 3.105328991411198 3.598606709968478 -1706.5962914665674 0.016056161391210504 21.503395113433406 -4082.9779862864593 -2.621860474497949e-05 0.0043556684540174305 0.1826832650599407
-1.4269838854073384 3.6789274843330353 1.3909428270024138 907.3308292590082 555.0578815191984 724.7626452445984 297.023973941803 3.105328991411198 3.598606709968478 -1706.5962914665674 0.016056161391210504 21.503395113433406 -4082.9779862864593 -2.621860474497949e-05 0.0043556684540174305 0.1826832650599407
-1.3827896150402839 3.692676812891673 1.2691772805286845 907.7372794523835 553.6737990230322 739.9962496757507 317.25705766677856 3.105328991411198 3.598606709968478 -1706.5962914665674 0.016056161391210504 21.503395113433406 -4082.9779862864593 -2.621860474497949e-05 0.0043556684540174305 0.1826832650599407
-1.3385953446732248 3.7123187108325864 1.152571997215705 908.488442402333 552.3663995265961 754.9370241165161 335.793354511261 3.105328991411198 3.598606709968478 -1706.5962914665674 0.016056161391210504 21.503395113433406 -4082.9779862864593 -2.621860474497949e-05 0.0043556684540174305 0.1826832650599407
-1.2953831692032194 3.7368710832587277 1.054101188032584 909.5787472650409 551.1179681867361 769.765789270401 352.25022649765015 3.105328991411198 3.598606709968478 -1706.5962914665674 0.016056161391210504 21.503395113433406 -4082.9779862864593 -2.621860474497949e-05 0.0043556684540174305 0.1826832650599407
-1.258063563115487 3.7624055505819163 0.9707461133930851 911.0016633793712 549.9136238992214 784.6290061473846 366.36631631851196 3.105328991411198 3.598606709968478 -1706.5962914665674 0.016056161391210504 21.503395113433406 -4082.9779862864593 -2.621860474497949e-05 0.0043556684540174305 0.1826832650599407
-1.223690241718889 3.7918683974932863 0.8621700546672264 912.7497002370656 548.7413185089827 799.638781785965 378.00154733657837 3.105328991411198 3.598606709968478 -1706.5962914665674 0.016056161391210504 21.503395113433406 -4082.9779862864593 -2.621860474497949e-05 0.0043556684540174305 0.1826832650599407
-1.1863706356311523 3.8242775290957924 0.8557046275161033 914.8144074641168 547.5918374657631 814.8728632926941 387.13713359832764 3.105328991411198 3.598606709968478 -1706.5962914665674 0.016056161391210504 21.503395113433406 -4082.9779862864593 -2.621860474497949e-05 0.0043556684540174305 0.1826832650599407
-1.1519973142345543 3.859632945389433 0.7713145875746323 917.1863748878241 546.4587994068861 830.3746435642242 393.87556982040405 3.105328991411198 3.598606709968478 -1706.5962914665674 0.016056161391210504 21.503395113433406 -4082.9779862864593 -2.621860474497949e-05 0.0043556684540174305 0.1826832650599407
-1.1176239928379563 3.8979346463742144 0.7313966630214684 919.855232462287 545.3386563062668 846.1531558036804 398.44063234329224 3.105328991411198 3.598606709968478 -1706.5962914665674 0.016056161391210504 21.503395113433406 -4082.9779862864593 -2.621860474497949e-05 0.0043556684540174305 0.1826832650599407
-1.086196956132497 3.9391826320501324 0.6510767214444472 922.8096502833068 544.2306936085224 862.1830787658691 401.177387714386 3.105328991411198 3.598606709968478 -1706.5962914665674 0.016056161391210504 21.503395113433406 -4082.9779862864593 -2.621860474497949e-05 0.0043556684540174305 0.1826832650599407
-1.0547699194270332 3.984358997314232 0.6078019961140096 926.0373386666179 543.1370299458504 878.4047329425812 402.5521879196167 3.105328991411198 3.598606709968478 -1706.5962914665674 0.016056161391210504 21.503395113433406 -4082.9779862864593 -2.621860474497949e-05 0.0043556684540174305 0.1826832650599407
-1.0243249776186143 4.033463742166515 0.5549957273386393 929.5250479802489 542.0626174211502 894.7240800857544 403.152663230896 3.105328991411198 3.598606709968478 -1706.5962914665674 0.016056161391210504 21.503395113433406 -4082.9779862864593 -2.621860474497949e-05 0.0043556684540174305 0.1826832650599407
-0.9870053715308819 4.092389435989254 0.5645693936680675 933.2585688941181 541.0152412354946 911.0127277374268 403.68773555755615 3.105328991411198 3.598606709968478 -1706.5962914665674 0.016056161391210504 21.503395113433406 -4082.9779862864593 -2.621860474497949e-05 0.0043556684540174305 0.1826832650599407
-0.9487036705461048 4.1513151298119935 0.5763752205911411 937.2227320969105 540.0055202841759 927.1079251766205 404.987606048584 3.105328991411198 3.598606709968478 -1706.5962914665674 0.016056161391210504 21.503395113433406 -4082.9779862864593 -2.621860474497949e-05 0.0043556684540174305 0.1826832650599407
-0.9133482542524576 4.212205013428827 0.5260664189967882 941.4014085009694 539.0469065755606 942.8125638961792 408.00375986099243 3.105328991411198 3.598606709968478 -1706.5962914665674 0.016056161391210504 21.503395113433406 -4082.9779862864593 -2.621860474497949e-05 0.0043556684540174305 0.1826832650599407
-0.8878137869292714 4.269166517457473 0.4214192068878087 945.7775092087686 538.1556852906942 957.8951799869537 413.80897426605225 3.105328991411198 3.598606709968478 -1706.5962914665674 0.016056161391210504 21.503395113433406 -4082.9779862864593 -2.621860474497949e-05 0.0043556684540174305 0.1826832650599407
-0.8730823634735865 4.32711011638317 0.2489627057927042 950.332985393703 537.350975394249 972.0899512767792 423.59729862213135 3.105328991411198 3.598606709968478 -1706.5962914665674 0.016056161391210504 21.503395113433406 -4082.9779862864593 -2.621860474497949e-05 0.0043556684540174305 0.1826832650599407
-0.8485299910474405 4.389964189794091 0.3723984466768231 955.0488284677267 536.6547288447618 985.0966994762421 438.68408155441284 3.105328991411198 3.598606709968478 -1706.5962914665674 0.016056161391210504 21.503395113433406 -4082.9779862864593 -2.621860474497949e-05 0.0043556684540174305 0.1826832650599407
-0.8436195165622167 4.450854073410921 0.08047101126538742 959.9050699397922 536.0917309373617 996.580887556076 460.5059423446655 3.105328991411198 3.598606709968478 -1706.5962914665674 0.016056161391210504 21.503395113433406 -4082.9779862864593 -2.621860474497949e-05 0.0043556684540174305 0.1826832650599407
-0.8387090420769885 4.512726051924798 0.07919907096945207 966.0388000495732 535.7577659636736 1068.6476967334747 476.1952029466629 3.105328991411198 3.598606709968478 -1706.5962914665674 0.016056161391210504 21.503395113433406 -4082.9779862864593 -2.621860474497949e-05 0.0043556684540174305 0.1826832650599407
-0.8367448522828989 4.572633840644582 0.03277514440404647 969.6582193933427 536.1561156958342 1034.806602716446 451.60338258743286 3.105328991411198 3.598606709968478 -1706.5962914665674 0.016056161391210504 21.503395113433406 -4082.9779862864593 -2.621860474497949e-05 0.0043556684540174305 0.1826832650599407
-0.8446016114592615 4.627631154879141 6.141288252575474 973.5574217103422 536.6349836885929 1000.9352476596832 427.1469873189926 3.105328991411198 3.598606709968478 -1706.5962914665674 0.016056161391210504 21.503395113433406 -4082.9779862864593 -2.621860474497949e-05 0.0043556684540174305 0.1826832650599407
-0.8593330349149464 4.6767358997314235 5.9917285127017195 977.6962727308273 537.2049258202314 967.4502487182617 403.04668295383453 3.105328991411198 3.598606709968478 -1706.5962914665674 0.016056161391210504 21.503395113433406 -4082.9779862864593 -2.621860474497949e-05 0.0043556684540174305 0.1826832650599407
-0.8907600716204056 4.723876454789615 5.695182703632041 982.0354364030063 537.875138759613 934.7262787818909 379.5043969154358 3.105328991411198 3.598606709968478 -1706.5962914665674 0.016056161391210504 21.503395113433406 -4082.9779862864593 -2.621860474497949e-05 0.0043556684540174305 0.1826832650599407
-0.9192408236347306 4.772981199641897 5.757601513627963 986.5363747514784 538.6534597724676 903.0960643291473 356.70332193374634 3.105328991411198 3.598606709968478 -1706.5962914665674 0.016056161391210504 21.503395113433406 -4082.9779862864593 -2.621860474497949e-05 0.0043556684540174305 0.1826832650599407
-0.9477215756490556 4.825032229185319 5.782517582304852 991.1613480448723 539.5463669300079 872.8503875732422 334.80791306495667 3.105328991411198 3.598606709968478 -1706.5962914665674 0.016056161391210504 21.503395113433406 -4082.9779862864593 -2.621860474497949e-05 0.0043556684540174305 0.1826832650599407
-0.9820948970456537 4.874136974037602 5.672459342790377 995.8734147027135 540.5589791163802 844.2380814552307 313.96388959884644 3.105328991411198 3.598606709968478 -1706.5962914665674 0.016056161391210504 21.503395113433406 -4082.9779862864593 -2.621860474497949e-05 0.0043556684540174305 0.1826832650599407
-1.0331638316920306 4.916367054610564 5.40333220838706 1000.6364313438535 541.6950558722019 817.4660358428955 294.298233628273 3.105328991411198 3.598606709968478 -1706.5962914665674 0.016056161391210504 21.503395113433406 -4082.9779862864593 -2.621860474497949e-05 0.0043556684540174305 0.1826832650599407
-1.0763760071620403 4.9576150402864805 5.474535520971643 1005.4150526747108 542.9569975137711 792.6991956233978 275.91919207572937 3.105328991411198 3.598606709968478 -1706.5962914665674 0.016056161391210504 21.503395113433406 -4082.9779862864593 -2.621860474497949e-05 0.0043556684540174305 0.1826832650599407
-1.1235165622202337 4.997880931065354 5.419297041144803 1010.174731656909 544.3458450958133 770.0605592727661 258.9162744283676 3.105328991411198 3.598606709968478 -1706.5962914665674 0.016056161391210504 21.503395113433406 -4082.9779862864593 -2.621860474497949e-05 0.0043556684540174305 0.1826832650599407
-1.1736034019695614 5.037164726947178 5.377491666854165 1014.8817193880677 545.8612805083394 749.6311793327332 243.3602545261383 3.105328991411198 3.598606709968478 -1706.5962914665674 0.016056161391210504 21.503395113433406 -4082.9779862864593 -2.621860474497949e-05 0.0043556684540174305 0.1826832650599407
-1.2295828111011577 5.077430617726051 5.335949712543783 1019.50306513533 547.5016261786222 731.4501619338989 229.30316853523254 3.105328991411198 3.598606709968478 -1706.5962914665674 0.016056161391210504 21.503395113433406 -4082.9779862864593 -2.621860474497949e-05 0.0043556684540174305 0.1826832650599407
-1.3042220232766313 5.108857654431514 5.12203508900953 1024.0066163502634 549.2638454586267 715.5146703720093 216.77831768989563 3.105328991411198 3.598606709968478 -1706.5962914665674 0.016056161391210504 21.503395113433406 -4082.9779862864593 -2.621860474497949e-05 0.0043556684540174305 0.1826832650599407
-1.3700223813786931 5.140284691136975 5.17004863700156 1028.3610186092556 551.1435424089432 701.7799179553986 205.80026626586914 3.105328991411198 3.598606709968478 -1706.5962914665674 0.016056161391210504 21.503395113433406 -4082.9779862864593 -2.621860474497949e-05 0.0043556684540174305 0.1826832650599407
-1.4446615935541622 5.166801253357207 5.065379368211598 1032.535715740174 553.1349617764354 690.15917801857 196.36484169960022 3.105328991411198 3.598606709968478 -1706.5962914665674 0.016056161391210504 21.503395113433406 -4082.9779862864593 -2.621860474497949e-05 0.0043556684540174305 0.1826832650599407
-1.52224709042077 5.190371530886302 5.018873545234548 1036.5009496584535 555.2309890910983 680.5237739086151 188.4491354227066 3.105328991411198 3.598606709968478 -1706.5962914665674 0.016056161391210504 21.503395113433406 -4082.9779862864593 -2.621860474497949e-05 0.0043556684540174305 0.1826832650599407
-1.5998325872873735 5.211977618621308 4.995696944760177 1040.227760516107 557.4231506660581 672.7030851840973 182.01150226593018 3.050530455474937 3.479279617356383 -1668.117511756338 0.18505612740230837 21.331249363294337 -4299.990216194019 2.753363176169719e-05 0.004213334569873293 0.1535553851213515
-1.6764359892569365 5.2306374216651745 4.963391667027691 1043.6879865676165 559.7016134411097 666.4845445156097 176.99156057834625 3.050530455474937 3.479279617356383 -1668.117511756338 0.18505612740230837 21.331249363294337 -4299.990216194019 2.753363176169719e-05 0.004213334569873293 0.1535553851213515
-1.7540214861235444 5.248315129811995 4.948412659010568 1046.854264292866 562.0551852658391 661.6136405467987 173.31019246578217 3.050530455474937 3.479279617356383 -1668.117511756338 0.18505612740230837 21.331249363294337 -4299.990216194019 2.753363176169719e-05 0.004213334569873293 0.1535553851213515
-1.8335711727842419 5.260100268576544 4.871525706183407 1049.700028348714 564.4713145419955 657.7939145565033 170.86954426765442 3.050530455474937 3.479279617356383 -1668.117511756338 0.18505612740230837 21.331249363294337 -4299.990216194019 2.753363176169719e-05 0.004213334569873293 0.1535553851213515
-1.921959713518351 5.265992837958817 4.7900104891220625 1052.199511487037 566.9360905885696 654.6869647502899 169.55302453041077 3.050530455474937 3.479279617356383 -1668.117511756338 0.18505612740230837 21.331249363294337 -4299.990216194019 2.753363176169719e-05 0.004213334569873293 0.1535553851213515
-2.0103482542524604 5.264028648164729 4.701278326487118 1054.327744755894 569.4342433735728 651.9124398231506 169.22530663013458 3.050530455474937 3.479279617356383 -1668.117511756338 0.18505612740230837 21.331249363294337 -4299.990216194019 2.753363176169719e-05 0.004213334569873293 0.1535553851213515
-2.0889158460161084 5.262064458370637 4.687394186765762 1056.0605571903288 571.9491436481476 649.0480473041534 169.73232579231262 3.050530455474937 3.479279617356383 -1668.117511756338 0.18505612740230837 21.331249363294337 -4299.990216194019 2.753363176169719e-05 0.004213334569873293 0.1535553851213515
-2.172393912264994 5.254207699194272 4.618547767755364 1057.3745762184262 574.4628028869629 645.6295464038849 170.90128457546234 3.050530455474937 3.479279617356383 -1668.117511756338 0.18505612740230837 21.331249363294337 -4299.990216194019 2.753363176169719e-05 0.004213334569873293 0.1535553851213515
-2.2558719785138748 5.240458370635629 4.549148697599816 1058.2472272515297 576.9558732882142 641.1507527828217 172.54064321517944 3.050530455474937 3.479279617356383 -1668.117511756338 0.18505612740230837 21.331249363294337 -4299.990216194019 2.753363176169719e-05 0.004213334569873293 0.1535553851213515
-2.335421665174572 5.221798567591765 4.481986544325868 1058.6567339524627 579.407647870481 635.0635323524475 174.44013166427612 3.050530455474937 3.479279617356383 -1668.117511756338 0.18505612740230837 21.331249363294337 -4299.990216194019 2.753363176169719e-05 0.004213334569873293 0.1535553851213515
-2.4100608773500416 5.197246195165624 4.394590974574794 1058.582118153572 581.7960602864623 626.7778100967407 176.3707391023636 3.050530455474937 3.479279617356383 -1668.117511756338 0.18505612740230837 21.331249363294337 -4299.990216194019 2.753363176169719e-05 0.004213334569873293 0.1535553851213515
-2.4817538048343764 5.167783348254255 4.322471116453846 1058.003199853003 584.0976850688457 615.6615619659424 178.08472049236298 3.050530455474937 3.479279617356383 -1668.117511756338 0.18505612740230837 21.331249363294337 -4299.990216194019 2.753363176169719e-05 0.004213334569873293 0.1535553851213515
-2.5495183527305274 5.133410026857652 4.2429610889401745 1056.9005972370505 586.2877373099327 601.0408217906952 179.3155938386917 3.050530455474937 3.479279617356383 -1668.117511756338 0.18505612740230837 21.331249363294337 -4299.990216194019 2.753363176169719e-05 0.004213334569873293 0.1535553851213515
-2.611390331244397 5.094126230975825 4.14668751172846 1055.255726583302 588.3400730192661 582.1996736526489 179.7781399488449 3.050530455474937 3.479279617356383 -1668.117511756338 0.18505612740230837 21.331249363294337 -4299.990216194019 2.753363176169719e-05 0.004213334569873293 0.1535553851213515
-2.661477170993729 5.0518961504028645 4.01189261043703 1053.0508024469018 590.2271889597178 558.3802590370178 179.1684045791626 3.050530455474937 3.479279617356383 -1668.117511756338 0.18505612740230837 21.331249363294337 -4299.990216194019 2.753363176169719e-05 0.004213334569873293 0.1535553851213515
-2.700760966875551 5.006719785138763 3.8573362432586022 1050.2688374742866 591.9202224239707 528.7827718257904 177.16369676589966 3.050530455474937 3.479279617356383 -1668.117511756338 0.18505612740230837 21.331249363294337 -4299.990216194019 2.753363176169719e-05 0.004213334569873293 0.1535553851213515
-2.7400447627573863 4.956632945389436 3.8066953400594064 1046.8936425074935 593.3889516294003 492.5654630661011 173.4225878715515 3.050530455474937 3.479279617356383 -1668.117511756338 0.18505612740230837 21.331249363294337 -4299.990216194019 2.753363176169719e-05 0.004213334569873293 0.1535553851213515
-2.767543419874662 4.906546105640106 3.6436828526117346 1042.9098265878856 594.6017955765128 448.8446373939514 167.58491456508636 3.050530455474937 3.479279617356383 -1668.117511756338 0.18505612740230837 21.331249363294337 -4299.990216194019 2.753363176169719e-05 0.004213334569873293 0.1535553851213515
-2.7920957923008034 4.855477170993733 3.5897376286655964 1038.3027969039977 595.5258138626814 396.69464898109436 159.27177476882935 3.050530455474937 3.479279617356383 -1668.117511756338 0.18505612740230837 21.331249363294337 -4299.990216194019 2.753363176169719e-05 0.004213334569873293 0.1535553851213515
-2.8127197851387566 4.8004798567591775 3.500363323860285 1033.0587587840855 596.1267068982124 335.14791345596313 148.0855337381363 3.050530455474937 3.479279617356383 -1668.117511756338 0.18505612740230837 21.331249363294337 -4299.990216194019 2.753363176169719e-05 0.004213334569873293 0.1535553851213515
-2.828433303491491 4.7445004476275745 3.4152519746719405 1027.1647157631814 596.3688158616424 263.19489789009094 133.60981619358063 3.050530455474937 3.479279617356383 -1668.117511756338 0.18505612740230837 21.331249363294337 -4299.990216194019 2.753363176169719e-05 0.004213334569873293 0.1535553851213515
-2.841200537153086 4.685574753804835 3.3549612957416297 1020.6084695532918 596.2151226475835 179.78412222862244 115.40951311588287 3.050530455474937 3.479279617356383 -1668.117511756338 0.18505612740230837 21.331249363294337 -4299.990216194019 2.753363176169719e-05 0.004213334569873293 0.1535553851213515
