36 -1.0724476275738568 -2.6811190689346454 5.4977871437821735 -3.8488299015219396 -0.22686392121754612
-1.0724476275738568 -2.6811190689346454 5.4977871437821735 409.4763546079266 566.3808356650438 784.4002834529158 220.29245150275528 4.30115809208991 4.998320952557859 -2598.365194939644 0.12047705357309318 25.1677176708005 -3512.2230795141454 4.104839985454616e-05 0.005981500155974971 0.15974808020175754
-1.1078030438674997 -2.644781557743957 5.511484917155007 412.9111214504344 568.4358485182006 782.5449262755769 224.1795953744877 4.30115809208991 4.998320952557859 -2598.365194939644 0.12047705357309318 25.1677176708005 -3512.2230795141454 4.104839985454616e-05 0.005981500155974971 0.15974808020175754
-1.1500331244404602 -2.602551477170993 5.497787143782178 416.5137626298565 570.6604440242209 780.7019481230011 231.76129933710035 4.30115809208991 4.998320952557859 -2598.365194939644 0.12047705357309318 25.1677176708005 -3512.2230795141454 4.104839985454616e-05 0.005981500155974971 0.15974808020175754
-1.1942273948075148 -2.5563930170098463 5.519522850623935 420.26852822309047 573.0339988979322 778.8733454925408 242.34376690723002 4.30115809208991 4.998320952557859 -2598.365194939644 0.12047705357309318 25.1677176708005 -3512.2230795141454 4.104839985454616e-05 0.005981500155974971 0.15974808020175754
-1.2413679498657082 -2.505324082363473 5.5377658309054025 424.1613451896451 575.5367325155491 777.0607525336629 255.28259045323648 4.30115809208991 4.998320952557859 -2598.365194939644 0.12047705357309318 25.1677176708005 -3512.2230795141454 4.104839985454616e-05 0.005981500155974971 0.15974808020175754
-1.2924368845120806 -2.4493446732318698 5.543626569663276 428.17981737163996 578.1497069146819 775.2654410479488 269.98275119496975 4.30115809208991 4.998320952557859 -2598.365194939644 0.12047705357309318 25.1677176708005 -3512.2230795141454 4.104839985454616e-05 0.005981500155974971 0.15974808020175754
-1.3425237242614128 -2.3904189794091293 5.578691242937342 432.31322549380866 580.8548267943302 773.4883204890943 285.8986192038865 4.30115809208991 4.998320952557859 -2598.365194939644 0.12047705357309318 25.1677176708005 -3512.2230795141454 4.104839985454616e-05 0.005981500155974971 0.15974808020175754
-1.396538943598924 -2.328547000895253 5.565480166476103 436.5525271634933 583.6348395148857 771.72993796291 302.53395340299176 4.30115809208991 4.998320952557859 -2598.365194939644 0.12047705357309318 25.1677176708005 -3512.2230795141454 4.104839985454616e-05 0.005981500155974971 0.15974808020175754
-1.4466257833482516 -2.2647108325872867 5.617895879349051 440.89035687064893 586.4733350981303 769.9904782273201 319.4419015668973 4.30115809208991 4.998320952557859 -2598.365194939644 0.12047705357309318 25.1677176708005 -3512.2230795141454 4.104839985454616e-05 0.005981500155974971 0.15974808020175754
-1.4996589077887137 -2.1989104744852273 5.604814616831549 445.32102598784786 589.3547462272393 768.269763692364 336.2250003217341 4.30115809208991 4.998320952557859 -2598.365194939644 0.12047705357309318 25.1677176708005 -3512.2230795141454 4.104839985454616e-05 0.005981500155974971 0.15974808020175754
-1.5556383169203187 -2.1291817367949863 5.606729100771974 449.84052277026285 592.2643482467779 766.5672544201951 352.5351751452108 4.30115809208991 4.998320952557859 -2598.365194939644 0.12047705357309318 25.1677176708005 -3512.2230795141454 4.104839985454616e-05 0.005981500155974971 0.15974808020175754
-1.6106356311548748 -2.0604350940017904 5.608444364956042 454.44651235568585 595.1882591627043 764.8820481250818 368.07374036671536 4.30115809208991 4.998320952557859 -2598.365194939644 0.12047705357309318 25.1677176708005 -3512.2230795141454 4.104839985454616e-05 0.005981500155974971 0.15974808020175754
-1.659740376007162 -1.9946347358997307 5.64207653831984 459.13833676452214 598.1134396423665 763.2128801734059 382.5913991670386 4.30115809208991 4.998320952557859 -2598.365194939644 0.12047705357309318 25.1677176708005 -3512.2230795141454 4.104839985454616e-05 0.005981500155974971 0.15974808020175754
-1.7058988361683063 -1.9298164726947171 5.664370540441921 463.91701489978163 601.0276930145044 761.5581235836648 395.88824357859266 4.30115809208991 4.998320952557859 -2598.365194939644 0.12047705357309318 25.1677176708005 -3512.2230795141454 4.104839985454616e-05 0.005981500155974971 0.15974808020175754
-1.7540214861235444 -1.8649982094897033 5.644550340025594 468.7852425470901 603.9196652692503 759.9157890264695 407.8137544854544 4.30115809208991 4.998320952557859 -2598.365194939644 0.12047705357309318 25.1677176708005 -3512.2230795141454 4.104839985454616e-05 0.005981500155974971 0.15974808020175754
-1.8011620411817377 -1.804108325872872 5.624379271062095 473.7473923746884 606.7788450581263 758.2835248245459 418.2668016232492 4.30115809208991 4.998320952557859 -2598.365194939644 0.12047705357309318 25.1677176708005 -3512.2230795141454 4.104839985454616e-05 0.005981500155974971 0.15974808020175754
-1.8502667860340207 -1.7442005371530866 5.596563735849802 478.80951393342184 609.5955636940471 756.6586169527341 427.1956435790198 4.30115809208991 4.998320952557859 -2598.365194939644 0.12047705357309318 25.1677176708005 -3512.2230795141454 4.104839985454616e-05 0.005981500155974971 0.15974808020175754
-1.8983894359892588 -1.6852748433303473 5.5983640612369765 483.9793336567527 612.3609951513195 755.0379890379882 434.59792779153213 4.30115809208991 4.998320952557859 -2598.365194939644 0.12047705357309318 25.1677176708005 -3512.2230795141454 4.104839985454616e-05 0.005981500155974971 0.15974808020175754
-1.9465120859444927 -1.6283133393016995 5.581701770721362 489.2662548607509 615.0671560656403 753.4182023593783 440.5206905511004 4.30115809208991 4.998320952557859 -2598.365194939644 0.12047705357309318 25.1677176708005 -3512.2230795141454 4.104839985454616e-05 0.005981500155974971 0.15974808020175754
-2.1085577439570304 -1.570369740376006 5.066883126476618 494.68135774410143 617.7069057340964 751.7954558480865 445.0603569996165 4.30115809208991 4.998320952557859 -2598.365194939644 0.12047705357309318 25.1677176708005 -3512.2230795141454 4.104839985454616e-05 0.005981500155974971 0.15974808020175754
-2.268639212175475 -1.5114440465532664 5.076914982791632 500.2373993881017 620.2739461151716 750.165586087412 448.36274113044783 4.30115809208991 4.998320952557859 -2598.365194939644 0.12047705357309318 25.1677176708005 -3512.2230795141454 4.104839985454616e-05 0.005981500155974971 0.15974808020175754
-2.4267564905998293 -1.4505541629364374 5.0928953574970475 505.9488137566568 622.7628218287355 748.5240673127662 450.6230457886704 4.30115809208991 4.998320952557859 -2598.365194939644 0.12047705357309318 25.1677176708005 -3512.2230795141454 4.104839985454616e-05 0.005981500155974971 0.15974808020175754
-2.596658907788725 -1.3798433303491506 5.120256948358604 511.83171169628486 625.1689201560505 746.866011411676 452.08586267076316 4.30115809208991 4.998320952557859 -2598.365194939644 0.12047705357309318 25.1677176708005 -3512.2230795141454 4.104839985454616e-05 0.005981500155974971 0.15974808020175754
-2.763615040286487 -1.3052041181736793 5.147982726856154 517.903880936118 627.4884710397725 745.1861679237832 453.04517232500075 3.2187559914448083 3.7515874772614217 -1944.7552271535374 0.04530541540547606 22.06531505955609 -4269.987197677234 1.8988019868179484e-05 0.004491889933105459 0.12704194091653634
-2.9286069829901553 -1.2286007162041197 5.163216778912595 524.1847860878993 629.7185470839477 743.4789240408425 453.8443441510608 3.2187559914448083 3.7515874772614217 -1944.7552271535374 0.04530541540547606 22.06531505955609 -4269.987197677234 1.8988019868179484e-05 0.004491889933105459 0.12704194091653634
-3.093598925693823 -1.1470868397493303 5.188694141219548 530.6955686459796 631.8570635540129 741.7383046067246 454.8761364001548 3.2187559914448083 3.7515874772614217 -1944.7552271535374 0.04530541540547606 22.06531505955609 -4269.987197677234 1.8988019868179484e-05 0.004491889933105459 0.12704194091653634
-3.2556445837063612 -1.0636087735004485 5.206717496013527 537.4590469873274 633.9027783767997 739.9579721174134 456.58269617529004 3.2187559914448083 3.7515874772614217 -1944.7552271535374 0.04530541540547606 22.06531505955609 -4269.987197677234 1.8988019868179484e-05 0.004491889933105459 0.12704194091653634
-3.419654431512984 -0.9781665174574768 5.21128646579675 544.4997163715193 635.8552921405239 738.1312267210088 459.4555594307021 3.2187559914448083 3.7515874772614217 -1944.7552271535374 0.04530541540547606 22.06531505955609 -4269.987197677234 1.8988019868179484e-05 0.004491889933105459 0.12704194091653634
-3.5866105640107504 -0.8887958818263205 5.222685768114957 551.843748940739 637.7150480947985 736.2510062177231 464.0356509726407 3.2187559914448083 3.7515874772614217 -1944.7552271535374 0.04530541540547606 22.06531505955609 -4269.987197677234 1.8988019868179484e-05 0.004491889933105459 0.12704194091653634
-3.6347332139659887 -0.7984431512981196 5.793792314951722 559.5189937197972 639.4833321506287 734.309886059885 470.91328445851104 3.2187559914448083 3.7515874772614217 -1944.7552271535374 0.04530541540547606 22.06531505955609 -4269.987197677234 1.8988019868179484e-05 0.004491889933105459 0.12704194091653634
-3.6799095792300833 -0.7090725156669645 5.8151517613900365 567.5549766160968 641.1622728804091 732.3000793519353 480.7281623974559 3.2187559914448083 3.7515874772614217 -1944.7552271535374 0.04530541540547606 22.06531505955609 -4269.987197677234 1.8988019868179484e-05 0.004491889933105459 0.12704194091653634
-3.720175470008959 -0.6216660698299034 5.851490289863215 575.9829004196629 642.7548415179253 730.2134368504321 494.1693761502829 3.2187559914448083 3.7515874772614217 -1944.7552271535374 0.04530541540547606 22.06531505955609 -4269.987197677234 1.8988019868179484e-05 0.004491889933105459 0.12704194091653634
-3.745709937332141 -0.5411342882721578 5.976139575160862 584.8356448031359 644.2648519583524 728.0414469640457 511.975405929159 3.2187559914448083 3.7515874772614217 -1944.7552271535374 0.04530541540547606 22.06531505955609 -4269.987197677234 1.8988019868179484e-05 0.004491889933105459 0.12704194091653634
-3.7761548791405555 -0.4596204118173675 5.925735640103633 594.1477663217606 645.6969607582637 725.7752357535621 534.9341207980906 3.2187559914448083 3.7515874772614217 -1944.7552271535374 0.04530541540547606 22.06531505955609 -4269.987197677234 1.8988019868179484e-05 0.004491889933105459 0.12704194091653634
-3.80365353625784 -0.38007072515667123 5.950365094252759 603.9554984133938 647.0566671356173 723.4055669318809 563.8827786724141 3.2187559914448083 3.7515874772614217 -1944.7552271535374 0.04530541540547606 22.06531505955609 -4269.987197677234 1.8988019868179484e-05 0.004491889933105459 0.12704194091653634
-3.8282059086839815 -0.30346732318710923 5.973017246391603 614.2967513985075 648.3503129697642 720.9228418640166 599.7080263192329 3.2187559914448083 3.7515874772614217 -1944.7552271535374 0.04530541540547606 22.06531505955609 -4269.987197677234 1.8988019868179484e-05 0.004491889933105459 0.12704194091653634
-3.8488299015219396 -0.22686392121754612 6.020190575498684 614.6002250130568 650.7296836493888 702.659549913722 607.8931557582509 3.2187559914448083 3.7515874772614217 -1944.7552271535374 0.04530541540547606 22.06531505955609 -4269.987197677234 1.8988019868179484e-05 0.004491889933105459 0.12704194091653634
-3.8694538943598973 -0.15418889883616765 6.006671360562123 621.2658313668308 650.9613050242851 701.7870571566564 576.7390382844533 3.2187559914448083 3.7515874772614217 -1944.7552271535374 0.04530541540547606 22.06531505955609 -4269.987197677234 1.8988019868179484e-05 0.004491889933105459 0.12704194091653634
-3.89007788719786 -0.08446016114592571 5.995609476399093 628.3246275041674 651.3031458661321 700.2251964602001 547.4365499541236 3.2187559914448083 3.7515874772614217 -1944.7552271535374 0.04530541540547606 22.06531505955609 -4269.987197677234 1.8988019868179484e-05 0.004491889933105459 0.12704194091653634
-3.9146302596240012 -0.015713518352729636 5.940161366758883 635.743760986592 651.7431015399306 698.0417701703591 519.9192307750418 3.2187559914448083 3.7515874772614217 -1944.7552271535374 0.04530541540547606 22.06531505955609 -4269.987197677234 1.8988019868179484e-05 0.004491889933105459 0.12704194091653634
-3.933290062667865 0.057943598925693604 6.035071858082952 643.491139830583 652.2694091733651 695.3021322499699 494.1216041028747 3.2187559914448083 3.7515874772614217 -1944.7552271535374 0.04530541540547606 22.06531505955609 -4269.987197677234 1.8988019868179484e-05 0.004491889933105459 0.12704194091653634
-3.9607887197851452 0.12963652641002732 5.9169297467487905 651.535432507595 652.8706476568145 692.0691882786559 469.9791766412018 3.2187559914448083 3.7515874772614217 -1944.7552271535374 0.04530541540547606 22.06531505955609 -4269.987197677234 1.8988019868179484e-05 0.004491889933105459 0.12704194091653634
-3.988287376902421 0.20329364368845054 5.925876624171513 659.846067944025 653.535737643339 688.4033954529259 447.42843844148956 3.2187559914448083 3.7515874772614217 -1944.7552271535374 0.04530541540547606 22.06531505955609 -4269.987197677234 1.8988019868179484e-05 0.004491889933105459 0.12704194091653634
-4.012839749328562 0.2808791405550584 5.976700742329728 668.3932355212346 654.2539415486922 684.3627625860572 426.4068629031426 3.2187559914448083 3.7515874772614217 -1944.7552271535374 0.04530541540547606 22.06531505955609 -4269.987197677234 1.8988019868179484e-05 0.004491889933105459 0.12704194091653634
-4.035427931960619 0.36533930170098416 6.021859326557012 677.1478850755248 655.0148635513192 680.0028501081833 406.8529067734453 3.2187559914448083 3.7515874772614217 -1944.7552271535374 0.04530541540547606 22.06531505955609 -4269.987197677234 1.8988019868179484e-05 0.004491889933105459 0.12704194091653634
-4.056051924798572 0.4566741271262288 6.061103405274158 686.08172689819 655.8084495923467 675.3767700662647 388.7060101476163 3.2187559914448083 3.7515874772614217 -1944.7552271535374 0.04530541540547606 22.06531505955609 -4269.987197677234 1.8988019868179484e-05 0.004491889933105459 0.12704194091653634
-4.076675917636535 0.553901521933751 6.074162364373291 695.1672317354569 656.6249873755992 670.535186124067 371.9065964687579 3.2187559914448083 3.7515874772614217 -1944.7552271535374 0.04530541540547606 22.06531505955609 -4269.987197677234 1.8988019868179484e-05 0.004491889933105459 0.12704194091653634
-4.089443151298125 0.6560393912264991 6.15883031263285 704.3776307885091 657.4551063675822 665.5263135622045 356.3960725278739 3.2187559914448083 3.7515874772614217 -1944.7552271535374 0.04530541540547606 22.06531505955609 -4269.987197677234 1.8988019868179484e-05 0.004491889933105459 0.12704194091653634
-4.0933715308863095 0.7630877350044757 6.246504519422926 713.6869157134988 658.2897777974931 660.3959192780821 342.11682846390977 3.2187559914448083 3.7515874772614217 -1944.7552271535374 0.04530541540547606 22.06531505955609 -4269.987197677234 1.8988019868179484e-05 0.004491889933105459 0.12704194091653634
-4.0933715308863095 0.8740644583706357 -0.0 723.0698386215263 659.1203146572229 655.1873217859647 329.0122377636799 3.2187559914448083 3.7515874772614217 -1944.7552271535374 0.04530541540547606 22.06531505955609 -4269.987197677234 1.8988019868179484e-05 0.004491889933105459 0.12704194091653634
-4.099264100268587 0.9840590868397487 6.229665038720238 732.5019120786637 659.938371701342 649.941391216922 317.02665726191844 3.2187559914448083 3.7515874772614217 -1944.7552271535374 0.04530541540547606 22.06531505955609 -4269.987197677234 1.8988019868179484e-05 0.004491889933105459 0.12704194091653634
-4.098282005371542 1.099946284691137 0.008474373402962861 741.9594091059207 660.7359454471189 644.6965493188545 306.10542714126495 3.2187559914448083 3.7515874772614217 -1944.7552271535374 0.04530541540547606 22.06531505955609 -4269.987197677234 1.8988019868179484e-05 0.004491889933105459 0.12704194091653634
-4.099264100268587 1.211905102954342 6.2744136023351516 751.4193631792878 661.5053741745073 639.4887694565077 296.19487093228963 3.2187559914448083 3.7515874772614217 -1944.7552271535374 0.04530541540547606 22.06531505955609 -4269.987197677234 1.8988019868179484e-05 0.004491889933105459 0.12704194091653634
-4.099264100268583 1.3140429722470912 4.372570681600578e-14 760.8595682297018 662.2393379261462 634.3515766113924 287.24229551343524 3.2187559914448083 3.7515874772614217 -1944.7552271535374 0.04530541540547606 22.06531505955609 -4269.987197677234 1.8988019868179484e-05 0.004491889933105459 0.12704194091653634
-4.103192479856766 1.4073419874664288 6.241104899737686 770.2585786430373 662.9308585073713 629.3160473819298 279.19599111107163 3.2187559914448083 3.7515874772614217 -1944.7552271535374 0.04530541540547606 22.06531505955609 -4269.987197677234 1.8988019868179484e-05 0.004491889933105459 0.12704194091653634
-4.113995523724271 1.4967126230975838 6.162889830251593 779.5957092601693 663.5732994861996 624.4108099832665 272.0052312994667 3.2187559914448083 3.7515874772614217 -1944.7552271535374 0.04530541540547606 22.06531505955609 -4269.987197677234 1.8988019868179484e-05 0.004491889933105459 0.12704194091653634
-4.126762757385867 1.578226499552373 6.127821053328031 788.8510353768943 664.1603661933418 619.6620442474632 265.62027300077534 3.2187559914448083 3.7515874772614217 -1944.7552271535374 0.04530541540547606 22.06531505955609 -4269.987197677234 1.8988019868179484e-05 0.004491889933105459 0.12704194091653634
-4.142476275738597 1.6558119964189786 6.0833566621066035 798.0053927439858 664.6861057221968 615.0934816233821 259.99235648511967 3.2187559914448083 3.7515874772614217 -1944.7552271535374 0.04530541540547606 22.06531505955609 -4269.987197677234 1.8988019868179484e-05 0.004491889933105459 0.12704194091653634
-4.162118173679509 1.7275049239033113 6.015774509995711 807.0403775671693 665.1449069288506 610.7264051766615 255.0737053704579 3.2187559914448083 3.7515874772614217 -1944.7552271535374 0.04530541540547606 22.06531505955609 -4269.987197677234 1.8988019868179484e-05 0.004491889933105459 0.12704194091653634
-4.183724261414508 1.7942873769024155 5.970284079299285 815.9383465071223 665.5315004320792 606.5796495898394 250.81752662270446 3.2187559914448083 3.7515874772614217 -1944.7552271535374 0.04530541540547606 22.06531505955609 -4269.987197677234 1.8988019868179484e-05 0.004491889933105459 0.12704194091653634
-4.203366159355421 1.8561593554162927 5.975787834056768 824.6824166794922 665.8409586133512 602.6696011621898 247.1780105556645 3.2187559914448083 3.7515874772614217 -1944.7552271535374 0.04530541540547606 22.06531505955609 -4269.987197677234 1.8988019868179484e-05 0.004491889933105459 0.12704194091653634
-4.219079677708146 1.917049239033124 6.030631031401611 833.256465654873 666.0686956168147 599.0101978099156 244.1103308310412 3.2187559914448083 3.7515874772614217 -1944.7552271535374 0.04530541540547606 22.06531505955609 -4269.987197677234 1.8988019868179484e-05 0.004491889933105459 0.12704194091653634
-4.232829006266791 1.978921217547 6.06451636130556 841.6451314588267 666.2104673493186 595.6129290659555 241.57064445845026 3.2187559914448083 3.7515874772614217 -1944.7552271535374 0.04530541540547606 22.06531505955609 -4269.987197677234 1.8988019868179484e-05 0.004491889933105459 0.12704194091653634
-4.243632050134297 2.042757385854968 6.1155428693483165 849.8338125718674 666.2623714803908 592.4868360801302 239.51609179541265 3.2187559914448083 3.7515874772614217 -1944.7552271535374 0.04530541540547606 22.06531505955609 -4269.987197677234 1.8988019868179484e-05 0.004491889933105459 0.12704194091653634
-4.252470904207704 2.111504028648166 6.155315388619641 857.8086679294574 666.2208474422541 589.6385116190322 237.90479654736555 3.2187559914448083 3.7515874772614217 -1944.7552271535374 0.04530541540547606 22.06531505955609 -4269.987197677234 1.8988019868179484e-05 0.004491889933105459 0.12704194091653634
-4.256399283795883 2.1822148612354537 6.22768680193392 865.5566169220419 666.0826764298199 587.0721000661433 236.6958657676587 3.2187559914448083 3.7515874772614217 -1944.7552271535374 0.04530541540547606 22.06531505955609 -4269.987197677234 1.8988019868179484e-05 0.004491889933105459 0.12704194091653634
-4.257381378692937 2.2598003581020594 6.27052775534543 873.0653393949906 665.8449814006817 584.7892974217211 235.84938985751432 3.2187559914448083 3.7515874772614217 -1944.7552271535374 0.04530541540547606 22.06531505955609 -4269.987197677234 1.8988019868179484e-05 0.004491889933105459 0.12704194091653634
-4.2524709042077085 2.3432784243509404 0.058755822715722696 880.3232756486668 665.5052270751312 582.7893513028866 235.32644256609274 3.2187559914448083 3.7515874772614217 -1944.7552271535374 0.04530541540547606 22.06531505955609 -4269.987197677234 1.8988019868179484e-05 0.004491889933105459 0.12704194091653634
-4.242649955237252 2.4316669650850495 0.11065722117389565 887.3196264383587 665.061219936144 581.0690609435114 235.0890809904413 3.2187559914448083 3.7515874772614217 -1944.7552271535374 0.04530541540547606 22.06531505955609 -4269.987197677234 1.8988019868179484e-05 0.004491889933105459 0.12704194091653634
-4.226936436884518 2.5220196956132486 0.17219081452298074 894.0443529743425 664.5111082293865 579.6227771943995 235.10034557555264 3.2187559914448083 3.7515874772614217 -1944.7552271535374 0.04530541540547606 22.06531505955609 -4269.987197677234 1.8988019868179484e-05 0.004491889933105459 0.12704194091653634
-4.208276633840653 2.6123724261414494 0.2036585259775093 900.4881769218264 663.8533819632144 578.4424025230874 235.3242601142665 3.2187559914448083 3.7515874772614217 -1944.7552271535374 0.04530541540547606 22.06531505955609 -4269.987197677234 1.8988019868179484e-05 0.004491889933105459 0.12704194091653634
-4.189616830796785 2.7007609668755586 0.2080561367910355 906.642580400985 663.0868729086674 577.5173910140147 235.7258317473861 3.2187559914448083 3.7515874772614217 -1944.7552271535374 0.04530541540547606 22.06531505955609 -4269.987197677234 1.8988019868179484e-05 0.004491889933105459 0.12704194091653634
-4.168992837958828 2.7871853178155783 0.23425521359423643 912.4998059869613 662.2107545994841 576.8347483683319 236.27105096357263 3.2187559914448083 3.7515874772614217 -1944.7552271535374 0.04530541540547606 22.06531505955609 -4269.987197677234 1.8988019868179484e-05 0.004491889933105459 0.12704194091653634
-4.143458370635641 2.869681289167412 0.30017117083010675 918.0528567098445 661.2245423320737 576.3790319041764 236.9268915994362 3.2187559914448083 3.7515874772614217 -1944.7552271535374 0.04530541540547606 22.06531505955609 -4269.987197677234 1.8988019868179484e-05 0.004491889933105459 0.12704194091653634
-4.113013428827227 2.948248880931065 0.36968428879529147 923.2954960546776 660.128093165561 576.1323505563196 237.66131083947403 3.2187559914448083 3.7515874772614217 -1944.7552271535374 0.04530541540547606 22.06531505955609 -4269.987197677234 1.8988019868179484e-05 0.004491889933105459 0.12704194091653634
-4.076675917636535 3.021905998209489 0.4583000663916847 928.2222479614793 658.9216059217356 576.0743648765638 238.44324921607404 3.2187559914448083 3.7515874772614217 -1944.7552271535374 0.04530541540547606 22.06531505955609 -4269.987197677234 1.8988019868179484e-05 0.004491889933105459 0.12704194091653634
-4.040338406445847 3.086724261414504 0.5109495764965806 932.8283968252108 657.6056211850914 576.182287033349 239.24263060955855 3.2187559914448083 3.7515874772614217 -1944.7552271535374 0.04530541540547606 22.06531505955609 -4269.987197677234 1.8988019868179484e-05 0.004491889933105459 0.12704194091653634
-4.004000895255159 3.142703670546105 0.5757583175232279 937.1099874957927 656.1810213028002 576.4308808120732 240.0303622481515 3.2187559914448083 3.7515874772614217 -1944.7552271535374 0.04530541540547606 22.06531505955609 -4269.987197677234 1.8988019868179484e-05 0.004491889933105459 0.12704194091653634
-3.967663384064472 3.1908263205013427 0.6467584262632576 941.0638252781082 654.6490303847318 576.7924616148775 240.77833470796395 3.2187559914448083 3.7515874772614217 -1944.7552271535374 0.04530541540547606 22.06531505955609 -4269.987197677234 1.8988019868179484e-05 0.004491889933105459 0.12704194091653634
-3.932307967770825 3.232074306177261 0.7086262721277149 944.6874759319926 653.0112143034403 577.2368964607776 241.45942191305585 3.2187559914448083 3.7515874772614217 -1944.7552271535374 0.04530541540547606 22.06531505955609 -4269.987197677234 1.8988019868179484e-05 0.004491889933105459 0.12704194091653634
-3.8930241718889986 3.266447627573859 0.8519663271732721 947.9792656722548 651.2694806941709 577.7316039855941 242.04748113532696 3.2187559914448083 3.7515874772614217 -1944.7552271535374 0.04530541540547606 22.06531505955609 -4269.987197677234 1.8988019868179484e-05 0.004491889933105459 0.12704194091653634
-3.8507940913160335 3.2929641897940924 1.0101093318121024 950.93828116863 649.4260789548512 578.2415544419819 242.5173529946478 3.2187559914448083 3.7515874772614217 -1944.7552271535374 0.04530541540547606 22.06531505955609 -4269.987197677234 1.8988019868179484e-05 0.004491889933105459 0.12704194091653634
-3.80365353625784 3.314570277529095 1.1410340476982537 953.5643695458493 647.4836002461129 578.7292696993718 242.8448614587578 3.2187559914448083 3.7515874772614217 -1944.7552271535374 0.04530541540547606 22.06531505955609 -4269.987197677234 1.8988019868179484e-05 0.004491889933105459 0.12704194091653634
-3.7565129811996467 3.3332300805729633 1.193887056470072 955.8581383835626 645.4449774912532 579.1548232441055 243.00681384333802 3.2187559914448083 3.7515874772614217 -1944.7552271535374 0.04530541540547606 22.06531505955609 -4269.987197677234 1.8988019868179484e-05 0.004491889933105459 0.12704194091653634
-3.707408236347364 3.3459973142345563 1.3164282682416393 957.82095571643 643.3134853762863 579.4758401792787 242.98100081192388 3.2187559914448083 3.7515874772614217 -1944.7552271535374 0.04530541540547606 22.06531505955609 -4269.987197677234 1.8988019868179484e-05 0.004491889933105459 0.12704194091653634
-3.6543751119068975 3.354836168307966 1.4056476493802972 959.4549500340017 641.0927403498886 579.6474972248361 242.74619637601427 3.2187559914448083 3.7515874772614217 -1944.7552271535374 0.04530541540547606 22.06531505955609 -4269.987197677234 1.8988019868179484e-05 0.004491889933105459 0.12704194091653634
-3.5974136078782517 3.362692927484333 1.433730152484672 960.763010280838 638.7867006234464 579.6225227175855 242.28215789496608 3.2187559914448083 3.7515874772614217 -1944.7552271535374 0.04530541540547606 22.06531505955609 -4269.987197677234 1.8988019868179484e-05 0.004491889933105459 0.12704194091653634
-3.534559534467329 3.369567591763651 1.4618543698050603 961.7487858564364 636.3996661710244 579.3511966110855 241.56962607608148 3.2187559914448083 3.7515874772614217 -1944.7552271535374 0.04530541540547606 22.06531505955609 -4269.987197677234 1.8988019868179484e-05 0.004491889933105459 0.12704194091653634
-3.468759176365267 3.3754601611459285 1.481482333801624 962.4166866152573 633.9362787293735 578.781350475736 240.59032497454973 3.2187559914448083 3.7515874772614217 -1944.7552271535374 0.04530541540547606 22.06531505955609 -4269.987197677234 1.8988019868179484e-05 0.004491889933105459 0.12704194091653634
-3.40099462846912 3.3803706356311567 1.4984589962562977 962.7718828667312 631.4015217979409 577.8583674988586 239.32696199346537 3.2187559914448083 3.7515874772614217 -1944.7552271535374 0.04530541540547606 22.06531505955609 -4269.987197677234 1.8988019868179484e-05 0.004491889933105459 0.12704194091653634
-3.332247985675924 3.3852811101163827 1.4994888620096387 962.820305375204 628.800720638862 576.525182484449 237.76322788383186 3.2187559914448083 3.7515874772614217 -1944.7552271535374 0.04530541540547606 22.06531505955609 -4269.987197677234 1.8988019868179484e-05 0.004491889933105459 0.12704194091653634
-3.2635013428827326 3.391173679498658 1.485291033116667 962.5686453600265 626.139542276956 574.7222818534428 235.88379674455427 3.2187559914448083 3.7515874772614217 -1944.7552271535374 0.04530541540547606 22.06531505955609 -4269.987197677234 1.8988019868179484e-05 0.004491889933105459 0.12704194091653634
-3.190826320501353 3.397066248880929 1.4898922276397097 962.0243544954792 623.4239954997352 572.3877036435624 233.6743260225012 3.2187559914448083 3.7515874772614217 -1944.7552271535374 0.04530541540547606 22.06531505955609 -4269.987197677234 1.8988019868179484e-05 0.004491889933105459 0.12704194091653634
-3.118151298119969 3.401976723366157 1.5033313022729968 961.1956449108311 620.6604308573988 569.4570375093244 231.1214565123264 3.2187559914448083 3.7515874772614217 -1944.7552271535374 0.04530541540547606 22.06531505955609 -4269.987197677234 1.8988019868179484e-05 0.004491889933105459 0.12704194091653634
-3.0415478961504014 3.4078692927484324 1.4940244355251073 960.0914891902503 617.8555406628402 565.8634247221089 228.21281235671267 3.2187559914448083 3.7515874772614217 -1944.7552271535374 0.04530541540547606 22.06531505955609 -4269.987197677234 1.8988019868179484e-05 0.004491889933105459 0.12704194091653634
-2.966908683974937 3.411797672336614 1.518213265183969 958.7216203729549 615.016358991631 561.5375581701192 224.93700104617892 3.2187559914448083 3.7515874772614217 -1944.7552271535374 0.04530541540547606 22.06531505955609 -4269.987197677234 1.8988019868179484e-05 0.004491889933105459 0.12704194091653634
-2.891287376902427 3.415726051924797 1.5188949283367077 957.0965319530042 612.1502616820453 556.4076823583891 221.28361341920026 3.2187559914448083 3.7515874772614217 -1944.7552271535374 0.04530541540547606 22.06531505955609 -4269.987197677234 1.8988019868179484e-05 0.004491889933105459 0.12704194091653634
-2.8176302596239986 3.4176902417188892 1.5441359784202942 955.2274778795145 609.2649663350321 550.3995934087216 217.24322366209162 3.2187559914448083 3.7515874772614217 -1944.7552271535374 0.04530541540547606 22.06531505955609 -4269.987197677234 1.8988019868179484e-05 0.004491889933105459 0.12704194091653634
-2.742991047448534 3.418672336615936 1.557639191322122 953.1264725565215 606.3685323142417 543.4366390598298 212.80738930912412 3.2187559914448083 3.7515874772614217 -1944.7552271535374 0.04530541540547606 22.06531505955609 -4269.987197677234 1.8988019868179484e-05 0.004491889933105459 0.12704194091653634
-2.66835183527306 3.418672336615936 3.141592653589793 950.8062908430129 603.4693607460035 535.4397186671849 207.96865124246324 3.2187559914448083 3.7515874772614217 -1944.7552271535374 0.04530541540547606 22.06531505955609 -4269.987197677234 1.8988019868179484e-05 0.004491889933105459 0.12704194091653634
-2.5986230975828195 3.4176902417188892 1.5848799026177762 948.2804680529425 600.5761945193422 526.3272832030998 202.7205336922343 3.2187559914448083 3.7515874772614217 -1944.7552271535374 0.04530541540547606 22.06531505955609 -4269.987197677234 1.8988019868179484e-05 0.004491889933105459 0.12704194091653634
-2.5279122649955292 3.4137618621307055 1.6262948320406239 945.5632999552181 597.6981182859704 516.0153352567613 197.05754423633698 3.2187559914448083 3.7515874772614217 -1944.7552271535374 0.04530541540547606 22.06531505955609 -4269.987197677234 1.8988019868179484e-05 0.004491889933105459 0.12704194091653634
-2.4601477170993826 3.405905102954341 1.6862229871618208 942.669842773701 594.8445584602887 504.4174290340816 190.97517380069257 3.2187559914448083 3.7515874772614217 -1944.7552271535374 0.04530541540547606 22.06531505955609 -4269.987197677234 1.8988019868179484e-05 0.004491889933105459 0.12704194091653634
-2.3914010743061818 3.397066248880931 1.698666245354869 939.6159131872264 592.0252832193869 491.4446703578651 184.4698966591095 3.2187559914448083 3.7515874772614217 -1944.7552271535374 0.04530541540547606 22.06531505955609 -4269.987197677234 1.8988019868179484e-05 0.004491889933105459 0.12704194091653634
-2.3246186213070845 3.384299015219336 1.7596935076725648 936.4180883295794 589.2504025030394 477.00571666777614 177.5391704332469 3.2187559914448083 3.7515874772614217 -1944.7552271535374 0.04530541540547606 22.06531505955609 -4269.987197677234 1.8988019868179484e-05 0.004491889933105459 0.12704194091653634
-2.2607824529991167 3.369567591763653 1.7975951748487493 933.0937057894898 586.5303680137181 461.00677702019675 170.1814360927783 3.2187559914448083 3.7515874772614217 -1944.7552271535374 0.04530541540547606 22.06531505955609 -4269.987197677234 1.8988019868179484e-05 0.004491889933105459 0.12704194091653634
-2.1989104744852384 3.3499256938227377 1.8781937999177425 929.6608636106794 583.87597321658 443.3516120884451 162.39611795516248 3.2187559914448083 3.7515874772614217 -1944.7552271535374 0.04530541540547606 22.06531505955609 -4269.987197677234 1.8988019868179484e-05 0.004491889933105459 0.12704194091653634
-2.133110116383181 3.329301700984782 1.874530812637448 926.1384202917743 581.2983533394736 423.94153416260815 154.18362368583257 3.2187559914448083 3.7515874772614217 -1944.7552271535374 0.04530541540547606 22.06531505955609 -4269.987197677234 1.8988019868179484e-05 0.004491889933105459 0.12704194091653634
-2.0673097582811235 3.305731423455683 1.9147654465183086 922.545994786431 578.8089853729157 402.6754071495525 145.54534429811247 3.2187559914448083 3.7515874772614217 -1944.7552271535374 0.04530541540547606 22.06531505955609 -4269.987197677234 1.8988019868179484e-05 0.004491889933105459 0.12704194091653634
-2.0074019695613305 3.2762685765443145 2.040979790441568 918.9039665031723 576.419688070152 379.4496465730772 136.48365415324952 3.2187559914448083 3.7515874772614217 -1944.7552271535374 0.04530541540547606 22.06531505955609 -4269.987197677234 1.8988019868179484e-05 0.004491889933105459 0.12704194091653634
-1.9386553267681388 3.244841539838854 2.0113266674114296 915.2334753055584 574.1426219470782 354.1582195737392 127.00191096038179 3.2187559914448083 3.7515874772614217 -1944.7552271535374 0.04530541540547606 22.06531505955609 -4269.987197677234 1.8988019868179484e-05 0.004491889933105459 0.12704194091653634
-1.8728549686660771 3.2094861235452123 2.075356765571104 911.5564215120576 571.9902892823075 326.692644908926 117.104455776549 3.2187559914448083 3.7515874772614217 -1944.7552271535374 0.04530541540547606 22.06531505955609 -4269.987197677234 1.8988019868179484e-05 0.004491889933105459 0.12704194091653634
-1.8080367054610602 3.1702023276633873 2.12666713594902 907.8954658961575 569.9755341171176 296.9419929528485 106.79661300670705 3.2187559914448083 3.7515874772614217 -1944.7552271535374 0.04530541540547606 22.06531505955609 -4269.987197677234 1.8988019868179484e-05 0.004491889933105459 0.12704194091653634
-1.7461647269471863 3.1269901521933727 2.1910458127777863 904.274029686203 568.1115422555058 264.7928856965591 96.08469040374621 3.159477518643587 3.7080283823813707 -1907.5975452629211 -0.0453787220154199 21.98255497490822 -4214.877622162575 -1.9018743510234716e-05 0.004462156098061851 0.14814339454538186
-1.6901853178155812 3.078867502238138 2.290867020568947 900.7162945656128 566.4118412641155 230.12949674791525 84.97597906839655 3.159477518643587 3.7080283823813707 -1907.5975452629211 -0.0453787220154199 21.98255497490822 -4214.877622162575 -1.9018743510234716e-05 0.004462156098061851 0.14814339454538186
-1.640098478066258 3.0258343777976715 2.3939124426592624 897.2472026726609 564.8903004723279 192.83355133162695 73.47875344934437 3.159477518643587 3.7080283823813707 -1907.5975452629211 -0.0453787220154199 21.98255497490822 -4214.877622162575 -1.9018743510234716e-05 0.004462156098061851 0.14814339454538186
-1.5929579230080646 2.9718191584601614 2.432966381462096 893.8924566006426 563.5611309721671 152.78432628918017 61.60227134314482 3.159477518643587 3.7080283823813707 -1907.5975452629211 -0.0453787220154199 21.98255497490822 -4214.877622162575 -1.9018743510234716e-05 0.004462156098061851 0.14814339454538186
-1.5546562220232876 2.9119113697403765 2.58009899032274 890.678519397803 562.4388856183864 109.85865007894972 49.35677389434204 3.159477518643587 3.7080283823813707 -1907.5975452629211 -0.0453787220154199 21.98255497490822 -4214.877622162575 -1.9018743510234716e-05 0.004462156098061851 0.14814339454538186
-1.5212649955237343 2.8470931065353624 2.6719927339343874 887.6326145673156 561.5384590283957 63.930902776097355 36.75348559530903 3.159477518643587 3.7080283823813707 -1907.5975452629211 -0.0453787220154199 21.98255497490822 -4214.877622162575 -1.9018743510234716e-05 0.004462156098061851 0.14814339454538186
-1.4780528200537244 2.7832569382273946 2.5465230298842423 884.7827260673512 560.8750875823193 14.873016072579048 23.804614286324068 3.159477518643587 3.7080283823813707 -1907.5975452629211 -0.0453787220154199 21.98255497490822 -4214.877622162575 -1.9018743510234716e-05 0.004462156098061851 0.14814339454538186
