26 0.1630277529095739 -1.4220734109221136 0.2954408371436531 -4.803426141450304 -0.12472605192480014
0.1630277529095739 -1.4220734109221136 0.2954408371436531 535.6687474921346 523.9233776181936 752.9803713508882 257.7664014324546 3.2004122687227 3.7367364980831304 -1910.8044589982057 0.08864730211837707 21.956997937005646 -4167.7302019782655 3.715310231281515e-05 0.004478978577086192 0.14263697353433874
0.1699024171888917 -1.3975210384959733 0.2730087030866549 527.3682670854032 504.8338108509779 750.9386089006439 257.4097848497331 3.2004122687227 3.7367364980831304 -1910.8044589982057 0.08864730211837707 21.956997937005646 -4167.7302019782655 3.715310231281515e-05 0.004478978577086192 0.14263697353433874
0.18463384064457658 -1.3700223813786943 0.4918091759886884 524.846919298172 495.8858917057514 748.2978408234194 261.96387703344226 3.2004122687227 3.7367364980831304 -1910.8044589982057 0.08864730211837707 21.956997937005646 -4167.7302019782655 3.715310231281515e-05 0.004478978577086192 0.14263697353433874
0.20329364368844943 -1.3395774395702786 0.5498531826767097 527.061495076865 495.4148979112506 745.1755729359575 270.4154078885913 3.2004122687227 3.7367364980831304 -1910.8044589982057 0.08864730211837707 21.956997937005646 -4167.7302019782655 3.715310231281515e-05 0.004478978577086192 0.14263697353433874
0.2140966875559508 -1.3022578334825428 0.28177186727332526 533.0448049195111 501.86833434551954 741.6805266365409 281.8337548971176 3.2004122687227 3.7367364980831304 -1910.8044589982057 0.08864730211837707 21.956997937005646 -4167.7302019782655 3.715310231281515e-05 0.004478978577086192 0.14263697353433874
0.22588182632050136 -1.2619919427036705 0.28473043852277197 541.9056787155569 513.8059331551194 737.9126389031298 295.3709429465234 3.2004122687227 3.7367364980831304 -1910.8044589982057 0.08864730211837707 21.956997937005646 -4167.7302019782655 3.715310231281515e-05 0.004478978577086192 0.14263697353433874
-0.2032936436884539 -1.143158460161148 4.982509482192036 552.8289658650756 529.8996537551284 733.9630622928962 310.261644449085 3.2004122687227 3.7367364980831304 -1910.8044589982057 0.08864730211837707 21.956997937005646 -4167.7302019782655 3.715310231281515e-05 0.004478978577086192 0.14263697353433874
-0.7395174574753823 -0.9938800358102076 4.983902509921992 565.0755352117121 548.9336828514934 729.9141649459489 325.8231792859733 3.2004122687227 3.7367364980831304 -1910.8044589982057 0.08864730211837707 21.956997937005646 -4167.7302019782655 3.715310231281515e-05 0.004478978577086192 0.14263697353433874
-1.3120787824530074 -0.8347806624888093 4.983424294983318 577.9822751320899 569.8044342622161 725.8395305844024 341.4555148743093 3.2004122687227 3.7367364980831304 -1910.8044589982057 0.08864730211837707 21.956997937005646 -4167.7302019782655 3.715310231281515e-05 0.004478978577086192 0.14263697353433874
-1.8807117278424441 -0.6766633840644583 4.983603043685486 590.9620934166014 591.52054913342 721.8039585100487 356.6412660740316 3.2004122687227 3.7367364980831304 -1910.8044589982057 0.08864730211837707 21.956997937005646 -4167.7302019782655 3.715310231281515e-05 0.004478978577086192 0.14263697353433874
-2.4454162936436976 -0.519528200537154 4.983784261186324 603.5039173550904 613.2028958573937 717.8634636066854 370.9456951916218 3.2004122687227 3.7367364980831304 -1910.8044589982057 0.08864730211837707 21.956997937005646 -4167.7302019782655 3.715310231281515e-05 0.004478978577086192 0.14263697353433874
-2.9983357206803958 -0.368285586392124 4.9784912616769175 615.1726937144995 634.0845700502396 714.0652763368562 384.0167121477425 3.2004122687227 3.7367364980831304 -1910.8044589982057 0.08864730211837707 21.956997937005646 -4167.7302019782655 3.715310231281515e-05 0.004478978577086192 0.14263697353433874
-3.5483088630259645 -0.22489973142345548 4.966557025606404 625.6093886941671 653.5108945965767 710.4478427460417 395.58487421646714 3.2004122687227 3.7367364980831304 -1910.8044589982057 0.08864730211837707 21.956997937005646 -4167.7302019782655 3.715310231281515e-05 0.004478978577086192 0.14263697353433874
-4.0943536257833495 -0.09035273052820099 4.953146478207286 634.5309880264103 670.939419567585 707.0408244594 405.4633862301707 3.2004122687227 3.7367364980831304 -1910.8044589982057 0.08864730211837707 21.956997937005646 -4167.7302019782655 3.715310231281515e-05 0.004478978577086192 0.14263697353433874
-4.628613249776189 0.029462846911369744 4.932221167300459 641.730496879667 685.9399223178625 703.8650986859575 413.54810052737594 3.2004122687227 3.7367364980831304 -1910.8044589982057 0.08864730211837707 21.956997937005646 -4167.7302019782655 3.715310231281515e-05 0.004478978577086192 0.14263697353433874
-5.160908683974934 0.13749328558639212 4.911904678400656 647.0769398882985 698.1944074630737 700.9327582125552 419.81751687452197 3.1764690208408406 3.693343770104125 -1884.9018962075666 0.04396478251675698 21.79234622551327 -4086.627604305771 1.8426145229152102e-05 0.004443721715092922 0.16312777913447307
-5.250279319606087 0.15418889883616765 4.89318855368866 650.5153611861169 707.4971068128943 698.2471114103682 424.33278254047036 3.1764690208408406 3.693343770104125 -1884.9018962075666 0.04396478251675698 21.79234622551327 -4086.627604305771 1.8426145229152102e-05 0.004443721715092922 0.16312777913447307
-5.230637421665169 0.13258281110116385 2.4558631426834423 652.0668243691325 713.7544794678688 695.8026822255924 427.2376923300326 3.1764690208408406 3.693343770104125 -1884.9018962075666 0.04396478251675698 21.79234622551327 -4086.627604305771 1.8426145229152102e-05 0.004443721715092922 0.16312777913447307
-5.180550581915846 0.0932990152193364 2.2554134911077273 651.8284125216305 716.9852116927505 693.5852101910859 428.75868848338723 3.1764690208408406 3.693343770104125 -1884.9018962075666 0.04396478251675698 21.79234622551327 -4086.627604305771 1.8426145229152102e-05 0.004443721715092922 0.16312777913447307
-5.128499552372425 0.05106893464637355 2.2712926967425826 649.9732281304896 717.3202171400189 691.5716504221782 429.2048607207835 3.1764690208408406 3.693343770104125 -1884.9018962075666 0.04396478251675698 21.79234622551327 -4086.627604305771 1.8426145229152102e-05 0.004443721715092922 0.16312777913447307
-5.082341092211276 0.003928379588182409 2.388441372627594 646.7503932379186 715.0026365369558 689.7301736087538 428.96794632449746 3.1764690208408406 3.693343770104125 -1884.9018962075666 0.04396478251675698 21.79234622551327 -4086.627604305771 1.8426145229152102e-05 0.004443721715092922 0.16312777913447307
-4.985113697403755 -0.025534467323186216 2.391880419572627 642.4850493557751 710.3878380134702 688.020166025497 428.522329967469 3.1764690208408406 3.693343770104125 -1884.9018962075666 0.04396478251675698 21.79234622551327 -4086.627604305771 1.8426145229152102e-05 0.004443721715092922 0.16312777913447307
-4.872172784243514 -0.04026589077887221 2.39531946651766 637.5783574134111 703.9434168040752 686.392229527235 428.42504385486245 3.1764690208408406 3.693343770104125 -1884.9018962075666 0.04396478251675698 21.79234622551327 -4086.627604305771 1.8426145229152102e-05 0.004443721715092922 0.16312777913447307
-4.82699641897941 -0.06285407341092301 2.3987585134626928 632.5074978508055 696.2491954341531 684.7881815517321 429.3157677464187 3.1764690208408406 3.693343770104125 -1884.9018962075666 0.04396478251675698 21.79234622551327 -4086.627604305771 1.8426145229152102e-05 0.004443721715092922 0.16312777913447307
-4.809318710832586 -0.08642435094001635 2.4021975604077253 627.8256705440581 687.9972237348557 683.1410551145673 431.9168287627399 3.1764690208408406 3.693343770104125 -1884.9018962075666 0.04396478251675698 21.79234622551327 -4086.627604305771 1.8426145229152102e-05 0.004443721715092922 0.16312777913447307
-4.805390331244403 -0.10901253357206828 2.405636607352758 624.1620949134231 679.9917786791921 681.3750988142565 437.0332015492022 3.1764690208408406 3.693343770104125 -1884.9018962075666 0.04396478251675698 21.79234622551327 -4086.627604305771 1.8426145229152102e-05 0.004443721715092922 0.16312777913447307
-4.803426141450304 -0.12472605192480014 2.409075654297791 627.0741157475422 694.2000220650516 695.7228081738576 478.70774740353227 3.1764690208408406 3.693343770104125 -1884.9018962075666 0.04396478251675698 21.79234622551327 -4086.627604305771 1.8426145229152102e-05 0.004443721715092922 0.16312777913447307
-4.803426141450304 -0.13454700089525673 2.412514701242824 626.1328714177653 695.5747018418042 675.0829965057783 456.1002333483193 3.1764690208408406 3.693343770104125 -1884.9018962075666 0.04396478251675698 21.79234622551327 -4086.627604305771 1.8426145229152102e-05 0.004443721715092922 0.16312777913447307
-4.805390331244403 -0.1394574753804839 2.415953748187857 625.2898274664476 696.8099908579316 656.9208311610855 435.09649059409276 3.1764690208408406 3.693343770104125 -1884.9018962075666 0.04396478251675698 21.79234622551327 -4086.627604305771 1.8426145229152102e-05 0.004443721715092922 0.16312777913447307
-4.8093187108325814 -0.1433858549686663 2.41939279513289 624.5389433253731 697.9144631618692 641.0469043585472 415.6203309793491 3.1764690208408406 3.693343770104125 -1884.9018962075666 0.04396478251675698 21.79234622551327 -4086.627604305771 1.8426145229152102e-05 0.004443721715092922 0.16312777913447307
-4.8093187108325814 -0.1433858549686663 2.4228318420779225 623.8743515841052 698.8964455829991 627.2782781720161 397.59719316498376 3.1764690208408406 3.693343770104125 -1884.9018962075666 0.04396478251675698 21.79234622551327 -4086.627604305771 1.8426145229152102e-05 0.004443721715092922 0.16312777913447307
-4.872172784243509 -0.15811727842435117 2.4262708890229554 623.2903579904087 699.7640177315334 615.4384845476598 380.95414263405837 3.1764690208408406 3.693343770104125 -1884.9018962075666 0.04396478251675698 21.79234622551327 -4086.627604305771 1.8426145229152102e-05 0.004443721715092922 0.16312777913447307
-4.95761504028648 -0.18266965085049264 2.4297099359679883 622.781441449697 700.5250119988632 605.3575252974406 365.6198716952931 3.1764690208408406 3.693343770104125 -1884.9018962075666 0.04396478251675698 21.79234622551327 -4086.627604305771 1.8426145229152102e-05 0.004443721715092922 0.16312777913447307
-4.981185317815581 -0.19543688451208574 2.4331489829130213 622.3422540254833 701.187013556977 596.8718720949255 351.5246994791087 3.1764690208408406 3.693343770104125 -1884.9018962075666 0.04396478251675698 21.79234622551327 -4086.627604305771 1.8426145229152102e-05 0.004443721715092922 0.16312777913447307
-4.98511369740376 -0.20034735899731626 2.4365880298580542 621.967620939351 701.7573603588971 589.8244664859958 338.60057193925604 3.1764690208408406 3.693343770104125 -1884.9018962075666 0.04396478251675698 21.79234622551327 -4086.627604305771 1.8426145229152102e-05 0.004443721715092922 0.16312777913447307
-4.981185317815581 -0.1993652641002704 2.440027076803087 621.6525405706197 702.2431431388541 584.0647198786028 326.7810618537478 3.1764690208408406 3.693343770104125 -1884.9018962075666 0.04396478251675698 21.79234622551327 -4086.627604305771 1.8426145229152102e-05 0.004443721715092922 0.16312777913447307
-4.977256938227401 -0.19543688451208796 2.44346612374812 621.3921844567376 702.6512054113846 579.4485135553405 316.0013688222971 3.1764690208408406 3.693343770104125 -1884.9018962075666 0.04396478251675698 21.79234622551327 -4086.627604305771 1.8426145229152102e-05 0.004443721715092922 0.16312777913447307
-4.973328558639218 -0.19150850492390445 2.4469051706931526 621.1818972929759 702.9881434727286 575.8381986534223 306.1983192691114 3.1764690208408406 3.693343770104125 -1884.9018962075666 0.04396478251675698 21.79234622551327 -4086.627604305771 1.8426145229152102e-05 0.004443721715092922 0.16312777913447307
-4.969400179051035 -0.18758012533572205 2.4503442176381856 621.0171969327348 703.2603063993738 573.1025961833075 297.31036644103006 3.1764690208408406 3.693343770104125 -1884.9018962075666 0.04396478251675698 21.79234622551327 -4086.627604305771 1.8426145229152102e-05 0.004443721715092922 0.16312777913447307
-4.9654717994628506 -0.18463384064458552 2.4537832645832185 620.8937743871502 703.4737960490456 571.1169970226474 289.2775904093869 3.1764690208408406 3.693343770104125 -1884.9018962075666 0.04396478251675698 21.79234622551327 -4086.627604305771 1.8426145229152102e-05 0.004443721715092922 0.16312777913447307
-4.963507609668757 -0.181687555953449 2.4572223115282514 620.8074938253994 703.6344670603576 569.7631619162858 282.0416980665177 3.1764690208408406 3.693343770104125 -1884.9018962075666 0.04396478251675698 21.79234622551327 -4086.627604305771 1.8426145229152102e-05 0.004443721715092922 0.16312777913447307
-4.961543419874663 -0.17972336615935722 2.4606613584732844 620.7543925747887 703.7479268528405 568.9293214674108 275.5460231306497 3.1764690208408406 3.693343770104125 -1884.9018962075666 0.04396478251675698 21.79234622551327 -4086.627604305771 1.8426145229152102e-05 0.004443721715092922 0.16312777913447307
-4.959579230080573 -0.17874127126231135 2.4641004054183173 620.7306811203307 703.8195356269425 568.5101761529222 269.73552614077926 3.1764690208408406 3.693343770104125 -1884.9018962075666 0.04396478251675698 21.79234622551327 -4086.627604305771 1.8426145229152102e-05 0.004443721715092922 0.16312777913447307
-4.959579230080573 -0.17775917636526656 2.46753945236335 620.7327431050508 703.8544063640875 568.4068963173777 264.5567944610957 3.1764690208408406 3.693343770104125 -1884.9018962075666 0.04396478251675698 21.79234622551327 -4086.627604305771 1.8426145229152102e-05 0.004443721715092922 0.16312777913447307
-4.959579230080573 -0.1767770814682207 2.4709784993083828 620.7571353300591 703.8574048265291 568.5271221683361 259.9580422779545 3.1764690208408406 3.693343770104125 -1884.9018962075666 0.04396478251675698 21.79234622551327 -4086.627604305771 1.8426145229152102e-05 0.004443721715092922 0.16312777913447307
-4.959579230080573 -0.17775917636526656 2.4744175462534157 620.8005877542746 703.8331495574093 568.7849637786858 255.8891106029041 3.1764690208408406 3.693343770104125 -1884.9018962075666 0.04396478251675698 21.79234622551327 -4086.627604305771 1.8426145229152102e-05 0.004443721715092922 0.16312777913447307
-4.959579230080573 -0.17874127126231135 2.4778565931984486 620.8600034945994 703.7860118809622 569.1010010903701 252.3014672670979 3.1764690208408406 3.693343770104125 -1884.9018962075666 0.04396478251675698 21.79234622551327 -4086.627604305771 1.8426145229152102e-05 0.004443721715092922 0.16312777913447307
-4.959579230080573 -0.17972336615935833 2.4812956401434816 620.9324588259915 703.7201159022807 569.4022839106619 249.14820692827925 3.1764690208408406 3.693343770104125 -1884.9018962075666 0.04396478251675698 21.79234622551327 -4086.627604305771 1.8426145229152102e-05 0.004443721715092922 0.16312777913447307
-4.959579230080573 -0.1807054610564031 2.4847346870885145 621.0152031812177 703.6393385072297 569.6223319135606 246.38405106659047 3.1764690208408406 3.693343770104125 -1884.9018962075666 0.04396478251675698 21.79234622551327 -4086.627604305771 1.8426145229152102e-05 0.004443721715092922 0.16312777913447307
-4.959579230080573 -0.18168755595344788 2.4881737340335475 621.1056591510714 703.5473093628243 569.7011346388608 243.96534798434004 3.1764690208408406 3.693343770104125 -1884.9018962075666 0.04396478251675698 21.79234622551327 -4086.627604305771 1.8426145229152102e-05 0.004443721715092922 0.16312777913447307
-4.959579230080573 -0.18266965085049486 2.49161278097858 621.2014224844024 703.4474109169096 569.5851514972746 241.85007280833088 3.1764690208408406 3.693343770104125 -1884.9018962075666 0.04396478251675698 21.79234622551327 -4086.627604305771 1.8426145229152102e-05 0.004443721715092922 0.16312777913447307
-4.959579230080573 -0.18365174574753962 2.495051827923613 621.3002620877814 703.3427783980733 569.2273117601871 239.99782748823054 3.1764690208408406 3.693343770104125 -1884.9018962075666 0.04396478251675698 21.79234622551327 -4086.627604305771 1.8426145229152102e-05 0.004443721715092922 0.16312777913447307
-4.959579230080573 -0.18463384064458438 2.498490874868646 621.4001200259227 703.2362998161698 568.5870145638473 238.3698407970369 3.1764690208408406 3.693343770104125 -1884.9018962075666 0.04396478251675698 21.79234622551327 -4086.627604305771 1.8426145229152102e-05 0.004443721715092922 0.16312777913447307
-4.959579230080573 -0.1856159355416314 2.501929921813679 621.4991115215234 703.1306159617379 567.6301289182156 236.92896833107807 3.1764690208408406 3.693343770104125 -1884.9018962075666 0.04396478251675698 21.79234622551327 -4086.627604305771 1.8426145229152102e-05 0.004443721715092922 0.16312777913447307
-4.959579230080573 -0.18561593554163028 2.5053689687587117 621.5955249549734 703.0281204063504 566.3289936971851 235.63969250931405 3.1764690208408406 3.693343770104125 -1884.9018962075666 0.04396478251675698 21.79234622551327 -4086.627604305771 1.8426145229152102e-05 0.004443721715092922 0.16312777913447307
-4.959579230080573 -0.18463384064458438 2.5088080157037447 621.6878218648926 702.9309595024097 564.6624176385812 234.46812257519923 3.1764690208408406 3.693343770104125 -1884.9018962075666 0.04396478251675698 21.79234622551327 -4086.627604305771 1.8426145229152102e-05 0.004443721715092922 0.16312777913447307
-4.959579230080573 -0.18168755595344674 2.512247062648777 621.7746369477973 702.8410323833523 562.6156793464907 233.3819945936557 3.1764690208408406 3.693343770104125 -1884.9018962075666 0.04396478251675698 21.79234622551327 -4086.627604305771 1.8426145229152102e-05 0.004443721715092922 0.16312777913447307
-4.959579230080573 -0.1787412712623102 2.51568610959381 621.8547780580702 702.75999096327 560.180527292192 232.35067145503126 3.1764690208408406 3.693343770104125 -1884.9018962075666 0.04396478251675698 21.79234622551327 -4086.627604305771 1.8426145229152102e-05 0.004443721715092922 0.16312777913447307
-4.959579230080573 -0.17579498657117257 2.519125156538843 621.9272262080922 702.6892399376666 557.3551798197441 231.34514287253842 3.1764690208408406 3.693343770104125 -1884.9018962075666 0.04396478251675698 21.79234622551327 -4086.627604305771 1.8426145229152102e-05 0.004443721715092922 0.16312777913447307
-4.959579230080573 -0.17284870188003604 2.522564203483876 621.9911355682416 702.6299367824977 554.1443251306191 230.33802538039163 3.1764690208408406 3.693343770104125 -1884.9018962075666 0.04396478251675698 21.79234622551327 -4086.627604305771 1.8426145229152102e-05 0.004443721715092922 0.16312777913447307
-4.959579230080573 -0.1699024171888995 2.526003250428909 622.0458334667201 702.5829917549272 550.5591212944128 229.30356233939528 3.174233428232232 3.7183918452879596 -1892.7303421903357 0.044049731283091705 21.837587714367025 -4101.048311014706 1.8461748232645145e-05 0.004456735674002972 0.15946280279282
-4.959579230080573 -0.16695613249776187 2.529442297373942 622.0908203899453 702.5490678928618 546.6171962507069 228.21762392972596 3.174233428232232 3.7183918452879596 -1892.7303421903357 0.044049731283091705 21.837587714367025 -4101.048311014706 1.8461748232645145e-05 0.004456735674002972 0.15946280279282
-4.959579230080573 -0.16400984780662647 2.5328813443189744 622.1257699819544 702.5285810153 542.3426478048787 227.05770715908147 3.174233428232232 3.7183918452879596 -1892.7303421903357 0.044049731283091705 21.837587714367025 -4101.048311014706 1.8461748232645145e-05 0.004456735674002972 0.15946280279282
-4.959579230080573 -0.16106356311548994 2.5363203912640073 622.1505290449568 702.5216997219832 537.7660436290316 225.80293585639447 3.174233428232232 3.7183918452879596 -1892.7303421903357 0.044049731283091705 21.837587714367025 -4101.048311014706 1.8461748232645145e-05 0.004456735674002972 0.15946280279282
-4.959579230080573 -0.15909937332139817 2.5397594382090403 622.1651175390871 702.5283453938027 532.9244212559424 224.43406067299657 3.174233428232232 3.7183918452879596 -1892.7303421903357 0.044049731283091705 21.837587714367025 -4101.048311014706 1.8461748232645145e-05 0.004456735674002972 0.15946280279282
-4.959579230080573 -0.1571351835273064 2.543198485154073 622.1697285824484 702.5481921922183 527.8612880934961 222.933459084481 3.174233428232232 3.7183918452879596 -1892.7303421903357 0.044049731283091705 21.837587714367025 -4101.048311014706 1.8461748232645145e-05 0.004456735674002972 0.15946280279282
-4.959579230080573 -0.1571351835273064 2.546637532099106 622.16472845104 702.580667059985 522.6266214079224 221.2851353904698 3.174233428232232 3.7183918452879596 -1892.7303421903357 0.044049731283091705 21.837587714367025 -4101.048311014706 1.8461748232645145e-05 0.004456735674002972 0.15946280279282
-4.959579230080573 -0.1571351835273064 2.550076579044139 622.1506565787568 702.6249497207464 517.2768683442846 219.47472071112134 3.174233428232232 3.7183918452879596 -1892.7303421903357 0.044049731283091705 21.837587714367025 -4101.048311014706 1.8461748232645145e-05 0.004456735674002972 0.15946280279282
-4.959579230080573 -0.1571351835273064 2.5535156259891716 622.128225557637 702.6799726787431 511.87494589434937 217.4894729941152 3.174233428232232 3.7183918452879596 -1892.7303421903357 0.044049731283091705 21.837587714367025 -4101.048311014706 1.8461748232645145e-05 0.004456735674002972 0.15946280279282
-4.959579230080573 -0.1571351835273064 2.5569546729342045 622.0983211375133 702.744421219395 506.49024093383923 215.31827700673603 3.174233428232232 3.7183918452879596 -1892.7303421903357 0.044049731283091705 21.837587714367025 -4101.048311014706 1.8461748232645145e-05 0.004456735674002972 0.15946280279282
-4.959579230080573 -0.1571351835273064 2.5603937198792375 622.0620022263465 702.8167334091268 501.19861019728705 212.95164434076287 3.174233428232232 3.7183918452879596 -1892.7303421903357 0.044049731283091705 21.837587714367025 -4101.048311014706 1.8461748232645145e-05 0.004456735674002972 0.15946280279282
-4.959579230080573 -0.1571351835273064 2.5638327668242704 622.0205008897465 702.8951000949892 496.0823802854866 210.3817134120036 3.174233428232232 3.7183918452879596 -1892.7303421903357 0.044049731283091705 21.837587714367025 -4101.048311014706 1.8461748232645145e-05 0.004456735674002972 0.15946280279282
-4.959579230080573 -0.1571351835273064 2.5672718137693034 621.9752223515534 702.9774649052124 491.2303476766683 207.6022494577337 3.174233428232232 3.7183918452879596 -1892.7303421903357 0.044049731283091705 21.837587714367025 -4101.048311014706 1.8461748232645145e-05 0.004456735674002972 0.15946280279282
-4.959579230080573 -0.1571351835273064 2.5707108607143363 621.9277449935471 703.0615242489439 486.73777869390324 204.60864454181865 3.174233428232232 3.7183918452879596 -1892.7303421903357 0.044049731283091705 21.837587714367025 -4101.048311014706 1.8461748232645145e-05 0.004456735674002972 0.15946280279282
-4.959579230080573 -0.1571351835273064 2.5741499076593692 621.879820355316 703.1447273159574 482.70640954282135 201.39791754633188 3.174233428232232 3.7183918452879596 -1892.7303421903357 0.044049731283091705 21.837587714367025 -4101.048311014706 1.8461748232645145e-05 0.004456735674002972 0.15946280279282
-4.959579230080573 -0.1571351835273064 2.5775889546044017 621.833373134461 703.2242760774388 479.2444462957792 197.96871418203227 3.174233428232232 3.7183918452879596 -1892.7303421903357 0.044049731283091705 21.837587714367025 -4101.048311014706 1.8461748232645145e-05 0.004456735674002972 0.15946280279282
-4.959579230080573 -0.1571351835273064 2.5810280015494347 621.7905011865805 703.2971252850257 476.466564883478 194.32130697974935 3.174233428232232 3.7183918452879596 -1892.7303421903357 0.044049731283091705 21.837587714367025 -4101.048311014706 1.8461748232645145e-05 0.004456735674002972 0.15946280279282
-4.959579230080573 -0.1571351835273064 2.5844670484944676 621.7534755252273 703.3599824714765 474.4939111075364 190.45759529341012 3.174233428232232 3.7183918452879596 -1892.7303421903357 0.044049731283091705 21.837587714367025 -4101.048311014706 1.8461748232645145e-05 0.004456735674002972 0.15946280279282
-4.959579230080573 -0.1571351835273064 2.5879060954395006 621.7247403218789 703.4093079505838 473.454100637231 186.38110530143604 3.174233428232232 3.7183918452879596 -1892.7303421903357 0.044049731283091705 21.837587714367025 -4101.048311014706 1.8461748232645145e-05 0.004456735674002972 0.15946280279282
-4.959579230080573 -0.1571351835273064 2.5913451423845335 621.7069129059091 703.4413148168242 473.4812190053053 182.0969900060445 3.174233428232232 3.7183918452879596 -1892.7303421903357 0.044049731283091705 21.837587714367025 -4101.048311014706 1.8461748232645145e-05 0.004456735674002972 0.15946280279282
-4.959579230080573 -0.1571351835273064 2.5947841893295664 621.7027837647765 703.451968945883 474.715821613092 177.6120292309206 3.174233428232232 3.7183918452879596 -1892.7303421903357 0.044049731283091705 21.837587714367025 -4101.048311014706 1.8461748232645145e-05 0.004456735674002972 0.15946280279282
-4.959579230080573 -0.1571351835273064 2.598223236274599 621.7153165437776 703.4369889941299 477.3049337286502 172.93462962424383 3.174233428232232 3.7183918452879596 -1892.7303421903357 0.044049731283091705 21.837587714367025 -4101.048311014706 1.8461748232645145e-05 0.004456735674002972 0.15946280279282
-4.959579230080573 -0.1571351835273064 2.601662283219632 621.7476480462647 703.3918463989394 481.4020504816435 168.0748246568255 3.174233428232232 3.7183918452879596 -1892.7303421903357 0.044049731283091705 21.837587714367025 -4101.048311014706 1.8461748232645145e-05 0.004456735674002972 0.15946280279282
-4.959579230080573 -0.1571351835273064 2.605101330164665 621.8030882334715 703.3117653786321 487.1671368754469 163.04427462327294 3.174233428232232 3.7183918452879596 -1892.7303421903357 0.044049731283091705 21.837587714367025 -4101.048311014706 1.8461748232645145e-05 0.004456735674002972 0.15946280279282
-4.959579230080573 -0.1571351835273064 2.6085403771096978 621.8851202245569 703.1917229324172 494.76662777224556 157.85626664198935 3.174233428232232 3.7183918452879596 -1892.7303421903357 0.044049731283091705 21.837587714367025 -4101.048311014706 1.8461748232645145e-05 0.004456735674002972 0.15946280279282
-4.959579230080573 -0.1571351835273064 2.6119794240547307 621.9974002967065 703.0264488403918 504.37342790933326 152.5257146533113 3.174233428232232 3.7183918452879596 -1892.7303421903357 0.044049731283091705 21.837587714367025 -4101.048311014706 1.8461748232645145e-05 0.004456735674002972 0.15946280279282
-4.959579230080573 -0.1571351835273064 2.6154184709997637 622.1437578851474 702.8104256637453 516.1669118832797 147.06915942090563 3.174233428232232 3.7183918452879596 -1892.7303421903357 0.044049731283091705 21.837587714367025 -4101.048311014706 1.8461748232645145e-05 0.004456735674002972 0.15946280279282
-4.959579230080573 -0.1571351835273064 2.6188575179447966 622.3281955827988 702.537888744293 530.332924164366 141.50476853339933 3.174233428232232 3.7183918452879596 -1892.7303421903357 0.044049731283091705 21.837587714367025 -4101.048311014706 1.8461748232645145e-05 0.004456735674002972 0.15946280279282
-4.959579230080573 -0.1571351835273064 2.622296564889829 622.5548891408398 702.2028262052045 547.0637790751643 135.852336400887 3.174233428232232 3.7183918452879596 -1892.7303421903357 0.044049731283091705 21.837587714367025 -4101.048311014706 1.8461748232645145e-05 0.004456735674002972 0.15946280279282
-4.959579230080573 -0.1571351835273064 2.625735611834862 622.828187468127 701.7989789499843 566.5582608231343 130.13328425725922 3.174233428232232 3.7183918452879596 -1892.7303421903357 0.044049731283091705 21.837587714367025 -4101.048311014706 1.8461748232645145e-05 0.004456735674002972 0.15946280279282
