66 -5.264028648164727 -0.1964189794091316 3.7522408002104095 -4.606025067144141 -0.216060877350047
-5.264028648164727 -0.1964189794091316 3.7522408002104095 615.0000000000009 715.0 705.0290336445323 139.7327081519179 3.1790559137912813 3.6953710563287983 -1880.414570942861 0.044395619376943585 21.800215240682157 -4104.007566654412 1.8606713904838136e-05 0.004430957047678252 0.16226870214347314
-5.264028648164727 -0.1964189794091316 3.715540514793937 615.0000000000008 715.0000000000001 703.4730053358944 129.70032346714288 3.1790559137912813 3.6953710563287983 -1880.414570942861 0.044395619376943585 21.800215240682157 -4104.007566654412 1.8606713904838136e-05 0.004430957047678252 0.16226870214347314
-5.264028648164727 -0.1964189794091316 3.6788402293774647 615.0000000000008 715.0000000000001 701.7898556609871 120.91186974127777 3.1790559137912813 3.6953710563287983 -1880.414570942861 0.044395619376943585 21.800215240682157 -4104.007566654412 1.8606713904838136e-05 0.004430957047678252 0.16226870214347314
-5.264028648164727 -0.1964189794091316 3.6421399439609923 615.0000000000007 715.0000000000001 699.9790139858378 113.34489846439101 3.1790559137912813 3.6953710563287983 -1880.414570942861 0.044395619376943585 21.800215240682157 -4104.007566654412 1.8606713904838136e-05 0.004430957047678252 0.16226870214347314
-5.264028648164727 -0.1964189794091316 3.60543965854452 615.0000000000007 715.0000000000001 698.0401843343279 106.97589856944978 3.1790559137912813 3.6953710563287983 -1880.414570942861 0.044395619376943585 21.800215240682157 -4104.007566654412 1.8606713904838136e-05 0.004430957047678252 0.16226870214347314
-5.264028648164727 -0.1964189794091316 3.5687393731280475 615.0000000000007 715.0000000000001 695.9733453911031 101.78029642393813 3.1790559137912813 3.6953710563287983 -1880.414570942861 0.044395619376943585 21.800215240682157 -4104.007566654412 1.8606713904838136e-05 0.004430957047678252 0.16226870214347314
-5.264028648164727 -0.1964189794091316 3.532039087711575 615.0000000000006 715.0000000000002 693.7787504992448 97.73245583940297 3.1790559137912813 3.6953710563287983 -1880.414570942861 0.044395619376943585 21.800215240682157 -4104.007566654412 1.8606713904838136e-05 0.004430957047678252 0.16226870214347314
-5.264028648164727 -0.1964189794091316 3.4953388022951026 615.0000000000006 715.0000000000002 691.456927661784 94.8056780602783 3.1790559137912813 3.6953710563287983 -1880.414570942861 0.044395619376943585 21.800215240682157 -4104.007566654412 1.8606713904838136e-05 0.004430957047678252 0.16226870214347314
-5.264028648164727 -0.1964189794091316 3.45863851687863 615.0000000000006 715.0000000000002 689.0086795408279 92.97220177971758 3.1790559137912813 3.6953710563287983 -1880.414570942861 0.044395619376943585 21.800215240682157 -4104.007566654412 1.8606713904838136e-05 0.004430957047678252 0.16226870214347314
-5.264028648164727 -0.1964189794091316 3.421938231462158 615.0000000000006 715.0000000000002 686.435083457327 92.20320312236436 3.1790559137912813 3.6953710563287983 -1880.414570942861 0.044395619376943585 21.800215240682157 -4104.007566654412 1.8606713904838136e-05 0.004430957047678252 0.16226870214347314
-5.264028648164727 -0.1964189794091316 3.3852379460456854 615.0000000000006 715.0000000000002 683.7374913925305 92.46879565506242 3.1790559137912813 3.6953710563287983 -1880.414570942861 0.044395619376943585 21.800215240682157 -4104.007566654412 1.8606713904838136e-05 0.004430957047678252 0.16226870214347314
-5.2620644583706335 -0.19838316920322338 3.348537660629213 615.0000000000006 715.0000000000002 680.9175299866474 93.73803038382903 3.1790559137912813 3.6953710563287983 -1880.414570942861 0.044395619376943585 21.800215240682157 -4104.007566654412 1.8606713904838136e-05 0.004430957047678252 0.16226870214347314
-5.260100268576544 -0.20034735899731515 3.3118373752127406 615.0000000000006 715.0000000000002 677.977100538963 95.9788957554847 3.1790559137912813 3.6953710563287983 -1880.414570942861 0.044395619376943585 21.800215240682157 -4104.007566654412 1.8606713904838136e-05 0.004430957047678252 0.16226870214347314
-5.258136078782445 -0.20231154879140692 3.275137089796268 615.0000000000005 715.0000000000002 674.9183790080133 99.15831765392795 3.1790559137912813 3.6953710563287983 -1880.414570942861 0.044395619376943585 21.800215240682157 -4104.007566654412 1.8606713904838136e-05 0.004430957047678252 0.16226870214347314
-5.256171888988356 -0.20427573858549755 3.2384368043797958 615.0000000000005 715.0000000000002 671.7438160128659 103.24215940199792 3.1790559137912813 3.6953710563287983 -1880.414570942861 0.044395619376943585 21.800215240682157 -4104.007566654412 1.8606713904838136e-05 0.004430957047678252 0.16226870214347314
-5.254207699194266 -0.20623992837958932 3.2017365189633233 615.0000000000005 715.0000000000002 668.4561368299183 108.19522176776081 3.1373205265893462 3.6951523283319907 -1864.020263834483 -0.04421406487546381 21.80392207342263 -4062.989747502183 -1.8530622328358663e-05 0.004441231131358957 0.17597153818016847
-5.252243509400168 -0.2082041181736811 3.165036233546851 615.0000000000006 715.0000000000002 665.0583413967397 113.98124294937588 3.1373205265893462 3.6951523283319907 -1864.020263834483 -0.04421406487546381 21.80392207342263 -4062.989747502183 -1.8530622328358663e-05 0.004441231131358957 0.17597153818016847
-5.250279319606078 -0.21016830796777172 3.1283359481303785 615.0000000000006 715.0000000000002 661.5537043094519 120.56289859325625 3.1373205265893462 3.6951523283319907 -1864.020263834483 -0.04421406487546381 21.80392207342263 -4062.989747502183 -1.8530622328358663e-05 0.004441231131358957 0.17597153818016847
-5.2483151298119886 -0.2121324977618635 3.0916356627139057 615.0000000000006 715.0000000000002 657.9457748234272 127.90180177800357 3.1373205265893462 3.6951523283319907 -1864.020263834483 -0.04421406487546381 21.80392207342263 -4062.989747502183 -1.8530622328358663e-05 0.004441231131358957 0.17597153818016847
-5.2463509400179 -0.21409668755595412 3.0549353772974337 615.0000000000006 715.0000000000002 654.2383768535801 135.95850302651525 3.1373205265893462 3.6951523283319907 -1864.020263834483 -0.04421406487546381 21.80392207342263 -4062.989747502183 -1.8530622328358663e-05 0.004441231131358957 0.17597153818016847
-5.24438675022381 -0.2160608773500459 3.0182350918809613 615.0000000000006 715.0000000000002 650.4356089747744 144.6924902992323 3.1373205265893462 3.6951523283319907 -1864.020263834483 -0.04421406487546381 21.80392207342263 -4062.989747502183 -1.8530622328358663e-05 0.004441231131358957 0.17597153818016847
-5.24438675022381 -0.2160608773500459 2.981534806464489 615.0000000000006 715.0000000000002 646.5418444196694 154.06218899600208 3.1373205265893462 3.6951523283319907 -1864.020263834483 -0.04421406487546381 21.80392207342263 -4062.989747502183 -1.8530622328358663e-05 0.004441231131358957 0.17597153818016847
-5.24438675022381 -0.2160608773500459 2.944834521048016 615.0000000000006 715.0000000000002 642.5617310815142 164.02496195654385 3.1373205265893462 3.6951523283319907 -1864.020263834483 -0.04421406487546381 21.80392207342263 -4062.989747502183 -1.8530622328358663e-05 0.004441231131358957 0.17597153818016847
-5.24438675022381 -0.2160608773500459 2.9081342356315436 615.0000000000006 715.0000000000002 638.5001915129833 174.53710945812054 3.1373205265893462 3.6951523283319907 -1864.020263834483 -0.04421406487546381 21.80392207342263 -4062.989747502183 -1.8530622328358663e-05 0.004441231131358957 0.17597153818016847
-5.24438675022381 -0.2160608773500459 2.8714339502150708 615.0000000000006 715.0000000000002 634.3624229252455 185.55386922089383 3.1373205265893462 3.6951523283319907 -1864.020263834483 -0.04421406487546381 21.80392207342263 -4062.989747502183 -1.8530622328358663e-05 0.004441231131358957 0.17597153818016847
-5.24438675022381 -0.2160608773500459 2.834733664798599 615.0000000000006 715.0000000000002 630.1538971896516 197.02941640047356 3.1373205265893462 3.6951523283319907 -1864.020263834483 -0.04421406487546381 21.80392207342263 -4062.989747502183 -1.8530622328358663e-05 0.004441231131358957 0.17597153818016847
-5.24438675022381 -0.2160608773500459 2.7980333793821264 615.0000000000006 715.0000000000002 625.8803608361632 208.91686359490268 3.1373205265893462 3.6951523283319907 -1864.020263834483 -0.04421406487546381 21.80392207342263 -4062.989747502183 -1.8530622328358663e-05 0.004441231131358957 0.17597153818016847
-5.24438675022381 -0.2160608773500459 2.761333093965654 615.0000000000006 715.0000000000002 621.5478350544581 221.16826084046625 3.1373205265893462 3.6951523283319907 -1864.020263834483 -0.04421406487546381 21.80392207342263 -4062.989747502183 -1.8530622328358663e-05 0.004441231131358957 0.17597153818016847
-5.24438675022381 -0.2160608773500459 2.7246328085491816 615.0000000000007 715.0000000000002 617.1626156940474 233.73459561285563 3.1373205265893462 3.6951523283319907 -1864.020263834483 -0.04421406487546381 21.80392207342263 -4062.989747502183 -1.8530622328358663e-05 0.004441231131358957 0.17597153818016847
-5.24438675022381 -0.2160608773500459 2.6879325231327087 615.0000000000007 715.0000000000002 612.7312732625287 246.56579282553867 3.1373205265893462 3.6951523283319907 -1864.020263834483 -0.04421406487546381 21.80392207342263 -4062.989747502183 -1.8530622328358663e-05 0.004441231131358957 0.17597153818016847
-5.24438675022381 -0.2160608773500459 2.6512322377162367 615.0000000000007 715.0000000000002 608.2606529282639 259.6107148346491 3.1373205265893462 3.6951523283319907 -1864.020263834483 -0.04421406487546381 21.80392207342263 -4062.989747502183 -1.8530622328358663e-05 0.004441231131358957 0.17597153818016847
-5.24438675022381 -0.2160608773500459 2.6145319522997643 615.0000000000007 715.0000000000002 603.7578745179926 272.8171614333987 3.1373205265893462 3.6951523283319907 -1864.020263834483 -0.04421406487546381 21.80392207342263 -4062.989747502183 -1.8530622328358663e-05 0.004441231131358957 0.17597153818016847
-5.24438675022381 -0.2160608773500459 2.577831666883292 615.0000000000007 715.0000000000002 599.2303325181128 286.13186985463835 3.1373205265893462 3.6951523283319907 -1864.020263834483 -0.04421406487546381 21.80392207342263 -4062.989747502183 -1.8530622328358663e-05 0.004441231131358957 0.17597153818016847
-5.24438675022381 -0.2160608773500459 2.541131381466819 615.0000000000007 715.0000000000002 594.6856960747973 299.5005147717893 3.1373205265893462 3.6951523283319907 -1864.020263834483 -0.04421406487546381 21.80392207342263 -4062.989747502183 -1.8530622328358663e-05 0.004441231131358957 0.17597153818016847
-5.24438675022381 -0.2160608773500459 2.5044310960503466 615.0000000000007 715.0000000000002 590.1319089921308 312.8677082960494 3.1373205265893462 3.6951523283319907 -1864.020263834483 -0.04421406487546381 21.80392207342263 -4062.989747502183 -1.8530622328358663e-05 0.004441231131358957 0.17597153818016847
-5.24438675022381 -0.2160608773500459 2.4677308106338747 615.0000000000007 715.0000000000002 585.5771897354862 326.1769999782555 3.1373205265893462 3.6951523283319907 -1864.020263834483 -0.04421406487546381 21.80392207342263 -4062.989747502183 -1.8530622328358663e-05 0.004441231131358957 0.17597153818016847
-5.24438675022381 -0.2160608773500459 2.4310305252174023 615.0000000000007 715.0000000000002 581.0300314282067 339.3708768095821 3.1373205265893462 3.6951523283319907 -1864.020263834483 -0.04421406487546381 21.80392207342263 -4062.989747502183 -1.8530622328358663e-05 0.004441231131358957 0.17597153818016847
-5.24438675022381 -0.2160608773500459 2.3943302398009294 615.0000000000007 715.0000000000002 576.4992018539342 352.39076322037727 3.1373205265893462 3.6951523283319907 -1864.020263834483 -0.04421406487546381 21.80392207342263 -4062.989747502183 -1.8530622328358663e-05 0.004441231131358957 0.17597153818016847
-5.24438675022381 -0.2160608773500459 2.357629954384457 615.0000000000007 715.0000000000002 571.9937434541644 365.1770210796967 3.1373205265893462 3.6951523283319907 -1864.020263834483 -0.04421406487546381 21.80392207342263 -4062.989747502183 -1.8530622328358663e-05 0.004441231131358957 0.17597153818016847
-5.24438675022381 -0.2160608773500459 2.3209296689679846 615.0000000000007 715.0000000000002 567.5229733314482 377.6689496978652 3.1373205265893462 3.6951523283319907 -1864.020263834483 -0.04421406487546381 21.80392207342263 -4062.989747502183 -1.8530622328358663e-05 0.004441231131358957 0.17597153818016847
-5.24438675022381 -0.2160608773500459 2.284229383551512 615.0000000000007 715.0000000000002 563.0964832470054 389.8047858204227 3.1373205265893462 3.6951523283319907 -1864.020263834483 -0.04421406487546381 21.80392207342263 -4062.989747502183 -1.8530622328358663e-05 0.004441231131358957 0.17597153818016847
-5.24438675022381 -0.2160608773500459 2.2475290981350398 615.0000000000007 715.0000000000002 558.724139620841 401.5217036365066 3.1373205265893462 3.6951523283319907 -1864.020263834483 -0.04421406487546381 21.80392207342263 -4062.989747502183 -1.8530622328358663e-05 0.004441231131358957 0.17597153818016847
-5.24438675022381 -0.2160608773500459 2.2108288127185673 615.0000000000007 715.0000000000002 554.4160835331422 412.7558147725649 3.1373205265893462 3.6951523283319907 -1864.020263834483 -0.04421406487546381 21.80392207342263 -4062.989747502183 -1.8530622328358663e-05 0.004441231131358957 0.17597153818016847
-5.24438675022381 -0.2160608773500459 2.174128527302095 615.0000000000007 715.0000000000002 550.182730723056 423.44216829608195 3.1373205265893462 3.6951523283319907 -1864.020263834483 -0.04421406487546381 21.80392207342263 -4062.989747502183 -1.8530622328358663e-05 0.004441231131358957 0.17597153818016847
-5.24438675022381 -0.2160608773500459 2.1374282418856225 615.0000000000007 715.0000000000002 546.0347715889802 433.51475071092136 3.1373205265893462 3.6951523283319907 -1864.020263834483 -0.04421406487546381 21.80392207342263 -4062.989747502183 -1.8530622328358663e-05 0.004441231131358957 0.17597153818016847
-5.24438675022381 -0.2160608773500459 2.10072795646915 615.0000000000007 715.0000000000003 541.9831711892039 442.9064859650098 3.1373205265893462 3.6951523283319907 -1864.020263834483 -0.04421406487546381 21.80392207342263 -4062.989747502183 -1.8530622328358663e-05 0.004441231131358957 0.17597153818016847
-5.24438675022381 -0.2160608773500459 2.0640276710526777 615.0000000000007 715.0000000000003 538.0391692402773 451.5492354386952 3.1373205265893462 3.6951523283319907 -1864.020263834483 -0.04421406487546381 21.80392207342263 -4062.989747502183 -1.8530622328358663e-05 0.004441231131358957 0.17597153818016847
-5.24438675022381 -0.2160608773500459 2.0273273856362053 615.0000000000007 715.0000000000003 534.2142801191658 459.3737979589496 3.1373205265893462 3.6951523283319907 -1864.020263834483 -0.04421406487546381 21.80392207342263 -4062.989747502183 -1.8530622328358663e-05 0.004441231131358957 0.17597153818016847
-5.24438675022381 -0.2160608773500459 1.9906271002197329 615.0000000000007 715.0000000000003 530.5202928620856 466.309909789823 3.1373205265893462 3.6951523283319907 -1864.020263834483 -0.04421406487546381 21.80392207342263 -4062.989747502183 -1.8530622328358663e-05 0.004441231131358957 0.17597153818016847
-5.24438675022381 -0.2160608773500459 1.95392681480326 615.0000000000007 715.0000000000003 526.9692711638054 472.28624463034794 3.1373205265893462 3.6951523283319907 -1864.020263834483 -0.04421406487546381 21.80392207342263 -4062.989747502183 -1.8530622328358663e-05 0.004441231131358957 0.17597153818016847
-5.24438675022381 -0.2160608773500459 1.9172265293867876 615.0000000000007 715.0000000000003 523.5735533791594 477.2304136266466 3.1373205265893462 3.6951523283319907 -1864.020263834483 -0.04421406487546381 21.80392207342263 -4062.989747502183 -1.8530622328358663e-05 0.004441231131358957 0.17597153818016847
-5.24438675022381 -0.2160608773500459 1.8805262439703156 615.0000000000007 715.0000000000003 520.3457525221165 481.0689653563313 3.1373205265893462 3.6951523283319907 -1864.020263834483 -0.04421406487546381 21.80392207342263 -4062.989747502183 -1.8530622328358663e-05 0.004441231131358957 0.17597153818016847
-5.24438675022381 -0.2160608773500459 1.8438259585538432 615.0000000000007 715.0000000000003 517.2987562661292 483.7273858420085 3.1373205265893462 3.6951523283319907 -1864.020263834483 -0.04421406487546381 21.80392207342263 -4062.989747502183 -1.8530622328358663e-05 0.004441231131358957 0.17597153818016847
-5.24438675022381 -0.2160608773500459 1.8071256731373704 615.0000000000007 715.0000000000003 514.445726943668 485.13009854522534 3.1373205265893462 3.6951523283319907 -1864.020263834483 -0.04421406487546381 21.80392207342263 -4062.989747502183 -1.8530622328358663e-05 0.004441231131358957 0.17597153818016847
-5.24438675022381 -0.2160608773500459 1.770425387720898 615.0000000000007 715.0000000000003 511.8001015462796 485.2004643625114 3.1373205265893462 3.6951523283319907 -1864.020263834483 -0.04421406487546381 21.80392207342263 -4062.989747502183 -1.8530622328358663e-05 0.004441231131358957 0.17597153818016847
-5.24438675022381 -0.2160608773500459 1.7337251023044256 615.0000000000007 715.0000000000003 509.37559172615875 483.86078163492493 3.1373205265893462 3.6951523283319907 -1864.020263834483 -0.04421406487546381 21.80392207342263 -4062.989747502183 -1.8530622328358663e-05 0.004441231131358957 0.17597153818016847
-5.180550581915846 -0.2160608773500459 1.6970248168879531 615.0000000000007 715.0000000000003 507.18618379329564 481.03228614036925 3.1373205265893462 3.6951523283319907 -1864.020263834483 -0.04421406487546381 21.80392207342263 -4062.989747502183 -1.8530622328358663e-05 0.004441231131358957 0.17597153818016847
-5.116714413607883 -0.2160608773500459 1.6603245314714807 615.0000000000007 715.0000000000003 505.24613871844485 476.63515109568834 3.1373205265893462 3.6951523283319907 -1864.020263834483 -0.04421406487546381 21.80392207342263 -4062.989747502183 -1.8530622328358663e-05 0.004441231131358957 0.17597153818016847
-5.05287824529992 -0.2160608773500459 1.6236242460550083 615.0000000000007 715.0000000000002 503.569992130273 470.5884871587623 3.1373205265893462 3.6951523283319907 -1864.020263834483 -0.04421406487546381 21.80392207342263 -4062.989747502183 -1.8530622328358663e-05 0.004441231131358957 0.17597153818016847
-4.9890420769919475 -0.2160608773500459 1.586923960638536 615.0000000000008 715.0000000000002 502.1725543177454 462.8103424264118 3.1373205265893462 3.6951523283319907 -1864.020263834483 -0.04421406487546381 21.80392207342263 -4062.989747502183 -1.8530622328358663e-05 0.004441231131358957 0.17597153818016847
-4.92520590868398 -0.216060877350047 1.586923960638536 615.0000000000008 715.0000000000002 501.0689102290198 453.2177024327684 3.419932511579159 3.9869047924893466 -2022.183498855084 -0.0022872814686970225 22.45533670006065 -3807.6091036265625 -4.077150568083374e-06 0.004811420462988537 0.18556969839145135
-4.861369740376012 -0.216060877350047 1.586923960638537 615.0000000000008 715.0000000000002 500.2744194716797 441.7264901555609 3.419932511579159 3.9869047924893466 -2022.183498855084 -0.0022872814686970225 22.45533670006065 -3807.6091036265625 -4.077150568083374e-06 0.004811420462988537 0.18556969839145135
-4.7975335720680485 -0.21606087735004814 1.586923960638537 615.0000000000008 715.0000000000002 499.80471631215187 428.2515660079662 3.419932511579159 3.9869047924893466 -2022.183498855084 -0.0022872814686970225 22.45533670006065 -3807.6091036265625 -4.077150568083374e-06 0.004811420462988537 0.18556969839145135
-4.733697403760076 -0.216060877350047 1.5869239606385175 615.0000000000008 715.0000000000002 499.67570967628853 412.706727843266 3.419932511579159 3.9869047924893466 -2022.183498855084 -0.0022872814686970225 22.45533670006065 -3807.6091036265625 -4.077150568083374e-06 0.004811420462988537 0.18556969839145135
-4.669861235452104 -0.216060877350047 1.586923960638536 615.0000000000009 715.0000000000002 499.90358315000776 395.0047109553125 3.419932511579159 3.9869047924893466 -2022.183498855084 -0.0022872814686970225 22.45533670006065 -3807.6091036265625 -4.077150568083374e-06 0.004811420462988537 0.18556969839145135
-4.606025067144141 -0.216060877350047 1.586923960638537 615.0000000000009 715.0000000000002 500.5047949785949 375.0571880773641 3.419932511579159 3.9869047924893466 -2022.183498855084 -0.0022872814686970225 22.45533670006065 -3807.6091036265625 -4.077150568083374e-06 0.004811420462988537 0.18556969839145135
-4.606025067144141 -0.216060877350047 3.141592653589793 615.7819648087025 701.7053393069655 522.0929932817817 541.0313348397613 3.419932511579159 3.9869047924893466 -2022.183498855084 -0.0022872814686970225 22.45533670006065 -3807.6091036265625 -4.077150568083374e-06 0.004811420462988537 0.18556969839145135
-4.606025067144141 -0.216060877350047 3.141592653589793 615.3245462884661 707.8001786842942 531.6131459996104 498.6111355656758 3.419932511579159 3.9869047924893466 -2022.183498855084 -0.0022872814686970225 22.45533670006065 -3807.6091036265625 -4.077150568083374e-06 0.004811420462988537 0.18556969839145135
-4.606025067144141 -0.216060877350047 3.141592653589793 614.9621282983571 712.8234752677381 538.2565475180745 459.1088293893263 3.419932511579159 3.9869047924893466 -2022.183498855084 -0.0022872814686970225 22.45533670006065 -3807.6091036265625 -4.077150568083374e-06 0.004811420462988537 0.18556969839145135
-4.606025067144141 -0.216060877350047 3.141592653589793 614.6874432213372 716.8486404763535 542.3612256273627 422.41936365235597 3.419932511579159 3.9869047924893466 -2022.183498855084 -0.0022872814686970225 22.45533670006065 -3807.6091036265625 -4.077150568083374e-06 0.004811420462988537 0.18556969839145135
-4.606025067144141 -0.216060877350047 3.141592653589793 614.4934475654736 719.9469781080261 544.2505500912666 388.43876154720783 3.419932511579159 3.9869047924893466 -2022.183498855084 -0.0022872814686970225 22.45533670006065 -3807.6091036265625 -4.077150568083374e-06 0.004811420462988537 0.18556969839145135
-4.606025067144141 -0.216060877350047 3.141592653589793 614.3733219668502 722.1876843031496 544.2332326173782 357.06412208545953 3.419932511579159 3.9869047924893466 -2022.183498855084 -0.0022872814686970225 22.45533670006065 -3807.6091036265625 -4.077150568083374e-06 0.004811420462988537 0.18556969839145135
-4.606025067144141 -0.216060877350047 3.141592653589793 614.320471187355 723.6378475883976 542.6033269613981 328.1936201239005 3.419932511579159 3.9869047924893466 -2022.183498855084 -0.0022872814686970225 22.45533670006065 -3807.6091036265625 -4.077150568083374e-06 0.004811420462988537 0.18556969839145135
-4.606025067144141 -0.216060877350047 3.141592653589793 614.3285241117701 724.3624488599598 539.640228651464 301.72650634124875 3.419932511579159 3.9869047924893466 -2022.183498855084 -0.0022872814686970225 22.45533670006065 -3807.6091036265625 -4.077150568083374e-06 0.004811420462988537 0.18556969839145135
-4.606025067144141 -0.216060877350047 3.141592653589793 614.3913337539416 724.4243613677099 535.608675353229 277.5631072539836 3.419932511579159 3.9869047924893466 -2022.183498855084 -0.0022872814686970225 22.45533670006065 -3807.6091036265625 -4.077150568083374e-06 0.004811420462988537 0.18556969839145135
-4.606025067144141 -0.216060877350047 3.141592653589793 614.5029772529379 723.8843507394195 530.7587466016412 255.6048252042383 3.419932511579159 3.9869047924893466 -2022.183498855084 -0.0022872814686970225 22.45533670006065 -3807.6091036265625 -4.077150568083374e-06 0.004811420462988537 0.18556969839145135
-4.606025067144141 -0.216060877350047 3.141592653589793 614.6577558735153 722.8010749686509 525.3258639797568 235.75413838028908 3.419932511579159 3.9869047924893466 -2022.183498855084 -0.0022872814686970225 22.45533670006065 -3807.6091036265625 -4.077150568083374e-06 0.004811420462988537 0.18556969839145135
-4.606025067144141 -0.216060877350047 3.141592653589793 614.8501950056525 721.2310844231397 519.530790887773 217.91460079420358 3.419932511579159 3.9869047924893466 -2022.183498855084 -0.0022872814686970225 22.45533670006065 -3807.6091036265625 -4.077150568083374e-06 0.004811420462988537 0.18556969839145135
-4.606025067144141 -0.216060877350047 3.141592653589793 615.0750441662967 719.2288218252361 513.5796328261495 201.9908422920853 3.419932511579159 3.9869047924893466 -2022.183498855084 -0.0022872814686970225 22.45533670006065 -3807.6091036265625 -4.077150568083374e-06 0.004811420462988537 0.18556969839145135
-4.606025067144141 -0.216060877350047 3.141592653589793 615.3272769973846 716.846622270532 507.66383720189333 187.88856854848564 3.419932511579159 3.9869047924893466 -2022.183498855084 -0.0022872814686970225 22.45533670006065 -3807.6091036265625 -4.077150568083374e-06 0.004811420462988537 0.18556969839145135
-4.606025067144141 -0.216060877350047 3.141592653589793 615.6020912681706 714.1347132353112 501.9601933211088 175.51456107757986 3.419932511579159 3.9869047924893466 -2022.183498855084 -0.0022872814686970225 22.45533670006065 -3807.6091036265625 -4.077150568083374e-06 0.004811420462988537 0.18556969839145135
-4.606025067144141 -0.216060877350047 3.141592653589793 615.8949088728987 711.1412145430222 496.63083250820637 164.77667722199112 3.419932511579159 3.9869047924893466 -2022.183498855084 -0.0022872814686970225 22.45533670006065 -3807.6091036265625 -4.077150568083374e-06 0.004811420462988537 0.18556969839145135
-4.606025067144141 -0.216060877350047 3.141592653589793 616.2013758312678 707.9121384043247 491.82322811335325 155.58385016024113 3.419932511579159 3.9869047924893466 -2022.183498855084 -0.0022872814686970225 22.45533670006065 -3807.6091036265625 -4.077150568083374e-06 0.004811420462988537 0.18556969839145135
-4.606025067144141 -0.216060877350047 3.141592653589793 616.5173622893635 704.4913893770427 487.6701953187585 147.84608890023082 3.419932511579159 3.9869047924893466 -2022.183498855084 -0.0022872814686970225 22.45533670006065 -3807.6091036265625 -4.077150568083374e-06 0.004811420462988537 0.18556969839145135
-4.606025067144141 -0.216060877350047 3.141592653589793 616.8389625196578 700.9207644024864 484.28989139199257 141.474478286691 3.419932511579159 3.9869047924893466 -2022.183498855084 -0.0022872814686970225 22.45533670006065 -3807.6091036265625 -4.077150568083374e-06 0.004811420462988537 0.18556969839145135
-4.606025067144141 -0.216060877350047 3.141592653589793 617.1624949201941 697.2399527886882 481.785815410316 136.3811789881438 3.419932511579159 3.9869047924893466 -2022.183498855084 -0.0022872814686970225 22.45533670006065 -3807.6091036265625 -4.077150568083374e-06 0.004811420462988537 0.18556969839145135
-4.606025067144141 -0.216060877350047 3.141592653589793 617.4845020151697 693.4865362113342 480.2468085512519 132.47942751646042 3.419932511579159 3.9869047924893466 -2022.183498855084 -0.0022872814686970225 22.45533670006065 -3807.6091036265625 -4.077150568083374e-06 0.004811420462988537 0.18556969839145135
-4.496030438675029 -0.20918621307072696 1.5083775167989342 617.8017504535383 689.6959886979312 479.7470538839698 129.68353621009737 3.419932511579159 3.9869047924893466 -2022.183498855084 -0.0022872814686970225 22.45533670006065 -3807.6091036265625 -4.077150568083374e-06 0.004811420462988537 0.18556969839145135
-4.345769919427042 -0.19740107430617862 1.4925251862736166 618.1112310123863 685.9016766687855 480.3460764437914 127.90889323782176 3.419932511579159 3.9869047924893466 -2022.183498855084 -0.0022872814686970225 22.45533670006065 -3807.6091036265625 -4.077150568083374e-06 0.004811420462988537 0.18556969839145135
-4.182742166517463 -0.18266965085049375 1.480679622593418 618.4101585923927 682.1348589016125 482.08874324709177 127.07196261268109 3.419932511579159 3.9869047924893466 -2022.183498855084 -0.0022872814686970225 22.45533670006065 -3807.6091036265625 -4.077150568083374e-06 0.004811420462988537 0.18556969839145135
-4.021678603401974 -0.17284870188003718 1.5098961185169089 618.6959722207393 678.4246865315363 485.00526328384876 127.0902841668576 3.419932511579159 3.9869047924893466 -2022.183498855084 -0.0022872814686970225 22.45533670006065 -3807.6091036265625 -4.077150568083374e-06 0.004811420462988537 0.18556969839145135
-3.864543419874669 -0.1659740376007171 1.5019915625739229 618.9663350522751 674.7982030743733 489.1111873835325 127.88247357401997 3.419932511579159 3.9869047924893466 -2022.183498855084 -0.0022872814686970225 22.45533670006065 -3807.6091036265625 -4.077150568083374e-06 0.004811420462988537 0.18556969839145135
-3.711336615935547 -0.16106356311548883 1.4940870066309366 619.2191343669547 671.2803444201127 494.4074085056782 129.36822233349085 3.419932511579159 3.9869047924893466 -2022.183498855084 -0.0022872814686970225 22.45533670006065 -3807.6091036265625 -4.077150568083374e-06 0.004811420462988537 0.18556969839145135
-3.561076096687564 -0.15811727842435117 1.4861824506879506 619.4524815686746 667.893938805908 500.88016149401665 131.46829778328538 3.419932511579159 3.9869047924893466 -2022.183498855084 -0.0022872814686970225 22.45533670006065 -3807.6091036265625 -4.077150568083374e-06 0.004811420462988537 0.18556969839145135
-3.4147439570277602 -0.15517099373321352 1.4782778947449646 619.664712188649 664.6597068533301 508.50102312117815 134.1045430926606 3.419932511579159 3.9869047924893466 -2022.183498855084 -0.0022872814686970225 22.45533670006065 -3807.6091036265625 -4.077150568083374e-06 0.004811420462988537 0.18556969839145135
-3.2762685765443234 -0.15418889883616876 1.4703733388019784 619.85438588541 661.5962615348399 517.2269121557474 137.1998772583902 3.419932511579159 3.9869047924893466 -2022.183498855084 -0.0022872814686970225 22.45533670006065 -3807.6091036265625 -4.077150568083374e-06 0.004811420462988537 0.18556969839145135
-3.14172157564907 -0.15517099373321463 1.4624687828589924 620.0202864414314 658.7201082231477 527.0000893548131 140.67829511780292 3.419932511579159 3.9869047924893466 -2022.183498855084 -0.0022872814686970225 22.45533670006065 -3807.6091036265625 -4.077150568083374e-06 0.004811420462988537 0.18556969839145135
-3.1201154879140676 -0.16302775290958169 1.4545642269160062 620.1614217668539 656.0456446204334 537.7481573447585 144.46486733853817 3.419932511579159 3.9869047924893466 -2022.183498855084 -0.0022872814686970225 22.45533670006065 -3807.6091036265625 -4.077150568083374e-06 0.004811420462988537 0.18556969839145135
-3.1427036705461147 -0.17481289167412892 1.4466596709730202 620.2770238949452 653.585160817951 549.3840608373284 148.48574041668326 3.419932511579159 3.9869047924893466 -2022.183498855084 -0.0022872814686970225 22.45533670006065 -3807.6091036265625 -4.077150568083374e-06 0.004811420462988537 0.18556969839145135
-3.178059086839758 -0.18954431512981268 1.4387551150300342 620.3665489880368 651.3488392811269 561.8060863688588 152.668136684224 3.419932511579159 3.9869047924893466 -2022.183498855084 -0.0022872814686970225 22.45533670006065 -3807.6091036265625 -4.077150568083374e-06 0.004811420462988537 0.18556969839145135
-3.213414503133405 -0.1983831692032245 1.430850559087048 620.4296773327515 649.3447548225522 574.8978625759482 156.9403543062508 3.419932511579159 3.9869047924893466 -2022.183498855084 -0.0022872814686970225 22.45533670006065 -3807.6091036265625 -4.077150568083374e-06 0.004811420462988537 0.18556969839145135
-3.2909999999999995 -0.20132945389436102 1.422946003144062 620.4663133416325 647.5788746355101 588.5283598601818 161.23176727909595 3.419932511579159 3.9869047924893466 -2022.183498855084 -0.0022872814686970225 22.45533670006065 -3807.6091036265625 -4.077150568083374e-06 0.004811420462988537 0.18556969839145135
-3.3646571172784236 -0.20231154879140578 1.415041447201076 620.4765855530277 646.0550582865253 602.5518908277154 165.47282543219626 3.419932511579159 3.9869047924893466 -2022.183498855084 -0.0022872814686970225 22.45533670006065 -3807.6091036265625 -4.077150568083374e-06 0.004811420462988537 0.18556969839145135
-3.4353679498657095 -0.20034735899731515 1.4071368912580897 620.4608466328355 644.7750576939434 616.8081099018455 169.59505442902446 3.419932511579159 3.9869047924893466 -2022.183498855084 -0.0022872814686970225 22.45533670006065 -3807.6091036265625 -4.077150568083374e-06 0.004811420462988537 0.18556969839145135
-3.502150402864816 -0.1983831692032245 1.3992323353151037 620.4196733707795 643.7385171568021 631.1220134347677 173.53105576429516 3.419932511579159 3.9869047924893466 -2022.183498855084 -0.0022872814686970225 22.45533670006065 -3807.6091036265625 -4.077150568083374e-06 0.004811420462988537 0.18556969839145135
-3.565986571172779 -0.19347269471799622 1.3913277793721177 620.35386668297 642.9429733473808 645.3039398044348 177.2145067639649 3.145989248473461 3.705334953700249 -1870.8085140140174 -0.04424762543920024 21.84647106410606 -4076.471457413401 -1.8544687946018637e-05 0.00445345926335589 0.172563054183638
-3.6278585496866573 -0.18659803043867615 1.3834232234291315 620.2644516133005 642.3838552776724 659.1495693922043 180.5801605898887 3.145989248473461 3.705334953700249 -1870.8085140140174 -0.04424762543920024 21.84647106410606 -4076.471457413401 -1.8544687946018637e-05 0.00445345926335589 0.172563054183638
-3.686784243509397 -0.1797233661593561 1.3755186674861455 620.1526773284422 642.0544843608513 672.4399244338274 183.56384623236954 3.145989248473461 3.705334953700249 -1870.8085140140174 -0.04424762543920024 21.84647106410606 -4076.471457413401 -1.8544687946018637e-05 0.00445345926335589 0.172563054183638
-3.7535666965085035 -0.17284870188003718 1.3591720370411042 620.0200171242468 641.9460743591189 684.9413691014051 186.10246852319688 3.145989248473461 3.705334953700249 -1870.8085140140174 -0.04424762543920024 21.84647106410606 -4076.471457413401 -1.8544687946018637e-05 0.00445345926335589 0.172563054183638
-3.82034914950761 -0.1659740376007171 1.342825406596063 619.8681684202747 642.0477314051241 696.4056097492576 188.13400811329484 3.145989248473461 3.705334953700249 -1870.8085140140174 -0.04424762543920024 21.84647106410606 -4076.471457413401 -1.8544687946018637e-05 0.00445345926335589 0.172563054183638
-3.8782927484333003 -0.16302775290957947 1.3264787761510217 619.6990527620073 642.3464540066198 706.5696944519877 189.597521497868 3.145989248473461 3.705334953700249 -1870.8085140140174 -0.04424762543920024 21.84647106410606 -4076.471457413401 -1.8544687946018637e-05 0.00445345926335589 0.172563054183638
-3.8881136974037567 -0.16400984780662423 1.3101321457059805 619.5148158220109 642.8271330343559 715.1560133695602 190.43314099684358 3.145989248473461 3.705334953700249 -1870.8085140140174 -0.04424762543920024 21.84647106410606 -4076.471457413401 -1.8544687946018637e-05 0.00445345926335589 0.172563054183638
-3.8979346463742135 -0.1659740376007171 1.2937855152609392 619.317827399238 643.4725517211482 721.8722985312343 190.5820747697726 3.145989248473461 3.705334953700249 -1870.8085140140174 -0.04424762543920024 21.84647106410606 -4076.471457413401 -1.8544687946018637e-05 0.00445345926335589 0.172563054183638
-3.9077555953446654 -0.16892032229185253 1.277438884815898 619.1106814165832 644.2633856730536 726.4116240739822 189.98660680279136 3.145989248473461 3.705334953700249 -1870.8085140140174 -0.04424762543920024 21.84647106410606 -4076.471457413401 -1.8544687946018637e-05 0.00445345926335589 0.172563054183638
-3.914630259623988 -0.17186660698299017 1.2610922543708567 618.8961959236767 645.1782028749585 728.452405884862 188.5900969170034 3.145989248473461 3.705334953700249 -1870.8085140140174 -0.04424762543920024 21.84647106410606 -4076.471457413401 -1.8544687946018637e-05 0.00445345926335589 0.172563054183638
-3.9165944494180818 -0.17579498657117257 1.2447456239258154 618.6774130967679 646.1934636523947 727.6584019958973 186.33698077034205 3.145989248473461 3.705334953700249 -1870.8085140140174 -0.04424762543920024 21.84647106410606 -4076.471457413401 -1.8544687946018637e-05 0.00445345926335589 0.172563054183638
-3.9165944494180818 -0.179723366159355 1.2283989934807742 618.4575992379105 647.2835207330063 723.6787123605609 183.17276985011995 3.145989248473461 3.705334953700249 -1870.8085140140174 -0.04424762543920024 21.84647106410606 -4076.471457413401 -1.8544687946018637e-05 0.00445345926335589 0.172563054183638
-3.916594449418086 -0.1836517457475374 1.212052363035733 618.2402447736822 648.4206191850826 716.1477788090706 179.04405146744102 3.145989248473461 3.705334953700249 -1870.8085140140174 -0.04424762543920024 21.84647106410606 -4076.471457413401 -1.8544687946018637e-05 0.00445345926335589 0.172563054183638
-3.9048093106535355 -0.18856222023276567 1.1957057325906917 618.029064258677 649.5748964585364 704.6853851824999 173.89848878141493 3.145989248473461 3.705334953700249 -1870.8085140140174 -0.04424762543920024 21.84647106410606 -4076.471457413401 -1.8544687946018637e-05 0.00445345926335589 0.172563054183638
-3.8930241718889897 -0.19347269471799397 1.1793591021456504 617.8279963715468 650.714382359758 688.8966573700309 167.68482077587396 3.145989248473461 3.705334953700249 -1870.8085140140174 -0.04424762543920024 21.84647106410606 -4076.471457413401 -1.8544687946018637e-05 0.00445345926335589 0.172563054183638
-3.888113697403761 -0.19543688451208574 1.1630124717006092 617.6412039183779 651.80499907583 668.3720629960299 160.352862264961 3.145989248473461 3.705334953700249 -1870.8085140140174 -0.04424762543920024 21.84647106410606 -4076.471457413401 -1.8544687946018637e-05 0.00445345926335589 0.172563054183638
-3.8851674127126223 -0.19543688451208574 1.146665841255568 617.4730738307117 652.8105611586943 642.6874119266868 151.8535039043054 3.145989248473461 3.705334953700249 -1870.8085140140174 -0.04424762543920024 21.84647106410606 -4076.471457413401 -1.8544687946018637e-05 0.00445345926335589 0.172563054183638
-3.882221128021488 -0.19445478961503984 1.1303192108105264 617.3282171647297 653.6927755251527 611.4038557484746 142.1387121696025 3.145989248473461 3.705334953700249 -1870.8085140140174 -0.04424762543920024 21.84647106410606 -4076.471457413401 -1.8544687946018637e-05 0.00445345926335589 0.172563054183638
-3.8792748433303497 -0.19347269471799397 1.1139725803654854 617.2114691040479 654.4112414540723 574.0678881779313 131.16152938455343 3.145989248473461 3.705334953700249 -1870.8085140140174 -0.04424762543920024 21.84647106410606 -4076.471457413401 -1.8544687946018637e-05 0.00445345926335589 0.172563054183638
-3.8792748433303497 -0.1924905998209481 1.097625949920444 617.127888957737 654.9234506050125 530.211344756186 118.87607368733734 3.145989248473461 3.705334953700249 -1870.8085140140174 -0.04424762543920024 21.84647106410606 -4076.471457413401 -1.8544687946018637e-05 0.00445345926335589 0.172563054183638
-3.8792748433303497 -0.1915085049239022 1.081279319475403 617.0827601611381 655.1847869995981 479.35140309482813 105.23753906879574 3.145989248473461 3.705334953700249 -1870.8085140140174 -0.04424762543920024 21.84647106410606 -4076.471457413401 -1.8544687946018637e-05 0.00445345926335589 0.172563054183638
-3.8792748433303497 -0.19052641002685744 1.0649326890303614 617.0815902752802 655.1485270233825 420.9905826821923 90.20219533145428 3.145989248473461 3.705334953700249 -1870.8085140140174 -0.04424762543920024 21.84647106410606 -4076.471457413401 -1.8544687946018637e-05 0.00445345926335589 0.172563054183638
-3.8792748433303497 -0.18954431512981157 1.0485860585853204 617.1301109867636 654.7658394388855 354.61674503982067 73.72738812677562 3.145989248473461 3.705334953700249 -1870.8085140140174 -0.04424762543920024 21.84647106410606 -4076.471457413401 -1.8544687946018637e-05 0.00445345926335589 0.172563054183638
-3.8792748433303497 -0.18856222023276567 1.032239428140279 617.2342781079933 653.9857853651047 279.7030935883522 55.77153893467039 3.145989248473461 3.705334953700249 -1870.8085140140174 -0.04424762543920024 21.84647106410606 -4076.471457413401 -1.8544687946018637e-05 0.00445345926335589 0.172563054183638
-3.8792748433303497 -0.1875801253357209 1.0158927976952377 617.4002715789247 652.7553182942793 195.70817376673222 36.29414506908506 3.145989248473461 3.705334953700249 -1870.8085140140174 -0.04424762543920024 21.84647106410606 -4076.471457413401 -1.8544687946018637e-05 0.00445345926335589 0.172563054183638
-3.8792748433303497 -0.18659803043867504 0.9995461672501965 617.6344954621745 651.0192840984091 102.07587287575006 15.255779664032161 3.145989248473461 3.705334953700249 -1870.8085140140174 -0.04424762543920024 21.84647106410606 -4076.471457413401 -1.8544687946018637e-05 0.00445345926335589 0.172563054183638
-3.8792748433303497 -0.1875801253357209 0.9831995368051551 617.9435779497726 648.7204209929332 -1.7645796835422516 -7.381908296607435 3.145989248473461 3.705334953700249 -1870.8085140140174 -0.04424762543920024 21.84647106410606 -4076.471457413401 -1.8544687946018637e-05 0.00445345926335589 0.172563054183638
-3.8792748433303497 -0.1885622202327668 0.9668529063601139 618.3343713581562 645.7993595767766 -116.39861268550158 -31.65619400795549 3.145989248473461 3.705334953700249 -1870.8085140140174 -0.04424762543920024 21.84647106410606 -4076.471457413401 -1.8544687946018637e-05 0.00445345926335589 0.172563054183638
-3.8792748433303497 -0.18954431512981268 0.9505062759150726 618.8139521301491 642.1946228276938 -242.4263128116727 -57.603276822716 3.145989248473461 3.705334953700249 -1870.8085140140174 -0.04424762543920024 21.84647106410606 -4076.471457413401 -1.8544687946018637e-05 0.00445345926335589 0.172563054183638
-3.8792748433303497 -0.19052641002685855 0.9341596454700314 619.3896208329825 637.8426260584965 -380.4624249637127 -85.25828027166426 3.145989248473461 3.705334953700249 -1870.8085140140174 -0.04424762543920024 21.84647106410606 -4076.471457413401 -1.8544687946018637e-05 0.00445345926335589 0.172563054183638
