25 -1.1392300805729678 -0.4596204118173687 0.1056655820998963 -1.7314333034915015 0.603006266786035
-1.1392300805729678 -0.4596204118173687 0.1056655820998963 605.0574642941356 553.0241593718529 777.5123214423656 293.03540325164795 3.3210504991554957 3.8686290976813282 -2114.8033749804918 0.048852929675653425 22.847073559811577 -4829.290718930289 2.0474823837239504e-05 0.004636287546594871 0.015871525432299725
-1.1353017009847888 -0.3957842435094009 0.0614609558827102 610.2257549464703 552.8004507869482 777.0644212067127 293.88571643829346 3.3210504991554957 3.8686290976813282 -2114.8033749804918 0.048852929675653425 22.847073559811577 -4829.290718930289 2.0474823837239504e-05 0.004636287546594871 0.015871525432299725
-1.128427036705471 -0.3368585496866603 0.11614162687995813 615.0552712120116 552.6443348526955 776.2136343717575 299.05175161361694 3.3210504991554957 3.8686290976813282 -2114.8033749804918 0.048852929675653425 22.847073559811577 -4829.290718930289 2.0474823837239504e-05 0.004636287546594871 0.015871525432299725
-1.1215523724261531 -0.2818612354521032 0.12435499454672895 619.5769151970744 552.584110185504 775.0603513121605 307.76719188690186 3.3210504991554957 3.8686290976813282 -2114.8033749804918 0.048852929675653425 22.847073559811577 -4829.290718930289 2.0474823837239504e-05 0.004636287546594871 0.015871525432299725
-1.1215523724261487 -0.228828111011639 8.421247238638437e-14 623.8208005540073 552.6431923061609 773.6967995464802 319.3169467449188 3.3210504991554957 3.8686290976813282 -2114.8033749804918 0.048852929675653425 22.847073559811577 -4829.290718930289 2.0474823837239504e-05 0.004636287546594871 0.015871525432299725
-1.1284270367054665 -0.17874127126231135 6.146782702778672 627.8162523917854 552.8401140719652 772.2070424556732 333.0371518135071 3.3210504991554957 3.8686290976813282 -2114.8033749804918 0.048852929675653425 22.847073559811577 -4829.290718930289 2.0474823837239504e-05 0.004636287546594871 0.015871525432299725
-1.1441405550581962 -0.12963652641002732 5.973482362637153 631.5918073765934 553.1885251998901 770.6669801771641 348.31517004966736 3.3210504991554957 3.8686290976813282 -2114.8033749804918 0.048852929675653425 22.847073559811577 -4829.290718930289 2.0474823837239504e-05 0.004636287546594871 0.015871525432299725
-1.1637824529991092 -0.08151387645479029 5.895661501399306 635.1752136722207 553.6971924602985 769.1443491280079 364.58959007263184 3.3210504991554957 3.8686290976813282 -2114.8033749804918 0.048852929675653425 22.847073559811577 -4829.290718930289 2.0474823837239504e-05 0.004636287546594871 0.015871525432299725
-1.1893169203222955 -0.03633751119069091 5.768733994120565 638.5934309512377 554.3699997365475 767.698722332716 381.3502268791199 3.3210504991554957 3.8686290976813282 -2114.8033749804918 0.048852929675653425 22.847073559811577 -4829.290718930289 2.0474823837239504e-05 0.004636287546594871 0.015871525432299725
-1.2128871978513922 0.004910474485227174 5.764039192933051 641.8726304136217 555.205948099494 766.3815087974072 398.13812160491943 3.3210504991554957 3.8686290976813282 -2114.8033749804918 0.048852929675653425 22.847073559811577 -4829.290718930289 2.0474823837239504e-05 0.004636287546594871 0.015871525432299725
-1.242350044762762 0.043212175470007615 5.627489680938047 645.0381947495043 556.1991553753614 765.2359546124935 414.5455422401428 3.3210504991554957 3.8686290976813282 -2114.8033749804918 0.048852929675653425 22.847073559811577 -4829.290718930289 2.0474823837239504e-05 0.004636287546594871 0.015871525432299725
-1.278687555953454 0.0795496866606963 5.497787143782092 648.1147181652486 557.3388567268848 764.2971416711807 430.2159824371338 3.3210504991554957 3.8686290976813282 -2114.8033749804918 0.048852929675653425 22.847073559811577 -4829.290718930289 2.0474823837239504e-05 0.004636287546594871 0.015871525432299725
-1.3179713518352802 0.1158871978513861 5.458845800685105 651.12600639835 558.6094042658806 763.5919886529446 444.844162940979 3.3210504991554957 3.8686290976813282 -2114.8033749804918 0.048852929675653425 22.847073559811577 -4829.290718930289 2.0474823837239504e-05 0.004636287546594871 0.015871525432299725
-1.3641298119964245 0.15124261414503 5.366024877304233 654.095076713711 559.9902670532465 763.1392506361008 458.17603063583374 3.3210504991554957 3.8686290976813282 -2114.8033749804918 0.048852929675653425 22.847073559811577 -4829.290718930289 2.0474823837239504e-05 0.004636287546594871 0.015871525432299725
-1.412252461951667 0.18659803043867615 5.346021988454415 657.0441578291357 561.4560313373804 762.9495188295841 470.0087571144104 3.3210504991554957 3.8686290976813282 -2114.8033749804918 0.048852929675653425 22.847073559811577 -4829.290718930289 2.0474823837239504e-05 0.004636287546594871 0.015871525432299725
-1.463321396598035 0.22097135183527195 5.304816333816595 659.9946900233626 562.9764004945755 763.0252212584019 480.1907432079315 3.3210504991554957 3.8686290976813282 -2114.8033749804918 0.048852929675653425 22.847073559811577 -4829.290718930289 2.0474823837239504e-05 0.004636287546594871 0.015871525432299725
-1.5114440465532732 0.25534467323187 5.332638466367502 662.9673250839114 564.5161947757006 763.3606220781803 488.62161350250244 3.3210504991554957 3.8686290976813282 -2114.8033749804918 0.048852929675653425 22.847073559811577 -4829.290718930289 2.0474823837239504e-05 0.004636287546594871 0.015871525432299725
-1.5625129811996457 0.2916821844225598 5.330816974757231 665.9819262772799 566.0353515148163 763.9418221116066 495.2522203922272 3.3210504991554957 3.8686290976813282 -2114.8033749804918 0.048852929675653425 22.847073559811577 -4829.290718930289 2.0474823837239504e-05 0.004636287546594871 0.015871525432299725
-1.607689346463745 0.33293017009847786 5.452363864360576 669.057568449527 567.4889253675938 764.7467583715916 500.084641456604 3.3210504991554957 3.8686290976813282 -2114.8033749804918 0.048852929675653425 22.847073559811577 -4829.290718930289 2.0474823837239504e-05 0.004636287546594871 0.015871525432299725
-1.6489373321396608 0.37319606087734897 5.485739533927963 672.2125378660858 568.8270875513554 765.745204359293 503.17218255996704 3.3210504991554957 3.8686290976813282 -2114.8033749804918 0.048852929675653425 22.847073559811577 -4829.290718930289 2.0474823837239504e-05 0.004636287546594871 0.015871525432299725
-1.6872390331244425 0.4134619516562223 5.522781937401063 675.4643324054778 569.9951268583536 766.8987700939178 504.6193735599518 3.3210504991554957 3.8686290976813282 -2114.8033749804918 0.048852929675653425 22.847073559811577 -4829.290718930289 2.0474823837239504e-05 0.004636287546594871 0.015871525432299725
-1.718666069829906 0.4527457475380486 5.608444364955992 678.8296613879502 570.9334487169981 768.1609019935131 504.5819716453552 3.3210504991554957 3.8686290976813282 -2114.8033749804918 0.048852929675653425 22.847073559811577 -4829.290718930289 2.0474823837239504e-05 0.004636287546594871 0.015871525432299725
-1.7383079677708193 0.4920295434198749 5.81953769817878 682.3244456611574 571.5775759667158 769.4768827855587 503.26696157455444 3.3210504991554957 3.8686290976813282 -2114.8033749804918 0.048852929675653425 22.847073559811577 -4829.290718930289 2.0474823837239504e-05 0.004636287546594871 0.015871525432299725
-1.7442005371530924 0.5313133393017001 6.134295359570107 685.9638176113367 571.8581481724977 770.7838317453861 500.9325518608093 3.3210504991554957 3.8686290976813282 -2114.8033749804918 0.048852929675653425 22.847073559811577 -4829.290718930289 2.0474823837239504e-05 0.004636287546594871 0.015871525432299725
-1.7442005371530969 0.5676508504923911 6.283185307179464 689.7621211074293 571.7009221613407 772.0107044577599 497.88817858695984 3.3210504991554957 3.8686290976813282 -2114.8033749804918 0.048852929675653425 22.847073559811577 -4829.290718930289 2.0474823837239504e-05 0.004636287546594871 0.015871525432299725
-1.7314333034915015 0.603006266786035 0.3465388644339845 718.0719608142972 566.4792257528752 690.1005026996136 475.6921446993947 3.3210504991554957 3.8686290976813282 -2114.8033749804918 0.048852929675653425 22.847073559811577 -4829.290718930289 2.0474823837239504e-05 0.004636287546594871 0.015871525432299725
-1.718666069829906 0.6363974932855871 0.36520144978822194 715.1074614394456 566.9454689398408 675.0320178419352 454.94050958007574 3.3210504991554957 3.8686290976813282 -2114.8033749804918 0.048852929675653425 22.847073559811577 -4829.290718930289 2.0474823837239504e-05 0.004636287546594871 0.015871525432299725
-1.7058988361683152 0.6658603401969568 0.4089078289508488 712.2618198115379 567.4076169580221 661.451029792428 435.6820227727294 3.3210504991554957 3.8686290976813282 -2114.8033749804918 0.048852929675653425 22.847073559811577 -4829.290718930289 2.0474823837239504e-05 0.004636287546594871 0.015871525432299725
-1.6892032229185407 0.6904127126230983 0.5971766580926278 709.5401711966842 567.8577532861382 649.2552934139967 417.84155268222094 3.3210504991554957 3.8686290976813282 -2114.8033749804918 0.048852929675653425 22.847073559811577 -4829.290718930289 2.0474823837239504e-05 0.004636287546594871 0.015871525432299725
-1.6695613249776278 0.7139829901521928 0.6947382761967311 706.9469656739384 568.2884159442037 638.3455532640219 401.34572768211365 3.3210504991554957 3.8686290976813282 -2114.8033749804918 0.048852929675653425 22.847073559811577 -4829.290718930289 2.0474823837239504e-05 0.004636287546594871 0.015871525432299725
-1.6469731423455758 0.7336248880931059 0.8550527371260557 704.4859681390226 568.6925975102931 628.6255438327789 386.12293604016304 3.3210504991554957 3.8686290976813282 -2114.8033749804918 0.048852929675653425 22.847073559811577 -4829.290718930289 2.0474823837239504e-05 0.004636287546594871 0.015871525432299725
-1.6283133393017073 0.7513025962399296 0.8124186125846865 702.1602582372725 569.0637451354414 620.0019896030426 372.10332598537207 3.3210504991554957 3.8686290976813282 -2114.8033749804918 0.048852929675653425 22.847073559811577 -4829.290718930289 2.0474823837239504e-05 0.004636287546594871 0.015871525432299725
-1.6184923903312554 0.7660340196956145 0.5880026035473577 699.972230412066 569.3957604803145 612.3846046179533 359.21880569308996 3.3210504991554957 3.8686290976813282 -2114.8033749804918 0.048852929675653425 22.847073559811577 -4829.290718930289 2.0474823837239504e-05 0.004636287546594871 0.015871525432299725
-1.6184923903312554 0.7788012533572064 -0.0 697.9235939346254 569.6829997897148 605.6860928535461 347.4030432701111 3.3210504991554957 3.8686290976813282 -2114.8033749804918 0.048852929675653425 22.847073559811577 -4829.290718930289 2.0474823837239504e-05 0.004636287546594871 0.015871525432299725
-1.6145640107430672 0.7905863921217547 0.298498931586548 696.015372812748 569.9202738460153 599.8221483081579 336.5914666876197 3.3210504991554957 3.8686290976813282 -2114.8033749804918 0.048852929675653425 22.847073559811577 -4829.290718930289 2.0474823837239504e-05 0.004636287546594871 0.015871525432299725
-1.6165282005371568 0.7984431512981185 6.064516361305805 694.2479058764875 570.1028480008245 594.7114545255899 326.72126387804747 3.3210504991554957 3.8686290976813282 -2114.8033749804918 0.048852929675653425 22.847073559811577 -4829.290718930289 2.0474823837239504e-05 0.004636287546594871 0.015871525432299725
-1.615546105640112 0.8033536257833468 0.1651486774144732 692.6208467576653 570.2264421191067 590.2756850719452 317.7313828095794 3.3210504991554957 3.8686290976813282 -2114.8033749804918 0.048852929675653425 22.847073559811577 -4829.290718930289 2.0474823837239504e-05 0.004636287546594871 0.015871525432299725
-1.6047430617726062 0.8023715308863009 3.141592653589793 691.1331638600677 570.2872306630015 586.4395032227039 309.5625312104821 3.3210504991554957 3.8686290976813282 -2114.8033749804918 0.048852929675653425 22.847073559811577 -4829.290718930289 2.0474823837239504e-05 0.004636287546594871 0.015871525432299725
-1.5978683974932884 0.7974610564010726 2.089942441041507 689.7831403892487 570.2818426080048 583.1305622160435 302.15717685967684 3.326917285884561 3.8655115645217855 -2114.6872175572917 0.048560506068915016 22.73565777129146 -4776.440971493549 2.0352265745563597e-05 0.004620858873446632 0.025108205656240837
-1.590993733213966 0.788622202327663 2.4227626539679474 688.568374319002 570.207361491397 580.2795051187277 295.45954743772745 3.326917285884561 3.8655115645217855 -2114.6872175572917 0.048560506068915016 22.73565777129146 -4776.440971493549 2.0352265745563597e-05 0.004620858873446632 0.025108205656240837
-1.587065353625787 0.7788012533572053 2.723368324010939 687.485778465867 570.061325436458 577.8199646770954 289.41563049703836 3.326917285884561 3.8655115645217855 -2114.6872175572917 0.048560506068915016 22.73565777129146 -4776.440971493549 2.0352265745563597e-05 0.004620858873446632 0.025108205656240837
-1.583136974037608 0.7679982094897029 2.761086276477742 686.5315803736448 569.8417270574719 575.6885636299849 283.9731736332178 3.326917285884561 3.8655115645217855 -2114.6872175572917 0.048560506068915016 22.73565777129146 -4776.440971493549 2.0352265745563597e-05 0.004620858873446632 0.025108205656240837
-1.575280214861241 0.7532667860340191 2.6224465393431653 685.7013224326074 569.5470135733485 573.8249145001173 279.08168429136276 3.326917285884561 3.8655115645217855 -2114.6872175572917 0.048560506068915016 22.73565777129146 -4776.440971493549 2.0352265745563597e-05 0.004620858873446632 0.025108205656240837
-1.5615308863026007 0.7355890778871965 2.4526682653749132 684.9898617826402 569.1760867033154 572.171619579196 274.692429818213 3.326917285884561 3.8655115645217855 -2114.6872175572917 0.048560506068915016 22.73565777129146 -4776.440971493549 2.0352265745563597e-05 0.004620858873446632 0.025108205656240837
-1.5517099373321444 0.713000895255148 2.731465313048277 684.3913703989238 568.7283027805388 570.6742711663246 270.75843764841557 3.326917285884561 3.8655115645217855 -2114.6872175572917 0.048560506068915016 22.73565777129146 -4776.440971493549 2.0352265745563597e-05 0.004620858873446632 0.025108205656240837
-1.538942703670549 0.6894306177260524 2.645169900184849 683.8993349969387 568.2034726310521 569.2814512401819 267.23449497669935 3.326917285884561 3.8655115645217855 -2114.6872175572917 0.048560506068915016 22.73565777129146 -4776.440971493549 2.0352265745563597e-05 0.004620858873446632 0.025108205656240837
-1.5075156669650895 0.6599677708146816 2.3239476077571384 683.5065571237355 567.601861666888 567.9447316378355 264.0771489441395 3.326917285884561 3.8655115645217855 -2114.6872175572917 0.048560506068915016 22.73565777129146 -4776.440971493549 2.0352265745563597e-05 0.004620858873446632 0.025108205656240837
-1.4751065353625856 0.6275586392121753 2.3561944901923795 683.2051530983299 566.9241898432374 566.6186740100384 261.2447067797184 3.326917285884561 3.8655115645217855 -2114.6872175572917 0.048560506068915016 22.73565777129146 -4776.440971493549 2.0352265745563597e-05 0.004620858873446632 0.025108205656240837
-1.4397511190689427 0.5941674127126221 2.327630832353611 682.9865540340543 566.1716316547245 565.2608299702406 258.69723542779684 3.326917285884561 3.8655115645217855 -2114.6872175572917 0.048560506068915016 22.73565777129146 -4776.440971493549 2.0352265745563597e-05 0.004620858873446632 0.025108205656240837
-1.4102882721575731 0.5607761862130699 2.418613300188299 682.841505844146 565.3458161670715 563.8317409455776 256.3965619429946 3.326917285884561 3.8655115645217855 -2114.6872175572917 0.048560506068915016 22.73565777129146 -4776.440971493549 2.0352265745563597e-05 0.004620858873446632 0.025108205656240837
-1.3877000895255212 0.5283670546105637 2.532903346262338 682.7600692361593 564.4488269686699 562.2949379831553 254.30627322942019 3.326917285884561 3.8655115645217855 -2114.6872175572917 0.048560506068915016 22.73565777129146 -4776.440971493549 2.0352265745563597e-05 0.004620858873446632 0.025108205656240837
-1.3582372426141514 0.49399373321396667 2.4329663814621068 682.7316196896136 563.4832022543997 560.616942152381 252.3917160704732 3.326917285884561 3.8655115645217855 -2114.6872175572917 0.048560506068915016 22.73565777129146 -4776.440971493549 2.0352265745563597e-05 0.004620858873446632 0.025108205656240837
-1.3297564905998265 0.4615846016114593 2.420621329617893 682.7448474653065 562.4519346952438 558.7672644406557 250.61999732255936 3.326917285884561 3.8655115645217855 -2114.6872175572917 0.048560506068915016 22.73565777129146 -4776.440971493549 2.0352265745563597e-05 0.004620858873446632 0.025108205656240837
-1.3012757385855058 0.429175470008953 2.420621329617954 682.7877576798201 561.3584715705365 556.7184053659439 248.9599836692214 3.326917285884561 3.8655115645217855 -2114.6872175572917 0.048560506068915016 22.73565777129146 -4776.440971493549 2.0352265745563597e-05 0.004620858873446632 0.025108205656240837
-1.2659203222918587 0.3977484333034915 2.297438667476579 682.8476701620966 560.2067146953195 554.4458557367325 247.38230172544718 3.326917285884561 3.8655115645217855 -2114.6872175572917 0.048560506068915016 22.73565777129146 -4776.440971493549 2.0352265745563597e-05 0.004620858873446632 0.025108205656240837
-1.2276186213070814 0.3673034914950759 2.2424024830486857 682.9112195689231 559.0010204259306 551.9280956238508 245.85933803766966 3.326917285884561 3.8655115645217855 -2114.6872175572917 0.048560506068915016 22.73565777129146 -4776.440971493549 2.0352265745563597e-05 0.004620858873446632 0.025108205656240837
-1.2079767233661685 0.34275111906893335 2.466851711366263 682.9643553774804 557.7461996842176 549.1465954333544 244.36523919552565 3.326917285884561 3.8655115645217855 -2114.6872175572917 0.048560506068915016 22.73565777129146 -4776.440971493549 2.0352265745563597e-05 0.004620858873446632 0.025108205656240837
-1.1883348254252553 0.3221271262309754 2.380579899365042 682.9923417959362 556.4475179240108 546.0858152210712 242.87591149657965 3.326917285884561 3.8655115645217855 -2114.6872175572917 0.048560506068915016 22.73565777129146 -4776.440971493549 2.0352265745563597e-05 0.004620858873446632 0.025108205656240837
-1.1716392121754808 0.3034673231871081 2.4116929954381088 682.9797578640282 555.1106951776892 542.7332046627998 241.36902144551277 3.326917285884561 3.8655115645217855 -2114.6872175572917 0.048560506068915016 22.73565777129146 -4776.440971493549 2.0352265745563597e-05 0.004620858873446632 0.025108205656240837
-1.1519973142345632 0.28480752014324084 2.330559081670548 682.9104974139482 553.7419060003012 539.07920370996 239.8239952325821 3.326917285884561 3.8655115645217855 -2114.6872175572917 0.048560506068915016 22.73565777129146 -4776.440971493549 2.0352265745563597e-05 0.004620858873446632 0.025108205656240837
-1.1225344673231934 0.26614771709937357 2.1353657204629912 682.7677690535784 552.3477795310318 535.1172418296337 238.222019135952 3.326917285884561 3.8655115645217855 -2114.6872175572917 0.048560506068915016 22.73565777129146 -4776.440971493549 2.0352265745563597e-05 0.004620858873446632 0.025108205656240837
-1.096017905102958 0.24945210384959693 2.1327178890516785 682.5340961720794 550.9353994205594 530.8437384068966 236.54603926092386 3.326917285884561 3.8655115645217855 -2114.6872175572917 0.048560506068915016 22.73565777129146 -4776.440971493549 2.0352265745563597e-05 0.004620858873446632 0.025108205656240837
-1.0724476275738613 0.2327564905998203 2.187093264190963 682.1913169827312 549.5123039055616 526.2581026405096 234.78076169639826 3.326917285884561 3.8655115645217855 -2114.6872175572917 0.048560506068915016 22.73565777129146 -4776.440971493549 2.0352265745563597e-05 0.004620858873446632 0.025108205656240837
-1.0518236347359033 0.21507878245299888 2.279422598922576 681.7205844707787 548.0864857528359 521.3627335578203 232.91265249997377 3.326917285884561 3.8655115645217855 -2114.6872175572917 0.048560506068915016 22.73565777129146 -4776.440971493549 2.0352265745563597e-05 0.004620858873446632 0.025108205656240837
-1.0351280214861245 0.19936526410026703 2.325900730273532 681.1023664101958 546.66639229469 516.1630201488733 230.92993761599064 3.326917285884561 3.8655115645217855 -2114.6872175572917 0.048560506068915016 22.73565777129146 -4776.440971493549 2.0352265745563597e-05 0.004620858873446632 0.025108205656240837
-1.0174503133393098 0.1826696508504904 2.3276308323538 680.3164453655481 545.2609254028648 510.6673410087824 228.8226028829813 3.326917285884561 3.8655115645217855 -2114.6872175572917 0.048560506068915016 22.73565777129146 -4776.440971493549 2.0352265745563597e-05 0.004620858873446632 0.025108205656240837
-0.9968263205013475 0.165974037600716 2.251317551461974 679.3419187199324 543.879441505298 504.8870648890734 226.5823941603303 3.326917285884561 3.8655115645217855 -2114.6872175572917 0.048560506068915016 22.73565777129146 -4776.440971493549 2.0352265745563597e-05 0.004620858873446632 0.025108205656240837
-0.9771844225604343 0.15124261414503223 2.214297435588145 678.1571985948831 542.531751582399 498.8365499675274 224.2028171122074 3.326917285884561 3.8655115645217855 -2114.6872175572917 0.048560506068915016 22.73565777129146 -4776.440971493549 2.0352265745563597e-05 0.004620858873446632 0.025108205656240837
-0.9536141450313376 0.13651119068934736 2.129395642138442 676.7400119528174 541.2281211670488 492.53314466774464 221.67913744598627 3.326917285884561 3.8655115645217855 -2114.6872175572917 0.048560506068915016 22.73565777129146 -4776.440971493549 2.0352265745563597e-05 0.004620858873446632 0.025108205656240837
-0.9270975828111065 0.12276186213070614 2.0491487581736414 675.0674005374312 539.9792703446001 485.99718694388866 219.0083808451891 3.326917285884561 3.8655115645217855 -2114.6872175572917 0.048560506068915016 22.73565777129146 -4776.440971493549 2.0352265745563597e-05 0.004620858873446632 0.025108205656240837
-0.9035273052820054 0.10901253357206828 2.098870775221115 673.1157208606601 538.796373737976 479.25200468301773 216.18933268636465 3.326917285884561 3.8655115645217855 -2114.6872175572917 0.048560506068915016 22.73565777129146 -4776.440971493549 2.0352265745563597e-05 0.004620858873446632 0.025108205656240837
-0.8799570277529132 0.09526320501342928 2.0988707752213154 670.8606442511082 537.6910605486482 472.32391569018364 213.2225385531783 3.326917285884561 3.8655115645217855 -2114.6872175572917 0.048560506068915016 22.73565777129146 -4776.440971493549 2.0352265745563597e-05 0.004620858873446632 0.025108205656240837
-0.8534404655326823 0.07954968666069853 2.105751400581029 668.2771568186581 536.6754144895822 465.24222749471664 210.11030381917953 3.326917285884561 3.8655115645217855 -2114.6872175572917 0.048560506068915016 22.73565777129146 -4776.440971493549 2.0352265745563597e-05 0.004620858873446632 0.025108205656240837
-0.8229955237242678 0.06580035810205842 1.9949907346986986 665.3395594526082 535.7619738690555 458.0392375141382 206.85669372230768 3.326917285884561 3.8655115645217855 -2114.6872175572917 0.048560506068915016 22.73565777129146 -4776.440971493549 2.0352265745563597e-05 0.004620858873446632 0.025108205656240837
-0.7925505819158533 0.05106893464637355 2.021457652875542 662.0214678570628 534.9637315161526 450.7502329647541 203.46753364801407 3.326917285884561 3.8655115645217855 -2114.6872175572917 0.048560506068915016 22.73565777129146 -4776.440971493549 2.0352265745563597e-05 0.004620858873446632 0.025108205656240837
-0.7621056401074388 0.03731960608773456 1.9949907346986682 658.2958125304431 534.2941348254681 443.41349098086357 199.9504086971283 3.326917285884561 3.8655115645217855 -2114.6872175572917 0.048560506068915016 22.73565777129146 -4776.440971493549 2.0352265745563597e-05 0.004620858873446632 0.025108205656240837
-0.7306786034019794 0.02258818263204969 2.009132886652876 654.1348387096077 533.7670857310295 436.0702784508467 196.31466402113438 3.326917285884561 3.8655115645217855 -2114.6872175572917 0.048560506068915016 22.73565777129146 -4776.440971493549 2.0352265745563597e-05 0.004620858873446632 0.025108205656240837
-0.6992515666965157 0.0058925693822730555 2.059130277851278 649.5101065058261 533.3969407305121 428.76485216617584 192.57140470296144 3.326917285884561 3.8655115645217855 -2114.6872175572917 0.048560506068915016 22.73565777129146 -4776.440971493549 2.0352265745563597e-05 0.004620858873446632 0.025108205656240837
-0.6648782452999132 -0.012767233661594225 2.0681390431416595 644.3924907594919 533.1985108777881 421.5444585978985 188.7334956228733 3.326917285884561 3.8655115645217855 -2114.6872175572917 0.048560506068915016 22.73565777129146 -4776.440971493549 2.0352265745563597e-05 0.004620858873446632 0.025108205656240837
-0.6295228290062704 -0.03339122649955215 2.124090652117218 638.7521811071783 533.1870617438108 414.45933416485786 184.8155617788434 3.326917285884561 3.8655115645217855 -2114.6872175572917 0.048560506068915016 22.73565777129146 -4776.440971493549 2.0352265745563597e-05 0.004620858873446632 0.025108205656240837
-0.590239033124444 -0.054015219337511196 2.075657698454058 632.5586820077151 533.3783135097474 407.5627052783966 180.83398796617985 3.326917285884561 3.8655115645217855 -2114.6872175572917 0.048560506068915016 22.73565777129146 -4776.440971493549 2.0352265745563597e-05 0.004620858873446632 0.025108205656240837
-0.5480089525514745 -0.076603401969562 2.0820270390726607 625.7808126900345 533.7884408384562 400.9107878059149 176.80691898614168 3.326917285884561 3.8655115645217855 -2114.6872175572917 0.048560506068915016 22.73565777129146 -4776.440971493549 2.0352265745563597e-05 0.004620858873446632 0.025108205656240837
-0.4979221128021469 -0.09919158460161169 2.009655625758388 618.3867071699351 534.4340729955584 394.5627878755331 172.754259519279 3.326917285884561 3.8655115645217855 -2114.6872175572917 0.048560506068915016 22.73565777129146 -4776.440971493549 2.0352265745563597e-05 0.004620858873446632 0.025108205656240837
-0.4439068934646312 -0.1217797672336625 1.9802335363210375 610.3438142761588 535.3322937898338 388.58090111613274 168.69767423719168 3.3528776704195344 3.8799828885968584 -2132.8728804494717 0.09773513216047836 22.927753526158774 -4872.421311944487 4.0961916244961666e-05 0.004662699971921177 0.0008518078074028683
-0.38596329453894096 -0.14535004476275806 1.9693187724613248 601.6188976094127 536.5006415564567 383.0303131788969 164.6605876609683 3.3528776704195344 3.8799828885968584 -2132.8728804494717 0.09773513216047836 22.927753526158774 -4872.421311944487 4.0961916244961666e-05 0.004662699971921177 0.0008518078074028683
-0.3211450313339284 -0.17186660698299017 1.9700170963701604 592.1780355758965 537.9571092091501 377.97919945418835 160.66818431019783 3.3528776704195344 3.8799828885968584 -2132.8728804494717 0.09773513216047836 22.927753526158774 -4872.421311944487 4.0961916244961666e-05 0.004662699971921177 0.0008518078074028683
-0.25632676812891586 -0.1974010743061775 1.9566789961929685 581.9866213575006 539.7201442047954 373.49872517585754 156.74740862846375 3.3528776704195344 3.8799828885968584 -2132.8728804494717 0.09773513216047836 22.927753526158774 -4872.421311944487 4.0961916244961666e-05 0.004662699971921177 0.0008518078074028683
-0.18659803043867504 -0.22489973142345548 1.9562901937242156 571.0093629378825 541.808648545295 369.66304555535316 152.92696491628885 3.3528776704195344 3.8799828885968584 -2132.8728804494717 0.09773513216047836 22.927753526158774 -4872.421311944487 4.0961916244961666e-05 0.004662699971921177 0.0008518078074028683
-0.1198155774395685 -0.25141629364368867 1.9591150449673733 559.2102830931544 544.2419787775725 366.54930533468723 149.23731756210327 3.3528776704195344 3.8799828885968584 -2132.8728804494717 0.09773513216047836 22.927753526158774 -4872.421311944487 4.0961916244961666e-05 0.004662699971921177 0.0008518078074028683
-0.053033124440461966 -0.27695076096687604 1.9359977765830636 546.5527193900198 547.0399460401386 364.237639516592 145.71069069951773 3.3528776704195344 3.8799828885968584 -2132.8728804494717 0.09773513216047836 22.927753526158774 -4872.421311944487 4.0961916244961666e-05 0.004662699971921177 0.0008518078074028683
0.016695613249783334 -0.3044494180841551 1.9464365622679527 532.9993241690099 550.2228159531951 362.81117253005505 142.3810684904456 3.3528776704195344 3.8799828885968584 -2132.8728804494717 0.09773513216047836 22.927753526158774 -4872.421311944487 4.0961916244961666e-05 0.004662699971921177 0.0008518078074028683
0.08347806624888093 -0.332930170098479 1.9739119160136314 518.5120646115392 553.8113087620586 362.35601891577244 139.2841950505972 3.3528776704195344 3.8799828885968584 -2132.8728804494717 0.09773513216047836 22.927753526158774 -4872.421311944487 4.0961916244961666e-05 0.004662699971921177 0.0008518078074028683
0.14338585496866965 -0.3623930170098487 2.027865083342663 503.05222261697054 557.8265992067754 362.96128284931183 136.45757437497377 3.3528776704195344 3.8799828885968584 -2132.8728804494717 0.09773513216047836 22.927753526158774 -4872.421311944487 4.0961916244961666e-05 0.004662699971921177 0.0008518078074028683
0.19543688451209132 -0.393820053715308 2.113985903082684 486.58039493486285 562.2903166152537 364.71905848383904 133.94047043472528 3.3528776704195344 3.8799828885968584 -2132.8728804494717 0.09773513216047836 22.927753526158774 -4872.421311944487 4.0961916244961666e-05 0.004662699971921177 0.0008518078074028683
-0.176777081468214 -0.7640698299015215 3.929636313461091 469.0564930923283 567.2245448548347 367.7244298607111 131.77390703558922 3.3528776704195344 3.8799828885968584 -2132.8728804494717 0.09773513216047836 22.927753526158774 -4872.421311944487 4.0961916244961666e-05 0.004662699971921177 0.0008518078074028683
-0.6697887197851325 -1.2983294538943604 3.886859411477842 450.4397434014827 572.6518223211169 372.07547049224377 130.00066803395748 3.3528776704195344 3.8799828885968584 -2132.8728804494717 0.09773513216047836 22.927753526158774 -4872.421311944487 4.0961916244961666e-05 0.004662699971921177 0.0008518078074028683
-1.197173679498658 -1.9101745747538061 3.8529882711368355 430.6886869557202 578.5951420031488 377.87324427068233 128.6652971804142 3.3528776704195344 3.8799828885968584 -2132.8728804494717 0.09773513216047836 22.927753526158774 -4872.421311944487 4.0961916244961666e-05 0.004662699971921177 0.0008518078074028683
-1.7343795881826314 -2.541661593554165 3.846492873322108 409.761179657653 585.077951412648 385.2218045145273 127.81409815698862 3.3528776704195344 3.8799828885968584 -2132.8728804494717 0.09773513216047836 22.927753526158774 -4872.421311944487 4.0961916244961666e-05 0.004662699971921177 0.0008518078074028683
-2.269621307072515 -3.162345568487019 3.853208259157775 387.61439218372107 592.1241526249796 394.22819451987743 127.4951344653964 3.3528776704195344 3.8799828885968584 -2132.8728804494717 0.09773513216047836 22.927753526158774 -4872.421311944487 4.0961916244961666e-05 0.004662699971921177 0.0008518078074028683
-2.80191674127126 -3.7535666965085057 3.8745912752861478 364.2048100363463 599.7581022568047 405.0024473518133 127.75822976976633 3.3528776704195344 3.8799828885968584 -2132.8728804494717 0.09773513216047836 22.927753526158774 -4872.421311944487 4.0961916244961666e-05 0.004662699971921177 0.0008518078074028683
-3.3322479856759153 -4.312378692927486 3.9008470905795845 339.4882334712893 608.0046114791185 417.6575860977173 128.6549673974514 3.3528776704195344 3.8799828885968584 -2132.8728804494717 0.09773513216047836 22.927753526158774 -4872.421311944487 4.0961916244961666e-05 0.004662699971921177 0.0008518078074028683
-3.8625792300805752 -4.835835273052822 3.9335144895846437 313.4197775516659 616.8889460228384 432.3096233904362 130.23869084566832 3.3528776704195344 3.8799828885968584 -2132.8728804494717 0.09773513216047836 22.927753526158774 -4872.421311944487 4.0961916244961666e-05 0.004662699971921177 0.0008518078074028683
-4.389964189794096 -5.331793196060879 3.9576913407861944 285.9538721200079 626.4368261564523 449.07756194472313 132.5645033940673 3.3528776704195344 3.8799828885968584 -2132.8728804494717 0.09773513216047836 22.927753526158774 -4872.421311944487 4.0961916244961666e-05 0.004662699971921177 0.0008518078074028683
-4.912438675022376 -5.806145031333931 3.975229228165169 257.0442618560046 636.6744267232716 468.0833942145109 135.68926828354597 3.3528776704195344 3.8799828885968584 -2132.8728804494717 0.09773513216047836 22.927753526158774 -4872.421311944487 4.0961916244961666e-05 0.004662699971921177 0.0008518078074028683
-5.01555863921217 -5.924978513876456 3.856312282936637 226.64400615543127 647.6283770818263 489.4521025121212 139.67160871624947 3.3528776704195344 3.8799828885968584 -2132.8728804494717 0.09773513216047836 22.927753526158774 -4872.421311944487 4.0961916244961666e-05 0.004662699971921177 0.0008518078074028683
-5.0057376902417134 -5.868017009847808 0.1707352114752833 194.70547927170992 659.3257611729205 513.3116588890553 144.571907825768 3.3528776704195344 3.8799828885968584 -2132.8728804494717 0.09773513216047836 22.927753526158774 -4872.421311944487 4.0961916244961666e-05 0.004662699971921177 0.0008518078074028683
-4.963507609668748 -5.726595344673234 0.2901820979088756 161.18037019856274 671.7941174674779 539.7930253148079 150.4523086026311 3.3528776704195344 3.8799828885968584 -2132.8728804494717 0.09773513216047836 22.927753526158774 -4872.421311944487 4.0961916244961666e-05 0.004662699971921177 0.0008518078074028683
-4.919313339301702 -5.556692927484334 0.25447634225609594 126.01968278363347 685.0614390205592 569.0301536470652 157.37671411782503 3.3528776704195344 3.8799828885968584 -2132.8728804494717 0.09773513216047836 22.927753526158774 -4872.421311944487 4.0961916244961666e-05 0.004662699971921177 0.0008518078074028683
-4.879047448522827 -5.3946472694718 0.24355213057101016 89.17373560369015 699.1561733856797 601.1599855422974 165.41078717261553 3.3528776704195344 3.8799828885968584 -2132.8728804494717 0.09773513216047836 22.927753526158774 -4872.421311944487 4.0961916244961666e-05 0.004662699971921177 0.0008518078074028683
-4.843692032229184 -5.257153983885409 0.25168997175818164 50.59216205589473 714.1072227340192 636.3224523365498 174.62195067107677 3.3528776704195344 3.8799828885968584 -2132.8728804494717 0.09773513216047836 22.927753526158774 -4872.421311944487 4.0961916244961666e-05 0.004662699971921177 0.0008518078074028683
-4.81226499552372 -5.150105640107432 0.28555467076963076 10.223910328000784 729.9439437128603 674.6604754924774 185.07938741147518 3.3528776704195344 3.8799828885968584 -2132.8728804494717 0.09773513216047836 22.927753526158774 -4872.421311944487 4.0961916244961666e-05 0.004662699971921177 0.0008518078074028683
-4.786730528200534 -5.067609668755597 0.3001711708301029 -31.982756612822413 746.6961475852877 716.3199660181999 196.8540399670601 3.3528776704195344 3.8799828885968584 -2132.8728804494717 0.09773513216047836 22.927753526158774 -4872.421311944487 4.0961916244961666e-05 0.004662699971921177 0.0008518078074028683
-4.7700349149507595 -5.0027914055505835 0.25209598066804734 -76.08026099205017 764.3941001370549 761.4498250037432 210.01861114054918 3.3528776704195344 3.8799828885968584 -2132.8728804494717 0.09773513216047836 22.927753526158774 -4872.421311944487 4.0961916244961666e-05 0.004662699971921177 0.0008518078074028683
