42 -2.572106535362575 -1.1097672336615947 0.9983365129768951 -2.0545425246195195 -0.7984431512981207
-2.572106535362575 -1.1097672336615947 0.9983365129768951 553.6232933827393 600.127291879986 849.27717499547 301.42236817313824 3.2024113512880126 3.769875095046036 -1982.414251696639 0.013026048768303052 22.138676717128106 -4274.5378497315505 1.5035075563556735e-05 0.004519397714248798 0.12254268889489557
-2.5308585496866547 -1.0832506714413614 0.9994588469612917 554.7885452040883 597.9925742720123 771.9584895918088 267.0430532578466 3.2024113512880126 3.769875095046036 -1982.414251696639 0.013026048768303052 22.138676717128106 -4274.5378497315505 1.5035075563556735e-05 0.004519397714248798 0.12254268889489557
-2.489610564010739 -1.0616445837063577 1.0882830317724146 555.9037351474404 596.0323462697252 712.9712912333343 244.40963459576597 3.2024113512880126 3.769875095046036 -1982.414251696639 0.013026048768303052 22.138676717128106 -4274.5378497315505 1.5035075563556735e-05 0.004519397714248798 0.12254268889489557
-2.4434521038495944 -1.044948970456581 1.2237347232553852 556.9827256795521 594.2380833230707 669.9858882885892 231.88867553067394 3.2024113512880126 3.769875095046036 -1982.414251696639 0.013026048768303052 22.138676717128106 -4274.5378497315505 1.5035075563556735e-05 0.004519397714248798 0.12254268889489557
-2.395329453894361 -1.032181736794988 1.3352513460740463 558.0380758824484 592.6014144338585 640.7972103677021 227.93894932542753 3.2024113512880126 3.769875095046036 -1982.414251696639 0.013026048768303052 22.138676717128106 -4274.5378497315505 1.5035075563556735e-05 0.004519397714248798 0.12254268889489557
-2.350153088630266 -1.0213786929274855 1.3611564809206762 559.0810414534222 591.1141221557593 623.3248083224753 231.11143916139554 3.2024113512880126 3.769875095046036 -1982.414251696639 0.013026048768303052 22.138676717128106 -4274.5378497315505 1.5035075563556735e-05 0.004519397714248798 0.12254268889489557
-2.3098871978513906 -1.0135219337511197 1.4056476493802874 560.1215747050359 589.7681425943081 615.6128542461956 240.04933813879325 3.2024113512880126 3.769875095046036 -1982.414251696639 0.013026048768303052 22.138676717128106 -4274.5378497315505 1.5035075563556735e-05 0.004519397714248798 0.12254268889489557
-2.2725675917636536 -1.0066472694717996 1.4181469983996293 561.1683245651185 588.555565406902 615.8301414737653 253.48804927659512 3.2024113512880126 3.769875095046036 -1982.414251696639 0.013026048768303052 22.138676717128106 -4274.5378497315505 1.5035075563556735e-05 0.004519397714248798 0.12254268889489557
-2.238194270367056 -1.0007547000895265 1.4327903031373737 562.2286365767678 587.4686338027999 622.270084581527 270.2551855125348 3.1854322925331906 3.7043802420394645 -1951.558415255883 0.0027564819272178167 21.93490348138674 -4204.993799631067 1.1510466976350258e-05 0.00446079005919078 0.14058375855857203
-2.2057851387645515 -0.9978084153983888 1.5120405040791542 563.308552898351 586.4997445431251 633.3507193875121 289.27056970304693 3.1854322925331906 3.7043802420394645 -1951.558415255883 0.0027564819272178167 21.93490348138674 -4204.993799631067 1.1510466976350258e-05 0.00446079005919078 0.14058375855857203
-2.1881074306177326 -0.9928979409131616 1.3633001003596668 564.4128123035014 585.6414479408619 647.6147029513668 309.54623462336895 3.1854322925331906 3.7043802420394645 -1951.558415255883 0.0027564819272178167 21.93490348138674 -4204.993799631067 1.1510466976350258e-05 0.00446079005919078 0.14058375855857203
-2.173376007162043 -0.9889695613249793 1.4142818322099926 565.5448501811227 584.886447860858 663.7293135741347 330.1864229674975 3.1854322925331906 3.7043802420394645 -1951.558415255883 0.0027564819272178167 21.93490348138674 -4204.993799631067 1.1510466976350258e-05 0.00446079005919078 0.14058375855857203
-2.1556982990152194 -0.983076991942705 1.4652635640603184 566.7067985353857 584.2276017198237 680.4864507985039 350.3875873481011 3.1854322925331906 3.7043802420394645 -1951.558415255883 0.0027564819272178167 21.93490348138674 -4204.993799631067 1.1510466976350258e-05 0.00446079005919078 0.14058375855857203
-2.1458773500447674 -0.9752202327663381 1.5162452959106443 567.8994859857291 583.6579204863324 696.8026354087488 369.4383902967529 3.1854322925331906 3.7043802420394645 -1951.558415255883 0.0027564819272178167 21.93490348138674 -4204.993799631067 1.1510466976350258e-05 0.00446079005919078 0.14058375855857203
-2.1370384959713555 -0.9644171888988367 1.5672270277609701 569.122437766861 583.1705686808192 711.7190094308025 386.7197042636981 3.1854322925331906 3.7043802420394645 -1951.558415255883 0.0027564819272178167 21.93490348138674 -4204.993799631067 1.1510466976350258e-05 0.00446079005919078 0.14058375855857203
-2.128199641897948 -0.9516499552372425 1.618208759611296 570.3738757287558 582.7588643755827 724.4013361319667 401.7046116178535 3.1854322925331906 3.7043802420394645 -1951.558415255883 0.0027564819272178167 21.93490348138674 -4204.993799631067 1.1510466976350258e-05 0.00446079005919078 0.14058375855857203
-2.119360787824541 -0.9349543419874659 1.6691904914616218 571.6507183366604 582.4162791947838 734.1400000211288 413.95840464705543 3.1854322925331906 3.7043802420394645 -1951.558415255883 0.0027564819272178167 21.93490348138674 -4204.993799631067 1.1510466976350258e-05 0.00446079005919078 0.14058375855857203
-2.1164145031334023 -0.9162945389435997 1.7201722233119476 572.948580671084 582.1364383144459 740.3500068489375 423.1385855577537 3.1854322925331906 3.7043802420394645 -1951.558415255883 0.0027564819272178167 21.93490348138674 -4204.993799631067 1.1510466976350258e-05 0.00446079005919078 0.14058375855857203
-2.1164145031334023 -0.8966526410026865 1.7711539551622735 574.2617744278085 581.9131204624554 742.570983607482 428.9948664752883 3.1854322925331906 3.7043802420394645 -1951.558415255883 0.0027564819272178167 21.93490348138674 -4204.993799631067 1.1510466976350258e-05 0.00446079005919078 0.14058375855857203
-2.116414503133398 -0.8760286481647286 1.8221356870125993 575.583307917882 581.740257918561 740.4671785302635 431.36916944356926 3.1854322925331906 3.7043802420394645 -1951.558415255883 0.0027564819272178167 21.93490348138674 -4204.993799631067 1.1510466976350258e-05 0.00446079005919078 0.14058375855857203
-2.107575649059986 -0.8563867502238143 1.8731174188629252 576.9048860676229 581.6119365143747 733.8274610928056 430.195626425455 3.1854322925331906 3.7043802420394645 -1951.558415255883 0.0027564819272178167 21.93490348138674 -4204.993799631067 1.1510466976350258e-05 0.00446079005919078 0.14058375855857203
-2.0957905102954397 -0.8367448522829012 1.924099150713251 578.2169104186145 581.5223956333701 722.5653220115782 425.5005793024611 3.1854322925331906 3.7043802420394645 -1951.558415255883 0.0027564819272178167 21.93490348138674 -4204.993799631067 1.1510466976350258e-05 0.00446079005919078 0.14058375855857203
-2.086951656222028 -0.817102954341988 1.9750808825635768 579.5084791277108 581.466028210885 706.7188732450886 417.4025798748771 3.1854322925331906 3.7043802420394645 -1951.558415255883 0.0027564819272178167 21.93490348138674 -4204.993799631067 1.1510466976350258e-05 0.00446079005919078 0.14058375855857203
-2.0751665174574816 -0.7984431512981207 2.0260626144139025 580.7673869670348 581.437380734118 686.4508479933138 406.1123898616934 3.1854322925331906 3.7043802420394645 -1951.558415255883 0.0027564819272178167 21.93490348138674 -4204.993799631067 1.1510466976350258e-05 0.00446079005919078 0.14058375855857203
-2.072220232766343 -0.7807654431512981 2.0770443462642287 581.9801253239758 581.4311532421324 662.0486006976862 391.9329809007613 3.1854322925331906 3.7043802420394645 -1951.558415255883 0.0027564819272178167 21.93490348138674 -4204.993799631067 1.1510466976350258e-05 0.00446079005919078 0.14058375855857203
-2.072220232766343 -0.7650519247985685 2.128026078114554 583.1318822011907 581.442199325852 633.9241070412099 375.2595345485315 3.1854322925331906 3.7043802420394645 -1951.558415255883 0.0027564819272178167 21.93490348138674 -4204.993799631067 1.1510466976350258e-05 0.00446079005919078 0.14058375855857203
-2.0751665174574865 -0.7532667860340213 2.1790078099648804 584.2065422166083 581.4655261280649 602.6139639486064 356.57944228050474 3.1854322925331906 3.7043802420394645 -1951.558415255883 0.0027564819272178167 21.93490348138674 -4204.993799631067 1.1510466976350258e-05 0.00446079005919078 0.14058375855857203
-2.077130707251576 -0.7444279319606106 2.229989541815206 585.186686603422 581.496294343421 568.7793895860523 336.4723054905626 3.1854322925331906 3.7043802420394645 -1951.558415255883 0.0027564819272178167 21.93490348138674 -4204.993799631067 1.1510466976350258e-05 0.00446079005919078 0.14058375855857203
-2.0790948970456653 -0.7385353625783364 2.280971273665532 586.0535932100946 581.5298182184338 533.2062233611941 315.60993549157865 3.1854322925331906 3.7043802420394645 -1951.558415255883 0.0027564819272178167 21.93490348138674 -4204.993799631067 1.1510466976350258e-05 0.00446079005919078 0.14058375855857203
-2.0790948970456653 -0.7346069829901529 2.3319530055158575 586.7872365003568 581.5615655514781 496.80492592352675 294.7563535150839 3.1854322925331906 3.7043802420394645 -1951.558415255883 0.0027564819272178167 21.93490348138674 -4204.993799631067 1.1510466976350258e-05 0.00446079005919078 0.14058375855857203
-2.0820411817367996 -0.7316606982990153 2.3829347373661838 587.3662875532107 581.5871576927926 460.61057916384016 274.7677907114703 3.1854322925331906 3.7043802420394645 -1951.558415255883 0.0027564819272178167 21.93490348138674 -4204.993799631067 1.1510466976350258e-05 0.00446079005919078 0.14058375855857203
-2.084987466427934 -0.7326427931960612 2.433916469216509 587.7681140629205 581.6023695444779 425.782886214467 256.59268814984534 3.1854322925331906 3.7043802420394645 -1951.558415255883 0.0027564819272178167 21.93490348138674 -4204.993799631067 1.1510466976350258e-05 0.00446079005919078 0.14058375855857203
-2.090880035810207 -0.7355890778871989 2.4848982010668355 587.9687803390239 581.6031295604975 393.60617144969 241.2716968178138 3.1854322925331906 3.7043802420394645 -1951.558415255883 0.0027564819272178167 21.93490348138674 -4204.993799631067 1.1510466976350258e-05 0.00446079005919078 0.14058375855857203
-2.0967726051924847 -0.740499552372427 2.535879932917161 587.9430473063267 581.5855197466775 365.48938048485434 229.93767762221978 3.1854322925331906 3.7043802420394645 -1951.558415255883 0.0027564819272178167 21.93490348138674 -4204.993799631067 1.1510466976350258e-05 0.00446079005919078 0.14058375855857203
-2.0967726051924847 -0.7493384064458378 2.586861664767487 587.6643725048982 581.5457756607068 342.96608017721155 223.8157013884047 3.1854322925331906 3.7043802420394645 -1951.558415255883 0.0027564819272178167 21.93490348138674 -4204.993799631067 1.1510466976350258e-05 0.00446079005919078 0.14058375855857203
-2.096772605192489 -0.761123545210385 2.6378433966178125 587.1049100900827 581.4802864121369 327.694458625454 224.22304886025086 3.1854322925331906 3.7043802420394645 -1951.558415255883 0.0027564819272178167 21.93490348138674 -4204.993799631067 1.1510466976350258e-05 0.00446079005919078 0.14058375855857203
-2.090880035810216 -0.7729086839749334 2.688825128468139 586.2355108324842 581.3855946623821 321.4573251699767 232.5692107007926 3.1854322925331906 3.7043802420394645 -1951.558415255883 0.0027564819272178167 21.93490348138674 -4204.993799631067 1.1510466976350258e-05 0.00446079005919078 0.14058375855857203
-2.0800769919427102 -0.7837117278424347 2.739806860318464 585.0257221179861 581.2583966247189 326.16211039251357 250.35588749157614 3.1854322925331906 3.7043802420394645 -1951.558415255883 0.0027564819272178167 21.93490348138674 -4204.993799631067 1.1510466976350258e-05 0.00446079005919078 0.14058375855857203
-2.0692739480752045 -0.7915684870188007 2.7907885921687905 583.4437879477287 581.0955420642872 343.8408661164576 279.17698973295046 3.1854322925331906 3.7043802420394645 -1951.558415255883 0.0027564819272178167 21.93490348138674 -4204.993799631067 1.1510466976350258e-05 0.00446079005919078 0.14058375855857203
-2.060435094001788 -0.795496866606983 2.841770324019116 581.4566489381291 580.8940342980884 376.65026540680265 320.7186378441547 3.1854322925331906 3.7043802420394645 -1951.558415255883 0.0027564819272178167 21.93490348138674 -4204.993799631067 1.1510466976350258e-05 0.00446079005919078 0.14058375855857203
-2.0604350940017926 -0.7984431512981207 2.892752055869442 579.0299423208656 580.6510301949879 426.8716025702597 376.7591621627362 3.1854322925331906 3.7043802420394645 -1951.558415255883 0.0027564819272178167 21.93490348138674 -4204.993799631067 1.1510466976350258e-05 0.00446079005919078 0.14058375855857203
-2.060435094001797 -0.7984431512981207 2.9437337877197676 576.1280019428942 580.3638401757136 496.9107931547187 449.1691029456706 3.1854322925331906 3.7043802420394645 -1951.558415255883 0.0027564819272178167 21.93490348138674 -4204.993799631067 1.1510466976350258e-05 0.00446079005919078 0.14058375855857203
-2.0545425246195195 -0.7984431512981207 2.994715519570094 582.4705337028722 580.4277176828555 587.1236846420215 480.59497667619144 3.1854322925331906 3.7043802420394645 -1951.558415255883 0.0027564819272178167 21.93490348138674 -4204.993799631067 1.1510466976350258e-05 0.00446079005919078 0.14058375855857203
-2.0368648164727 -0.7984431512981207 3.0456972514204192 582.4006763112529 579.4185527328691 530.9362920505228 436.2616608926037 3.1854322925331906 3.7043802420394645 -1951.558415255883 0.0027564819272178167 21.93490348138674 -4204.993799631067 1.1510466976350258e-05 0.00446079005919078 0.14058375855857203
-2.0162408236347424 -0.796478961504029 3.096678983270745 582.3740004327547 578.609878937722 489.80384813272394 397.31105581671 3.1854322925331906 3.7043802420394645 -1951.558415255883 0.0027564819272178167 21.93490348138674 -4204.993799631067 1.1510466976350258e-05 0.00446079005919078 0.14058375855857203
-1.9926705461056455 -0.7935326768128924 3.1476607151210714 582.3825733607036 577.9858035300749 461.78728880232666 363.2341733148496 3.1854322925331906 3.7043802420394645 -1951.558415255883 0.0027564819272178167 21.93490348138674 -4204.993799631067 1.1510466976350258e-05 0.00446079005919078 0.14058375855857203
-1.9749928379588264 -0.7915684870188018 3.198642446971397 582.4189421530918 577.5310075945881 445.04829163709655 333.545708310412 3.1854322925331906 3.7043802420394645 -1951.558415255883 0.0027564819272178167 21.93490348138674 -4204.993799631067 1.1510466976350258e-05 0.00446079005919078 0.14058375855857203
-1.9661539838854192 -0.790586392121757 3.2496241788217226 582.4761336325969 577.2307460679085 437.84927587851416 307.7840387840115 3.1854322925331906 3.7043802420394645 -1951.558415255883 0.0027564819272178167 21.93490348138674 -4204.993799631067 1.1510466976350258e-05 0.00446079005919078 0.14058375855857203
-1.948476275738591 -0.7925505819158476 3.300605910672049 582.5476543865648 577.0708477386788 438.5534024332883 285.51122577293427 3.1854322925331906 3.7043802420394645 -1951.558415255883 0.0027564819272178167 21.93490348138674 -4204.993799631067 1.1510466976350258e-05 0.00446079005919078 0.14058375855857203
-1.9327627573858615 -0.7974610564010759 3.3515876425223743 582.6274907670208 577.0377152475321 445.6245738711441 266.31301337160403 3.1854322925331906 3.7043802420394645 -1951.558415255883 0.0027564819272178167 21.93490348138674 -4204.993799631067 1.1510466976350258e-05 0.00446079005919078 0.14058375855857203
-1.9199955237242616 -0.8013894359892584 3.4025693743727006 582.710108890672 577.118325087089 457.62743442703504 249.79882873149472 3.1854322925331906 3.7043802420394645 -1951.558415255883 0.0027564819272178167 21.93490348138674 -4204.993799631067 1.1510466976350258e-05 0.00446079005919078 0.14058375855857203
-1.9180313339301631 -0.8043357206803948 3.453551106223026 582.7904546388918 577.3002276019615 473.22736999893095 235.6017820610141 3.1854322925331906 3.7043802420394645 -1951.558415255883 0.0027564819272178167 21.93490348138674 -4204.993799631067 1.1510466976350258e-05 0.00446079005919078 0.14058375855857203
-1.9278522829006242 -0.8053178155774408 3.5045328380733523 582.8639536577389 577.57154698876 491.1905081507284 223.378666625591 3.1854322925331906 3.7043802420394645 -1951.558415255883 0.0027564819272178167 21.93490348138674 -4204.993799631067 1.1510466976350258e-05 0.00446079005919078 0.14058375855857203
-1.9553509400179043 -0.8053178155774408 3.5555145699236776 582.9265113579409 577.920981296078 510.3837181084091 212.80995874790824 3.1991973659251194 3.728426968915879 -1967.2758492196494 0.013416975100113838 21.988064160134407 -4226.372273596162 1.5140164389031034e-05 0.004476043294535909 0.13479592899969192
-1.9857958818263233 -0.8043357206803937 3.606496301774004 582.9745129149105 578.337802424503 529.7746107638814 203.59981780708767 3.1991973659251194 3.728426968915879 -1967.2758492196494 0.013416975100113838 21.988064160134407 -4226.372273596162 1.5140164389031034e-05 0.004476043294535909 0.13479592899969192
-2.0132945389436037 -0.8013894359892573 3.6574780336243293 583.0048232687286 578.8118561266147 548.4315386713715 195.47608623985434 3.1991973659251194 3.728426968915879 -1967.2758492196494 0.013416975100113838 21.988064160134407 -4226.372273596162 1.5140164389031034e-05 0.004476043294535909 0.13479592899969192
-2.0349006266786063 -0.7974610564010759 3.7084597654746556 583.0147871241534 579.3335620069847 565.5235960520804 188.19028953960515 3.1991973659251194 3.728426968915879 -1967.2758492196494 0.013416975100113838 21.988064160134407 -4226.372273596162 1.5140164389031034e-05 0.004476043294535909 0.13479592899969192
-2.05061414503134 -0.7925505819158476 3.759441497324981 583.0022289506283 579.8939135221754 580.3206187881297 181.51763625684544 3.1991973659251194 3.728426968915879 -1967.2758492196494 0.013416975100113838 21.988064160134407 -4226.372273596162 1.5140164389031034e-05 0.004476043294535909 0.13479592899969192
-2.078112802148616 -0.7876401074306205 3.8104232291753073 582.9654529822596 580.4844779807372 592.1931844286155 175.25701799898525 3.1991973659251194 3.728426968915879 -1967.2758492196494 0.013416975100113838 21.988064160134407 -4226.372273596162 1.5140164389031034e-05 0.004476043294535909 0.13479592899969192
-2.1065935541629366 -0.7827296329453922 3.8614049610256327 582.9032432178415 581.0973965432158 600.6126121846028 169.23100943060126 3.1991973659251194 3.728426968915879 -1967.2758492196494 0.013416975100113838 21.988064160134407 -4226.372273596162 1.5140164389031034e-05 0.004476043294535909 0.13479592899969192
-2.1232891674127066 -0.7797833482542545 3.912386692875959 582.8148634208378 581.7253842221435 605.1509629333159 163.28586827329127 3.1991973659251194 3.728426968915879 -1967.2758492196494 0.013416975100113838 21.988064160134407 -4226.372273596162 1.5140164389031034e-05 0.004476043294535909 0.13479592899969192
-2.1291817367949797 -0.7778191584601639 3.9633684247262844 582.7000571193898 582.3617298820509 605.4810392146464 157.29153530544136 3.1991973659251194 3.728426968915879 -1967.2758492196494 0.013416975100113838 21.988064160134407 -4226.372273596162 1.5140164389031034e-05 0.004476043294535909 0.13479592899969192
-2.1262354521038453 -0.7778191584601628 4.014350156576611 582.5590476063221 583.0002962394528 601.3763852331322 151.14163436257513 3.1991973659251194 3.728426968915879 -1967.2758492196494 0.013416975100113838 21.988064160134407 -4226.372273596162 1.5140164389031034e-05 0.004476043294535909 0.13479592899969192
-2.1232891674127066 -0.7788012533572075 4.065331888426936 582.3925379391217 583.6355198628589 592.711286857957 144.7534723371209 3.1991973659251194 3.728426968915879 -1967.2758492196494 0.013416975100113838 21.988064160134407 -4226.372273596162 1.5140164389031034e-05 0.004476043294535909 0.13479592899969192
-2.1232891674127066 -0.7807654431512981 4.116313620277262 582.2017109399649 584.2624111727691 579.4607716214377 138.06803917890647 3.1991973659251194 3.728426968915879 -1967.2758492196494 0.013416975100113838 21.988064160134407 -4226.372273596162 1.5140164389031034e-05 0.004476043294535909 0.13479592899969192
-2.132128021486123 -0.7846938227394817 4.167295352127588 581.9882291956997 584.8765544416765 561.700608721585 131.05000789437327 3.1991973659251194 3.728426968915879 -1967.2758492196494 0.013416975100113838 21.988064160134407 -4226.372273596162 1.5140164389031034e-05 0.004476043294535909 0.13479592899969192
-2.1498057296329462 -0.7896042972247111 4.218277083977914 581.7542350578456 585.4741077940662 539.6073090187274 123.68773454695474 3.1991973659251194 3.728426968915879 -1967.2758492196494 0.013416975100113838 21.988064160134407 -4226.372273596162 1.5140164389031034e-05 0.004476043294535909 0.13479592899969192
-2.173376007162043 -0.7964789615040301 4.199328142865423 581.50235064261 586.0518032064065 513.4581250395859 115.99325825716369 3.1991973659251194 3.728426968915879 -1967.2758492196494 0.013416975100113838 21.988064160134407 -4226.372273596162 1.5140164389031034e-05 0.004476043294535909 0.13479592899969192
-2.1940000000000013 -0.803353625783349 4.180379201752932 581.2356778308626 586.6069465071669 483.63105097273365 108.00230120267952 3.1991973659251194 3.728426968915879 -1967.2758492196494 0.013416975100113838 21.988064160134407 -4226.372273596162 1.5140164389031034e-05 0.004476043294535909 0.13479592899969192
-2.21167770814682 -0.8102282900626679 4.16143026064044 580.9577982681617 587.1374173767954 450.6048226725543 99.77426861796994 3.1991973659251194 3.728426968915879 -1967.2758492196494 0.013416975100113838 21.988064160134407 -4226.372273596162 1.5140164389031034e-05 0.004476043294535909 0.13479592899969192
-2.2313196060877334 -0.8180850492390339 4.142481319527949 580.6727733647381 587.6416693477522 414.9589176569134 91.39224879493122 3.1991973659251194 3.728426968915879 -1967.2758492196494 0.013416975100113838 21.988064160134407 -4226.372273596162 1.5140164389031034e-05 0.004476043294535909 0.13479592899969192
-2.2509615040286466 -0.8239776186213069 4.123532378415458 580.3851442954901 588.1187298044688 377.3735551077407 82.96301308178226 3.1991973659251194 3.728426968915879 -1967.2758492196494 0.013416975100113838 21.988064160134407 -4226.372273596162 1.5140164389031034e-05 0.004476043294535909 0.13479592899969192
-2.2715854968666043 -0.8279059982094904 4.104583437302967 580.0999320000105 588.5681999833796 338.6296958726598 74.61701588411233 3.1991973659251194 3.728426968915879 -1967.2758492196494 0.013416975100113838 21.988064160134407 -4226.372273596162 1.5140164389031034e-05 0.004476043294535909 0.13479592899969192
-2.289263205013428 -0.8308522829006281 4.085634496190476 579.822637182549 588.9902549728986 299.609042461263 66.50839466485195 3.1991973659251194 3.728426968915879 -1967.2758492196494 0.013416975100113838 21.988064160134407 -4226.372273596162 1.5140164389031034e-05 0.004476043294535909 0.13479592899969192
-2.3059588182632025 -0.8308522829006281 4.066685555077985 579.5592403120454 589.3856437134436 261.2940390483709 58.814969943341566 3.1991973659251194 3.728426968915879 -1967.2758492196494 0.013416975100113838 21.988064160134407 -4226.372273596162 1.5140164389031034e-05 0.004476043294535909 0.13479592899969192
-2.3197081468218426 -0.8298701880035823 4.047736613965493 579.3162016221104 589.7556889974203 224.76787147298455 51.7382452962338 3.1991973659251194 3.728426968915879 -1967.2758492196494 0.013416975100113838 21.988064160134407 -4226.372273596162 1.5140164389031034e-05 0.004476043294535909 0.13479592899969192
-2.327564905998205 -0.8279059982094904 4.028787672853002 579.1004611110307 590.1022874692226 191.21446723863482 45.50340735708596 3.1991973659251194 3.728426968915879 -1967.2758492196494 0.013416975100113838 21.988064160134407 -4226.372273596162 1.5140164389031034e-05 0.004476043294535909 0.13479592899969192
-2.3324753804834333 -0.824959713518354 4.009838731740511 578.9194385417745 590.4279096252321 161.91849551186897 40.35932581665111 3.1991973659251194 3.728426968915879 -1967.2758492196494 0.013416975100113838 21.988064160134407 -4226.372273596162 1.5140164389031034e-05 0.004476043294535909 0.13479592899969192
-2.337385854968662 -0.8210313339301704 3.99088979062802 578.7810334419755 590.7355998138282 138.26536712411325 36.57855342255789 3.1991973659251194 3.728426968915879 -1967.2758492196494 0.013416975100113838 21.988064160134407 -4226.372273596162 1.5140164389031034e-05 0.004476043294535909 0.13479592899969192
-2.345242614145029 -0.8171029543419891 3.9719408495155286 578.693625103957 591.0289762353859 121.74123457202222 34.45732597919414 3.1991973659251194 3.728426968915879 -1967.2758492196494 0.013416975100113838 21.988064160134407 -4226.372273596162 1.5140164389031034e-05 0.004476043294535909 0.13479592899969192
-2.3511351835272976 -0.8121924798567608 3.9529919084030376 578.6660725847069 591.3122309422597 113.9329920145683 34.31556234875461 3.1991973659251194 3.728426968915879 -1967.2758492196494 0.013416975100113838 21.988064160134407 -4226.372273596162 1.5140164389031034e-05 0.004476043294535909 0.13479592899969192
-2.357027752909575 -0.8092461951656231 3.9340429672905466 578.7077147058994 591.5901298388035 116.52827527723275 36.49686444934923 3.1991973659251194 3.728426968915879 -1967.2758492196494 0.013416975100113838 21.988064160134407 -4226.372273596162 1.5140164389031034e-05 0.004476043294535909 0.13479592899969192
-2.367830796777081 -0.8072820053715325 3.915094026178055 578.8283700538809 591.8680126813506 131.31546184630133 41.368517256807536 3.1991973659251194 3.728426968915879 -1967.2758492196494 0.013416975100113838 21.988064160134407 -4226.372273596162 1.5140164389031034e-05 0.004476043294535909 0.13479592899969192
-2.3786338406445777 -0.8053178155774408 3.896145085065564 579.0383369796668 592.151793078252 160.1836708751507 49.32148880380555 3.1991973659251194 3.728426968915879 -1967.2758492196494 0.013416975100113838 21.988064160134407 -4226.372273596162 1.5140164389031034e-05 0.004476043294535909 0.13479592899969192
-2.3845264100268553 -0.8043357206803948 3.877196143953073 579.3483935989643 592.447958489819 205.12276317947544 60.77043018012773 3.1991973659251194 3.728426968915879 -1967.2758492196494 0.013416975100113838 21.988064160134407 -4226.372273596162 1.5140164389031034e-05 0.004476043294535909 0.13479592899969192
-2.3933652641002623 -0.803353625783349 3.8582472028405816 579.7697977921453 592.7635702283724 268.22334124089684 76.1536755322013 3.1991973659251194 3.728426968915879 -1967.2758492196494 0.013416975100113838 21.988064160134407 -4226.372273596162 1.5140164389031034e-05 0.004476043294535909 0.13479592899969192
-2.4022041181736786 -0.8023715308863031 3.8392982617280906 580.3142872042572 593.1062634582158 351.67674920358695 95.93324206396937 3.1991973659251194 3.728426968915879 -1967.2758492196494 0.013416975100113838 21.988064160134407 -4226.372273596162 1.5140164389031034e-05 0.004476043294535909 0.13479592899969192
-2.4051504028648174 -0.8013894359892573 3.820349320615599 580.9940792450375 593.4842471956517 457.7750728779938 120.5948300359305 3.1991973659251194 3.728426968915879 -1967.2758492196494 0.013416975100113838 21.988064160134407 -4226.372273596162 1.5140164389031034e-05 0.004476043294535909 0.13479592899969192
-2.4080966875559473 -0.8004073410922113 3.801400379503108 581.8218710888796 593.9063043089745 588.9111397364177 150.6478227659536 3.1991973659251194 3.728426968915879 -1967.2758492196494 0.013416975100113838 21.988064160134407 -4226.372273596162 1.5140164389031034e-05 0.004476043294535909 0.13479592899969192
-2.402204118173674 -0.7994252461951654 3.782451438390617 582.8108396748726 594.3817915184591 747.5785189160379 186.625286628725 3.1991973659251194 3.728426968915879 -1967.2758492196494 0.013416975100113838 21.988064160134407 -4226.372273596162 1.5140164389031034e-05 0.004476043294535909 0.13479592899969192
