22 -0.35944673231871443 3.811510295434199 1.556712750972018 0.37908863025961864 2.9364637421665165
-0.35944673231871443 3.811510295434199 1.556712750972018 929.7473742775619 537.1132541485131 651.8754384666681 227.23407089710236 3.366323797257453 3.9142740872018873 -2180.002850807385 0.049838143346406016 23.135043738744855 -5103.720727026227 2.088773820050555e-05 0.004702129423545755 -0.0415340715327162
-0.2946284691137019 3.8095461056401074 1.601090086713679 929.0618294272572 535.2310746535659 656.7430835664272 229.72294545173645 3.366323797257453 3.9142740872018873 -2180.002850807385 0.049838143346406016 23.135043738744855 -5103.720727026227 2.088773820050555e-05 0.004702129423545755 -0.0415340715327162
-0.22588182632050582 3.806599820948971 1.6136272594636174 927.7562512848526 533.4736881442368 662.2335288822651 237.13472479581833 3.366323797257453 3.9142740872018873 -2180.002850807385 0.049838143346406016 23.135043738744855 -5103.720727026227 2.088773820050555e-05 0.004702129423545755 -0.0415340715327162
-0.17088451208594987 3.793832587287378 1.7988989550748353 925.8925495501608 531.8562271930277 668.1833737045527 248.43747383356094 3.366323797257453 3.9142740872018873 -2180.002850807385 0.049838143346406016 23.135043738744855 -5103.720727026227 2.088773820050555e-05 0.004702129423545755 -0.0415340715327162
-0.11490510295434914 3.772226499552373 1.9391452482038773 923.5312817618251 530.3895360045135 674.446075335145 262.681133210659 3.366323797257453 3.9142740872018873 -2180.002850807385 0.049838143346406016 23.135043738744855 -5103.720727026227 2.088773820050555e-05 0.004702129423545755 -0.0415340715327162
-0.06285407341092748 3.7457099373321396 2.0419625911079997 920.7316532377154 529.0801704339683 680.8919485360384 278.9975195527077 3.366323797257453 3.9142740872018873 -2180.002850807385 0.049838143346406016 23.135043738744855 -5103.720727026227 2.088773820050555e-05 0.004702129423545755 -0.0415340715327162
-0.021606087735011624 3.7113366159355397 2.265534602991653 917.5515171196312 527.9303980022669 687.4081660956144 296.6003243327141 3.366323797257453 3.9142740872018873 -2180.002850807385 0.049838143346406016 23.135043738744855 -5103.720727026227 2.088773820050555e-05 0.004702129423545755 -0.0415340715327162
0.01669561324976547 3.674017009847805 2.343208207272213 914.0473743453622 526.9381978362799 693.898758456111 314.78511559963226 3.366323797257453 3.9142740872018873 -2180.002850807385 0.049838143346406016 23.135043738744855 -5103.720727026227 2.088773820050555e-05 0.004702129423545755 -0.0415340715327162
0.047140555058184444 3.6288406445837054 2.5485900917082036 910.2743736505508 526.0972607396543 700.2846138626337 332.9293373823166 3.366323797257453 3.9142740872018873 -2180.002850807385 0.049838143346406016 23.135043738744855 -5103.720727026227 2.088773820050555e-05 0.004702129423545755 -0.0415340715327162
0.06972873769023637 3.5797358997314226 2.710453912870981 906.2863115891814 525.3969891443849 706.5034783482552 350.49230831861496 3.366323797257453 3.9142740872018873 -2180.002850807385 0.049838143346406016 23.135043738744855 -5103.720727026227 2.088773820050555e-05 0.004702129423545755 -0.0415340715327162
0.0883885407341003 3.525720680393914 2.808972962015927 902.1356325168163 524.8224971406162 712.5099555999041 367.01522332429886 3.366323797257453 3.9142740872018873 -2180.002850807385 0.049838143346406016 23.135043738744855 -5103.720727026227 2.088773820050555e-05 0.004702129423545755 -0.0415340715327162
0.11195881826319698 3.4707233661593575 2.73670086730469 897.8734285887331 524.3546104542911 718.2755072414875 382.12115329504013 3.366323797257453 3.9142740872018873 -2180.002850807385 0.049838143346406016 23.135043738744855 -5103.720727026227 2.088773820050555e-05 0.004702129423545755 -0.0415340715327162
0.13160071620411015 3.412779767233663 2.814766000659857 893.549439765513 523.9698664695024 723.7884525954723 395.51504451036453 3.366323797257453 3.9142740872018873 -2180.002850807385 0.049838143346406016 23.135043738744855 -5103.720727026227 2.088773820050555e-05 0.004702129423545755 -0.0415340715327162
0.14731423455684425 3.3568003581020602 2.8679333325076457 889.2120538186282 523.6405142098665 729.0539687275887 406.98371881246567 3.366323797257453 3.9142740872018873 -2180.002850807385 0.049838143346406016 23.135043738744855 -5103.720727026227 2.088773820050555e-05 0.004702129423545755 -0.0415340715327162
0.15909937332139035 3.301803043867504 2.9304993203670744 884.9083063136786 523.334514323622 734.0940904915333 416.3958742618561 3.366323797257453 3.9142740872018873 -2180.002850807385 0.049838143346406016 23.135043738744855 -5103.720727026227 2.088773820050555e-05 0.004702129423545755 -0.0415340715327162
0.1669561324977574 3.2477878245299907 2.9971510752151227 880.6838806308806 523.0155391395092 738.9477105438709 423.7020842432976 3.366323797257453 3.9142740872018873 -2180.002850807385 0.049838143346406016 23.135043738744855 -5103.720727026227 2.088773820050555e-05 0.004702129423545755 -0.0415340715327162
0.17775917636526323 3.197700984780663 2.929160633080979 876.5831079613417 522.6429726071656 743.6705793142319 428.9347979426384 3.366323797257453 3.9142740872018873 -2180.002850807385 0.049838143346406016 23.135043738744855 -5103.720727026227 2.088773820050555e-05 0.004702129423545755 -0.0415340715327162
0.19641897940912714 3.149578334825427 2.7716865861332907 872.648967275396 522.1719103343785 748.3353049308062 432.2083406448364 3.366323797257453 3.9142740872018873 -2180.002850807385 0.049838143346406016 23.135043738744855 -5103.720727026227 2.088773820050555e-05 0.004702129423545755 -0.0415340715327162
0.21507878245299555 3.1024377797672336 2.764683383264969 868.9230853710324 521.5531595647335 753.0313533842564 433.71891206502914 3.366323797257453 3.9142740872018873 -2180.002850807385 0.049838143346406016 23.135043738744855 -5103.720727026227 2.088773820050555e-05 0.004702129423545755 -0.0415340715327162
0.25338048343777264 3.0572614145031345 2.438362012554081 865.4457368459553 520.7332392074168 757.8650483489037 433.74458932876587 3.366323797257453 3.9142740872018873 -2180.002850807385 0.049838143346406016 23.135043738744855 -5103.720727026227 2.088773820050555e-05 0.004702129423545755 -0.0415340715327162
0.29659265890778247 3.0150313339301715 2.344700743477299 862.2558440994471 519.6543797887862 762.9595713317394 432.6453245282173 3.366323797257453 3.9142740872018873 -2180.002850807385 0.049838143346406016 23.135043738744855 -5103.720727026227 2.088773820050555e-05 0.004702129423545755 -0.0415340715327162
0.3358764547896088 2.9737833482542513 2.3805798993650957 859.3909773379564 518.2545235008001 768.4549615830183 430.8629451394081 3.366323797257453 3.9142740872018873 -2180.002850807385 0.049838143346406016 23.135043738744855 -5103.720727026227 2.088773820050555e-05 0.004702129423545755 -0.0415340715327162
0.37908863025961864 2.9364637421665165 2.2831539248892097 855.3048440021812 515.1298435628414 854.7660483270884 494.7441045232117 3.366323797257453 3.9142740872018873 -2180.002850807385 0.049838143346406016 23.135043738744855 -5103.720727026227 2.088773820050555e-05 0.004702129423545755 -0.0415340715327162
0.43015756490599555 2.900126230975829 2.189224321167368 852.382495315338 514.106703442987 819.9646577909589 470.27702006325126 3.3535987244480854 3.913650607993531 -2170.195560709395 0.049909377267028834 23.149215904750225 -5108.547952851753 2.0917593154664183e-05 0.004706173426182536 -0.04276101705896856
0.4772981199641845 2.865752909579231 2.2008302363408387 849.4121828122297 513.19368929544 788.7397168427706 447.99956607073545 3.3535987244480854 3.913650607993531 -2170.195560709395 0.049909377267028834 23.149215904750225 -5108.547952851753 2.0917593154664183e-05 0.004706173426182536 -0.04276101705896856
0.5283670546105569 2.831379588182633 2.1632236802267912 846.3973463326693 512.3858451942215 760.8500664234161 427.7793413102627 3.3535987244480854 3.913650607993531 -2170.195560709395 0.049909377267028834 23.149215904750225 -5108.547952851753 2.0917593154664183e-05 0.004706173426182536 -0.04276101705896856
0.5882748433303456 2.7970062667860347 2.0917061076430867 843.3413659991347 511.67832771281246 736.061639457941 409.4875637963414 3.3535987244480854 3.913650607993531 -2170.195560709395 0.049909377267028834 23.149215904750225 -5108.547952851753 2.0917593154664183e-05 0.004706173426182536 -0.04276101705896856
0.6491647269471746 2.76165085049239 2.096862745791689 840.2475622179918 511.06640592298936 714.1474609524012 392.9990707933903 3.3535987244480854 3.913650607993531 -2170.195560709395 0.049909377267028834 23.149215904750225 -5108.547952851753 2.0917593154664183e-05 0.004706173426182536 -0.04276101705896856
0.6972873769024128 2.7243312444046555 2.2304250694318024 837.1191956789698 510.54546139389277 694.8876478299499 378.1923187933862 3.3535987244480854 3.913650607993531 -2170.195560709395 0.049909377267028834 23.149215904750225 -5108.547952851753 2.0917593154664183e-05 0.004706173426182536 -0.04276101705896856
0.7296965085049169 2.6860295434198735 2.4393357220808385 833.9594673545216 510.1109881945886 678.069409057498 364.94938350468874 3.3535987244480854 3.913650607993531 -2170.195560709395 0.049909377267028834 23.149215904750225 -5108.547952851753 2.0917593154664183e-05 0.004706173426182536 -0.04276101705896856
0.757195165622197 2.648709937332139 2.506565918199443 830.7715185017441 509.7585928910412 663.4870456755161 353.15595987439156 3.3535987244480854 3.913650607993531 -2170.195560709395 0.049909377267028834 23.149215904750225 -5108.547952851753 2.0917593154664183e-05 0.004706173426182536 -0.04276101705896856
0.7768370635631102 2.6084440465532657 2.6877486520682963 827.5584306598175 509.4839945486747 650.9419506564736 342.70136208459735 3.3535987244480854 3.913650607993531 -2170.195560709395 0.049909377267028834 23.149215904750225 -5108.547952851753 2.0917593154664183e-05 0.004706173426182536 -0.04276101705896856
0.7964789615040279 2.5652318710832582 2.7149651604628198 824.3232256523916 509.2830247300444 640.2426090165973 333.4785235747695 3.3535987244480854 3.913650607993531 -2170.195560709395 0.049909377267028834 23.149215904750225 -5108.547952851753 2.0917593154664183e-05 0.004706173426182536 -0.04276101705896856
0.816120859444941 2.5220196956132486 2.714965160462925 821.0688655861304 509.15162749786396 631.2045977413654 325.383996963501 3.3535987244480854 3.913650607993531 -2170.195560709395 0.049909377267028834 23.149215904750225 -5108.547952851753 2.0917593154664183e-05 0.004706173426182536 -0.04276101705896856
0.816120859444941 2.4748791405550596 3.141592653589793 817.7982528510038 509.0858594116289 623.650585912168 318.3179541416466 3.3535987244480854 3.913650607993531 -2170.195560709395 0.049909377267028834 23.149215904750225 -5108.547952851753 2.0917593154664183e-05 0.004706173426182536 -0.04276101705896856
0.8033536257833457 2.4267564905998213 3.400924397990508 814.5142301206361 509.0818895298289 617.4103345796466 312.18418625742197 3.3535987244480854 3.913650607993531 -2170.195560709395 0.049909377267028834 23.149215904750225 -5108.547952851753 2.0917593154664183e-05 0.004706173426182536 -0.04276101705896856
0.7788012533572042 2.3776517457475363 3.605240262590581 811.2195803514333 509.13599940924905 612.320696733892 306.8901036083698 3.3535987244480854 3.913650607993531 -2170.195560709395 0.049909377267028834 23.149215904750225 -5108.547952851753 2.0917593154664183e-05 0.004706173426182536 -0.04276101705896856
0.7454100268576509 2.3265828111011615 3.720666922957532 807.9170267842128 509.24458310520276 608.22561750561 302.34673580899835 3.3535987244480854 3.913650607993531 -2170.195560709395 0.049909377267028834 23.149215904750225 -5108.547952851753 2.0917593154664183e-05 0.004706173426182536 -0.04276101705896856
0.724786034019693 2.277478066248881 3.5392206451119232 804.6092329427483 509.4041471708333 604.9761339202523 298.46873166784644 3.3535987244480854 3.913650607993531 -2170.195560709395 0.049909377267028834 23.149215904750225 -5108.547952851753 2.0917593154664183e-05 0.004706173426182536 -0.04276101705896856
0.7041620411817351 2.2293554162936426 3.546484439874854 801.2988026337116 509.61131065827794 602.4303751215339 295.17435919493437 3.3535987244480854 3.913650607993531 -2170.195560709395 0.049909377267028834 23.149215904750225 -5108.547952851753 2.0917593154664183e-05 0.004706173426182536 -0.04276101705896856
0.6796096687555936 2.18025067144136 3.6052402625905993 797.9882799481857 509.86280511762016 600.453562155366 292.385505720973 3.3535987244480854 3.913650607993531 -2170.195560709395 0.049909377267028834 23.149215904750225 -5108.547952851753 2.0917593154664183e-05 0.004706173426182536 -0.04276101705896856
0.6550572963294522 2.132128021486124 3.6133701647705543 794.6801492599188 510.1554745975882 598.9180081561208 290.02767772972584 3.3535987244480854 3.913650607993531 -2170.195560709395 0.049909377267028834 23.149215904750225 -5108.547952851753 2.0917593154664183e-05 0.004706173426182536 -0.04276101705896856
0.6305049239033063 2.0849874664279326 3.6217676831933985 791.3768352267216 510.48627564532217 597.703118249774 288.030000962317 3.3535987244480854 3.913650607993531 -2170.195560709395 0.049909377267028834 23.149215904750225 -5108.547952851753 2.0917593154664183e-05 0.004706173426182536 -0.04276101705896856
0.5980957923008022 2.0378469113697415 3.743879999724723 788.0807027889532 510.8522773059085 596.6953895241022 286.3252204209566 3.3535987244480854 3.913650607993531 -2170.195560709395 0.049909377267028834 23.149215904750225 -5108.547952851753 2.0917593154664183e-05 0.004706173426182536 -0.04276101705896856
0.5774717994628398 1.9936526410026871 3.578219813403401 784.7940571706858 511.2506611229619 595.7884111702442 284.84970028325915 3.3535987244480854 3.913650607993531 -2170.195560709395 0.049909377267028834 23.149215904750225 -5108.547952851753 2.0917593154664183e-05 0.004706173426182536 -0.04276101705896856
0.5617582811101102 1.94945837063563 3.483208144237566 781.5191438797046 511.6787211386254 594.8828643634915 283.5434239991009 3.3535987244480854 3.913650607993531 -2170.195560709395 0.049909377267028834 23.149215904750225 -5108.547952851753 2.0917593154664183e-05 0.004706173426182536 -0.04276101705896856
0.546044762757385 1.9042820053715308 3.476329490906508 778.2581487074494 512.1338638933375 593.8865221887827 282.34999426454306 3.3535987244480854 3.913650607993531 -2170.195560709395 0.049909377267028834 23.149215904750225 -5108.547952851753 2.0917593154664183e-05 0.004706173426182536 -0.04276101705896856
0.5224744852282883 1.8581235452103821 3.6137146359935617 775.0131977285491 512.6136084259488 592.7142498865724 281.216632951051 3.3535987244480854 3.913650607993531 -2170.195560709395 0.049909377267028834 23.149215904750225 -5108.547952851753 2.0917593154664183e-05 0.004706173426182536 -0.04276101705896856
0.4949758281110081 1.8139292748433287 3.698191971600056 771.786357300065 513.1155862741871 591.2880046069622 280.09418124705553 3.3535987244480854 3.913650607993531 -2170.195560709395 0.049909377267028834 23.149215904750225 -5108.547952851753 2.0917593154664183e-05 0.004706173426182536 -0.04276101705896856
0.4674771709937279 1.7677708146821836 3.6788773678905997 768.5796340635279 513.6375414722133 589.5368355438113 278.9370994903147 3.3535987244480854 3.913650607993531 -2170.195560709395 0.049909377267028834 23.149215904750225 -5108.547952851753 2.0917593154664183e-05 0.004706173426182536 -0.04276101705896856
0.43997851387644765 1.7196481647269453 3.660738767836336 765.3949749440653 514.1773305551615 587.3968839794397 277.70346727222204 3.3535987244480854 3.913650607993531 -2170.195560709395 0.049909377267028834 23.149215904750225 -5108.547952851753 2.0917593154664183e-05 0.004706173426182536 -0.04276101705896856
0.41640823634735097 1.6734897045657988 3.6137146359935812 762.2342671495862 514.7329225544818 584.8113830015063 276.35498347878456 3.3535987244480854 3.913650607993531 -2170.195560709395 0.049909377267028834 23.149215904750225 -5108.547952851753 2.0917593154664183e-05 0.004706173426182536 -0.04276101705896856
0.3889095792300708 1.626349149507608 3.669667102016185 759.09933817212 515.3023990013171 581.7306579500437 274.85696616768837 3.3535987244480854 3.913650607993531 -2170.195560709395 0.049909377267028834 23.149215904750225 -5108.547952851753 2.0917593154664183e-05 0.004706173426182536 -0.04276101705896856
0.361410922112795 1.5792085944494167 3.6696671020161142 755.9919557855465 515.8839539244073 578.1121260225773 273.17835262045264 3.3535987244480854 3.913650607993531 -2170.195560709395 0.049909377267028834 23.149215904750225 -5108.547952851753 2.0917593154664183e-05 0.004706173426182536 -0.04276101705896856
0.33784064458370283 1.5340322291853172 3.622479933785075 752.9138280495536 516.4758938516025 573.920296497643 271.29169937968254 3.3535987244480854 3.913650607993531 -2170.195560709395 0.049909377267028834 23.149215904750225 -5108.547952851753 2.0917593154664183e-05 0.004706173426182536 -0.04276101705896856
0.31819874664278963 1.4888558639212157 3.551719994131273 749.866603304923 517.0766378069529 569.1267705708742 269.1731822192669 3.3535987244480854 3.913650607993531 -2170.195560709395 0.049909377267028834 23.149215904750225 -5108.547952851753 2.0917593154664183e-05 0.004706173426182536 -0.04276101705896856
0.29462846911369295 1.4446615935541622 3.6315499798435473 746.8518701773137 517.6847173164133 563.7102415934205 266.80259615927935 3.3535987244480854 3.913650607993531 -2170.195560709395 0.049909377267028834 23.149215904750225 -5108.547952851753 2.0917593154664183e-05 0.004706173426182536 -0.04276101705896856
0.27891495076096334 1.403413607878244 3.5055716100994148 743.8711575753987 518.2987764013233 557.6564948260784 264.1633554138243 3.3535987244480854 3.913650607993531 -2170.195560709395 0.049909377267028834 23.149215904750225 -5108.547952851753 2.0917593154664183e-05 0.004706173426182536 -0.04276101705896856
0.2592730528200457 1.362165622202327 3.5860118634909863 740.9259346910985 518.9175715834135 550.9584075212479 261.24249344691634 3.3535987244480854 3.913650607993531 -2170.195560709395 0.049909377267028834 23.149215904750225 -5108.547952851753 2.0917593154664183e-05 0.004706173426182536 -0.04276101705896856
0.24355953446732054 1.3248460161145936 3.540115099256106 738.0176110003376 519.5399718806148 543.6159490346909 258.03066297993064 3.3535987244480854 3.913650607993531 -2170.195560709395 0.049909377267028834 23.149215904750225 -5108.547952851753 2.0917593154664183e-05 0.004706173426182536 -0.04276101705896856
0.22784601611459088 1.2885085049239027 3.549741757344846 735.1475362611818 520.1649588118307 535.6361806988716 254.52213594689965 3.3535987244480854 3.913650607993531 -2170.195560709395 0.049909377267028834 23.149215904750225 -5108.547952851753 2.0917593154664183e-05 0.004706173426182536 -0.04276101705896856
0.21213249776185678 1.2511888988361681 3.540115099256299 732.3170005163411 520.7916263911175 527.0332557857037 250.71480349078774 3.3535987244480854 3.913650607993531 -2170.195560709395 0.049909377267028834 23.149215904750225 -5108.547952851753 2.0917593154664183e-05 0.004706173426182536 -0.04276101705896856
0.19641897940912714 1.2138692927484336 3.540115099256197 729.5272340916563 521.4191811350174 517.8284196481109 246.61017602682114 3.3535987244480854 3.913650607993531 -2170.195560709395 0.049909377267028834 23.149215904750225 -5108.547952851753 2.0917593154664183e-05 0.004706173426182536 -0.04276101705896856
0.1885622202327601 1.1785138764547898 3.3602615994637817 726.7794075958664 522.0469420539448 508.0500097051263 242.2133831717074 3.3535987244480854 3.913650607993531 -2170.195560709395 0.049909377267028834 23.149215904750225 -5108.547952851753 2.0917593154664183e-05 0.004706173426182536 -0.04276101705896856
0.176777081468214 1.1411942703670552 3.447471524994605 724.0746319221216 522.6743406609166 497.73345521092415 237.5331738255918 3.3535987244480854 3.913650607993531 -2170.195560709395 0.049909377267028834 23.149215904750225 -5108.547952851753 2.0917593154664183e-05 0.004706173426182536 -0.04276101705896856
0.1649919427036634 1.1048567591763654 3.4552133058065544 721.4139582460048 523.300920963753 486.92127760499716 232.58191603794694 3.3535987244480854 3.913650607993531 -2170.195560709395 0.049909377267028834 23.149215904750225 -5108.547952851753 2.0917593154664183e-05 0.004706173426182536 -0.04276101705896856
0.15713518352729636 1.0685192479856755 3.3545310031692344 718.7983780269278 523.9263394705486 475.66309025883675 227.37559716030955 3.3535987244480854 3.913650607993531 -2170.195560709395 0.049909377267028834 23.149215904750225 -5108.547952851753 2.0917593154664183e-05 0.004706173426182536 -0.04276101705896856
0.14535004476275026 1.031199641897941 3.447471524994605 716.2288230076083 524.5503651876934 464.01559859514236 221.93382377922535 3.3535987244480854 3.913650607993531 -2170.195560709395 0.049909377267028834 23.149215904750225 -5108.547952851753 2.0917593154664183e-05 0.004706173426182536 -0.04276101705896856
0.1374932855863832 0.9938800358102053 3.349088880025038 713.7061652145348 525.1728796195239 452.04259994626045 216.27982166036963 3.3547476526070485 3.9065219116051195 -2172.20335780451 0.0498280628506507 23.125895293317612 -5100.574872005531 2.0883513348973478e-05 0.004699493181831163 -0.04071875783268148
0.12570814682183262 0.9555783348254249 3.4400915851760376 711.2312169567449 525.7938767686719 439.814983792603 210.440435834229 3.3547476526070485 3.9065219116051195 -2172.20335780451 0.0498280628506507 23.125895293317612 -5100.574872005531 2.0883513348973478e-05 0.004699493181831163 -0.04071875783268148
0.11392300805728652 0.9182587287376892 3.4474715249945964 708.804730828153 526.4134631360648 427.4107315093279 204.44613057002425 3.3547476526070485 3.9065219116051195 -2172.20335780451 0.0498280628506507 23.125895293317612 -5100.574872005531 2.0883513348973478e-05 0.004699493181831163 -0.04071875783268148
0.10213786929274486 0.8819212175470016 3.45521330580635 706.4273997047567 527.031857721624 414.91491661965847 198.33098935335875 3.3547476526070485 3.9065219116051195 -2172.20335780451 0.0498280628506507 23.125895293317612 -5100.574872005531 2.0883513348973478e-05 0.004699493181831163 -0.04071875783268148
0.08642435094001523 0.8475478961504036 3.570370681035788 704.0998567460338 527.6493920234498 402.41970444470644 192.13271491974592 3.3547476526070485 3.9065219116051195 -2172.20335780451 0.0498280628506507 23.125895293317612 -5100.574872005531 2.0883513348973478e-05 0.004699493181831163 -0.04071875783268148
0.06678245299910207 0.8141566696508503 3.673316720848587 701.8226753959316 528.2665100375889 390.0243525505066 185.89262922108173 3.3547476526070485 3.9065219116051195 -2172.20335780451 0.0498280628506507 23.125895293317612 -5100.574872005531 2.0883513348973478e-05 0.004699493181831163 -0.04071875783268148
0.04026589077886662 0.7807654431512981 3.812736489025854 699.5963693806552 528.8837682583835 377.83521039783955 179.65567345544696 3.3547476526070485 3.9065219116051195 -2172.20335780451 0.0498280628506507 23.125895293317612 -5100.574872005531 2.0883513348973478e-05 0.004699493181831163 -0.04071875783268148
0.013749328558635641 0.7483563115487908 3.827322164496036 697.4213927105302 529.5018356791697 365.9657194390893 173.47040804475546 3.3547476526070485 3.9065219116051195 -2172.20335780451 0.0498280628506507 23.125895293317612 -5100.574872005531 2.0883513348973478e-05 0.004699493181831163 -0.04071875783268148
-0.02062399283796239 0.7188934646374211 4.003762708257019 695.2981396791292 530.1214937911136 354.5364131703973 167.38901263847947 3.3547476526070485 3.9065219116051195 -2172.20335780451 0.0498280628506507 23.125895293317612 -5100.574872005531 2.0883513348973478e-05 0.004699493181831163 -0.04071875783268148
-0.05794359892569472 0.6894306177260524 4.04409956155409 693.2269448635634 530.7436365839094 343.6749170422554 161.4672861583531 3.3547476526070485 3.9065219116051195 -2172.20335780451 0.0498280628506507 23.125895293317612 -5100.574872005531 2.0883513348973478e-05 0.004699493181831163 -0.04071875783268148
-0.09919158460161503 0.6619319606087722 4.124386376837123 691.2080831240746 531.3692705457797 333.5159486681223 155.76464668661356 3.3547476526070485 3.9065219116051195 -2172.20335780451 0.0498280628506507 23.125895293317612 -5100.574872005531 2.0883513348973478e-05 0.004699493181831163 -0.04071875783268148
-0.1404395702775309 0.6363974932855871 4.158081484183154 689.2417696044431 531.9995146628935 324.20131753385067 150.34413157775998 3.3547476526070485 3.9065219116051195 -2172.20335780451 0.0498280628506507 23.125895293317612 -5100.574872005531 2.0883513348973478e-05 0.004699493181831163 -0.04071875783268148
-0.18168755595345568 0.6138093106535363 4.2113755935811605 687.3281597314635 532.63560042053 315.8799251690507 145.27239745482802 3.3547476526070485 3.9065219116051195 -2172.20335780451 0.0498280628506507 23.125895293317612 -5100.574872005531 2.0883513348973478e-05 0.004699493181831163 -0.04071875783268148
-0.2258818263205103 0.5912211280214866 4.239892044867634 685.4673492162256 533.278871801449 308.7077651619911 140.61972012743354 3.3547476526070485 3.9065219116051195 -2172.20335780451 0.0498280628506507 23.125895293317612 -5100.574872005531 2.0883513348973478e-05 0.004699493181831163 -0.04071875783268148
-0.274004476275744 0.5676508504923911 4.256937909133771 683.659374052484 533.9307852874044 302.84792298823595 136.45999462530017 3.3547476526070485 3.9065219116051195 -2172.20335780451 0.0498280628506507 23.125895293317612 -5100.574872005531 2.0883513348973478e-05 0.004699493181831163 -0.04071875783268148
-0.32114503133393735 0.5440805729632933 4.248741371383865 681.9042105181143 534.5929098589113 298.47057627886534 132.87073527276516 3.3547476526070485 3.9065219116051195 -2172.20335780451 0.0498280628506507 23.125895293317612 -5100.574872005531 2.0883513348973478e-05 0.004699493181831163 -0.04071875783268148
-0.36141092211280845 0.5214923903312446 4.20115826810692 680.2017751735984 535.2669269926846 295.752994582057 129.93307556957006 3.3547476526070485 3.9065219116051195 -2172.20335780451 0.0498280628506507 23.125895293317612 -5100.574872005531 2.0883513348973478e-05 0.004699493181831163 -0.04071875783268148
-0.40167681289167506 0.5008683974932867 4.239032938549738 678.5519248631899 535.9546306665288 294.879539526999 127.73176826909184 3.3547476526070485 3.9065219116051195 -2172.20335780451 0.0498280628506507 23.125895293317612 -5100.574872005531 2.0883513348973478e-05 0.004699493181831163 -0.04071875783268148
-0.43408594449418353 0.4802444046553277 4.145659762861204 676.954456714855 536.6579273546813 296.04166469722986 126.35518534854054 3.3547476526070485 3.9065219116051195 -2172.20335780451 0.0498280628506507 23.125895293317612 -5100.574872005531 2.0883513348973478e-05 0.004699493181831163 -0.04071875783268148
-0.46354879140554883 0.4596204118173687 4.101663015995404 675.4091081391089 537.3788360316539 299.43791569024324 125.89531802758574 3.3547476526070485 3.9065219116051195 -2172.20335780451 0.0498280628506507 23.125895293317612 -5100.574872005531 2.0883513348973478e-05 0.004699493181831163 -0.04071875783268148
-0.48908325872873953 0.43801432408236374 4.010132048875741 673.9155568315764 538.119488168275 305.27393013238907 126.44777676463127 3.3547476526070485 3.9065219116051195 -2172.20335780451 0.0498280628506507 23.125895293317612 -5100.574872005531 2.0883513348973478e-05 0.004699493181831163 -0.04071875783268148
-0.5146177260519257 0.4164082363473577 4.010132048875629 672.4734207690344 538.882127734716 313.7624376863241 128.11179124191403 3.3547476526070485 3.9065219116051195 -2172.20335780451 0.0498280628506507 23.125895293317612 -5100.574872005531 2.0883513348973478e-05 0.004699493181831163 -0.04071875783268148
-0.5362238137869328 0.3948021486123539 3.9269908169873187 671.0822582136607 539.669111199677 325.1232600212097 130.99021036922932 3.3547476526070485 3.9065219116051195 -2172.20335780451 0.0498280628506507 23.125895293317612 -5100.574872005531 2.0883513348973478e-05 0.004699493181831163 -0.04071875783268148
-0.5617582811101236 0.37417815577439484 4.0329751749769045 669.7415677096578 540.4829075295711 339.58331068605185 135.18950230628252 3.3547476526070485 3.9065219116051195 -2172.20335780451 0.0498280628506507 23.125895293317612 -5100.574872005531 2.0883513348973478e-05 0.004699493181831163 -0.04071875783268148
-0.5794359892569472 0.35650044762757344 3.9269908169873045 668.4507880854071 541.3260981898056 357.37659545987844 140.81975441798568 3.3547476526070485 3.9065219116051195 -2172.20335780451 0.0498280628506507 23.125895293317612 -5100.574872005531 2.0883513348973478e-05 0.004699493181831163 -0.04071875783268148
-0.5980957923008111 0.3398048343777979 3.9824893222328828 667.2092984528863 542.2013771444326 378.7442119792104 147.99467334151268 3.3547476526070485 3.9065219116051195 -2172.20335780451 0.0498280628506507 23.125895293317612 -5100.574872005531 2.0883513348973478e-05 0.004699493181831163 -0.04071875783268148
-0.6157735004476304 0.32310922112802015 3.955554474825879 666.0164182063309 543.111550854519 403.9343499019742 156.83158491179347 3.3547476526070485 3.9065219116051195 -2172.20335780451 0.0498280628506507 23.125895293317612 -5100.574872005531 2.0883513348973478e-05 0.004699493181831163 -0.04071875783268148
-0.6403258728737673 0.3064136078782447 4.115212322291946 664.8714070249116 544.0595382811734 433.2022910192609 167.45143417268991 3.3547476526070485 3.9065219116051195 -2172.20335780451 0.0498280628506507 23.125895293317612 -5100.574872005531 2.0883513348973478e-05 0.004699493181831163 -0.04071875783268148
-0.6648782452999087 0.2887358997314233 4.088365927407945 663.7734648699989 545.0483708819374 466.81040896475315 179.97878550365567 3.3547476526070485 3.9065219116051195 -2172.20335780451 0.0498280628506507 23.125895293317612 -5100.574872005531 2.0883513348973478e-05 0.004699493181831163 -0.04071875783268148
-0.6933589973142382 0.2730223813786936 4.20822301890564 662.7217319873744 546.0811926148599 505.028169490397 194.54182241111994 3.3547476526070485 3.9065219116051195 -2172.20335780451 0.0498280628506507 23.125895293317612 -5100.574872005531 2.0883513348973478e-05 0.004699493181831163 -0.04071875783268148
-0.7218397493285587 0.26123724261414527 4.320048836169116 661.7152889050776 547.161259935121 548.1321302652359 211.2723476551473 3.3547476526070485 3.9065219116051195 -2172.20335780451 0.0498280628506507 23.125895293317612 -5100.574872005531 2.0883513348973478e-05 0.004699493181831163 -0.04071875783268148
-0.7532667860340269 0.2504341987466417 4.381292903680589 660.7531564356759 548.291941796313 596.4059411585331 230.30578328296542 3.3547476526070485 3.9065219116051195 -2172.20335780451 0.0498280628506507 23.125895293317612 -5100.574872005531 2.0883513348973478e-05 0.004699493181831163 -0.04071875783268148
-0.7886222023276697 0.24061324977618512 4.441442130046262 659.8342956745764 549.4767196491593 650.1403438299894 251.78117053210735 3.3547476526070485 3.9065219116051195 -2172.20335780451 0.0498280628506507 23.125895293317612 -5100.574872005531 2.0883513348973478e-05 0.004699493181831163 -0.04071875783268148
-0.820049239033129 0.2317743957027733 4.43822152926499 658.9576080002007 550.7191874469863 709.6331720426679 275.841169860214 3.3547476526070485 3.9065219116051195 -2172.20335780451 0.0498280628506507 23.125895293317612 -5100.574872005531 2.0883513348973478e-05 0.004699493181831163 -0.04071875783268148
-0.8583509400179106 0.22391763652640848 4.510067352006402 658.1219350758474 552.023051635595 775.1893516853452 302.6320610009134 3.3547476526070485 3.9065219116051195 -2172.20335780451 0.0498280628506507 23.125895293317612 -5100.574872005531 2.0883513348973478e-05 0.004699493181831163 -0.04071875783268148
-0.8995989256938264 0.21704297224709065 4.547240302970097 657.3260588466073 553.3921311645536 847.1209004148841 332.303742852062 3.3547476526070485 3.9065219116051195 -2172.20335780451 0.0498280628506507 23.125895293317612 -5100.574872005531 2.0883513348973478e-05 0.004699493181831163 -0.04071875783268148
-0.9447752909579258 0.21409668755595412 4.647263817050312 656.5687015416333 554.8303574778838 925.7469281107187 365.0097336433828 3.3547476526070485 3.9065219116051195 -2172.20335780451 0.0498280628506507 23.125895293317612 -5100.574872005531 2.0883513348973478e-05 0.004699493181831163 -0.04071875783268148
