23 -4.1336374216651715 0.629522829006266 2.642245931909663 -3.1731486123545203 -0.68550223813787
-4.1336374216651715 0.629522829006266 2.642245931909663 702.8835713863373 671.5097036361694 426.5421929359436 145.72470664978027 3.157675864051099 3.6737974023748965 -1879.361745841199 0.04335550402969929 21.68040263668173 -4144.502302226187 1.8170789618482583e-05 0.004426318281378019 0.15036740183817782
-4.093371530886296 0.5332775290957907 2.74535330897924 693.7667531967163 667.8429055213928 438.08039474487305 217.0677032470703 3.157675864051099 3.6737974023748965 -1879.361745841199 0.04335550402969929 21.68040263668173 -4144.502302226187 1.8170789618482583e-05 0.004426318281378019 0.15036740183817782
-3.9529319606087694 0.4772981199641889 1.9500964318747318 687.3892230987549 662.4781455993652 445.31962990760803 265.87799644470215 3.157675864051099 3.6737974023748965 -1879.361745841199 0.04335550402969929 21.68040263668173 -4144.502302226187 1.8170789618482583e-05 0.004426318281378019 0.15036740183817782
-3.7810653536257792 0.4439068934646368 1.7626913920637377 683.0167708396912 655.995406627655 449.12543869018555 297.5460033416748 3.157675864051099 3.6737974023748965 -1879.361745841199 0.04335550402969929 21.68040263668173 -4144.502302226187 1.8170789618482583e-05 0.004426318281378019 0.15036740183817782
-3.5954494180841534 0.41739033124440245 1.7126933813990715 679.9943497180939 648.9106781482697 450.2791609764099 316.8044242858887 3.157675864051099 3.6737974023748965 -1879.361745841199 0.04335550402969929 21.68040263668173 -4144.502302226187 1.8170789618482583e-05 0.004426318281378019 0.15036740183817782
-3.4206365264100245 0.40167681289167284 1.6604430431163772 677.7460851669312 641.6759641170502 449.4779415130615 327.72811698913574 3.157675864051099 3.6737974023748965 -1879.361745841199 0.04335550402969929 21.68040263668173 -4144.502302226187 1.8170789618482583e-05 0.004426318281378019 0.15036740183817782
-3.27626857654431 0.3879274843330338 1.6657480331376497 675.775265455246 634.6792781352997 447.3347246646881 333.7341842651367 3.157675864051099 3.6737974023748965 -1879.361745841199 0.04335550402969929 21.68040263668173 -4144.502302226187 1.8170789618482583e-05 0.004426318281378019 0.15036740183817782
-3.1515425246195132 0.36533930170098416 1.749956826005311 673.6643500328064 628.2446448802948 444.3782596588135 337.5819511413574 3.157675864051099 3.6737974023748965 -1879.361745841199 0.04335550402969929 21.68040263668173 -4144.502302226187 1.8170789618482583e-05 0.004426318281378019 0.15036740183817782
-3.036637421665173 0.3309659803043861 1.8614688077081007 671.074964761734 622.6321017742157 441.05309677124023 341.37294578552246 3.157675864051099 3.6737974023748965 -1879.361745841199 0.04335550402969929 21.68040263668173 -4144.502302226187 1.8170789618482583e-05 0.004426318281378019 0.15036740183817782
-2.9040546105640046 0.3005210384959705 1.7965129241890605 667.7479071617126 618.0376963615417 437.71958780288696 346.55095291137695 3.157675864051099 3.6737974023748965 -1879.361745841199 0.04335550402969929 21.68040263668173 -4144.502302226187 1.8170789618482583e-05 0.004426318281378019 0.15036740183817782
-2.7852211280214854 0.26614771709937246 1.8523675117510672 663.5031378269196 614.5934882164001 434.6538894176483 353.9019374847412 3.157675864051099 3.6737974023748965 -1879.361745841199 0.04335550402969929 21.68040263668173 -4144.502302226187 1.8170789618482583e-05 0.004426318281378019 0.15036740183817782
-2.6762085944494136 0.22981020590868376 1.8925468811915234 658.2397856712341 612.3675472736359 432.04795694351196 363.55411529541016 3.157675864051099 3.6737974023748965 -1879.361745841199 0.04335550402969929 21.68040263668173 -4144.502302226187 1.8170789618482583e-05 0.004426318281378019 0.15036740183817782
-2.6811190689346467 0.15909937332139595 3.210925787278064 651.936151266098 611.363954782486 430.00955080986023 374.97790908813477 3.157675864051099 3.6737974023748965 -1879.361745841199 0.04335550402969929 21.68040263668173 -4144.502302226187 1.8170789618482583e-05 0.004426318281378019 0.15036740183817782
-2.719420769919428 0.06972873769024195 3.5464844398748885 644.6496994495392 611.5228047370911 428.5622327327728 386.98594856262207 3.157675864051099 3.6737974023748965 -1879.361745841199 0.04335550402969929 21.68040263668173 -4144.502302226187 1.8170789618482583e-05 0.004426318281378019 0.15036740183817782
-2.776382273948078 -0.026516562220232097 3.6759881303442223 636.5170664787292 612.7201995849609 427.64536809921265 397.73311614990234 3.157675864051099 3.6737974023748965 -1879.361745841199 0.04335550402969929 21.68040263668173 -4144.502302226187 1.8170789618482583e-05 0.004426318281378019 0.15036740183817782
-2.8402184422560457 -0.12276186213070726 3.727236770944322 627.7540519237518 614.768256187439 427.1141219139099 404.7164878845215 3.164431124366511 3.7179939634382286 -1899.3253961033736 0.04341464084010719 21.757427341513726 -4169.368064108048 1.8195574534831112e-05 0.004448520303931198 0.1440282413693118
-2.905036705461054 -0.21606087735004367 3.7487775562923873 618.6556248664856 617.4150989055634 426.73946356773376 404.7753791809082 3.164431124366511 3.7179939634382286 -1899.3253961033736 0.04341464084010719 21.757427341513726 -4169.368064108048 1.8195574534831112e-05 0.004448520303931198 0.1440282413693118
-2.9610161145926592 -0.3005210384959716 3.7269070915694877 609.5959272384644 620.3448686599731 426.20816254615784 394.09130859375 3.164431124366511 3.7179939634382286 -1899.3253961033736 0.04341464084010719 21.757427341513726 -4169.368064108048 1.8195574534831112e-05 0.004448520303931198 0.1440282413693118
-3.0140492390331213 -0.3771244404655325 3.7471373171947344 601.0282597541809 623.1777112483978 425.1227934360504 368.1880073547363 3.164431124366511 3.7179939634382286 -1899.3253961033736 0.04341464084010719 21.757427341513726 -4169.368064108048 1.8195574534831112e-05 0.004448520303931198 0.1440282413693118
-3.056279319606086 -0.4488173679498673 3.6739151648226467 593.4851002693176 625.469789981842 423.0017318725586 321.9314785003662 3.164431124366511 3.7179939634382286 -1899.3253961033736 0.04341464084010719 21.757427341513726 -4169.368064108048 1.8195574534831112e-05 0.004448520303931198 0.1440282413693118
-3.091634735899729 -0.5106893464637422 3.660738767836316 587.5780882835388 626.713273525238 419.2791554927826 249.5299015045166 3.164431124366511 3.7179939634382286 -1899.3253961033736 0.04341464084010719 21.757427341513726 -4169.368064108048 1.8195574534831112e-05 0.004448520303931198 0.1440282413693118
-3.1240438675022375 -0.5735434198746652 3.617661983912571 583.9980325698853 626.336347579956 413.30504417419434 144.5336627960205 3.164431124366511 3.7179939634382286 -1899.3253961033736 0.04341464084010719 21.757427341513726 -4169.368064108048 1.8195574534831112e-05 0.004448520303931198 0.1440282413693118
-3.148596239928379 -0.6324691136974047 3.5363837732895544 583.5149111747742 623.7032039165497 404.34518098831177 -0.16458702087402344 3.164431124366511 3.7179939634382286 -1899.3253961033736 0.04341464084010719 21.757427341513726 -4169.368064108048 1.8195574534831112e-05 0.004448520303931198 0.1440282413693118
-3.1731486123545203 -0.68550223813787 3.52340454152022 566.5609678383917 629.8865074296482 435.9947823435068 398.7297062128782 3.164431124366511 3.7179939634382286 -1899.3253961033736 0.04341464084010719 21.757427341513726 -4169.368064108048 1.8195574534831112e-05 0.004448520303931198 0.1440282413693118
-3.192790510295438 -0.7316606982990164 3.510425309750885 564.8942153733224 630.2501421910711 429.83030374348164 389.435770817101 3.164431124366511 3.7179939634382286 -1899.3253961033736 0.04341464084010719 21.757427341513726 -4169.368064108048 1.8195574534831112e-05 0.004448520303931198 0.1440282413693118
-3.2075219337511185 -0.768980304386752 3.4974460779815506 563.4390710201114 630.5729678105563 425.65102899074554 380.268852211535 3.164431124366511 3.7179939634382286 -1899.3253961033736 0.04341464084010719 21.757427341513726 -4169.368064108048 1.8195574534831112e-05 0.004448520303931198 0.1440282413693118
-3.219307072515669 -0.7994252461951677 3.4844668462122157 562.1802786868066 630.8577616871335 423.3137800693512 371.2547501921654 3.164431124366511 3.7179939634382286 -1899.3253961033736 0.04341464084010719 21.757427341513726 -4169.368064108048 1.8195574534831112e-05 0.004448520303931198 0.1440282413693118
-3.2291280214861255 -0.823977618621308 3.4714876144428812 561.1030850373209 631.1072126934305 422.67862589657307 362.4174316674471 3.164431124366511 3.7179939634382286 -1899.3253961033736 0.04341464084010719 21.757427341513726 -4169.368064108048 1.8195574534831112e-05 0.004448520303931198 0.1440282413693118
-3.2340384959713537 -0.8426374216651753 3.4585083826735468 560.1932394187897 631.3239211598411 423.608882650733 353.77903117984533 3.164431124366511 3.7179939634382286 -1899.3253961033736 0.04341464084010719 21.757427341513726 -4169.368064108048 1.8195574534831112e-05 0.004448520303931198 0.1440282413693118
-3.2389489704565824 -0.8524583706356319 3.445529150904212 559.4369939342141 631.5103988908231 425.971113756299 345.3598504513502 3.164431124366511 3.7179939634382286 -1899.3253961033736 0.04341464084010719 21.757427341513726 -4169.368064108048 1.8195574534831112e-05 0.004448520303931198 0.1440282413693118
-3.2409131602506718 -0.8554046553267696 3.4325499191348774 558.821103380993 631.6690691574477 429.6351298093796 337.1783586367965 3.164431124366511 3.7179939634382286 -1899.3253961033736 0.04341464084010719 21.757427341513726 -4169.368064108048 1.8195574534831112e-05 0.004448520303931198 0.1440282413693118
-3.2409131602506718 -0.8495120859444953 3.4195706873655425 558.332825280726 631.802266696468 434.4739885777235 329.25119227916 3.164431124366511 3.7179939634382286 -1899.3253961033736 0.04341464084010719 21.757427341513726 -4169.368064108048 1.8195574534831112e-05 0.004448520303931198 0.1440282413693118
-3.2409131602506718 -0.8396911369740399 3.406591455596208 557.9599198866636 631.9122377121821 440.3639951348305 321.5931552052498 3.164431124366511 3.7179939634382286 -1899.3253961033736 0.04341464084010719 21.757427341513726 -4169.368064108048 1.8195574534831112e-05 0.004448520303931198 0.1440282413693118
-3.2409131602506718 -0.8298701880035823 3.3936122238268736 557.6906501539052 632.001139878761 447.1847015321255 314.2172186970711 3.164431124366511 3.7179939634382286 -1899.3253961033736 0.04341464084010719 21.757427341513726 -4169.368064108048 1.8195574534831112e-05 0.004448520303931198 0.1440282413693118
-3.2409131602506718 -0.8210313339301715 3.3806329920575386 557.5137817729264 632.0710423332639 454.81890727579594 307.1345213204622 3.164431124366511 3.7179939634382286 -1899.3253961033736 0.04341464084010719 21.757427341513726 -4169.368064108048 1.8195574534831112e-05 0.004448520303931198 0.1440282413693118
-3.2409131602506718 -0.8151387645478985 3.367653760288204 557.4185831528157 632.1239256872796 463.1526589244604 300.3543690443039 3.164431124366511 3.7179939634382286 -1899.3253961033736 0.04341464084010719 21.757427341513726 -4169.368064108048 1.8195574534831112e-05 0.004448520303931198 0.1440282413693118
-3.2409131602506718 -0.8112103849597161 3.3546745285188697 557.3948254045099 632.1616820115596 472.075250223279 293.88423527032137 3.164431124366511 3.7179939634382286 -1899.3253961033736 0.04341464084010719 21.757427341513726 -4169.368064108048 1.8195574534831112e-05 0.004448520303931198 0.1440282413693118
-3.2409131602506718 -0.8082641002685784 3.341695296749535 557.4327823761851 632.1861148513854 481.4792221337557 287.72976060956717 3.164431124366511 3.7179939634382286 -1899.3253961033736 0.04341464084010719 21.757427341513726 -4169.368064108048 1.8195574534831112e-05 0.004448520303931198 0.1440282413693118
-3.2409131602506718 -0.8062999104744878 3.3287160649802003 557.523230643943 632.1989392139949 491.260362893343 281.89475317299366 3.164431124366511 3.7179939634382286 -1899.3253961033736 0.04341464084010719 21.757427341513726 -4169.368064108048 1.8195574534831112e-05 0.004448520303931198 0.1440282413693118
-3.2409131602506718 -0.8053178155774419 3.3157368332108654 557.657449470833 632.201781575568 501.3177078664303 276.3811883479357 3.164431124366511 3.7179939634382286 -1899.3253961033736 0.04341464084010719 21.757427341513726 -4169.368064108048 1.8195574534831112e-05 0.004448520303931198 0.1440282413693118
-3.2409131602506718 -0.8062999104744878 3.302757601441531 557.8272208925337 632.1961798835546 511.55353957414627 271.1892089396715 3.164431124366511 3.7179939634382286 -1899.3253961033736 0.04341464084010719 21.757427341513726 -4169.368064108048 1.8195574534831112e-05 0.004448520303931198 0.1440282413693118
-3.2409131602506718 -0.8072820053715336 3.289778369672196 558.0248295906931 632.1835835487582 521.8733878582716 266.3171251565218 3.164431124366511 3.7179939634382286 -1899.3253961033736 0.04341464084010719 21.757427341513726 -4169.368064108048 1.8195574534831112e-05 0.004448520303931198 0.1440282413693118
-3.2409131602506718 -0.8082641002685795 3.2767991379028616 558.2430630475283 632.1653534490615 532.1860296279192 261.7614144012332 3.164431124366511 3.7179939634382286 -1899.3253961033736 0.04341464084010719 21.757427341513726 -4169.368064108048 1.8195574534831112e-05 0.004448520303931198 0.1440282413693118
-3.2409131602506718 -0.8092461951656253 3.263819906133527 558.4752113912255 632.1427619336173 542.4034890532494 257.5167216286063 3.164431124366511 3.7179939634382286 -1899.3253961033736 0.04341464084010719 21.757427341513726 -4169.368064108048 1.8195574534831112e-05 0.004448520303931198 0.1440282413693118
-3.2409131602506718 -0.8102282900626702 3.250840674364192 558.7150675300509 632.116992814932 552.4410375356674 253.57585906982422 3.164431124366511 3.7179939634382286 -1899.3253961033736 0.04341464084010719 21.757427341513726 -4169.368064108048 1.8195574534831112e-05 0.004448520303931198 0.1440282413693118
-3.2409131602506718 -0.8112103849597161 3.2378614425948578 558.9569270610809 632.0891413749196 562.2171936482191 249.92980636656284 3.164431124366511 3.7179939634382286 -1899.3253961033736 0.04341464084010719 21.757427341513726 -4169.368064108048 1.8195574534831112e-05 0.004448520303931198 0.1440282413693118
-3.2409131602506718 -0.8121924798567619 3.2248822108255233 559.1955883018672 632.0602143630385 571.653723180294 246.56771048158407 3.164431124366511 3.7179939634382286 -1899.3253961033736 0.04341464084010719 21.757427341513726 -4169.368064108048 1.8195574534831112e-05 0.004448520303931198 0.1440282413693118
-3.2409131602506718 -0.8131745747538067 3.2119029790561884 559.4263522960246 632.031129995361 580.6756389439106 243.4768856614828 3.164431124366511 3.7179939634382286 -1899.3253961033736 0.04341464084010719 21.757427341513726 -4169.368064108048 1.8195574534831112e-05 0.004448520303931198 0.1440282413693118
-3.2409131602506718 -0.8141566696508525 3.198923747286854 559.6450228113681 632.0027179569006 589.2112011909485 240.6428137421608 3.164431124366511 3.7179939634382286 -1899.3253961033736 0.04341464084010719 21.757427341513726 -4169.368064108048 1.8195574534831112e-05 0.004448520303931198 0.1440282413693118
-3.2409131602506718 -0.8151387645478985 3.185944515517519 559.8479063287377 631.9757193988189 597.1919173300266 238.04914370924234 3.164431124366511 3.7179939634382286 -1899.3253961033736 0.04341464084010719 21.757427341513726 -4169.368064108048 1.8195574534831112e-05 0.004448520303931198 0.1440282413693118
-3.2409131602506718 -0.8141566696508525 3.1729652837481845 560.0318120401353 631.9507869388908 604.5525417774916 235.67769197374582 3.164431124366511 3.7179939634382286 -1899.3253961033736 0.04341464084010719 21.757427341513726 -4169.368064108048 1.8195574534831112e-05 0.004448520303931198 0.1440282413693118
-3.2409131602506718 -0.8131745747538067 3.15998605197885 560.1940518822521 631.9284846647643 611.2310764044523 233.5084424689412 3.164431124366511 3.7179939634382286 -1899.3253961033736 0.04341464084010719 21.757427341513726 -4169.368064108048 1.8195574534831112e-05 0.004448520303931198 0.1440282413693118
-3.2409131602506718 -0.8121924798567608 3.147006820209515 560.3324404805899 631.909288127441 617.1687701046467 231.51954618096352 3.164431124366511 3.7179939634382286 -1899.3253961033736 0.04341464084010719 21.757427341513726 -4169.368064108048 1.8195574534831112e-05 0.004448520303931198 0.1440282413693118
-3.2409131602506718 -0.8112103849597149 3.1340275884401807 560.445295214653 631.8935843510553 622.3101190626621 229.68732173740864 3.164431124366511 3.7179939634382286 -1899.3253961033736 0.04341464084010719 21.757427341513726 -4169.368064108048 1.8195574534831112e-05 0.004448520303931198 0.1440282413693118
-3.2409131602506718 -0.8102282900626702 3.121048356670846 560.5314361546189 631.8816718221642 626.6028665155172 227.98625498265028 3.164431124366511 3.7179939634382286 -1899.3253961033736 0.04341464084010719 21.757427341513726 -4169.368064108048 1.8195574534831112e-05 0.004448520303931198 0.1440282413693118
-3.2409131602506718 -0.8092461951656242 3.1080691249015113 560.5901861023158 631.8737604971975 629.9980031102896 226.38899917900562 3.164431124366511 3.7179939634382286 -1899.3253961033736 0.04341464084010719 21.757427341513726 -4169.368064108048 1.8195574534831112e-05 0.004448520303931198 0.1440282413693118
-3.2418952551477163 -0.8102282900626702 3.095089893132177 560.62137058191 631.8699718001299 632.4497666209936 224.866374976933 3.164431124366511 3.7179939634382286 -1899.3253961033736 0.04341464084010719 21.757427341513726 -4169.368064108048 1.8195574534831112e-05 0.004448520303931198 0.1440282413693118
-3.242877350044761 -0.8112103849597149 3.082110661362842 560.6253178287297 631.870338622015 633.9156418442726 223.38737027347088 3.164431124366511 3.7179939634382286 -1899.3253961033736 0.04341464084010719 21.757427341513726 -4169.368064108048 1.8195574534831112e-05 0.004448520303931198 0.1440282413693118
-3.243859444941806 -0.8121924798567597 3.0691314295935075 560.602858806029 631.8748053200543 634.3563609719276 221.91914048790932 3.164431124366511 3.7179939634382286 -1899.3253961033736 0.04341464084010719 21.757427341513726 -4169.368064108048 1.8195574534831112e-05 0.004448520303931198 0.1440282413693118
-3.2448415398388506 -0.8131745747538045 3.0561521978241726 560.5553272049874 631.8832277194597 633.7359033375978 220.4270083233714 3.164431124366511 3.7179939634382286 -1899.3253961033736 0.04341464084010719 21.757427341513726 -4169.368064108048 1.8195574534831112e-05 0.004448520303931198 0.1440282413693118
-3.2458236347359 -0.8151387645478962 3.043172966054838 560.4845594093204 631.8953731157817 632.0214955210686 218.87446381151676 3.157675128545204 3.684114260589725 -1884.78852949842 0.043355498245652976 21.68053461535271 -4144.573703179277 1.8170787194322355e-05 0.00442637486969289 0.15033696069079552
-3.246805729632945 -0.8171029543419869 3.030193734285503 560.3928945492953 631.9109202693217 629.1836112439632 217.22316444665194 3.157675128545204 3.684114260589725 -1884.78852949842 0.043355498245652976 21.68053461535271 -4144.573703179277 1.8170787194322355e-05 0.00442637486969289 0.15033696069079552
-3.247787824529994 -0.8190671441360786 3.0172145025161687 560.2831744588912 631.9294594051316 625.1959713697433 215.4329349398613 3.157675128545204 3.684114260589725 -1884.78852949842 0.043355498245652976 21.68053461535271 -4144.573703179277 1.8170787194322355e-05 0.00442637486969289 0.15033696069079552
-3.2487699194270387 -0.8210313339301704 3.0042352707468343 560.1587437056005 631.9504922209308 620.0355440676212 213.46176754683256 3.157675128545204 3.684114260589725 -1884.78852949842 0.043355498245652976 21.68053461535271 -4144.573703179277 1.8170787194322355e-05 0.00442637486969289 0.15033696069079552
-3.2497520143240837 -0.822995523724261 2.9912560389774994 560.02344956249 631.9734318791889 613.6825446784496 211.2658217549324 3.157675128545204 3.684114260589725 -1884.78852949842 0.043355498245652976 21.68053461535271 -4144.573703179277 1.8170787194322355e-05 0.00442637486969289 0.15033696069079552
-3.250734109221128 -0.8249597135183528 2.978276807208165 559.8816420268267 631.9976030103862 606.1204356849194 208.7994244620204 3.157675128545204 3.684114260589725 -1884.78852949842 0.043355498245652976 21.68053461535271 -4144.573703179277 1.8170787194322355e-05 0.00442637486969289 0.15033696069079552
-3.250734109221128 -0.8249597135183528 2.9652975754388304 559.7381738293916 632.0222417116165 597.3359267711639 206.01506993174553 3.157675128545204 3.684114260589725 -1884.78852949842 0.043355498245652976 21.68053461535271 -4144.573703179277 1.8170787194322355e-05 0.00442637486969289 0.15033696069079552
-3.250734109221128 -0.8249597135183528 2.9523183436694955 559.5984004009515 632.0464955489151 587.3189749270678 202.86341974884272 3.157675128545204 3.684114260589725 -1884.78852949842 0.043355498245652976 21.68053461535271 -4144.573703179277 1.8170787194322355e-05 0.00442637486969289 0.15033696069079552
-3.250734109221128 -0.8249597135183528 2.939339111900161 559.4681799076498 632.0694235549308 576.0627841949463 199.29330296814442 3.157675128545204 3.684114260589725 -1884.78852949842 0.043355498245652976 21.68053461535271 -4144.573703179277 1.8170787194322355e-05 0.00442637486969289 0.15033696069079552
-3.250734109221128 -0.8249597135183528 2.926359880130826 559.3538732137531 632.0899962293915 563.5638059526682 195.25171590596437 3.157675128545204 3.684114260589725 -1884.78852949842 0.043355498245652976 21.68053461535271 -4144.573703179277 1.8170787194322355e-05 0.00442637486969289 0.15033696069079552
-3.250734109221128 -0.8249597135183528 2.9133806483614917 559.2623439356685 632.1070955391042 549.8217386305332 190.68382222950459 3.157675128545204 3.684114260589725 -1884.78852949842 0.043355498245652976 21.68053461535271 -4144.573703179277 1.8170787194322355e-05 0.00442637486969289 0.15033696069079552
-3.250734109221128 -0.8249597135183528 2.900401416592157 559.200958378613 632.1195149193518 534.839528053999 185.53295313566923 3.157675128545204 3.684114260589725 -1884.78852949842 0.043355498245652976 21.68053461535271 -4144.573703179277 1.8170787194322355e-05 0.00442637486969289 0.15033696069079552
-3.250734109221128 -0.8249597135183528 2.8874221848228223 559.1775855924934 632.1259592734277 518.6233669370413 179.7406069561839 3.157675128545204 3.684114260589725 -1884.78852949842 0.043355498245652976 21.68053461535271 -4144.573703179277 1.8170787194322355e-05 0.00442637486969289 0.15033696069079552
-3.250734109221128 -0.8249597135183528 2.874442953053488 559.2005973216146 632.1250449698418 501.1826955676079 173.2464495152235 3.157675128545204 3.684114260589725 -1884.78852949842 0.043355498245652976 21.68053461535271 -4144.573703179277 1.8170787194322355e-05 0.00442637486969289 0.15033696069079552
-3.250734109221128 -0.8249597135183528 2.861463721284153 559.278868060559 632.115299848374 482.5302012115717 165.98831403255463 3.157675128545204 3.684114260589725 -1884.78852949842 0.043355498245652976 21.68053461535271 -4144.573703179277 1.8170787194322355e-05 0.00442637486969289 0.15033696069079552
-3.250734109221128 -0.8249597135183528 2.8484844895148185 559.4217749964446 632.0951632088982 462.6818182915449 157.90220095962286 3.157675128545204 3.684114260589725 -1884.78852949842 0.043355498245652976 21.68053461535271 -4144.573703179277 1.8170787194322355e-05 0.00442637486969289 0.15033696069079552
-3.250734109221128 -0.8249597135183528 2.835505257745484 559.6391980499029 632.062985827215 441.65672858059406 148.92227832227945 3.157675128545204 3.684114260589725 -1884.78852949842 0.043355498245652976 21.68053461535271 -4144.573703179277 1.8170787194322355e-05 0.00442637486969289 0.15033696069079552
-3.250734109221128 -0.8249597135183528 2.822526025976149 559.9415198583156 632.017029941082 419.47736087441444 138.98088129609823 3.157675128545204 3.684114260589725 -1884.78852949842 0.043355498245652976 21.68053461535271 -4144.573703179277 1.8170787194322355e-05 0.00442637486969289 0.15033696069079552
-3.250734109221128 -0.8249597135183528 2.8095467942068146 560.3396257832646 631.9554692595266 396.169391348958 128.00851250439882 3.157675128545204 3.684114260589725 -1884.78852949842 0.043355498245652976 21.68053461535271 -4144.573703179277 1.8170787194322355e-05 0.00442637486969289 0.15033696069079552
-3.250734109221128 -0.8249597135183528 2.79656756243748 560.8449038900435 631.876388953533 371.7617433220148 115.93384198844433 3.157675128545204 3.684114260589725 -1884.78852949842 0.043355498245652976 21.68053461535271 -4144.573703179277 1.8170787194322355e-05 0.00442637486969289 0.15033696069079552
-3.250734109221128 -0.8249597135183528 2.7835883306681453 561.4692449849099 631.7777856676839 346.2865871191025 102.6837070658803 3.157675128545204 3.684114260589725 -1884.78852949842 0.043355498245652976 21.68053461535271 -4144.573703179277 1.8170787194322355e-05 0.00442637486969289 0.15033696069079552
-3.250734109221128 -0.8249597135183528 2.770609098898811 562.2250425871462 631.6575675117783 319.77934062480927 88.1831124573946 3.157675128545204 3.684114260589725 -1884.78852949842 0.043355498245652976 21.68053461535271 -4144.573703179277 1.8170787194322355e-05 0.00442637486969289 0.15033696069079552
