22 -2.3982757385855042 -1.4181450313339312 1.9684243183170622 -1.595904207699199 -2.3373858549686664
-2.3982757385855042 -1.4181450313339312 1.9684243183170622 508.9125878736377 590.347208680585 567.9033327698708 259.6166248321533 3.1380207070504675 3.667414343312977 -1848.5364808591455 -2.2280300808299503e-15 21.733493886978266 -4054.301512008438 -8.270477984522486e-19 0.0044239015240531785 0.17473781568588123
-2.351135183527311 -1.4377869292748444 1.9655874464946448 507.7497646510601 589.0840014480054 559.5753821134567 269.437970161438 3.1380207070504675 3.667414343312977 -1848.5364808591455 -2.2280300808299503e-15 21.733493886978266 -4054.301512008438 -8.270477984522486e-19 0.0044239015240531785 0.17473781568588123
-2.301048343777983 -1.460375111906894 1.994465248672412 506.3573220819235 587.582533352077 550.4974006414413 283.64870595932007 3.1380207070504675 3.667414343312977 -1848.5364808591455 -2.2280300808299503e-15 21.733493886978266 -4054.301512008438 -8.270477984522486e-19 0.0044239015240531785 0.17473781568588123
-2.2529256938227493 -1.4829632945389448 2.0096556257584433 504.721572317183 585.8761511202902 540.8667526245117 300.6718921661377 3.1380207070504675 3.667414343312977 -1848.5364808591455 -2.2280300808299503e-15 21.733493886978266 -4054.301512008438 -8.270477984522486e-19 0.0044239015240531785 0.17473781568588123
-2.204803043867507 -1.5075156669650862 2.0425738379756018 502.8324268385768 583.9991445019841 530.8540311455727 319.13156175613403 3.1380207070504675 3.667414343312977 -1848.5364808591455 -2.2280300808299503e-15 21.733493886978266 -4054.301512008438 -8.270477984522486e-19 0.0044239015240531785 0.17473781568588123
-2.1566803939122687 -1.5330501342882736 2.058632765454535 500.6833965405822 581.9867461826652 520.6030567884445 337.8527293205261 3.1380207070504675 3.667414343312977 -1848.5364808591455 -2.2280300808299503e-15 21.733493886978266 -4054.301512008438 -8.270477984522486e-19 0.0044239015240531785 0.17473781568588123
-2.1085577439570304 -1.5605487914055505 2.089942441041387 498.27159176021814 579.8751318957657 510.2308773994446 355.8613791465759 3.1380207070504675 3.667414343312977 -1848.5364808591455 -2.2280300808299503e-15 21.733493886978266 -4054.301512008438 -8.270477984522486e-19 0.0044239015240531785 0.17473781568588123
-2.044721575649067 -1.5959042076991956 2.0765876423893457 495.59772220999 577.7014202978462 499.8277698755264 372.3844804763794 3.1380207070504675 3.667414343312977 -1848.5364808591455 -2.2280300808299503e-15 21.733493886978266 -4054.301512008438 -8.270477984522486e-19 0.0044239015240531785 0.17473781568588123
-1.9749928379588264 -1.6361700984780665 2.094480987791136 492.6660970002413 575.5036730822176 489.4572367668152 386.8499755859375 3.1380207070504675 3.667414343312977 -1848.5364808591455 -2.2280300808299503e-15 21.733493886978266 -4054.301512008438 -8.270477984522486e-19 0.0044239015240531785 0.17473781568588123
-1.9052641002685857 -1.6803643688451213 2.135700728825679 489.4846246689558 573.3208949174732 479.1560105085373 398.8867783546448 3.1380207070504675 3.667414343312977 -1848.5364808591455 -2.2280300808299503e-15 21.733493886978266 -4054.301512008438 -8.270477984522486e-19 0.0044239015240531785 0.17473781568588123
-1.8325890778872016 -1.7294691136974052 2.165010030595307 486.06481316685677 571.1930334549397 468.93405026197433 408.32478618621826 3.1380207070504675 3.667414343312977 -1848.5364808591455 -2.2280300808299503e-15 21.733493886978266 -4054.301512008438 -8.270477984522486e-19 0.0044239015240531785 0.17473781568588123
-1.7658066248880995 -1.7805380483437798 2.2236429578956947 482.4217699095607 569.1609793268144 458.77454310655594 415.1948699951172 3.1380207070504675 3.667414343312977 -1848.5364808591455 -2.2280300808299503e-15 21.733493886978266 -4054.301512008438 -8.270477984522486e-19 0.0044239015240531785 0.17473781568588123
-1.712773500447633 -1.8316069829901536 2.3373288041706592 478.5742015838623 567.2665661443025 448.6339038014412 419.7288775444031 3.1380207070504675 3.667414343312977 -1848.5364808591455 -2.2280300808299503e-15 21.733493886978266 -4054.301512008438 -8.270477984522486e-19 0.0044239015240531785 0.17473781568588123
-1.6715255147717172 -1.8807117278424363 2.442932828868351 474.5444143638015 565.5525705777109 438.4417750239372 422.3596329689026 3.1380207070504675 3.667414343312977 -1848.5364808591455 -2.2280300808299503e-15 21.733493886978266 -4054.301512008438 -8.270477984522486e-19 0.0044239015240531785 0.17473781568588123
-1.6391163831692086 -1.9288343777976733 2.548895248854703 470.3583138510585 564.062712173909 428.1010271906853 423.7209358215332 3.1380207070504675 3.667414343312977 -1848.5364808591455 -2.2280300808299503e-15 21.733493886978266 -4054.301512008438 -8.270477984522486e-19 0.0044239015240531785 0.17473781568588123
-1.6067072515667047 -1.978921217547001 2.567287823415121 466.0454050078988 562.8416535593569 417.4877585172653 424.64756441116333 3.1380207070504675 3.667414343312977 -1848.5364808591455 -2.2280300808299503e-15 21.733493886978266 -4054.301512008438 -8.270477984522486e-19 0.0044239015240531785 0.17473781568588123
-1.574298119964196 -2.0319543419874675 2.5930432511392483 461.63879226893187 561.9350002780557 406.4512948989868 426.17527294158936 3.1380207070504675 3.667414343312977 -1848.5364808591455 -2.2280300808299503e-15 21.733493886978266 -4054.301512008438 -8.270477984522486e-19 0.0044239015240531785 0.17473781568588123
-1.5536741271262382 -2.0869516562220247 2.7828219833192365 457.1751793473959 561.3893009386957 394.81419003009796 429.5407876968384 3.1380207070504675 3.667414343312977 -1848.5364808591455 -2.2280300808299503e-15 21.733493886978266 -4054.301512008438 -8.270477984522486e-19 0.0044239015240531785 0.17473781568588123
-1.5477815577439606 -2.1409668755595357 3.03293143774914 452.69486959278584 561.2520470637828 382.372225522995 436.1818222999573 3.1380207070504675 3.667414343312977 -1848.5364808591455 -2.2280300808299503e-15 21.733493886978266 -4054.301512008438 -8.270477984522486e-19 0.0044239015240531785 0.17473781568588123
-1.5546562220232785 -2.1920358102059105 3.3129717799793164 448.24176548421383 561.5716732181609 368.8944103717804 447.73705530166626 3.1380207070504675 3.667414343312977 -1848.5364808591455 -2.2280300808299503e-15 21.733493886978266 -4054.301512008438 -8.270477984522486e-19 0.0044239015240531785 0.17473781568588123
-1.5703697403760082 -2.2401584601611475 3.4936369679052444 443.863369114697 562.3975569177419 354.1229816675186 466.046142578125 3.1380207070504675 3.667414343312977 -1848.5364808591455 -2.2280300808299503e-15 21.733493886978266 -4054.301512008438 -8.270477984522486e-19 0.0044239015240531785 0.17473781568588123
-1.5831369740375991 -2.2882811101163845 3.438656865930837 439.6107818707824 563.780018677935 337.77340453863144 493.1497278213501 3.1380207070504675 3.667414343312977 -1848.5364808591455 -2.2280300808299503e-15 21.733493886978266 -4054.301512008438 -8.270477984522486e-19 0.0044239015240531785 0.17473781568588123
-1.595904207699199 -2.3373858549686664 3.4330494480677496 433.85213276417926 561.099307173863 173.22831653803587 355.96894435957074 3.1380207070504675 3.667414343312977 -1848.5364808591455 -2.2280300808299503e-15 21.733493886978266 -4054.301512008438 -8.270477984522486e-19 0.0044239015240531785 0.17473781568588123
-1.6086714413607852 -2.3884547896150408 3.4224303782109127 429.6909297541715 563.2445538677275 201.387735132128 353.47588957101107 3.113362394503506 3.654693740754047 -1832.4117158351523 -0.04357659302259634 21.595158379849387 -3982.4146281164317 -1.8263450554315314e-05 0.0043961210087546596 0.1927874405146172
-1.6243849597135194 -2.437559534467324 3.487148234171537 425.5130470157601 565.1146183181554 228.70782931149006 351.44743356108665 3.113362394503506 3.654693740754047 -1832.4117158351523 -0.04357659302259634 21.595158379849387 -3982.4146281164317 -1.8263450554315314e-05 0.0043961210087546596 0.1927874405146172
-1.6430447627573788 -2.4866642793196068 3.5392206451118295 421.32288945140317 566.7256724983454 255.21253323554993 349.8412982672453 3.113362394503506 3.654693740754047 -1832.4117158351523 -0.04357659302259634 21.595158379849387 -3982.4146281164317 -1.8263450554315314e-05 0.0043961210087546596 0.1927874405146172
-1.6705434198746592 -2.534786929274845 3.690967138361336 417.12467428902164 568.0934593230486 280.92460783571005 348.61655911803246 3.113362394503506 3.654693740754047 -1832.4117158351523 -0.04357659302259634 21.595158379849387 -3982.4146281164317 -1.8263450554315314e-05 0.0043961210087546596 0.1927874405146172
-1.7039346463742169 -2.5779991047448534 3.8273221644961315 412.92243106802925 569.2332927472889 305.8656408302486 347.73364486917853 3.113362394503506 3.654693740754047 -1832.4117158351523 -0.04357659302259634 21.595158379849387 -3982.4146281164317 -1.8263450554315314e-05 0.0043961210087546596 0.1927874405146172
-1.7314333034914926 -2.6182649955237247 3.773283287928773 408.72000165004283 570.1600576937199 330.05604677274823 347.15433775261045 3.113362394503506 3.654693740754047 -1832.4117158351523 -0.04357659302259634 21.595158379849387 -3982.4146281164317 -1.8263450554315314e-05 0.0043961210087546596 0.1927874405146172
-1.7550035810205893 -2.659512981199644 3.660738767836316 404.5210402230732 570.8882101010531 353.5150669924915 346.84177339076996 3.113362394503506 3.654693740754047 -1832.4117158351523 -0.04357659302259634 21.595158379849387 -3982.4146281164317 -1.8263450554315314e-05 0.0043961210087546596 0.1927874405146172
-1.7756275738585472 -2.7017430617726066 3.595894740283096 400.3290132805705 571.4317769091576 376.26076962053776 346.7604408711195 3.113362394503506 3.654693740754047 -1832.4117158351523 -0.04357659302259634 21.595158379849387 -3982.4146281164317 -1.8263450554315314e-05 0.0043961210087546596 0.1927874405146172
-1.7991978513876439 -2.7439731423455695 3.6506635420121967 396.1471996428445 571.8043560422957 398.31004958227277 346.876182641834 3.113362394503506 3.654693740754047 -1832.4117158351523 -0.04357659302259634 21.595158379849387 -3982.4146281164317 -1.8263450554315314e-05 0.0043961210087546596 0.1927874405146172
-1.8168755595344674 -2.7852211280214876 3.546484439874909 391.9786904542707 572.019116429612 419.6786285787821 347.1561945863068 3.113362394503506 3.654693740754047 -1832.4117158351523 -0.04357659302259634 21.595158379849387 -3982.4146281164317 -1.8263450554315314e-05 0.0043961210087546596 0.1927874405146172
-1.8286606982990137 -2.8274512085944505 3.413738544120944 387.8263891679235 572.0887979958206 440.3810551613569 347.5690260231495 3.113362394503506 3.654693740754047 -1832.4117158351523 -0.04357659302259634 21.595158379849387 -3982.4146281164317 -1.8263450554315314e-05 0.0043961210087546596 0.1927874405146172
-1.834553267681291 -2.8745917636526417 3.2659476481366303 383.69301155768335 572.0257116742432 460.43070462718606 348.0845796763897 3.113362394503506 3.654693740754047 -1832.4117158351523 -0.04357659302259634 21.595158379849387 -3982.4146281164317 -1.8263450554315314e-05 0.0043961210087546596 0.1927874405146172
-1.8374995523724298 -2.920750223813788 3.205335966122518 379.58108572661877 571.8417393881828 479.83977910131216 348.6741116642952 3.113362394503506 3.654693740754047 -1832.4117158351523 -0.04357659302259634 21.595158379849387 -3982.4146281164317 -1.8263450554315314e-05 0.0043961210087546596 0.1927874405146172
-1.831606982990157 -2.9678907788719804 3.0172376590430523 375.49295208603144 571.5483340527862 498.6193074695766 349.310231577605 3.113362394503506 3.654693740754047 -1832.4117158351523 -0.04357659302259634 21.595158379849387 -3982.4146281164317 -1.8263450554315314e-05 0.0043961210087546596 0.1927874405146172
-1.8227681289167361 -3.0150313339301715 2.9562447035938955 371.4307633684948 571.156519593671 516.7791454456747 349.9669023938477 3.113362394503506 3.654693740754047 -1832.4117158351523 -0.04357659302259634 21.595158379849387 -3982.4146281164317 -1.8263450554315314e-05 0.0043961210087546596 0.1927874405146172
-1.8080367054610555 -3.0641360787824543 2.8501358591120094 367.396484633442 570.6768909301609 534.3279755450785 350.6194404773414 3.113362394503506 3.654693740754047 -1832.4117158351523 -0.04357659302259634 21.595158379849387 -3982.4146281164317 -1.8263450554315314e-05 0.0043961210087546596 0.1927874405146172
-1.7874127126230932 -3.114222918531782 2.750985609892039 363.3918932462111 570.1196139808744 551.2733070701361 351.24451565369964 3.113362394503506 3.654693740754047 -1832.4117158351523 -0.04357659302259634 21.595158379849387 -3982.4146281164317 -1.8263450554315314e-05 0.0043961210087546596 0.1927874405146172
-1.7638424350939965 -3.1643097582811115 2.7017500707740485 359.4185789078474 569.4944256581366 567.6214760877192 351.8201511837542 3.113362394503506 3.654693740754047 -1832.4117158351523 -0.04357659302259634 21.595158379849387 -3982.4146281164317 -1.8263450554315314e-05 0.0043961210087546596 0.1927874405146172
-1.7373258728737702 -3.2163607878245313 2.6704263892767797 355.47794361878186 568.8106338828802 583.3776455260813 352.3257236778736 3.113362394503506 3.654693740754047 -1832.4117158351523 -0.04357659302259634 21.595158379849387 -3982.4146281164317 -1.8263450554315314e-05 0.0043961210087546596 0.1927874405146172
-1.7108093106535347 -3.2693939122649978 2.677945044588953 351.5712017137557 568.0771175473928 598.5458050407469 352.74196323752403 3.113362394503506 3.654693740754047 -1832.4117158351523 -0.04357659302259634 21.595158379849387 -3982.4146281164317 -1.8263450554315314e-05 0.0043961210087546596 0.1927874405146172
-1.6842927484332992 -3.322427036705463 2.6779450445889452 347.69937984412536 567.3023265879601 613.1287711523473 353.050953309983 3.113362394503506 3.654693740754047 -1832.4117158351523 -0.04357659302259634 21.595158379849387 -3982.4146281164317 -1.8263450554315314e-05 0.0043961210087546596 0.1927874405146172
-1.6577761862130682 -3.373495971351837 2.6626790550422292 343.8633169773966 566.4942819047719 627.1281871311367 353.2361308224499 3.113362394503506 3.654693740754047 -1832.4117158351523 -0.04357659302259634 21.595158379849387 -3982.4146281164317 -1.8263450554315314e-05 0.0043961210087546596 0.1927874405146172
-1.6273312444046537 -3.4235828111011655 2.5954260901560207 340.06366439769045 565.6605753935874 640.5445230491459 353.2822860740125 3.113362394503506 3.654693740754047 -1832.4117158351523 -0.04357659302259634 21.595158379849387 -3982.4146281164317 -1.8263450554315314e-05 0.0043961210087546596 0.1927874405146172
-1.5968863025962348 -3.471705461056402 2.5775089325400757 336.30088570993394 564.8083699699491 653.3770757764578 353.17556281015277 3.113362394503506 3.654693740754047 -1832.4117158351523 -0.04357659302259634 21.595158379849387 -3982.4146281164317 -1.8263450554315314e-05 0.0043961210087546596 0.1927874405146172
-1.5664413607878247 -3.5188460161145936 2.5681521274350456 332.5752568477765 563.9443995468318 665.6239689961076 352.90345822274685 3.113362394503506 3.654693740754047 -1832.4117158351523 -0.04357659302259634 21.595158379849387 -3982.4146281164317 -1.8263450554315314e-05 0.0043961210087546596 0.1927874405146172
-1.5359964189794058 -3.5650044762757394 2.558516118570594 328.886866052635 563.0749690104276 677.2821532003582 352.4548228122294 3.113362394503506 3.654693740754047 -1832.4117158351523 -0.04357659302259634 21.595158379849387 -3982.4146281164317 -1.8263450554315314e-05 0.0043961210087546596 0.1927874405146172
-1.50849776186213 -3.6091987466427944 2.58499333557962 325.23561388859525 562.2059542611241 688.3474056348205 351.81986063718796 3.113362394503506 3.654693740754047 -1832.4117158351523 -0.04357659302259634 21.595158379849387 -3982.4146281164317 -1.8263450554315314e-05 0.0043961210087546596 0.1927874405146172
-1.4809991047448496 -3.6543751119068952 2.594803812700519 321.6212132326327 561.3428022097796 698.8143303543329 350.990129083395 3.113362394503506 3.654693740754047 -1832.4117158351523 -0.04357659302259634 21.595158379849387 -3982.4146281164317 -1.8263450554315314e-05 0.0043961210087546596 0.1927874405146172
-1.453500447627565 -3.69856938227395 2.5849933355794685 318.0431892974302 560.4905307479203 708.676358230412 349.9585389569402 3.113362394503506 3.654693740754047 -1832.4117158351523 -0.04357659302259634 21.595158379849387 -3982.4146281164317 -1.8263450554315314e-05 0.0043961210087546596 0.1927874405146172
-1.4260017905102893 -3.74374574753805 2.5948038127005857 314.5008795969188 559.6537287682295 717.9257469475269 348.71935453265905 3.113362394503506 3.654693740754047 -1832.4117158351523 -0.04357659302259634 21.595158379849387 -3982.4146281164317 -1.8263450554315314e-05 0.0043961210087546596 0.1927874405146172
-1.401449418084148 -3.7879400179051035 2.634494149197451 310.9934339746833 558.8365561701357 726.5535809136927 347.26819345727563 3.113362394503506 3.654693740754047 -1832.4117158351523 -0.04357659302259634 21.595158379849387 -3982.4146281164317 -1.8263450554315314e-05 0.0043961210087546596 0.1927874405146172
-1.3768970456580063 -3.8331163831692043 2.643770320972794 307.51981458906084 558.0427438393235 734.5497714020312 345.6020268201828 3.113362394503506 3.654693740754047 -1832.4117158351523 -0.04357659302259634 21.595158379849387 -3982.4146281164317 -1.8263450554315314e-05 0.0043961210087546596 0.1927874405146172
-1.3592193375111872 -3.8792748433303506 2.7758453523275026 304.0787959191948 557.2755936738104 741.9030564688146 343.71917909383774 3.113362394503506 3.654693740754047 -1832.4117158351523 -0.04357659302259634 21.595158379849387 -3982.4146281164317 -1.8263450554315314e-05 0.0043961210087546596 0.1927874405146172
-1.3415416293643636 -3.924451208594451 2.7686049317896995 300.6689647613093 556.5379785448313 748.601000931114 341.6193282455206 3.113362394503506 3.654693740754047 -1832.4117158351523 -0.04357659302259634 21.595158379849387 -3982.4146281164317 -1.8263450554315314e-05 0.0043961210087546596 0.1927874405146172
-1.3268102059086833 -3.9676633840644593 2.813039483038429 297.2887202366255 555.8323423676193 754.629996471107 339.3035055696964 3.113362394503506 3.654693740754047 -1832.4117158351523 -0.04357659302259634 21.595158379849387 -3982.4146281164317 -1.8263450554315314e-05 0.0043961210087546596 0.1927874405146172
-1.3110966875559535 -4.010875559534467 2.792821650005899 293.9362737759948 555.1607000008225 759.9752614982426 336.77409579977393 3.113362394503506 3.654693740754047 -1832.4117158351523 -0.04357659302259634 21.595158379849387 -3982.4146281164317 -1.8263450554315314e-05 0.0043961210087546596 0.1927874405146172
-1.292436884512085 -4.056051924798569 2.7498927141523626 290.60964914178476 554.5246373396367 764.6208412572742 334.0348371490836 3.113362394503506 3.654693740754047 -1832.4117158351523 -0.04357659302259634 21.595158379849387 -3982.4146281164317 -1.8263450554315314e-05 0.0043961210087546596 0.1927874405146172
-1.2767233661593511 -4.099264100268578 2.7928216500058114 287.3066824004054 553.9253112692386 768.5496077761054 331.0908211916685 3.113362394503506 3.654693740754047 -1832.4117158351523 -0.04357659302259634 21.595158379849387 -3982.4146281164317 -1.8263450554315314e-05 0.0043961210087546596 0.1927874405146172
-1.2639561324977557 -4.140512085944495 2.8414214827596407 284.0250219539739 553.3634496610612 771.7432598881423 327.94849290698767 3.113362394503506 3.654693740754047 -1832.4117158351523 -0.04357659302259634 21.595158379849387 -3982.4146281164317 -1.8263450554315314e-05 0.0043961210087546596 0.1927874405146172
-1.2511888988361648 -4.181760071620412 2.8414214827597397 280.76212850864977 552.8393513970077 774.182323217392 324.6156507357955 3.113362394503506 3.654693740754047 -1832.4117158351523 -0.04357659302259634 21.595158379849387 -3982.4146281164317 -1.8263450554315314e-05 0.0043961210087546596 0.1927874405146172
-1.2354753804834353 -4.223008057296331 2.7776136970801715 277.5152750960551 552.352886358276 775.8461501784623 321.1014465354383 3.113362394503506 3.654693740754047 -1832.4117158351523 -0.04357659302259634 21.595158379849387 -3982.4146281164317 -1.8263450554315314e-05 0.0043961210087546596 0.1927874405146172
-1.2217260519247997 -4.265238137869294 2.8694467630586424 274.2815470737405 551.9034954141825 776.7129200026393 317.41638553515077 3.113362394503506 3.654693740754047 -1832.4117158351523 -0.04357659302259634 21.595158379849387 -3982.4146281164317 -1.8263450554315314e-05 0.0043961210087546596 0.1927874405146172
-1.2079767233661594 -4.306486123545211 2.8632929945846213 271.0578421042301 551.4901904370636 776.7596387080848 313.5723264105618 3.113362394503506 3.654693740754047 -1832.4117158351523 -0.04357659302259634 21.595158379849387 -3982.4146281164317 -1.8263450554315314e-05 0.0043961210087546596 0.1927874405146172
-1.1971736794986625 -4.346752014324084 2.9255076812930927 267.8408701820299 551.1115543060005 775.9621390923858 309.58248130604625 3.113362394503506 3.654693740754047 -1832.4117158351523 -0.04357659302259634 21.595158379849387 -3982.4146281164317 -1.8263450554315314e-05 0.0043961210087546596 0.1927874405146172
-1.1824422560429733 -4.389964189794092 2.854311200192623 264.62715361313894 550.7657408900559 774.2950807847083 305.46141566708684 3.113362394503506 3.654693740754047 -1832.4117158351523 -0.04357659302259634 21.595158379849387 -3982.4146281164317 -1.8263450554315314e-05 0.0043961210087546596 0.1927874405146172
-1.171639212175472 -4.433176365264101 2.9398303092694853 261.4130270238966 550.4504750482738 771.7319501750171 301.2250484600663 3.1330078030327204 3.6509094900413683 -1841.66562702138 -8.637296117240287e-16 21.621282000171263 -4018.7490043498633 -3.2063610117451473e-19 0.004391666003372133 0.18372077204538106
-1.1637824529991092 -4.474424350940019 2.999695598985652 258.1946373642422 550.1630526538938 768.2450604513288 296.89065201953053 3.1330078030327204 3.6509094900413683 -1841.66562702138 -8.637296117240287e-16 21.621282000171263 -4018.7490043498633 -3.2063610117451473e-19 0.004391666003372133 0.18372077204538106
-1.1559256938227422 -4.515672336615937 2.99969559898565 254.96794389840215 549.9003405794501 763.8055516667664 292.4768521077931 3.1330078030327204 3.6509094900413683 -1841.66562702138 -8.637296117240287e-16 21.621282000171263 -4018.7490043498633 -3.2063610117451473e-19 0.004391666003372133 0.18372077204538106
-1.1480689346463753 -4.556920322291854 2.999695598985544 251.72871821047738 549.6587766744196 758.3833905681968 288.0036279410124 3.1330078030327204 3.6509094900413683 -1841.66562702138 -8.637296117240287e-16 21.621282000171263 -4018.7490043498633 -3.2063610117451473e-19 0.004391666003372133 0.18372077204538106
-1.1431584601611469 -4.597186213070726 3.0685520882867396 248.47254420584068 549.4343698043376 751.947370775044 283.492312066257 3.1330078030327204 3.6509094900413683 -1841.66562702138 -8.637296117240287e-16 21.621282000171263 -4018.7490043498633 -3.2063610117451473e-19 0.004391666003372133 0.18372077204538106
-1.1382479856759142 -4.63941629364369 3.071938079861078 245.19481811020523 549.2226998358965 744.4651126563549 278.96559055522084 3.1330078030327204 3.6509094900413683 -1841.66562702138 -8.637296117240287e-16 21.621282000171263 -4018.7490043498633 -3.2063610117451473e-19 0.004391666003372133 0.18372077204538106
-1.1313733213965964 -4.680664279319608 2.97644397617521 241.89074846031144 549.0189176127315 735.9030634239316 274.44750279188156 3.1330078030327204 3.6509094900413683 -1841.66562702138 -8.637296117240287e-16 21.621282000171263 -4018.7490043498633 -3.2063610117451473e-19 0.004391666003372133 0.18372077204538106
-1.1244986571172741 -4.720930170098479 2.9724914275883503 238.5553561206907 548.8177450057119 726.2264970466495 269.9634416587651 3.1330078030327204 3.6509094900413683 -1841.66562702138 -8.637296117240287e-16 21.621282000171263 -4018.7490043498633 -3.2063610117451473e-19 0.004391666003372133 0.18372077204538106
-1.1146777081468175 -4.765124440465534 2.922923707715851 235.1834742682986 548.613474868238 715.3995143175125 265.5401534214616 3.1330078030327204 3.6509094900413683 -1841.66562702138 -8.637296117240287e-16 21.621282000171263 -4018.7490043498633 -3.2063610117451473e-19 0.004391666003372133 0.18372077204538106
-1.1087851387645489 -4.808336615935543 3.0060649396044137 231.76974840974435 548.399971043691 703.3850427940488 261.205737773329 3.1330078030327204 3.6509094900413683 -1841.66562702138 -8.637296117240287e-16 21.621282000171263 -4018.7490043498633 -3.2063610117451473e-19 0.004391666003372133 0.18372077204538106
-1.1028925693822758 -4.851548791405552 3.0060649396043138 228.3086363589391 548.1706683933735 690.1448368541896 256.9896478205919 3.1330078030327204 3.6509094900413683 -1841.66562702138 -8.637296117240287e-16 21.621282000171263 -4018.7490043498633 -3.2063610117451473e-19 0.004391666003372133 0.18372077204538106
-1.0970000000000029 -4.89476096687556 3.00606493960431 224.7944082566537 547.9185727573931 675.6394776925445 252.92269010841846 3.1330078030327204 3.6509094900413683 -1841.66562702138 -8.637296117240287e-16 21.621282000171263 -4018.7490043498633 -3.2063610117451473e-19 0.004391666003372133 0.18372077204538106
-1.088161145926591 -4.938955237242616 2.9441970937398954 221.22114655934274 547.6362609919161 659.8283732756972 249.03702454268932 3.1330078030327204 3.6509094900413683 -1841.66562702138 -8.637296117240287e-16 21.621282000171263 -4018.7490043498633 -3.2063610117451473e-19 0.004391666003372133 0.18372077204538106
-1.0852148612354522 -4.9821674127126245 3.0735161953317522 217.58274604100734 547.315880952403 642.6697583161294 245.36616449803114 3.1330078030327204 3.6509094900413683 -1841.66562702138 -8.637296117240287e-16 21.621282000171263 -4018.7490043498633 -3.2063610117451473e-19 0.004391666003372133 0.18372077204538106
