48 0.8220134288272185 -0.9300438675022398 2.83571378218499 0.8681718889883537 -2.0928442256042987
0.8220134288272185 -0.9300438675022398 2.83571378218499 567.2190559663577 491.1080341457855 510.6068746224046 180.7699267230928 3.1283750883841894 3.6447123221697084 -1837.840700189891 1.0925406435986488e-15 21.592091307582024 -4009.506333090348 4.0558206363289543e-19 0.004383284092634296 0.18605358421302942
0.8406732318710913 -0.9653992837958826 2.7334435498346146 563.9497657424072 491.27728717192076 512.766909301281 203.74584071338177 3.1283750883841894 3.6447123221697084 -1837.840700189891 1.0925406435986488e-15 21.592091307582024 -4009.506333090348 4.0558206363289543e-19 0.004383284092634296 0.18605358421302942
0.8514762757385882 -1.0007547000895276 2.928654304010469 560.823323475779 491.2695376179181 513.744842780754 225.94465392827988 3.1283750883841894 3.6447123221697084 -1837.840700189891 1.0925406435986488e-15 21.592091307582024 -4009.506333090348 4.0558206363289543e-19 0.004383284092634296 0.18605358421302942
0.8701360787824567 -1.0341459265890787 2.712814626143786 557.83058525261 491.1027877025772 513.7021337654442 247.2449162118137 3.1283750883841894 3.6447123221697084 -1837.840700189891 1.0925406435986488e-15 21.592091307582024 -4009.506333090348 4.0558206363289543e-19 0.004383284092634296 0.18605358421302942
0.9005810205908756 -1.0704834377797685 2.506565918199457 554.9627492718864 490.79443420562893 512.7924562394619 267.53549590706825 3.1283750883841894 3.6447123221697084 -1837.840700189891 1.0925406435986488e-15 21.592091307582024 -4009.506333090348 4.0558206363289543e-19 0.004383284092634296 0.18605358421302942
0.9310259623992857 -1.1087851387645489 2.5308666892006304 552.2113558477722 490.36126846517436 511.1616993956268 286.71557994931936 3.1283750883841894 3.6447123221697084 -1837.840700189891 1.0925406435986488e-15 21.592091307582024 -4009.506333090348 4.0558206363289543e-19 0.004383284092634296 0.18605358421302942
0.9585246195165659 -1.1470868397493292 2.5189218648326923 549.5682874082122 489.81947637931444 508.94796771369874 304.69467375427485 3.1283750883841894 3.6447123221697084 -1837.840700189891 1.0925406435986488e-15 21.592091307582024 -4009.506333090348 4.0558206363289543e-19 0.004383284092634296 0.18605358421302942
0.9860232766338416 -1.184406445837065 2.506565918199535 547.0257684936514 489.1846384035889 506.2815809007734 321.39260130003095 3.1283750883841894 3.6447123221697084 -1837.840700189891 1.0925406435986488e-15 21.592091307582024 -4009.506333090348 4.0558206363289543e-19 0.004383284092634296 0.18605358421302942
1.0213786929274888 -1.2227081468218466 2.396173177315596 544.5763657599455 488.47172955656424 503.28507389873266 336.73950507491827 3.1283750883841894 3.6447123221697084 -1837.840700189891 1.0925406435986488e-15 21.592091307582024 -4009.506333090348 4.0558206363289543e-19 0.004383284092634296 0.18605358421302942
1.0528057296329527 -1.2580635631154893 2.4149503129080125 542.2129879756831 487.69511941005476 500.07319695688784 350.6758460961282 3.1283750883841894 3.6447123221697084 -1837.840700189891 1.0925406435986488e-15 21.592091307582024 -4009.506333090348 4.0558206363289543e-19 0.004383284092634296 0.18605358421302942
1.0881611459265954 -1.294401074306177 2.3698922635651987 539.928886022768 486.86857210076414 496.75291550531983 363.15240393579006 3.1283750883841894 3.6447123221697084 -1837.840700189891 1.0925406435986488e-15 21.592091307582024 -4009.506333090348 4.0558206363289543e-19 0.004383284092634296 0.18605358421302942
1.1156598030438711 -1.328774395702775 2.4668517113662882 537.7176528987475 486.0052463223692 493.4234102368355 374.1302766688168 3.1283750883841894 3.6447123221697084 -1837.840700189891 1.0925406435986488e-15 21.592091307582024 -4009.506333090348 4.0558206363289543e-19 0.004383284092634296 0.18605358421302942
1.1431584601611513 -1.3592193375111905 2.406998194250538 535.5732237129705 485.1176953269169 490.17607714422047 383.58088091760874 3.1283750883841894 3.6447123221697084 -1837.840700189891 1.0925406435986488e-15 21.592091307582024 -4009.506333090348 4.0558206363289543e-19 0.004383284092634296 0.18605358421302942
1.1745854968666107 -1.391628469113698 2.371577891972979 533.4898756892653 484.21786692691967 487.094527406618 391.48595184087753 3.1283750883841894 3.6447123221697084 -1837.840700189891 1.0925406435986488e-15 21.592091307582024 -4009.506333090348 4.0558206363289543e-19 0.004383284092634296 0.18605358421302942
1.1824422560429733 -1.4171629364368865 2.8430937220037245 531.4622281660559 483.3171034923289 484.254587482661 397.8375431150198 3.1283750883841894 3.6447123221697084 -1837.840700189891 1.0925406435986488e-15 21.592091307582024 -4009.506333090348 4.0558206363289543e-19 0.004383284092634296 0.18605358421302942
1.198155774395703 -1.440733213965982 2.5535900500422475 529.4852425943827 482.4261419561226 481.72429907135665 402.6380269564688 3.1283750883841894 3.6447123221697084 -1837.840700189891 1.0925406435986488e-15 21.592091307582024 -4009.506333090348 4.0558206363289543e-19 0.004383284092634296 0.18605358421302942
1.2138692927484325 -1.462339301700987 2.5127963671743974 527.5542225405807 481.5551138063893 479.56391913071275 405.9000941030681 3.1283750883841894 3.6447123221697084 -1837.840700189891 1.0925406435986488e-15 21.592091307582024 -4009.506333090348 4.0558206363289543e-19 0.004383284092634296 0.18605358421302942
1.2295828111011666 -1.4829632945389448 2.490515932145183 525.6648136818549 480.7135450919159 477.8259198535234 407.64675384387374 3.1283750883841894 3.6447123221697084 -1837.840700189891 1.0925406435986488e-15 21.592091307582024 -4009.506333090348 4.0558206363289543e-19 0.004383284092634296 0.18605358421302942
1.2423500447627576 -1.501623097582811 2.541542440188104 523.8130038126837 479.9103564210236 476.5549886841327 407.9113339781761 3.1283750883841894 3.6447123221697084 -1837.840700189891 1.0925406435986488e-15 21.592091307582024 -4009.506333090348 4.0558206363289543e-19 0.004383284092634296 0.18605358421302942
1.2590456580125364 -1.5242112802148617 2.50508443780178 521.995122839231 479.1538629611023 475.78802831843495 406.73748084157705 3.1283750883841894 3.6447123221697084 -1837.840700189891 1.0925406435986488e-15 21.592091307582024 -4009.506333090348 4.0558206363289543e-19 0.004383284092634296 0.18605358421302942
1.2835980304386778 -1.5487636526410034 2.356194490192345 520.2078427821398 478.45177443907596 475.5541567094624 404.1791593208909 3.1283750883841894 3.6447123221697084 -1837.840700189891 1.0925406435986488e-15 21.592091307582024 -4009.506333090348 4.0558206363289543e-19 0.004383284092634296 0.18605358421302942
1.3248460161145892 -1.5752802148612353 2.1421338066285807 518.4481777764158 477.8111951397732 475.87470704875886 400.30065279453993 3.1283750883841894 3.6447123221697084 -1837.840700189891 1.0925406435986488e-15 21.592091307582024 -4009.506333090348 4.0558206363289543e-19 0.004383284092634296 0.18605358421302942
1.3778791405550601 -1.604743061772605 2.0778948311871908 516.7134840681683 477.2386239094194 476.76322777196765 395.1765632070601 3.1283750883841894 3.6447123221697084 -1837.840700189891 1.0925406435986488e-15 21.592091307582024 -4009.506333090348 4.0558206363289543e-19 0.004383284092634296 0.18605358421302942
1.4151987466427969 -1.6322417188898841 2.2058230621851993 515.001460020896 476.73995415098034 478.22548258304596 388.8918110243976 3.1283750883841894 3.6447123221697084 -1837.840700189891 1.0925406435986488e-15 21.592091307582024 -4009.506333090348 4.0558206363289543e-19 0.004383284092634296 0.18605358421302942
1.469213965980308 -1.6607224709042092 2.0560233193622457 513.3101461098995 476.3204738278873 480.2594504132867 381.5416352376342 3.1283750883841894 3.6447123221697084 -1837.840700189891 1.0925406435986488e-15 21.592091307582024 -4009.506333090348 4.0558206363289543e-19 0.004383284092634296 0.18605358421302942
1.5065335720680448 -1.6921495076096706 2.2706891965141236 511.6379249241436 475.98486546240747 482.8553254380822 373.2315933778882 3.1283750883841894 3.6447123221697084 -1837.840700189891 1.0925406435986488e-15 21.592091307582024 -4009.506333090348 4.0558206363289543e-19 0.004383284092634296 0.18605358421302942
1.5399247985675981 -1.724558639212176 2.3412702252022224 509.98352116695605 475.7372061375063 485.99551711604 364.07756148278713 3.1283750883841894 3.6447123221697084 -1837.840700189891 1.0925406435986488e-15 21.592091307582024 -4009.506333090348 4.0558206363289543e-19 0.004383284092634296 0.18605358421302942
1.5939400179051049 -1.7540214861235455 2.0701430484750616 508.3460016561439 475.58096749312244 489.65465012937784 354.2057341635227 3.1283750883841894 3.6447123221697084 -1837.840700189891 1.0925406435986488e-15 21.592091307582024 -4009.506333090348 4.0558206363289543e-19 0.004383284092634296 0.18605358421302942
1.6184923903312463 -1.7825022381378695 2.4301335278502814 506.7247753208503 475.519015729893 493.79956439882517 343.7526245303452 3.1283750883841894 3.6447123221697084 -1837.840700189891 1.0925406435986488e-15 21.592091307582024 -4009.506333090348 4.0558206363289543e-19 0.004383284092634296 0.18605358421302942
1.6263491495076134 -1.8060725156669661 2.819842099193094 505.11959320737515 475.5536116082221 498.3893151227385 332.8650642372668 3.1283750883841894 3.6447123221697084 -1837.840700189891 1.0925406435986488e-15 21.592091307582024 -4009.506333090348 4.0558206363289543e-19 0.004383284092634296 0.18605358421302942
1.6067072515667002 -1.8247323187108333 3.952626225508925 503.53054847335443 475.68641044409014 503.37517272494733 321.700203448534 3.1283750883841894 3.6447123221697084 -1837.840700189891 1.0925406435986488e-15 21.592091307582024 -4009.506333090348 4.0558206363289543e-19 0.004383284092634296 0.18605358421302942
1.5693876454789635 -1.84142793196061 4.291725631251662 501.9580763913691 475.9184621172026 508.70062289200723 310.42551090568304 3.1283750883841894 3.6447123221697084 -1837.840700189891 1.0925406435986488e-15 21.592091307582024 -4009.506333090348 4.0558206363289543e-19 0.004383284092634296 0.18605358421302942
1.528139659803043 -1.8581235452103866 4.32778426556249 500.4029543460347 476.25021106447093 514.3013665527105 299.21877382695675 3.1283750883841894 3.6447123221697084 -1837.840700189891 1.0925406435986488e-15 21.592091307582024 -4009.506333090348 4.0558206363289543e-19 0.004383284092634296 0.18605358421302942
1.4868916741271272 -1.8748191584601621 4.3277842655624745 498.866301838425 476.68149628140964 520.1053198706359 288.2680980153382 3.1283750883841894 3.6447123221697084 -1837.840700189891 1.0925406435986488e-15 21.592091307582024 -4009.506333090348 4.0558206363289543e-19 0.004383284092634296 0.18605358421302942
1.4328764547896204 -1.8895505819158471 4.4461369312337435 497.3495804821141 477.21155132353306 526.0326142925769 277.7719077579677 3.1283750883841894 3.6447123221697084 -1837.840700189891 1.0925406435986488e-15 21.592091307582024 -4009.506333090348 4.0558206363289543e-19 0.004383284092634296 0.18605358421302942
1.3877000895255212 -1.9003536257833495 4.4776663678994835 495.8545940030599 477.83900430519134 531.9955964870751 267.9389459043741 3.1283750883841894 3.6447123221697084 -1837.840700189891 1.0925406435986488e-15 21.592091307582024 -4009.506333090348 4.0558206363289543e-19 0.004383284092634296 0.18605358421302942
1.3464521038496053 -1.911156669650852 4.4562375978190705 494.3834882439114 478.56187790143304 537.8988283704966 258.98827381804585 3.1283750883841894 3.6447123221697084 -1837.840700189891 1.0925406435986488e-15 21.592091307582024 -4009.506333090348 4.0558206363289543e-19 0.004383284092634296 0.18605358421302942
1.27672336615936 -1.924905998209491 4.517703441000752 492.93875115795527 479.37758934451267 543.6390871163458 251.149271376431 3.1283750883841894 3.6447123221697084 -1837.840700189891 1.0925406435986488e-15 21.592091307582024 -4009.506333090348 4.0558206363289543e-19 0.004383284092634296 0.18605358421302942
1.231547000895256 -1.937673231871084 4.436962876688684 491.5232128155185 480.282950427616 549.105365164578 244.6616370640695 3.1283750883841894 3.6447123221697084 -1837.840700189891 1.0925406435986488e-15 21.592091307582024 -4009.506333090348 4.0558206363289543e-19 0.004383284092634296 0.18605358421302942
1.1952094897045642 -1.953386750223815 4.304239876629622 490.14004539803136 481.27416749997064 554.1788701638579 239.77538780495524 3.1283750883841894 3.6447123221697084 -1837.840700189891 1.0925406435986488e-15 21.592091307582024 -4009.506333090348 4.0558206363289543e-19 0.004383284092634296 0.18605358421302942
1.1667287376902435 -1.967136078782454 4.262629367314808 488.7927632018691 482.34684147452936 558.7330250423402 236.75085910782218 3.1283750883841894 3.6447123221697084 -1837.840700189891 1.0925406435986488e-15 21.592091307582024 -4009.506333090348 4.0558206363289543e-19 0.004383284092634296 0.18605358421302942
1.1402121754700125 -1.9828495971351845 4.1243863768370455 487.4852226373041 483.4959678191226 562.6334679778665 235.8587049804628 3.1283750883841894 3.6447123221697084 -1837.840700189891 1.0925406435986488e-15 21.592091307582024 -4009.506333090348 4.0558206363289543e-19 0.004383284092634296 0.18605358421302942
1.101910474485231 -1.9965989256938235 4.341497691572024 486.22162222804036 484.71593656390905 565.738052373752 237.37989801168442 3.1283750883841894 3.6447123221697084 -1837.840700189891 1.0925406435986488e-15 21.592091307582024 -4009.506333090348 4.0558206363289543e-19 0.004383284092634296 0.18605358421302942
1.0714655326768165 -2.0093661593554177 4.27771876523545 485.006502611679 486.0005322974175 567.8968468811363 241.60572926700115 3.1283750883841894 3.6447123221697084 -1837.840700189891 1.0925406435986488e-15 21.592091307582024 -4009.506333090348 4.0558206363289543e-19 0.004383284092634296 0.18605358421302942
1.0370922112802141 -2.0250796777081486 4.248741371383912 483.8447465393692 487.3429341665469 568.9521354474127 248.83780835941434 3.1283750883841894 3.6447123221697084 -1837.840700189891 1.0925406435986488e-15 21.592091307582024 -4009.506333090348 4.0558206363289543e-19 0.004383284092634296 0.18605358421302942
0.998790510295428 -2.041775290957924 4.271209499969764 482.74157887673937 488.73571587959304 568.7384172137827 259.38806345686316 3.1312585842256855 3.6541916778022014 -1841.7868184121485 2.683171929665608e-15 21.65654003448858 -4029.9160499787645 9.960364529435861e-19 0.004401792209969101 0.18090087117441592
0.9526320501342839 -2.0584709042077005 4.343693077726603 481.7025666019181 490.17084569996223 567.082406597212 273.57874124124646 3.1312585842256855 3.6541916778022014 -1841.7868184121485 2.683171929665608e-15 21.65654003448858 -4029.9160499787645 9.960364529435861e-19 0.004401792209969101 0.18090087117441592
0.9104019695613188 -2.0751665174574763 4.310518332944247 480.7336188093759 491.639686454786 563.8030332513154 291.7424069195986 3.1312585842256855 3.6541916778022014 -1841.7868184121485 2.683171929665608e-15 21.65654003448858 -4029.9160499787645 9.960364529435861e-19 0.004401792209969101 0.18090087117441592
0.8681718889883537 -2.0928442256042987 4.2895350542517345 479.6636776123196 493.2541940845549 474.0001157876104 342.43128425627947 3.1312585842256855 3.6541916778022014 -1841.7868184121485 2.683171929665608e-15 21.65654003448858 -4029.9160499787645 9.960364529435861e-19 0.004401792209969101 0.18090087117441592
0.8298701880035766 -2.108557743957028 4.294164650805472 476.92234053090215 492.37943441420794 522.0945206061006 325.39716869592667 3.1312585842256855 3.6541916778022014 -1841.7868184121485 2.683171929665608e-15 21.65654003448858 -4029.9160499787645 9.960364529435861e-19 0.004401792209969101 0.18090087117441592
0.7954968666069786 -2.1242712623097604 4.248741371383827 474.4733230411075 491.95013662893325 559.895585488528 309.16658417135477 3.1312585842256855 3.6541916778022014 -1841.7868184121485 2.683171929665608e-15 21.65654003448858 -4029.9160499787645 9.960364529435861e-19 0.004401792209969101 0.18090087117441592
0.7650519247985597 -2.13998478066249 4.235921560911054 472.32585845142603 491.91584247443825 588.057422818616 293.6111537590623 3.1312585842256855 3.6541916778022014 -1841.7868184121485 2.683171929665608e-15 21.65654003448858 -4029.9160499787645 9.960364529435861e-19 0.004401792209969101 0.18090087117441592
0.7385353625783286 -2.1576624888093114 4.124386376837103 470.4881995525211 492.22853307891637 607.233905846253 278.6163840889931 3.1312585842256855 3.6541916778022014 -1841.7868184121485 2.683171929665608e-15 21.65654003448858 -4029.9160499787645 9.960364529435861e-19 0.004401792209969101 0.18090087117441592
0.7120188003580976 -2.175340196956134 4.124386376837073 468.96761861396953 492.84262895118445 618.0786687359214 264.08166532963514 3.1312585842256855 3.6541916778022014 -1841.7868184121485 2.683171929665608e-15 21.65654003448858 -4029.9160499787645 9.960364529435861e-19 0.004401792209969101 0.18090087117441592
0.6894306177260502 -2.1900716204118185 4.134487043422389 467.77040738938376 493.71498996485025 621.2451065164059 249.92027112841606 3.1312585842256855 3.6541916778022014 -1841.7868184121485 2.683171929665608e-15 21.65654003448858 -4029.9160499787645 9.960364529435861e-19 0.004401792209969101 0.18090087117441592
0.6707708146821862 -2.2038209489704563 4.077362244994331 466.90187711594626 494.8049153909087 617.3863751050085 236.0593586936593 3.1312585842256855 3.6541916778022014 -1841.7868184121485 2.683171929665608e-15 21.65654003448858 -4029.9160499787645 9.960364529435861e-19 0.004401792209969101 0.18090087117441592
0.6521110116383134 -2.2126598030438682 4.270014757408017 466.36635850928724 496.07414385303855 607.155391311273 222.43996875733137 3.1312585842256855 3.6541916778022014 -1841.7868184121485 2.683171929665608e-15 21.65654003448858 -4029.9160499787645 9.960364529435861e-19 0.004401792209969101 0.18090087117441592
0.6265765443151272 -2.2165881826320506 4.559739651989428 466.1672017695382 497.4868533657864 591.2048328313977 209.01702561974525 3.1312585842256855 3.6541916778022014 -1841.7868184121485 2.683171929665608e-15 21.65654003448858 -4029.9160499787645 9.960364529435861e-19 0.004401792209969101 0.18090087117441592
0.5931853178155695 -2.2165881826320506 3.141592653589793 466.30677657714114 499.0096613140777 570.1871382407844 195.7593370899558 3.1312585842256855 3.6541916778022014 -1841.7868184121485 2.683171929665608e-15 21.65654003448858 -4029.9160499787645 9.960364529435861e-19 0.004401792209969101 0.18090087117441592
0.5529194270366984 -2.2126598030438682 4.809642178636252 466.7864720947109 500.6116244792938 544.7545070070773 182.64959447085857 3.1312585842256855 3.6541916778022014 -1841.7868184121485 2.683171929665608e-15 21.65654003448858 -4029.9160499787645 9.960364529435861e-19 0.004401792209969101 0.18090087117441592
0.5008683974932767 -2.2048030438675026 4.862201436957594 467.60669696796685 502.26423898525536 515.5588994696736 169.68437264859676 3.1312585842256855 3.6541916778022014 -1841.7868184121485 2.683171929665608e-15 21.65654003448858 -4029.9160499787645 9.960364529435861e-19 0.004401792209969101 0.18090087117441592
0.44096060877349247 -2.1900716204118185 4.953506658836144 468.7668793234043 503.94144036620855 483.2520368769765 156.87413000315428 3.1312585842256855 3.6541916778022014 -1841.7868184121485 2.683171929665608e-15 21.65654003448858 -4029.9160499787645 9.960364529435861e-19 0.004401792209969101 0.18090087117441592
0.3741781557743904 -2.1635550581915854 5.0903572918809825 470.2654667678289 505.6196035174653 448.4854013528675 144.24320846796036 3.1312585842256855 3.6541916778022014 -1841.7868184121485 2.683171929665608e-15 21.65654003448858 -4029.9160499787645 9.960364529435861e-19 0.004401792209969101 0.18090087117441592
0.2936463742166482 -2.131145926589078 5.094996194742505 472.09992639534175 507.27754270564765 411.91023589484394 131.82983353734016 3.1312585842256855 3.6541916778022014 -1841.7868184121485 2.683171929665608e-15 21.65654003448858 -4029.9160499787645 9.960364529435861e-19 0.004401792209969101 0.18090087117441592
0.21704297224708508 -2.0938263205013437 5.165727676239238 474.26674477616325 508.89651158824563 374.1775444056839 119.68611415475607 3.1312585842256855 3.6541916778022014 -1841.7868184121485 2.683171929665608e-15 21.65654003448858 -4029.9160499787645 9.960364529435861e-19 0.004401792209969101 0.18090087117441592
0.1365111906893429 -2.0476678603401983 5.232847429835842 476.76142796408385 510.46020320151 335.9380916543305 107.87804286181927 3.1312585842256855 3.6541916778022014 -1841.7868184121485 2.683171929665608e-15 21.65654003448858 -4029.9160499787645 9.960364529435861e-19 0.004401792209969101 0.18090087117441592
0.06383616830795884 -1.9985631154879153 5.306602684185089 479.57850149599835 511.9547499315813 297.84240331687033 96.48549570888281 3.1312585842256855 3.6541916778022014 -1841.7868184121485 2.683171929665608e-15 21.65654003448858 -4029.9160499787645 9.960364529435861e-19 0.004401792209969101 0.18090087117441592
-0.008838854073416282 -1.9465120859444949 5.333915604881341 482.7115103895776 513.3687235787511 260.5407659448683 85.60223227739334 3.1312585842256855 3.6541916778022014 -1841.7868184121485 2.683171929665608e-15 21.65654003448858 -4029.9160499787645 9.960364529435861e-19 0.004401792209969101 0.18090087117441592
-0.07365711727843328 -1.8915147717099388 5.416002763164107 486.15301914699376 514.693135291338 224.6832269653678 75.33589570224285 3.1312585842256855 3.6541916778022014 -1841.7868184121485 2.683171929665608e-15 21.65654003448858 -4029.9160499787645 9.960364529435861e-19 0.004401792209969101 0.18090087117441592
-0.131600716204128 -1.8325890778871994 5.506190307329777 489.89461174746975 515.9214356141165 190.91959471441805 65.80801261216402 3.1312585842256855 3.6541916778022014 -1841.7868184121485 2.683171929665608e-15 21.65654003448858 -4029.9160499787645 9.960364529435861e-19 0.004401792209969101 0.18090087117441592
-0.17383079677708863 -1.7736633840644587 5.661361019349036 493.92689165566117 517.0495144547895 159.89943839423358 57.15399318188429 3.1312585842256855 3.6541916778022014 -1841.7868184121485 2.683171929665608e-15 21.65654003448858 -4029.9160499787645 9.960364529435861e-19 0.004401792209969101 0.18090087117441592
-0.2052578334825479 -1.7117914055505827 5.813208668762599 498.23948181793094 518.0757011035457 132.27208809927106 49.52313111722469 3.1312585842256855 3.6541916778022014 -1841.7868184121485 2.683171929665608e-15 21.65654003448858 -4029.9160499787645 9.960364529435861e-19 0.004401792209969101 0.18090087117441592
-0.2219534467323223 -1.6528657117278442 6.007088287784173 502.82102466002107 519.0007642367855 108.6866348143667 43.07860368490219 3.1312585842256855 3.6541916778022014 -1841.7868184121485 2.683171929665608e-15 21.65654003448858 -4029.9160499787645 9.960364529435861e-19 0.004401792209969101 0.18090087117441592
-0.22882811101164013 -1.592957923008058 6.168930979218179 507.6591820931062 519.8279118854553 89.79193039797246 37.997471645474434 3.1312585842256855 3.6541916778022014 -1841.7868184121485 2.683171929665608e-15 21.65654003448858 -4029.9160499787645 9.960364529435861e-19 0.004401792209969101 0.18090087117441592
-0.23963115487914147 -1.5320680393912278 6.107593145229418 512.7406355082057 520.5627914881334 76.23658761754632 34.47067930549383 3.1312585842256855 3.6541916778022014 -1841.7868184121485 2.683171929665608e-15 21.65654003448858 -4029.9160499787645 9.960364529435861e-19 0.004401792209969101 0.18090087117441592
-0.2465058191584593 -1.4711781557743966 6.170758176349426 518.0510857789777 521.2134898304939 68.6689800992608 32.70305448770523 3.1312585842256855 3.6541916778022014 -1841.7868184121485 2.683171929665608e-15 21.65654003448858 -4029.9160499787645 9.960364529435861e-19 0.004401792209969101 0.18090087117441592
-0.2573088630259651 -1.4093061772605193 6.110324700392387 523.5752532593906 521.7905330918729 67.73724237084389 32.913308553397655 3.1312585842256855 3.6541916778022014 -1841.7868184121485 2.683171929665608e-15 21.65654003448858 -4029.9160499787645 9.960364529435861e-19 0.004401792209969101 0.18090087117441592
-0.2533804834377816 -1.3444879140555057 0.06053201978212065 529.2968777865171 522.3068868247792 74.08926984481514 35.33403641730547 3.1312585842256855 3.6541916778022014 -1841.7868184121485 2.683171929665608e-15 21.65654003448858 -4029.9160499787645 9.960364529435861e-19 0.004401792209969101 0.18090087117441592
-0.2533804834377816 -1.2777054610564014 -0.0 535.1987186796032 522.7779559679329 88.37271881848574 40.21171651035547 3.1312585842256855 3.6541916778022014 -1841.7868184121485 2.683171929665608e-15 21.65654003448858 -4029.9160499787645 9.960364529435861e-19 0.004401792209969101 0.18090087117441592
-0.270076096687556 -1.204048343777978 6.0602850748512305 541.2625547396019 523.2215848136693 111.23500646464527 47.80671077221632 3.1312585842256855 3.6541916778022014 -1841.7868184121485 2.683171929665608e-15 21.65654003448858 -4029.9160499787645 9.960364529435861e-19 0.004401792209969101 0.18090087117441592
-0.29757475380483617 -1.1244986571172786 5.950365094252822 547.4691842496395 523.6580570545048 143.323310861364 58.39326471090317 3.1312585842256855 3.6541916778022014 -1841.7868184121485 2.683171929665608e-15 21.65654003448858 -4029.9160499787645 9.960364529435861e-19 0.004401792209969101 0.18090087117441592
-0.334894359892573 -1.0429847806624881 5.853837965818405 553.7984249745496 524.1100957524031 185.28457096032798 72.25950733572245 3.1312585842256855 3.6541916778022014 -1841.7868184121485 2.683171929665608e-15 21.65654003448858 -4029.9160499787645 9.960364529435861e-19 0.004401792209969101 0.18090087117441592
-0.3731960608773545 -0.9595067144136084 5.8530180058288055 560.229114160873 524.6028633452952 237.76548659428954 89.70745120197535 3.1312585842256855 3.6541916778022014 -1841.7868184121485 2.683171929665608e-15 21.65654003448858 -4029.9160499787645 9.960364529435861e-19 0.004401792209969101 0.18090087117441592
-0.403641002685769 -0.8760286481647275 5.933470016813088 566.7391085345298 525.1639616359025 301.41251850128174 111.05299241095781 3.1312585842256855 3.6541916778022014 -1841.7868184121485 2.683171929665608e-15 21.65654003448858 -4029.9160499787645 9.960364529435861e-19 0.004401792209969101 0.18090087117441592
-0.43408594449418353 -0.7925505819158454 5.933470016813092 573.3052843087353 525.8234318383038 376.8718882855028 136.62591056525707 3.1312585842256855 3.6541916778022014 -1841.7868184121485 2.683171929665608e-15 21.65654003448858 -4029.9160499787645 9.960364529435861e-19 0.004401792209969101 0.18090087117441592
-0.46158460161146375 -0.7090725156669656 5.964968306980782 579.9035371737555 526.6137545043603 464.78957844525576 166.76986880600452 3.1312585842256855 3.6541916778022014 -1841.7868184121485 2.683171929665608e-15 21.65654003448858 -4029.9160499787645 9.960364529435861e-19 0.004401792209969101 0.18090087117441592
-0.4881011638316948 -0.6226481647269482 5.964847708814472 586.5087823048234 527.5698495842516 565.8113323580474 201.8424138352275 3.1312585842256855 3.6541916778022014 -1841.7868184121485 2.683171929665608e-15 21.65654003448858 -4029.9160499787645 9.960364529435861e-19 0.004401792209969101 0.18090087117441592
-0.5185461056401137 -0.5352417188898848 5.928113756904633 593.0949543579482 528.7290764069185 680.5826542992145 242.21497583389282 3.1312585842256855 3.6541916778022014 -1841.7868184121485 2.683171929665608e-15 21.65654003448858 -4029.9160499787645 9.960364529435861e-19 0.004401792209969101 0.18090087117441592
-0.5381880035810179 -0.4488173679498662 6.038206644052792 599.6350074713118 530.1312336688861 809.7488094288856 288.2728685736656 3.1312585842256855 3.6541916778022014 -1841.7868184121485 2.683171929665608e-15 21.65654003448858 -4029.9160499787645 9.960364529435861e-19 0.004401792209969101 0.18090087117441592
-0.5381880035810224 -0.36926768128916765 6.2584989651239535 606.1009152634069 531.81855945196 953.9548237789422 340.4152893126011 3.1312585842256855 3.6541916778022014 -1841.7868184121485 2.683171929665608e-15 21.65654003448858 -4029.9160499787645 9.960364529435861e-19 0.004401792209969101 0.18090087117441592
