22 -1.1136956132497682 -0.6619319606087745 2.922923707715755 -0.3859632945389454 -1.017450313339302
-1.1136956132497682 -0.6619319606087745 2.922923707715755 583.5745567213744 543.3705815626308 687.7399209346622 259.9453044384718 3.1404460835520362 3.6572523944314965 -1834.8719356093143 0.043585009407218614 21.62871054682346 -3926.401829221411 1.8266977957761536e-05 0.004396667991280908 0.1983282292671157
-1.0911074306177209 -0.7061262309758302 2.669095718072788 580.0313382158056 542.6797854248434 685.6374929435551 267.3931867033243 3.1404460835520362 3.6572523944314965 -1834.8719356093143 0.043585009407218614 21.62871054682346 -3926.401829221411 1.8266977957761536e-05 0.004396667991280908 0.1983282292671157
-1.055752014324078 -0.7493384064458389 2.455863142683517 576.43011679966 541.5127879017964 682.9502511397004 281.03653398156166 3.1404460835520362 3.6572523944314965 -1834.8719356093143 0.043585009407218614 21.62871054682346 -3926.401829221411 1.8266977957761536e-05 0.004396667991280908 0.1983282292671157
-1.0135219337511174 -0.7915684870188018 2.3561944901923715 572.8903335481882 540.0167632615194 679.8432048745453 298.76452650129795 3.1404460835520362 3.6572523944314965 -1834.8719356093143 0.043585009407218614 21.62871054682346 -3926.401829221411 1.8266977957761536e-05 0.004396667991280908 0.1983282292671157
-0.9624529991047449 -0.8328164726947187 2.250210132202754 569.5145982392132 538.3213023440912 676.4622565768659 318.72229689359665 3.1404460835520362 3.6572523944314965 -1834.8719356093143 0.043585009407218614 21.62871054682346 -3926.401829221411 1.8266977957761536e-05 0.004396667991280908 0.1983282292671157
-0.9015631154879115 -0.8740644583706357 2.1662062022736013 566.3886892776936 536.5384125430137 672.9342017285526 339.3109308183193 3.1404460835520362 3.6572523944314965 -1834.8719356093143 0.043585009407218614 21.62871054682346 -3926.401829221411 1.8266977957761536e-05 0.004396667991280908 0.1983282292671157
-0.8377269471799437 -0.9123661593554172 2.1112158270654913 563.581553758122 534.76251785364 669.3667288739234 359.1874666661024 3.1404460835520362 3.6572523944314965 -1834.8719356093143 0.043585009407218614 21.62871054682346 -3926.401829221411 1.8266977957761536e-05 0.004396667991280908 0.1983282292671157
-0.7758549686660698 -0.9447752909579236 2.0533096218173856 561.1453074198216 533.0704588303342 665.8484196159989 377.2648952305317 3.1404460835520362 3.6572523944314965 -1834.8719356093143 0.043585009407218614 21.62871054682346 -3926.401829221411 1.8266977957761536e-05 0.004396667991280908 0.1983282292671157
-0.7238039391226527 -0.9712918531781579 2.0419625911080512 559.1152346804738 531.5214925939217 662.448748614639 392.71216025948524 3.1404460835520362 3.6572523944314965 -1834.8719356093143 0.043585009407218614 21.62871054682346 -3926.401829221411 1.8266977957761536e-05 0.004396667991280908 0.1983282292671157
-0.6805917636526428 -0.9928979409131616 2.0344439357956823 557.5097886007279 530.1572928559035 659.218083595857 404.9541582018137 3.1404460835520362 3.6572523944314965 -1834.8719356093143 0.043585009407218614 21.62871054682346 -3926.401829221411 1.8266977957761536e-05 0.004396667991280908 0.1983282292671157
-0.6481826320501344 -1.0076293643688465 1.997423819921752 556.33059093263 529.0019498979673 656.1876853499562 413.67173808813095 3.1404460835520362 3.6572523944314965 -1834.8719356093143 0.043585009407218614 21.62871054682346 -3926.401829221411 1.8266977957761536e-05 0.004396667991280908 0.1983282292671157
-0.629522829006266 -1.0154861235452113 1.9347752833044642 555.562432071194 528.0619705561548 653.3697077129036 418.80170196294785 3.1404460835520362 3.6572523944314965 -1834.8719356093143 0.043585009407218614 21.62871054682346 -3926.401829221411 1.8266977957761536e-05 0.004396667991280908 0.1983282292671157
-0.6138093106535407 -1.0194145031333937 1.7894652726688587 555.1732710693032 527.3262782683596 650.7571975961328 420.5368042886257 3.1404460835520362 3.6572523944314965 -1834.8719356093143 0.043585009407218614 21.62871054682346 -3926.401829221411 1.8266977957761536e-05 0.004396667991280908 0.1983282292671157
-0.5980957923008111 -1.0184324082363478 1.5152978215491728 555.1142356647179 526.7662130314857 648.3240949623287 419.3257523179054 3.1404460835520362 3.6572523944314965 -1834.8719356093143 0.043585009407218614 21.62871054682346 -3926.401829221411 1.8266977957761536e-05 0.004396667991280908 0.1983282292671157
-0.5853285586392203 -1.0145040286481644 1.3101939350474237 555.3196222428232 526.3355314088985 646.0252328347415 415.8732061088085 3.1404460835520362 3.6572523944314965 -1834.8719356093143 0.043585009407218614 21.62871054682346 -3926.401829221411 1.8266977957761536e-05 0.004396667991280908 0.1983282292671157
-0.5764897045658084 -1.0095935541629362 1.144168833668145 555.706895859912 525.9704065546393 643.7963372990489 411.13977850973606 3.167626912764316 3.6876661701185838 -1858.7700392457748 0.08776480777428705 21.721932296499112 -3984.026327314312 3.678323879894677e-05 0.004411389094923056 0.1837950752349982
-0.5637224709042131 -1.003700984780663 1.190289949682584 556.1766902236268 525.5894281882793 641.5540275070816 406.34203469753265 3.167626912764316 3.6876661701185838 -1858.7700392457748 0.08776480777428705 21.721932296499112 -3984.026327314312 3.678323879894677e-05 0.004411389094923056 0.1837950752349982
-0.5440805729633044 -0.9997726051924806 1.3909428270024138 556.6128077236935 525.0936025967821 639.1958156544715 402.9524930268526 3.167626912764316 3.6876661701185838 -1858.7700392457748 0.08776480777428705 21.721932296499112 -3984.026327314312 3.678323879894677e-05 0.004411389094923056 0.1837950752349982
-0.517564010743069 -0.9978084153983888 1.5019398374938386 556.8822193928063 524.3663526512682 636.6001070141792 402.69962441921234 3.167626912764316 3.6876661701185838 -1858.7700392457748 0.08776480777428705 21.721932296499112 -3984.026327314312 3.678323879894677e-05 0.004411389094923056 0.1837950752349982
-0.49104744852282906 -0.9978084153983888 3.141592653589793 556.8350649466738 523.2735178023577 633.6261999178678 407.5678522884846 3.167626912764316 3.6876661701185838 -1858.7700392457748 0.08776480777428705 21.721932296499112 -3984.026327314312 3.678323879894677e-05 0.004411389094923056 0.1837950752349982
-0.45765622202328027 -1.0007547000895254 1.6539375586833274 556.3046527449042 521.6633540494367 630.1142857354134 419.7975531667471 3.167626912764316 3.6876661701185838 -1858.7700392457748 0.08776480777428705 21.721932296499112 -3984.026327314312 3.678323879894677e-05 0.004411389094923056 0.1837950752349982
-0.42033661593554345 -1.0086114592658924 1.7782925532301355 555.1074598245323 519.3665339853615 625.8854489289224 441.88505586981773 3.167626912764316 3.6876661701185838 -1858.7700392457748 0.08776480777428705 21.721932296499112 -3984.026327314312 3.678323879894677e-05 0.004411389094923056 0.1837950752349982
-0.3859632945389454 -1.017450313339302 1.8224862985530468 554.5619034300034 518.327010614812 900.7441381800454 531.2267689784057 3.167626912764316 3.6876661701185838 -1858.7700392457748 0.08776480777428705 21.721932296499112 -3984.026327314312 3.678323879894677e-05 0.004411389094923056 0.1837950752349982
-0.35944673231871443 -1.0282533572068044 1.9576720445259554 554.0070995481365 518.6776243311324 827.4961572180036 481.13177707837895 3.167626912764316 3.6876661701185838 -1858.7700392457748 0.08776480777428705 21.721932296499112 -3984.026327314312 3.678323879894677e-05 0.004411389094923056 0.1837950752349982
-0.33882273948075653 -1.0390564010743069 2.0533096218174 553.4717155835679 518.961262037119 759.1873288650531 434.7849372359924 3.167626912764316 3.6876661701185838 -1858.7700392457748 0.08776480777428705 21.721932296499112 -3984.026327314312 3.678323879894677e-05 0.004411389094923056 0.1837950752349982
-0.3250734109221164 -1.0498594449418095 2.236765564173985 552.952671478939 519.1812926693965 695.6766277791467 392.01900835800916 3.167626912764316 3.6876661701185838 -1858.7700392457748 0.08776480777428705 21.721932296499112 -3984.026327314312 3.678323879894677e-05 0.004411389094923056 0.1837950752349982
-0.31819874664279413 -1.0616445837063577 2.6135182051632806 552.4470408551424 519.3409926225431 636.8238642187789 352.67026427108794 3.167626912764316 3.6876661701185838 -1858.7700392457748 0.08776480777428705 21.721932296499112 -3984.026327314312 3.678323879894677e-05 0.004411389094923056 0.1837950752349982
-0.32212712623097767 -1.072447627573859 3.4903636571737997 551.9520510107977 519.4435457488871 582.4896840341389 316.5784937380813 3.167626912764316 3.6876661701185838 -1858.7700392457748 0.08776480777428705 21.721932296499112 -3984.026327314312 3.678323879894677e-05 0.004411389094923056 0.1837950752349982
-0.33293017009848347 -1.0822685765443156 3.9745739202643895 551.4650829225138 519.4920433587686 532.5355686773546 283.5870004473254 3.167626912764316 3.6876661701185838 -1858.7700392457748 0.08776480777428705 21.721932296499112 -3984.026327314312 3.678323879894677e-05 0.004411389094923056 0.1837950752349982
-0.3466794986571191 -1.0911074306177264 4.141051500550956 550.9836712447868 519.4894842201757 486.82383519457653 253.5426030214876 3.167626912764316 3.6876661701185838 -1858.7700392457748 0.08776480777428705 21.721932296499112 -3984.026327314312 3.678323879894677e-05 0.004411389094923056 0.1837950752349982
-0.363375111906898 -1.0979820948970465 4.321781936687037 550.5055043101893 519.4387745591084 445.21763622993603 226.29563500825316 3.167626912764316 3.6876661701185838 -1858.7700392457748 0.08776480777428705 21.721932296499112 -3984.026327314312 3.678323879894677e-05 0.004411389094923056 0.1837950752349982
-0.37712444046553806 -1.1028925693822758 4.3693650399639345 550.028424129021 519.3427280593169 407.58096002507955 201.6999448882416 3.167626912764316 3.6876661701185838 -1858.7700392457748 0.08776480777428705 21.721932296499112 -3984.026327314312 3.678323879894677e-05 0.004411389094923056 0.1837950752349982
-0.3839991047448559 -1.1068209489704592 4.193242866137957 549.5504263897164 519.2040658623737 373.778630417306 179.61289607034996 3.167626912764316 3.6876661701185838 -1858.7700392457748 0.08776480777428705 21.721932296499112 -3984.026327314312 3.678323879894677e-05 0.004411389094923056 0.1837950752349982
-0.38694538943599016 -1.1097672336615958 3.926990816986862 549.0696604584955 519.0254165678343 343.6763068414293 159.89536689873785 3.167626912764316 3.6876661701185838 -1858.7700392457748 0.08776480777428705 21.721932296499112 -3984.026327314312 3.678323879894677e-05 0.004411389094923056 0.1837950752349982
-0.38694538943599016 -1.1127135183527324 3.141592653589793 548.5844293796254 518.8093162329897 317.14048433024436 142.4117506374605 3.167626912764316 3.6876661701185838 -1858.7700392457748 0.08776480777428705 21.721932296499112 -3984.026327314312 3.678323879894677e-05 0.004411389094923056 0.1837950752349982
-0.38007072515667234 -1.1156598030438678 1.975688113079882 548.0931898753188 518.5582083729532 294.03849351219833 127.02995548862964 3.167626912764316 3.6876661701185838 -1858.7700392457748 0.08776480777428705 21.721932296499112 -3984.026327314312 3.678323879894677e-05 0.004411389094923056 0.1837950752349982
-0.373196060877359 -1.1176239928379585 1.849095985800158 547.594552345603 518.2744439608505 274.23850061325356 113.62140458496287 3.167626912764316 3.6876661701185838 -1858.7700392457748 0.08776480777428705 21.721932296499112 -3984.026327314312 3.678323879894677e-05 0.004411389094923056 0.1837950752349982
-0.3623930170098532 -1.1186060877350055 1.661456213995735 547.0872808685526 517.9602814274695 257.609507456189 102.06103598093614 3.167626912764316 3.6876661701185838 -1858.7700392457748 0.08776480777428705 21.721932296499112 -3984.026327314312 3.678323879894677e-05 0.004411389094923056 0.1837950752349982
-0.3486436884512131 -1.1205702775290962 1.7126933813990037 546.5702932000713 517.617886661581 244.02135146129876 92.22730266768485 3.167626912764316 3.6876661701185838 -1858.7700392457748 0.08776480777428705 21.721932296499112 -3984.026327314312 3.678323879894677e-05 0.004411389094923056 0.1837950752349982
-0.32801969561325517 -1.1244986571172797 1.7590178320997172 546.0426607741974 517.2493330096477 233.34470564476214 84.0021725683473 3.167626912764316 3.6876661701185838 -1858.7700392457748 0.08776480777428705 21.721932296499112 -3984.026327314312 3.678323879894677e-05 0.004411389094923056 0.1837950752349982
-0.3073957027752972 -1.1303912264995526 1.8490959857999794 545.5036087026238 516.856601276173 225.45107862190343 77.27112852828577 3.167626912764316 3.6876661701185838 -1858.7700392457748 0.08776480777428705 21.721932296499112 -3984.026327314312 3.678323879894677e-05 0.004411389094923056 0.1837950752349982
-0.2867717099373393 -1.1382479856759176 1.9347752833045362 544.9525157752068 516.4415797234251 220.21281460253522 71.92316832579672 3.167626912764316 3.6876661701185838 -1858.7700392457748 0.08776480777428705 21.721932296499112 -3984.026327314312 3.678323879894677e-05 0.004411389094923056 0.1837950752349982
-0.2700760966875649 -1.1461047448522834 2.010638909610707 544.3889144597342 516.0060640714219 217.50309339398518 67.85080467630178 3.167626912764316 3.6876661701185838 -1858.7700392457748 0.08776480777428705 21.721932296499112 -3984.026327314312 3.678323879894677e-05 0.004411389094923056 0.1837950752349982
-0.2494521038496025 -1.1539615040286493 1.9347752833045115 543.8124909017788 515.5517574981932 217.1959304024931 64.95006521232426 3.167626912764316 3.6876661701185838 -1858.7700392457748 0.08776480777428705 21.721932296499112 -3984.026327314312 3.678323879894677e-05 0.004411389094923056 0.1837950752349982
-0.22588182632050582 -1.1637824529991059 1.9655874464946448 543.2230849249609 515.0802706395189 219.16617662808858 63.12049250723794 3.167626912764316 3.6876661701185838 -1858.7700392457748 0.08776480777428705 21.721932296499112 -3984.026327314312 3.678323879894677e-05 0.004411389094923056 0.1837950752349982
-0.20132945389436438 -1.1736034019695614 1.9513027039072224 542.620690030788 514.5931215890596 223.28951867111027 62.26514405896887 3.167626912764316 3.6876661701185838 -1858.7700392457748 0.08776480777428705 21.721932296499112 -3984.026327314312 3.678323879894677e-05 0.004411389094923056 0.1837950752349982
-0.17284870188004386 -1.183424350940018 1.9028557943378208 542.005453398815 514.091735898357 229.44247872731648 62.29059229558334 3.167626912764316 3.6876661701185838 -1858.7700392457748 0.08776480777428705 21.721932296499112 -3984.026327314312 3.678323879894677e-05 0.004411389094923056 0.1837950752349982
-0.14829632945389795 -1.1961915846016133 2.050315618787476 541.3776758863241 513.5774465766881 237.50241458811797 63.10692457621917 3.167626912764316 3.6876661701185838 -1858.7700392457748 0.08776480777428705 21.721932296499112 -3984.026327314312 3.678323879894677e-05 0.004411389094923056 0.1837950752349982
-0.12374395702775202 -1.2089588182632065 2.050315618787404 540.7378120288049 513.051494091269 247.34751964407042 64.62774319201708 3.167626912764316 3.6876661701185838 -1858.7700392457748 0.08776480777428705 21.721932296499112 -3984.026327314312 3.678323879894677e-05 0.004411389094923056 0.1837950752349982
-0.10311996418979856 -1.2217260519247997 2.1251038229965484 540.0864700394013 512.515026367153 258.8568228818476 66.77016535867006 3.167626912764316 3.6876661701185838 -1858.7700392457748 0.08776480777428705 21.721932296499112 -3984.026327314312 3.678323879894677e-05 0.004411389094923056 0.1837950752349982
-0.08249597135183617 -1.2344932855863926 2.125103822996355 539.4244118094357 511.96909878721635 271.91018888540566 69.45482322853059 3.167626912764316 3.6876661701185838 -1858.7700392457748 0.08776480777428705 21.721932296499112 -3984.026327314312 3.678323879894677e-05 0.004411389094923056 0.1837950752349982
-0.05696150402865442 -1.2472605192479858 2.034443935795773 538.7525529079285 511.41467419220135 286.3883178355172 72.60586387431249 3.167626912764316 3.6876661701185838 -1858.7700392457748 0.08776480777428705 21.721932296499112 -3984.026327314312 3.678323879894677e-05 0.004411389094923056 0.1837950752349982
-0.0314270367054682 -1.2610098478066247 2.0647376957144856 538.0719625821221 510.8526228807459 302.1727455088403 76.15094931283966 3.167626912764316 3.6876661701185838 -1858.7700392457748 0.08776480777428705 21.721932296499112 -3984.026327314312 3.678323879894677e-05 0.004411389094923056 0.1837950752349982
-0.006874664279326753 -1.2747591763652637 2.0812846487116654 537.3838637569133 510.283722609267 319.1458432818763 80.02125647570938 3.167626912764316 3.6876661701185838 -1858.7700392457748 0.08776480777428705 21.721932296499112 -3984.026327314312 3.678323879894677e-05 0.004411389094923056 0.1837950752349982
0.014731423455680405 -1.287526410026859 2.1045045184341653 536.689633035392 509.70865859204787 337.1908181239851 84.15147723536938 3.167626912764316 3.6876661701185838 -1858.7700392457748 0.08776480777428705 21.721932296499112 -3984.026327314312 3.678323879894677e-05 0.004411389094923056 0.1837950752349982
0.03240913160249957 -1.3002936436884533 2.1962813670342225 535.9908006984624 509.12802350118 356.1917126055341 88.47981838742271 3.167626912764316 3.6876661701185838 -1858.7700392457748 0.08776480777428705 21.721932296499112 -3984.026327314312 3.678323879894677e-05 0.004411389094923056 0.1837950752349982
0.0500868397493232 -1.315025067144137 2.3239476077570815 535.289050704785 508.54231746669393 376.03340489114635 92.94800166133791 3.167626912764316 3.6876661701185838 -1858.7700392457748 0.08776480777428705 21.721932296499112 -3984.026327314312 3.678323879894677e-05 0.004411389094923056 0.1837950752349982
0.07169292748433483 -1.3268102059086844 2.1112158270653554 534.5862206913298 507.9519480763993 396.6016087438911 97.50126371905208 3.167626912764316 3.6876661701185838 -1858.7700392457748 0.08776480777428705 21.721932296499112 -3984.026327314312 3.678323879894677e-05 0.004411389094923056 0.1837950752349982
0.09035273052820322 -1.3395774395702786 2.223642957895748 533.8843019726773 507.35723037601565 417.7828735236544 102.0883561456576 3.167626912764316 3.6876661701185838 -1858.7700392457748 0.08776480777428705 21.721932296499112 -3984.026327314312 3.678323879894677e-05 0.004411389094923056 0.1837950752349982
0.10901253357207162 -1.3513625783348269 2.1854592787170044 533.1854395415867 506.7583868689835 439.4645841859747 106.6615454563871 3.167626912764316 3.6876661701185838 -1858.7700392457748 0.08776480777428705 21.721932296499112 -3984.026327314312 3.678323879894677e-05 0.004411389094923056 0.1837950752349982
0.13160071620412353 -1.3621656222023282 2.053309621817357 532.4919320685876 506.1555475168425 461.5349612857681 111.17661310359836 3.1502029924595427 3.654413013159946 -1839.1958049291786 0.043596353189848676 21.644056521027075 -3931.1963225489767 1.82717322673297e-05 0.004401080947570856 0.19711619555725568
0.14633213965980396 -1.37100447627574 2.1763409904000124 531.806231902272 505.5487497386057 483.88306097197346 115.59285546466708 3.1502029924595427 3.654413013159946 -1839.1958049291786 0.043596353189848676 21.644056521027075 -3931.1963225489767 1.82717322673297e-05 0.004401080947570856 0.19711619555725568
0.16400984780662758 -1.3788612354521048 2.0344439357957027 531.1309450689732 504.9379384115018 506.3987749940716 119.87308384431526 3.1502029924595427 3.654413013159946 -1839.1958049291786 0.043596353189848676 21.644056521027075 -3931.1963225489767 1.82717322673297e-05 0.004401080947570856 0.19711619555725568
0.178741271262308 -1.3886821844225614 2.2264919530365344 530.4688312731741 504.32296587032033 528.9728306941688 123.98362448485568 3.1502029924595427 3.654413013159946 -1839.1958049291786 0.043596353189848676 21.644056521027075 -3931.1963225489767 1.82717322673297e-05 0.004401080947570856 0.19711619555725568
0.19740107430617637 -1.3975210384959722 2.0576955586060888 529.8228038970992 503.70359190799354 551.4967910165433 127.89431855501607 3.1502029924595427 3.654413013159946 -1839.1958049291786 0.043596353189848676 21.644056521027075 -3931.1963225489767 1.82717322673297e-05 0.004401080947570856 0.19711619555725568
0.21998925693823276 -1.4063598925693828 1.9756881130799082 529.1959300012822 503.0794837749563 573.863054496469 131.5785221462138 3.1502029924595427 3.654413013159946 -1839.1958049291786 0.043596353189848676 21.644056521027075 -3931.1963225489767 1.82717322673297e-05 0.004401080947570856 0.19711619555725568
0.23864905998210117 -1.4132345568487028 1.9237867146218126 528.5914303237223 502.4502161798591 595.9648552720901 135.01310628978536 3.1502029924595427 3.654413013159946 -1839.1958049291786 0.043596353189848676 21.644056521027075 -3931.1963225489767 1.82717322673297e-05 0.004401080947570856 0.19711619555725568
0.2563267681289248 -1.4210913160250689 1.98902065637412 528.0126792805677 501.81527128886955 617.6962630744092 138.17845694487914 3.1502029924595427 3.654413013159946 -1839.1958049291786 0.043596353189848676 21.644056521027075 -3931.1963225489767 1.82717322673297e-05 0.004401080947570856 0.19711619555725568
0.2779328558639275 -1.426983885407343 1.8370483759458527 527.4632049659704 501.1740387262689 638.9521832331084 141.05847499798983 3.1502029924595427 3.654413013159946 -1839.1958049291786 0.043596353189848676 21.644056521027075 -3931.1963225489767 1.82717322673297e-05 0.004401080947570856 0.19711619555725568
0.30346732318710923 -1.4309122649955266 1.7234456551902275 526.9466891518969 500.52581557394296 659.6283566744532 143.64057626761496 3.1502029924595427 3.654413013159946 -1839.1958049291786 0.043596353189848676 21.644056521027075 -3931.1963225489767 1.82717322673297e-05 0.004401080947570856 0.19711619555725568
0.32507341092211195 -1.4368048343777984 1.8370483759457563 526.466967288361 499.8698063718184 679.6213599219918 145.9156914963387 3.1502029924595427 3.654413013159946 -1839.1958049291786 0.043596353189848676 21.644056521027075 -3931.1963225489767 1.82717322673297e-05 0.004401080947570856 0.19711619555725568
0.3506078782453026 -1.4436794986571173 1.8337910584757566 526.0280285033077 499.2051231175574 698.8286050953902 147.87826636712998 3.1502029924595427 3.654413013159946 -1839.1958049291786 0.043596353189848676 21.644056521027075 -3931.1963225489767 1.82717322673297e-05 0.004401080947570856 0.19711619555725568
0.37712444046553806 -1.4495720680393904 1.7894652726687852 525.6340156024089 498.53078526680474 717.1483399136923 149.52626148611307 3.1502029924595427 3.654413013159946 -1839.1958049291786 0.043596353189848676 21.644056521027075 -3931.1963225489767 1.82717322673297e-05 0.004401080947570856 0.19711619555725568
0.40658728737690336 -1.4554646374216658 1.7681918866448503 525.289225069544 497.845719732868 734.4796476901975 150.86115238955244 3.1502029924595427 3.654413013159946 -1839.1958049291786 0.043596353189848676 21.644056521027075 -3931.1963225489767 1.82717322673297e-05 0.004401080947570856 0.19711619555725568
0.43212175470008957 -1.46135720680394 1.7975951748487984 524.998107066378 497.1487608870666 750.7224473364186 151.88792954431847 3.1502029924595427 3.654413013159946 -1839.1958049291786 0.043596353189848676 21.644056521027075 -3931.1963225489767 1.82717322673297e-05 0.004401080947570856 0.19711619555725568
0.4615846016114593 -1.46823187108326 1.8000282600719064 524.7652654325211 496.4386505584116 765.7774933599867 152.61509834695607 3.1502029924595427 3.654413013159946 -1839.1958049291786 0.043596353189848676 21.644056521027075 -3931.1963225489767 1.82717322673297e-05 0.004401080947570856 0.19711619555725568
0.4910474485228335 -1.475106535362579 1.800028260071837 524.5954576856748 495.7140380339406 779.5463758662809 153.0546791269444 3.1502029924595427 3.654413013159946 -1839.1958049291786 0.043596353189848676 21.644056521027075 -3931.1963225489767 1.82717322673297e-05 0.004401080947570856 0.19711619555725568
0.5254207699194315 -1.4800170098478072 1.7126933813990606 524.4935950213112 494.9734800583974 791.931520558428 153.22220714157447 3.1502029924595427 3.654413013159946 -1839.1958049291786 0.043596353189848676 21.644056521027075 -3931.1963225489767 1.82717322673297e-05 0.004401080947570856 0.19711619555725568
0.5597940913160295 -1.4829632945389448 1.6563016204731207 524.4647423128044 494.21544083446497 802.8361887349747 153.13673257408664 3.1502029924595427 3.654413013159946 -1839.1958049291786 0.043596353189848676 21.644056521027075 -3931.1963225489767 1.82717322673297e-05 0.004401080947570856 0.19711619555725568
0.5931853178155784 -1.4859095792300825 1.6588037003226666 524.5141181116196 493.43829202259076 812.1644772926811 152.82082054531202 3.1502029924595427 3.654413013159946 -1839.1958049291786 0.043596353189848676 21.644056521027075 -3931.1963225489767 1.82717322673297e-05 0.004401080947570856 0.19711619555725568
0.6305049239033151 -1.486891674127126 1.5971060440477638 524.6470946469926 492.6403127411322 819.821318723727 152.30055110016838 3.1502029924595427 3.654413013159946 -1839.1958049291786 0.043596353189848676 21.644056521027075 -3931.1963225489767 1.82717322673297e-05 0.004401080947570856 0.19711619555725568
0.6678245299910565 -1.4868916741271272 1.5707963267949265 524.8691978262941 491.8196895663423 825.71248111967 151.60551921464503 3.1502029924595427 3.654413013159946 -1839.1958049291786 0.043596353189848676 21.644056521027075 -3931.1963225489767 1.82717322673297e-05 0.004401080947570856 0.19711619555725568
0.7090725156669723 -1.487873769024172 1.5946013529799459 525.1861072347237 490.9745165321947 829.744568166323 150.76883479440585 3.1502029924595427 3.654413013159946 -1839.1958049291786 0.043596353189848676 21.644056521027075 -3931.1963225489767 1.82717322673297e-05 0.004401080947570856 0.19711619555725568
0.7513025962399329 -1.486891674127126 1.547544703984427 525.603656135354 490.102795130515 831.8250191498082 149.82712268223986 3.1502029924595427 3.654413013159946 -1839.1958049291786 0.043596353189848676 21.644056521027075 -3931.1963225489767 1.82717322673297e-05 0.004401080947570856 0.19711619555725568
0.7974610564010816 -1.4849274843330356 1.5282687921751295 526.12783146929 489.202434311097 831.8621089488734 148.82052263757214 3.1502029924595427 3.654413013159946 -1839.1958049291786 0.043596353189848676 21.644056521027075 -3931.1963225489767 1.82717322673297e-05 0.004401080947570856 0.19711619555725568
0.8396911369740466 -1.4809991047448519 1.4780400066067358 526.7647738556116 488.2712504815572 829.7649480428081 147.79268935881555 3.1502029924595427 3.654413013159946 -1839.1958049291786 0.043596353189848676 21.644056521027075 -3931.1963225489767 1.82717322673297e-05 0.004401080947570856 0.19711619555725568
0.8858495971351863 -1.4760886302596237 1.4648119688052825 527.5207775911695 487.306967507262 825.4434825063217 146.79079247498885 3.1502029924595427 3.654413013159946 -1839.1958049291786 0.043596353189848676 21.644056521027075 -3931.1963225489767 1.82717322673297e-05 0.004401080947570856 0.19711619555725568
0.9241512981199679 -1.4721602506714402 1.4685896086876224 528.4022906508326 486.3072167115315 818.8084940128028 145.86551653966308 3.1502029924595427 3.654413013159946 -1839.1958049291786 0.043596353189848676 21.644056521027075 -3931.1963225489767 1.82717322673297e-05 0.004401080947570856 0.19711619555725568
0.9624529991047449 -1.4652855863921213 1.3932001595114094 529.4159146874736 485.2695368754503 809.7715998294298 145.07106104074046 3.1502029924595427 3.654413013159946 -1839.1958049291786 0.043596353189848676 21.644056521027075 -3931.1963225489767 1.82717322673297e-05 0.004401080947570856 0.19711619555725568
1.0017367949865712 -1.4544825425246188 1.3024301158889844 530.5684050319833 484.19137423807115 798.2452528234571 144.46514039533213 3.1502029924595427 3.654413013159946 -1839.1958049291786 0.043596353189848676 21.644056521027075 -3931.1963225489767 1.82717322673297e-05 0.004401080947570856 0.19711619555725568
1.0370922112802186 -1.4387690241718891 1.1525719972157262 531.866670692747 483.0700824962114 784.1427414582577 144.10898394789547 3.1502029924595427 3.654413013159946 -1839.1958049291786 0.043596353189848676 21.644056521027075 -3931.1963225489767 1.82717322673297e-05 0.004401080947570856 0.19711619555725568
1.0724476275738657 -1.41814503133393 1.0427218783685763 533.3177743567503 481.9029228043946 767.3781897916924 144.0673359730281 3.1502029924595427 3.654413013159946 -1839.1958049291786 0.043596353189848676 21.644056521027075 -3931.1963225489767 1.82717322673297e-05 0.004401080947570856 0.19711619555725568
1.0999462846911414 -1.3926105640107438 0.8224182792713471 534.9289323883131 480.68706377528724 747.8665574837942 144.40845567826182 3.1502029924595427 3.654413013159946 -1839.1958049291786 0.043596353189848676 21.644056521027075 -3931.1963225489767 1.82717322673297e-05 0.004401080947570856 0.19711619555725568
1.1195881826320546 -1.363147717099374 0.5880026035475675 536.707514830021 479.41958147914556 725.52363978629 145.20411720033735 3.1502029924595427 3.654413013159946 -1839.1958049291786 0.043596353189848676 21.644056521027075 -3931.1963225489767 1.82717322673297e-05 0.004401080947570856 0.19711619555725568
1.1392300805729678 -1.3317206803939137 0.558599315343572 538.6610454024049 478.0974594443105 700.2660675509833 146.5296096052043 3.1502029924595427 3.654413013159946 -1839.1958049291786 0.043596353189848676 21.644056521027075 -3931.1963225489767 1.82717322673297e-05 0.004401080947570856 0.19711619555725568
1.1588719785138855 -1.2963652641002699 0.5070985043924308 540.7972015037813 476.7175886567129 672.011307226494 148.46373688662425 3.1502029924595427 3.654413013159946 -1839.1958049291786 0.043596353189848676 21.644056521027075 -3931.1963225489767 1.82717322673297e-05 0.004401080947570856 0.19711619555725568
1.1745854968666152 -1.2590456580125342 0.3985224456663935 543.1238142103975 475.2767675604118 640.6776608559303 151.0888179745525 3.1502029924595427 3.654413013159946 -1839.1958049291786 0.043596353189848676 21.644056521027075 -3931.1963225489767 1.82717322673297e-05 0.004401080947570856 0.19711619555725568
