20 -0.6580035810205909 -3.847847806624889 1.4840579881189109 -0.017677708146819165 -3.4805443151298125
-0.6580035810205909 -3.847847806624889 1.4840579881189109 316.59296858496964 545.9149989672005 578.5999584011734 252.82317435741425 4.235067999653702 4.902220805898862 -2502.6119104964287 0.07959944589808045 24.798718800642874 -3296.612406239137 2.414429957989091e-05 0.0058865472479119624 0.2151702281844134
-0.612827215756496 -3.844901521933752 1.5056711634605007 318.08669302240014 543.7008321192116 566.7302544787526 276.6485679745674 4.235067999653702 4.902220805898862 -2502.6119104964287 0.07959944589808045 24.798718800642874 -3296.612406239137 2.414429957989091e-05 0.0058865472479119624 0.2151702281844134
-0.5715792300805712 -3.8399910474485237 1.4523063676367791 319.6219422761351 541.6976178511977 555.5701611340046 297.98426300287247 4.235067999653702 4.902220805898862 -2502.6119104964287 0.07959944589808045 24.798718800642874 -3296.612406239137 2.414429957989091e-05 0.0058865472479119624 0.2151702281844134
-0.5342596239928389 -3.8321342882721585 1.3633001003596765 321.2168426923454 539.8695925362408 545.0137890800834 316.60494470596313 4.235067999653702 4.902220805898862 -2502.6119104964287 0.07959944589808045 24.798718800642874 -3296.612406239137 2.414429957989091e-05 0.0058865472479119624 0.2151702281844134
-0.4979221128021469 -3.8223133393017017 1.3068326031692106 322.88664061948657 538.1843675542623 534.960076559335 332.3785264492035 4.235067999653702 4.902220805898862 -2502.6119104964287 0.07959944589808045 24.798718800642874 -3296.612406239137 2.414429957989091e-05 0.0058865472479119624 0.2151702281844134
-0.4645308863025936 -3.811510295434199 1.257895098914514 324.64370242133737 536.612929251045 525.3127893209457 345.26614958047867 4.235067999653702 4.902220805898862 -2502.6119104964287 0.07959944589808045 24.798718800642874 -3296.612406239137 2.414429957989091e-05 0.0058865472479119624 0.2151702281844134
-0.43506803939122835 -3.7967788719785145 1.1071487177940298 326.49751446954906 535.1296389587224 515.9805206097662 355.3221829533577 4.235067999653702 4.902220805898862 -2502.6119104964287 0.07959944589808045 24.798718800642874 -3296.612406239137 2.414429957989091e-05 0.0058865472479119624 0.2151702281844134
-0.4026589077887198 -3.782047448522831 1.1441688336680698 328.4546831343323 533.7122329697013 506.87669122219086 362.6942238807678 4.235067999653702 4.902220805898862 -2502.6119104964287 0.07959944589808045 24.798718800642874 -3296.612406239137 2.414429957989091e-05 0.0058865472479119624 0.2151702281844134
-0.3702497761862158 -3.7653518352730546 1.0951011079398736 330.51893482171 532.3418225739151 497.9195494838059 367.6230978965759 4.235067999653702 4.902220805898862 -2502.6119104964287 0.07959944589808045 24.798718800642874 -3296.612406239137 2.414429957989091e-05 0.0058865472479119624 0.2151702281844134
-0.3427511190689311 -3.7486562220232775 1.0251412722679791 332.69111591205 531.002894051373 489.032171189785 370.44285839796066 4.235067999653702 4.902220805898862 -2502.6119104964287 0.07959944589808045 24.798718800642874 -3296.612406239137 2.414429957989091e-05 0.0058865472479119624 0.2151702281844134
-0.3162345568487001 -3.7299964189794106 0.9575889779203753 334.9691928215325 529.6833086442202 480.142459705472 371.58078640699387 4.235067999653702 4.902220805898862 -2502.6119104964287 0.07959944589808045 24.798718800642874 -3296.612406239137 2.414429957989091e-05 0.0058865472479119624 0.2151702281844134
-0.28971799462846465 -3.70740823634736 0.8652281491097209 337.34825195372105 528.3743025828153 471.18314587697387 371.557391166687 4.235067999653702 4.902220805898862 -2502.6119104964287 0.07959944589808045 24.798718800642874 -3296.612406239137 2.414429957989091e-05 0.0058865472479119624 0.2151702281844134
-0.2612372426141486 -3.6848200537153097 0.9002747688142076 339.8204997368157 527.070487068966 462.0917880907655 370.98641031980515 4.235067999653702 4.902220805898862 -2502.6119104964287 0.07959944589808045 24.798718800642874 -3296.612406239137 2.414429957989091e-05 0.0058865472479119624 0.2151702281844134
-0.2298102059086849 -3.66223187108326 0.9475969968608805 342.37526259943843 525.7698482871056 452.8107722476125 370.5748088955879 4.235067999653702 4.902220805898862 -2502.6119104964287 0.07959944589808045 24.798718800642874 -3296.612406239137 2.414429957989091e-05 0.0058865472479119624 0.2151702281844134
-0.1993652641002704 -3.638661593554163 0.9119902906773878 344.998986992985 524.473747426644 443.2873117700219 371.1227802634239 4.235067999653702 4.902220805898862 -2502.6119104964287 0.07959944589808045 24.798718800642874 -3296.612406239137 2.414429957989091e-05 0.0058865472479119624 0.2151702281844134
-0.1708845120859454 -3.6131271262309763 0.8398896196382016 347.67523935623467 523.1869206186384 433.4734475836158 373.52374589443207 4.235067999653702 4.902220805898862 -2502.6119104964287 0.07959944589808045 24.798718800642874 -3296.612406239137 2.414429957989091e-05 0.0058865472479119624 0.2151702281844134
-0.14436794986570994 -3.5875926589077904 0.804263849419187 350.38470614515245 521.9174789972603 423.3260481543839 378.76435482501984 4.235067999653702 4.902220805898862 -2502.6119104964287 0.07959944589808045 24.798718800642874 -3296.612406239137 2.414429957989091e-05 0.0058865472479119624 0.2151702281844134
-0.11785138764547898 -3.561076096687557 0.7853981633974062 353.10519383475184 520.67690866068 412.80680947750807 387.9244846701622 4.235067999653702 4.902220805898862 -2502.6119104964287 0.07959944589808045 24.798718800642874 -3296.612406239137 2.414429957989091e-05 0.0058865472479119624 0.2151702281844134
-0.09035273052819875 -3.5345595344673244 0.8035779784704612 355.8116288911551 519.4800707213581 401.8822550326586 402.1772407889366 4.235067999653702 4.902220805898862 -2502.6119104964287 0.07959944589808045 24.798718800642874 -3296.612406239137 2.414429957989091e-05 0.0058865472479119624 0.2151702281844134
-0.055979409131600724 -3.507060877350045 1.0400228295919738 358.47605779767036 518.3452012389898 390.5237358137965 422.7889565229416 4.235067999653702 4.902220805898862 -2502.6119104964287 0.07959944589808045 24.798718800642874 -3296.612406239137 2.414429957989091e-05 0.0058865472479119624 0.2151702281844134
-0.017677708146819165 -3.4805443151298125 1.0912770348023058 365.666315311566 516.1254385954235 248.90890492498875 321.91996428743005 4.235067999653702 4.902220805898862 -2502.6119104964287 0.07959944589808045 24.798718800642874 -3296.612406239137 2.414429957989091e-05 0.0058865472479119624 0.2151702281844134
0.022588182632051923 -3.4540277529095786 1.1071487177940642 365.94460517913103 514.552519734716 259.139515273273 314.88721471931785 4.235067999653702 4.902220805898862 -2502.6119104964287 0.07959944589808045 24.798718800642874 -3296.612406239137 2.414429957989091e-05 0.0058865472479119624 0.2151702281844134
0.06285407341092301 -3.425547000895255 1.0768549578753075 366.8071379484609 512.9744490962476 271.2576679214835 308.5080516906455 4.235067999653702 4.902220805898862 -2502.6119104964287 0.07959944589808045 24.798718800642874 -3296.612406239137 2.414429957989091e-05 0.0058865472479119624 0.2151702281844134
0.10803043867502239 -3.396084153983886 1.1001558247887475 368.20622717775404 511.4003491390031 284.9989967122674 302.7370305582881 3.184732091084042 3.7036649793465526 -1892.5344218430535 0.08988356045237142 21.903424892268472 -4202.711442385892 3.767123237735602e-05 0.004432891806521236 0.14217649598471857
0.15615308863026053 -3.3666213070725166 1.1205707305341845 370.09572235681117 509.83900005207397 300.1115394756198 297.5302860364318 3.184732091084042 3.7036649793465526 -1892.5344218430535 0.08988356045237142 21.903424892268472 -4202.711442385892 3.767123237735602e-05 0.004432891806521236 0.14217649598471857
0.20427573858550313 -3.3391226499552387 1.147942400661978 372.43100890051574 508.298839755822 316.3557381927967 292.8455322114751 3.184732091084042 3.7036649793465526 -1892.5344218430535 0.08988356045237142 21.903424892268472 -4202.711442385892 3.767123237735602e-05 0.004432891806521236 0.14217649598471857
0.2641835273052874 -3.3145702775290973 1.2490457723982498 375.16900818701833 506.7879639030434 333.5044390261173 288.6420625112951 3.184732091084042 3.7036649793465526 -1892.5344218430535 0.08988356045237142 21.903424892268472 -4202.711442385892 3.767123237735602e-05 0.004432891806521236 0.14217649598471857
0.3250734109221209 -3.2860895255147735 1.2045407663641334 378.2681775111705 505.31412587617524 351.34289233386517 284.88074975367635 3.184732091084042 3.7036649793465526 -1892.5344218430535 0.08988356045237142 21.903424892268472 -4202.711442385892 3.767123237735602e-05 0.004432891806521236 0.14217649598471857
0.3810528200537216 -3.256626678603403 1.167680737576203 381.6885100994259 503.8847367898561 369.668752387166 281.5240460904315 3.184732091084042 3.7036649793465526 -1892.5344218430535 0.08988356045237142 21.903424892268472 -4202.711442385892 3.767123237735602e-05 0.004432891806521236 0.14217649598471857
0.4301575649060045 -3.224217547000896 0.9874233198010391 385.3915351219475 502.5068654890638 388.29207775741816 278.5359830521047 3.184732091084042 3.7036649793465526 -1892.5344218430535 0.08988356045237142 21.903424892268472 -4202.711442385892 3.767123237735602e-05 0.004432891806521236 0.14217649598471857
0.4802444046553322 -3.187880035810206 0.943166900993388 389.34031768050045 501.1872385495808 407.0353310704231 275.8821715284139 3.184732091084042 3.7036649793465526 -1892.5344218430535 0.08988356045237142 21.903424892268472 -4202.711442385892 3.767123237735602e-05 0.004432891806521236 0.14217649598471857
0.5303312444046554 -3.1515425246195177 0.9431669009933602 393.49945881124586 499.9322402791586 425.73337909579277 273.5298017580062 3.184732091084042 3.7036649793465526 -1892.5344218430535 0.08988356045237142 21.903424892268472 -4202.711442385892 3.767123237735602e-05 0.004432891806521236 0.14217649598471857
0.5804180841539875 -3.1122587287376913 0.9056936403254371 397.8350954959169 498.7479127177503 444.2334927171469 271.44764335267246 3.184732091084042 3.7036649793465526 -1892.5344218430535 0.08988356045237142 21.903424892268472 -4202.711442385892 3.767123237735602e-05 0.004432891806521236 0.14217649598471857
0.6265765443151361 -3.0690465532676825 0.818353261011778 402.31490064039826 497.63995563285425 462.39534697681665 269.60604528617114 3.184732091084042 3.7036649793465526 -1892.5344218430535 0.08988356045237142 21.903424892268472 -4202.711442385892 3.767123237735602e-05 0.004432891806521236 0.14217649598471857
0.6580035810205954 -3.019941808415399 0.5693131911006257 406.908083088696 496.61372652696446 480.0910209864378 267.97693588770926 3.184732091084042 3.7036649793465526 -1892.5344218430535 0.08988356045237142 21.903424892268472 -4202.711442385892 3.767123237735602e-05 0.004432891806521236 0.14217649598471857
0.6894306177260546 -2.9678907788719804 0.543189576287816 411.58538761828095 495.67424063174985 497.2049980312586 266.5338228503242 3.184732091084042 3.7036649793465526 -1892.5344218430535 0.08988356045237142 21.903424892268472 -4202.711442385892 3.767123237735602e-05 0.004432891806521236 0.14217649598471857
0.7051441360787798 -2.908965085049241 0.2606023917472561 416.3190949559212 494.8261709106155 513.6341655477881 265.2517932225019 3.184732091084042 3.7036649793465526 -1892.5344218430535 0.08988356045237142 21.903424892268472 -4202.711442385892 3.767123237735602e-05 0.004432891806521236 0.14217649598471857
0.7169292748433304 -2.8480752014324096 0.1911844595970555 421.0830217367038 494.0738480584696 529.2878149747849 264.10751342587173 3.184732091084042 3.7036649793465526 -1892.5344218430535 0.08988356045237142 21.903424892268472 -4202.711442385892 3.767123237735602e-05 0.004432891806521236 0.14217649598471857
0.7287144136078765 -2.7852211280214867 0.18534794999566473 425.8525205515325 493.4212604991626 544.0876420289278 263.0792292319238 3.184732091084042 3.7036649793465526 -1892.5344218430535 0.08988356045237142 21.903424892268472 -4202.711442385892 3.767123237735602e-05 0.004432891806521236 0.14217649598471857
0.7444279319606106 -2.721384959713519 0.24135549057545658 430.6044799294323 492.8720543901436 557.9677464589477 262.1467657824978 3.184732091084042 3.7036649793465526 -1892.5344218430535 0.08988356045237142 21.903424892268472 -4202.711442385892 3.767123237735602e-05 0.004432891806521236 0.14217649598471857
0.7522846911369777 -2.657548791405551 0.122461057417369 435.3173243198544 492.4295336196665 570.8746321499348 261.2915275786072 3.184732091084042 3.7036649793465526 -1892.5344218430535 0.08988356045237142 21.903424892268472 -4202.711442385892 3.767123237735602e-05 0.004432891806521236 0.14217649598471857
0.7601414503133447 -2.5927305282005384 0.12062366858013153 439.9710141187534 492.0966598056257 582.7672071605921 260.4964984720573 3.184732091084042 3.7036649793465526 -1892.5344218430535 0.08988356045237142 21.903424892268472 -4202.711442385892 3.767123237735602e-05 0.004432891806521236 0.14217649598471857
0.7640698299015283 -2.52693017009848 0.059630713131183524 444.54704564623535 491.87605229811743 593.6167836263776 259.746241687797 3.184732091084042 3.7036649793465526 -1892.5344218430535 0.08988356045237142 21.903424892268472 -4202.711442385892 3.767123237735602e-05 0.004432891806521236 0.14217649598471857
0.7640698299015238 -2.4621119068934663 6.283185307179517 449.0284511782229 491.769988178974 603.4070777967572 259.0268998146057 3.184732091084042 3.7036649793465526 -1892.5344218430535 0.08988356045237142 21.903424892268472 -4202.711442385892 3.767123237735602e-05 0.004432891806521236 0.14217649598471857
0.7719265890778908 -2.399257833482542 0.12435499454678549 453.39979889895767 491.780402260134 612.1342101469636 258.326194784604 3.184732091084042 3.7036649793465526 -1892.5344218430535 0.08988356045237142 21.903424892268472 -4202.711442385892 3.767123237735602e-05 0.004432891806521236 0.14217649598471857
0.7797833482542579 -2.3373858549686672 0.12630811706327183 457.64719295687973 491.90888708503917 619.8067051246762 257.633427914232 3.184732091084042 3.7036649793465526 -1892.5344218430535 0.08988356045237142 21.903424892268472 -4202.711442385892 3.767123237735602e-05 0.004432891806521236 0.14217649598471857
0.787640107430625 -2.2784601611459268 0.13255153229670133 461.75827340688556 492.15669292840175 626.445491425693 256.93947986885905 3.184732091084042 3.7036649793465526 -1892.5344218430535 0.08988356045237142 21.903424892268472 -4202.711442385892 3.767123237735602e-05 0.004432891806521236 0.14217649598471857
0.7915684870188084 -2.2234628469113695 0.0713074647853062 465.72221625968814 492.5247277948074 632.0839018002152 256.2368106720969 3.184732091084042 3.7036649793465526 -1892.5344218430535 0.08988356045237142 21.903424892268472 -4202.711442385892 3.767123237735602e-05 0.004432891806521236 0.14217649598471857
0.7954968666069875 -2.1694476275738586 0.07259945373042882 469.52973345760256 493.013557423139 636.7676732316613 255.51945971045643 3.184732091084042 3.7036649793465526 -1892.5344218430535 0.08988356045237142 21.903424892268472 -4202.711442385892 3.767123237735602e-05 0.004432891806521236 0.14217649598471857
0.7876401074306205 -2.1164145031333943 6.136106951791147 473.17307286709547 493.6234052798245 640.5549466386437 254.7830457398668 3.184732091084042 3.7036649793465526 -1892.5344218430535 0.08988356045237142 21.903424892268472 -4202.711442385892 3.767123237735602e-05 0.004432891806521236 0.14217649598471857
0.7729086839749356 -2.064363473589976 6.007379408591056 476.6460183095187 494.35415256372653 643.5162672698498 254.02476686891168 3.184732091084042 3.7036649793465526 -1892.5344218430535 0.08988356045237142 21.903424892268472 -4202.711442385892 3.767123237735602e-05 0.004432891806521236 0.14217649598471857
0.7424637421665211 -2.0132945389436 5.745598660520866 479.9438895210624 495.2053382061422 645.7345843762159 253.2434005709365 3.184732091084042 3.7036649793465526 -1892.5344218430535 0.08988356045237142 21.903424892268472 -4202.711442385892 3.767123237735602e-05 0.004432891806521236 0.14217649598471857
0.7041620411817395 -1.9681181736794997 5.579954666143829 483.0635421862826 496.1761588670779 647.305251352489 252.43930368777364 3.184732091084042 3.7036649793465526 -1892.5344218430535 0.08988356045237142 21.903424892268472 -4202.711442385892 3.767123237735602e-05 0.004432891806521236 0.14217649598471857
0.6619319606087789 -1.9278522829006275 5.473982117597102 486.00336792320013 497.26546894107014 648.3360257595778 251.6144123962149 3.184732091084042 3.7036649793465526 -1892.5344218430535 0.08988356045237142 21.903424892268472 -4202.711442385892 3.767123237735602e-05 0.004432891806521236 0.14217649598471857
0.612827215756496 -1.8915147717099388 5.349459309660364 488.76329428423196 498.47178054903634 648.947069235146 250.77224227413535 3.184732091084042 3.7036649793465526 -1892.5344218430535 0.08988356045237142 21.903424892268472 -4202.711442385892 3.767123237735602e-05 0.004432891806521236 0.14217649598471857
0.555865711727846 -1.8591056401074326 5.229676360712292 491.34478475525975 499.79326354851946 649.2709475979209 249.91788822971284 3.184732091084042 3.7036649793465526 -1892.5344218430535 0.08988356045237142 21.903424892268472 -4202.711442385892 3.767123237735602e-05 0.004432891806521236 0.14217649598471857
0.49497582811101704 -1.827678603401971 5.188856399858414 493.75083875562996 501.2277455236763 649.4526307433844 249.0580245377496 3.184732091084042 3.7036649793465526 -1892.5344218430535 0.08988356045237142 21.903424892268472 -4202.711442385892 3.767123237735602e-05 0.004432891806521236 0.14217649598471857
0.4232829006266822 -1.7962515666965095 5.125517812663087 495.9859916428104 502.77271179226227 649.6494926512241 248.2009048499167 3.184732091084042 3.7036649793465526 -1892.5344218430535 0.08988356045237142 21.903424892268472 -4202.711442385892 3.767123237735602e-05 0.004432891806521236 0.14217649598471857
0.3486436884512131 -1.7687529095792305 5.065379368211612 498.0563147198409 504.4253054012079 650.0313116014004 247.3563621547073 3.184732091084042 3.7036649793465526 -1892.5344218430535 0.08988356045237142 21.903424892268472 -4202.711442385892 3.767123237735602e-05 0.004432891806521236 0.14217649598471857
0.2740044762757395 -1.745182632050135 5.018267851789526 499.96941520180553 506.1823271315079 650.7802698165178 246.53580882772803 3.184732091084042 3.7036649793465526 -1892.5344218430535 0.08988356045237142 21.903424892268472 -4202.711442385892 3.767123237735602e-05 0.004432891806521236 0.14217649598471857
0.1924905998209481 -1.7216123545210382 4.993868278912736 501.73443626239896 508.04023549170233 652.0909537002444 245.75223658699542 3.184732091084042 3.7036649793465526 -1892.5344218430535 0.08988356045237142 21.903424892268472 -4202.711442385892 3.767123237735602e-05 0.004432891806521236 0.14217649598471857
0.11883348254252821 -1.7009883616830803 4.985397683471405 503.362056995742 509.99514672579244 654.1703538298607 245.02021652180701 3.184732091084042 3.7036649793465526 -1892.5344218430535 0.08988356045237142 21.903424892268472 -4202.711442385892 3.767123237735602e-05 0.004432891806521236 0.14217649598471857
0.04223008057296508 -1.6784001790510306 4.999134384516619 504.86449244618416 512.0428348043934 657.2378648221493 244.3558990797028 3.184732091084042 3.7036649793465526 -1892.5344218430535 0.08988356045237142 21.903424892268472 -4202.711442385892 3.767123237735602e-05 0.004432891806521236 0.14217649598471857
-0.03731960608773233 -1.6538478066248892 5.0117552144420445 506.25549356173724 514.1787314324174 661.5252855345607 243.77701405342668 3.184732091084042 3.7036649793465526 -1892.5344218430535 0.08988356045237142 21.903424892268472 -4202.711442385892 3.767123237735602e-05 0.004432891806521236 0.14217649598471857
-0.12472605192480125 -1.6263491495076101 5.034139534781332 507.5503472741693 516.3979260453489 667.2768188416958 243.30287063773721 3.184732091084042 3.7036649793465526 -1892.5344218430535 0.08988356045237142 21.903424892268472 -4202.711442385892 3.767123237735602e-05 0.004432891806521236 0.14217649598471857
-0.2140966875559597 -1.5978683974932872 5.037506525424825 508.7658764068037 518.6951658071484 674.7490717992187 242.95435734651983 3.184732091084042 3.7036649793465526 -1892.5344218430535 0.08988356045237142 21.903424892268472 -4202.711442385892 3.767123237735602e-05 0.004432891806521236 0.14217649598471857
-0.29953894359892574 -1.571351835273055 5.0306059805834815 509.9204397406429 521.0648556167725 684.2110556066036 242.75394207332283 3.184732091084042 3.7036649793465526 -1892.5344218430535 0.08988356045237142 21.903424892268472 -4202.711442385892 3.767123237735602e-05 0.004432891806521236 0.14217649598471857
-0.3810528200537171 -1.545817367949868 5.034139534781341 511.03393198829144 523.5010581025854 695.944185487926 242.72567207179964 3.184732091084042 3.7036649793465526 -1892.5344218430535 0.08988356045237142 21.903424892268472 -4202.711442385892 3.767123237735602e-05 0.004432891806521236 0.14217649598471857
-0.46944136078782633 -1.517336615935544 5.040942150936134 512.1277837986127 525.9974936218932 710.2422809228301 242.89517396036536 3.209901327428019 3.737728712032148 -1913.74896567917 0.13624478906103324 22.06190660922184 -4282.925468316776 5.7101755683584875e-05 0.004465604285085982 0.12207519717975875
-0.5568478066248909 -1.4908200537153096 5.023759284782605 513.2249617474154 528.5475402704906 727.411565490067 243.2896537212655 3.209901327428019 3.737728712032148 -1913.74896567917 0.13624478906103324 22.06190660922184 -4282.925468316776 5.7101755683584875e-05 0.004465604285085982 0.12207519717975875
-0.6403258728737673 -1.467249776186214 5.004950746788547 514.3499683560804 531.1442338647321 747.7706667929888 243.9378966782242 3.209901327428019 3.737728712032148 -1913.74896567917 0.13624478906103324 22.06190660922184 -4282.925468316776 5.7101755683584875e-05 0.004465604285085982 0.12207519717975875
-0.7257681289167423 -1.4426974037600726 5.009233653761095 515.5288420775905 533.7802679592278 771.6506166756153 244.8702675336972 3.209901327428019 3.737728712032148 -1913.74896567917 0.13624478906103324 22.06190660922184 -4282.925468316776 5.7101755683584875e-05 0.004465604285085982 0.12207519717975875
-0.8102282900626679 -1.4201092211280217 4.990688639389796 516.7891572955996 536.4479938400909 799.3948510438204 246.11871035490185 3.209901327428019 3.737728712032148 -1913.74896567917 0.13624478906103324 22.06190660922184 -4282.925468316776 5.7101755683584875e-05 0.004465604285085982 0.12207519717975875
-0.8946884512085981 -1.4014494180841546 4.946132161253589 518.1600243393332 539.1394205195829 831.3592099174857 247.7167485486716 3.209901327428019 3.737728712032148 -1913.74896567917 0.13624478906103324 22.06190660922184 -4282.925468316776 5.7101755683584875e-05 0.004465604285085982 0.12207519717975875
-0.9742381378692955 -1.3857358997314249 4.9074092477896025 519.6720894584432 541.8462147458922 867.9119375273585 249.69948491454124 3.209901327428019 3.737728712032148 -1913.74896567917 0.13624478906103324 22.06190660922184 -4282.925468316776 5.7101755683584875e-05 0.004465604285085982 0.12207519717975875
