25 -1.7716991942703726 2.5711244404655322 3.117500930164894 -1.9072282900626751 0.42328290062667884
-1.7716991942703726 2.5711244404655322 3.117500930164894 829.2210256410273 605.6355270655266 557.293162393164 261.4198717948466 4.149431455202802 4.86380394515639 -2428.2959889725794 -0.13431681985832147 24.756887753486616 -3129.578565096301 -5.1694137235143154e-05 0.005882028416650112 0.2650290748078052
-1.7648245299910503 2.4876463742166517 3.0594251312280614 821.2781939799338 605.3024761550845 558.4718691936095 263.0687012262897 4.149431455202802 4.86380394515639 -2428.2959889725794 -0.13431681985832147 24.756887753486616 -3129.578565096301 -5.1694137235143154e-05 0.005882028416650112 0.2650290748078052
-1.7579498657117325 2.399257833482542 3.06397114485242 812.7794334650862 605.1928170219472 558.8648761866162 272.1053841086323 4.149431455202802 4.86380394515639 -2428.2959889725794 -0.13431681985832147 24.756887753486616 -3129.578565096301 -5.1694137235143154e-05 0.005882028416650112 0.2650290748078052
-1.754021486123549 2.304976723366161 3.0999500744911943 803.9028752407011 605.2535401957139 558.5954156954166 286.73111634741144 4.149431455202802 4.86380394515639 -2428.2959889725794 -0.13431681985832147 24.756887753486616 -3129.578565096301 -5.1694137235143154e-05 0.005882028416650112 0.2650290748078052
-1.7510752014324147 2.206767233661595 3.1116016487329428 794.8069321982364 605.4377110007542 557.7768487551103 305.3183465085558 4.149431455202802 4.86380394515639 -2428.2959889725794 -0.13431681985832147 24.756887753486616 -3129.578565096301 -5.1694137235143154e-05 0.005882028416650112 0.2650290748078052
-1.7569677708146876 2.106593554162939 3.200348476305507 785.6302989763856 605.7044695562084 556.5126651126657 326.41077581838 4.149431455202802 4.86380394515639 -2428.2959889725794 -0.13431681985832147 24.756887753486616 -3129.578565096301 -5.1694137235143154e-05 0.005882028416650112 0.2650290748078052
-1.767770814682189 2.0034735899731437 3.2459738065401136 776.491951961082 606.019030775987 554.8964832269189 348.72335816356735 4.149431455202802 4.86380394515639 -2428.2959889725794 -0.13431681985832147 24.756887753486616 -3129.578565096301 -5.1694137235143154e-05 0.005882028416650112 0.2650290748078052
-1.782502238137874 1.903299910474486 3.287604911301068 767.4911492854966 606.3526843687711 553.0120502685728 371.14230009120456 4.149431455202802 4.86380394515639 -2428.2959889725794 -0.13431681985832147 24.756887753486616 -3129.578565096301 -5.1694137235143154e-05 0.005882028416650112 0.2650290748078052
-1.7942873769024155 1.8031262309758296 3.2587013981565964 758.7074308300395 606.6827948380119 550.9332421201996 392.7250608087479 4.149431455202802 4.86380394515639 -2428.2959889725794 -0.13431681985832147 24.756887753486616 -3129.578565096301 -5.1694137235143154e-05 0.005882028416650112 0.2650290748078052
-1.8011620411817333 1.7078630259624004 3.213632718976602 750.2006182223572 606.9928014819316 548.7240633762385 412.70035218404064 4.149431455202802 4.86380394515639 -2428.2959889725794 -0.13431681985832147 24.756887753486616 -3129.578565096301 -5.1694137235143154e-05 0.005882028416650112 0.2650290748078052
-1.7982157564905992 1.6155461056401086 3.1096885891048 742.0108148373362 607.2722183935223 546.4386473429962 430.4681387453029 4.149431455202802 4.86380394515639 -2428.2959889725794 -0.13431681985832147 24.756887753486616 -3129.578565096301 -5.1694137235143154e-05 0.005882028416650112 0.2650290748078052
-1.7903589973142364 1.5291217547000902 3.0509327663890797 734.1584057971007 607.5166344605469 544.1212560386487 445.59963768114903 4.149431455202802 4.86380394515639 -2428.2959889725794 -0.13431681985832147 24.756887753486616 -3129.578565096301 -5.1694137235143154e-05 0.005882028416650112 0.2650290748078052
-1.7864306177260485 1.452518352730528 3.090355486186305 726.644057971014 607.7277133655389 541.8062801932381 457.83731884057033 4.149431455202802 4.86380394515639 -2428.2959889725794 -0.13431681985832147 24.756887753486616 -3129.578565096301 -5.1694137235143154e-05 0.005882028416650112 0.2650290748078052
-1.7874127126230976 1.3808254252461967 3.155290426962709 719.4487199756758 607.9131935858018 539.518239248675 467.0949047329368 4.149431455202802 4.86380394515639 -2428.2959889725794 -0.13431681985832147 24.756887753486616 -3129.578565096301 -5.1694137235143154e-05 0.005882028416650112 0.2650290748078052
-1.7942873769024155 1.3091324977618628 3.2371907722536077 712.5336221749267 608.0868883934095 537.2717813587391 473.4573705280154 4.149431455202802 4.86380394515639 -2428.2959889725794 -0.13431681985832147 24.756887753486616 -3129.578565096301 -5.1694137235143154e-05 0.005882028416650112 0.2650290748078052
-1.7991978513876439 1.2374395702775303 3.209978997180297 705.8402766798412 608.268685855207 535.0716833890759 477.18094405593547 4.149431455202802 4.86380394515639 -2428.2959889725794 -0.13431681985832147 24.756887753486616 -3129.578565096301 -5.1694137235143154e-05 0.005882028416650112 0.2650290748078052
-1.804108325872872 1.1667287376902435 3.2109257872780024 699.2904773487379 608.4845488328092 532.9128509171998 478.6931058072305 4.149431455202802 4.86380394515639 -2428.2959889725794 -0.13431681985832147 24.756887753486616 -3129.578565096301 -5.1694137235143154e-05 0.005882028416650112 0.2650290748078052
-1.8100008952551496 1.093071620411818 3.2214226393020775 692.7862997871692 608.7665149826014 530.7803182324935 478.5925889327982 4.149431455202802 4.86380394515639 -2428.2959889725794 -0.13431681985832147 24.756887753486616 -3129.578565096301 -5.1694137235143154e-05 0.005882028416650112 0.2650290748078052
-1.818839749328557 1.0203965980304397 3.26261987339895 686.2101013479275 609.1526967557397 528.6492483362057 477.6493792439396 4.149431455202802 4.86380394515639 -2428.2959889725794 -0.13431681985832147 24.756887753486616 -3129.578565096301 -5.1694137235143154e-05 0.005882028416650112 0.2650290748078052
-1.8276786034019687 0.9398648164726975 3.2509111874777066 679.4245211310426 609.6872813981504 526.4849329414554 476.8047152123254 4.149431455202802 4.86380394515639 -2428.2959889725794 -0.13431681985832147 24.756887753486616 -3129.578565096301 -5.1694137235143154e-05 0.005882028416650112 0.2650290748078052
-1.8404458370635641 0.8593330349149519 3.2988207045663804 672.2724799837839 610.4205309505304 524.2427924732281 477.17108796999946 4.149431455202802 4.86380394515639 -2428.2959889725794 -0.13431681985832147 24.756887753486616 -3129.578565096301 -5.1694137235143154e-05 0.005882028416650112 0.2650290748078052
-1.8581235452103833 0.7768370635631169 3.352685986812509 664.5771805006583 611.4087822483473 521.8683760683767 480.0322413094136 4.149431455202802 4.86380394515639 -2428.2959889725794 -0.13431681985832147 24.756887753486616 -3129.578565096301 -5.1694137235143154e-05 0.005882028416650112 0.2650290748078052
-1.8767833482542517 0.6894306177260524 3.3519185272548584 656.1421070234105 612.7144469218377 519.2973615756238 486.8431716833884 4.149431455202802 4.86380394515639 -2428.2959889725794 -0.13431681985832147 24.756887753486616 -3129.578565096301 -5.1694137235143154e-05 0.005882028416650112 0.2650290748078052
-1.8895505819158471 0.5990778871978515 3.281967639354145 646.7510256410249 614.4060113960107 516.4555555555567 499.23012820512577 4.149431455202802 4.86380394515639 -2428.2959889725794 -0.13431681985832147 24.756887753486616 -3129.578565096301 -5.1694137235143154e-05 0.005882028416650112 0.2650290748078052
-1.8983894359892632 0.5116714413607881 3.2423736526745217 636.1679841897219 616.5580368906449 513.2588932806339 518.990612648211 4.149431455202802 4.86380394515639 -2428.2959889725794 -0.13431681985832147 24.756887753486616 -3129.578565096301 -5.1694137235143154e-05 0.005882028416650112 0.2650290748078052
-1.9072282900626751 0.42328290062667884 3.241261306080965 636.9269488163982 614.5471437770517 542.1238591538186 611.4468837276272 4.149431455202802 4.86380394515639 -2428.2959889725794 -0.13431681985832147 24.756887753486616 -3129.578565096301 -5.1694137235143154e-05 0.005882028416650112 0.2650290748078052
-1.9209776186213108 0.33882273948075203 3.3029677640104427 628.9260133017357 615.403404667887 533.5797619387859 560.3490771620054 4.149431455202802 4.86380394515639 -2428.2959889725794 -0.13431681985832147 24.756887753486616 -3129.578565096301 -5.1694137235143154e-05 0.005882028416650112 0.2650290748078052
-1.9268701880035883 0.25436257833482634 3.211247227318404 620.867496412984 616.3686995776405 526.5773922530425 512.9151743489547 4.149431455202802 4.86380394515639 -2428.2959889725794 -0.13431681985832147 24.756887753486616 -3129.578565096301 -5.1694137235143154e-05 0.005882028416650112 0.2650290748078052
-1.9416016114592687 0.17186660698299128 3.3183015096597774 612.7786759774968 617.4347720961323 521.0143981730371 468.9878516524168 4.149431455202802 4.86380394515639 -2428.2959889725794 -0.13431681985832147 24.756887753486616 -3129.578565096301 -5.1694137235143154e-05 0.005882028416650112 0.2650290748078052
-1.9553509400179043 0.09624529991047516 3.3214461533822246 604.685913805914 618.593545813008 516.7909637503217 428.41287949123944 4.149431455202802 4.86380394515639 -2428.2959889725794 -0.13431681985832147 24.756887753486616 -3129.578565096301 -5.1694137235143154e-05 0.005882028416650112 0.2650290748078052
-1.9779391226499607 0.02258818263204969 3.439154378327672 596.614655692163 619.8371243177378 513.8098090115445 391.03912233918527 4.149431455202802 4.86380394515639 -2428.2959889725794 -0.13431681985832147 24.756887753486616 -3129.578565096301 -5.1694137235143154e-05 0.005882028416650112 0.2650290748078052
-1.9965989256938246 -0.048122649955237025 3.399599895453703 588.5894314134572 621.1577911996177 511.97618995845824 356.71853872493557 4.149431455202802 4.86380394515639 -2428.2959889725794 -0.13431681985832147 24.756887753486616 -3129.578565096301 -5.1694137235143154e-05 0.005882028416650112 0.2650290748078052
-2.017222918531787 -0.11490510295434132 3.441124642659767 580.6338547302978 622.5480100477687 511.19789856791976 325.3061812320848 4.149431455202802 4.86380394515639 -2428.2959889725794 -0.13431681985832147 24.756887753486616 -3129.578565096301 -5.1694137235143154e-05 0.005882028416650112 0.2650290748078052
-2.0407931960608794 -0.17775917636526323 3.5003633238603165 572.7706233864726 624.0004244511367 511.3852627918777 296.66019649915324 4.149431455202802 4.86380394515639 -2428.2959889725794 -0.13431681985832147 24.756887753486616 -3129.578565096301 -5.1694137235143154e-05 0.005882028416650112 0.2650290748078052
-2.203820948970462 -0.28775380483437735 4.309107498665866 565.0215191090558 625.5078579984931 512.4511465573887 270.641825219549 4.149431455202802 4.86380394515639 -2428.2959889725794 -0.13431681985832147 24.756887753486616 -3129.578565096301 -5.1694137235143154e-05 0.005882028416650112 0.2650290748078052
-2.3717591763652686 -0.3957842435094009 4.331882603272322 557.4074076084105 627.0633142784345 514.3109497666119 247.11540214163324 4.149431455202802 4.86380394515639 -2428.2959889725794 -0.13431681985832147 24.756887753486616 -3129.578565096301 -5.1694137235143154e-05 0.005882028416650112 0.2650290748078052
-2.539697403760071 -0.5047967770814703 4.3263332706699344 549.9482385781846 628.6599768793826 516.8826082968017 225.94835606864217 4.149431455202802 4.86380394515639 -2428.2959889725794 -0.13431681985832147 24.756887753486616 -3129.578565096301 -5.1694137235143154e-05 0.005882028416650112 0.2650290748078052
-2.7145102954342 -0.6118451208594468 4.3522660458944324 542.6630456953135 630.2912093895843 520.0865940003232 207.01120985876514 4.149431455202802 4.86380394515639 -2428.2959889725794 -0.13431681985832147 24.756887753486616 -3129.578565096301 -5.1694137235143154e-05 0.005882028416650112 0.2650290748078052
-2.878520143240823 -0.7247860340196963 4.2947792788780355 535.5699466200209 631.9505553971117 523.845914704626 190.1775804250774 3.1905164285132224 3.723716391954108 -1897.75660014397 0.08953531780566215 21.973763713301793 -4166.251889167488 3.752527988502195e-05 0.004468503704309255 0.14551623926473425
-3.048422560429719 -0.8367448522829023 4.314436172936343 528.6861429958163 633.6317384898618 528.0861142122776 175.32417873558916 3.1905164285132224 3.723716391954108 -1897.75660014397 0.08953531780566215 21.973763713301793 -4166.251889167488 3.752527988502195e-05 0.004468503704309255 0.14551623926473425
-3.2134145031333916 -0.948703670546107 4.3027428717598575 522.0279204494962 635.3286622555572 532.735272300939 162.33080981321473 3.1905164285132224 3.723716391954108 -1897.75660014397 0.08953531780566215 21.973763713301793 -4166.251889167488 3.752527988502195e-05 0.004468503704309255 0.14551623926473425
-3.382334825425243 -1.059680393912267 4.317597860684926 515.6106485911436 637.0354102817458 537.72400472337 151.08037273578702 3.1905164285132224 3.723716391954108 -1897.75660014397 0.08953531780566215 21.973763713301793 -4166.251889167488 3.752527988502195e-05 0.004468503704309255 0.14551623926473425
-3.549290957923005 -1.16967502238138 4.318520369648332 509.4487810141296 638.7462461558001 542.9854632074412 141.45886063604848 3.1905164285132224 3.723716391954108 -1897.75660014397 0.08953531780566215 21.973763713301793 -4166.251889167488 3.752527988502195e-05 0.004468503704309255 0.14551623926473425
-3.72017547000895 -1.2786875559534483 4.332974305895381 503.55585529511177 640.4556134649182 548.4553354561122 133.3553607016711 3.1905164285132224 3.723716391954108 -1897.75660014397 0.08953531780566215 21.973763713301793 -4166.251889167488 3.752527988502195e-05 0.004468503704309255 0.14551623926473425
-3.754548791405548 -1.3385953446732337 3.6625024344380073 497.9444929940354 642.1581357961234 554.0718451474531 126.66205417523088 3.1905164285132224 3.723716391954108 -1897.75660014397 0.08953531780566215 21.973763713301793 -4166.251889167488 3.752527988502195e-05 0.004468503704309255 0.14551623926473425
-3.79088630259624 -1.398503133393018 3.6868198091271074 492.6263996541302 643.8486167362639 559.775751934626 121.27421635422797 3.1905164285132224 3.723716391954108 -1897.75660014397 0.08953531780566215 21.973763713301793 -4166.251889167488 3.752527988502195e-05 0.004468503704309255 0.14551623926473425
-3.826241718889883 -1.460375111906894 3.660738767836308 487.61236480191593 645.5220398720132 565.510351445906 117.09021659106111 3.1905164285132224 3.723716391954108 -1897.75660014397 0.08953531780566215 21.973763713301793 -4166.251889167488 3.752527988502195e-05 0.004468503704309255 0.14551623926473425
-3.868471799462848 -1.5202829006266794 3.755611690597752 482.912261947198 647.1735687898708 571.2214752846548 114.01151829306036 3.1905164285132224 3.723716391954108 -1897.75660014397 0.08953531780566215 21.973763713301793 -4166.251889167488 3.752527988502195e-05 0.004468503704309255 0.14551623926473425
-3.917576544315131 -1.571351835273054 3.9073854861300323 478.53504858306815 648.7985470761599 576.8574910293519 111.94267892245807 3.1905164285132224 3.723716391954108 -1897.75660014397 0.08953531780566215 21.973763713301793 -4166.251889167488 3.752527988502195e-05 0.004468503704309255 0.14551623926473425
-3.956860340196948 -1.6175102954341993 3.84670400170412 474.4887661859069 650.3924983170299 582.3693022335638 110.79134999641792 3.1905164285132224 3.723716391954108 -1897.75660014397 0.08953531780566215 21.973763713301793 -4166.251889167488 3.752527988502195e-05 0.004468503704309255 0.14551623926473425
-3.994179946284685 -1.6587582811101174 3.877032421265317 470.7805402153783 651.951126098455 587.7103484259651 110.46827708700039 3.1905164285132224 3.723716391954108 -1897.75660014397 0.08953531780566215 21.973763713301793 -4166.251889167488 3.752527988502195e-05 0.004468503704309255 0.14551623926473425
-4.031499552372422 -1.7000062667860343 3.8770324212653304 467.4165801144389 653.4703140062348 592.836605110323 110.8872998212064 3.1905164285132224 3.723716391954108 -1897.75660014397 0.08953531780566215 21.973763713301793 -4166.251889167488 3.752527988502195e-05 0.004468503704309255 0.14551623926473425
-4.065872873769016 -1.7422363473589983 3.8247840988799164 464.4021793093267 654.9461256259943 597.7065837655246 111.96535188092457 3.1905164285132224 3.723716391954108 -1897.75660014397 0.08953531780566215 21.973763713301793 -4166.251889167488 3.752527988502195e-05 0.004468503704309255 0.14551623926473425
-4.093371530886301 -1.784466427931961 3.718784867463363 461.7417152095683 656.374804543183 602.2813318455374 113.62246100297307 3.1905164285132224 3.723716391954108 -1897.75660014397 0.08953531780566215 21.973763713301793 -4166.251889167488 3.752527988502195e-05 0.004468503704309255 0.14551623926473425
-4.118905998209491 -1.8276786034019699 3.6753008452291183 459.4386492079801 657.7527743430762 606.5244327794453 115.78174897908502 3.1905164285132224 3.723716391954108 -1897.75660014397 0.08953531780566215 21.973763713301793 -4166.251889167488 3.752527988502195e-05 0.004468503704309255 0.14551623926473425
-4.137565801253355 -1.8728549686660716 3.533292593027139 457.4955266806622 659.0766386107744 610.4020059714194 118.36943165590492 3.1905164285132224 3.723716391954108 -1897.75660014397 0.08953531780566215 21.973763713301793 -4166.251889167488 3.752527988502195e-05 0.004468503704309255 0.14551623926473425
-4.156225604297223 -1.9141029543419885 3.5664248165091594 455.9139769870036 660.3431809312021 613.8827068007422 121.3148189349904 3.1905164285132224 3.723716391954108 -1897.75660014397 0.08953531780566215 21.973763713301793 -4166.251889167488 3.752527988502195e-05 0.004468503704309255 0.14551623926473425
-4.174885407341091 -1.951422560429723 3.6052402625906232 454.6947134696779 661.5493648891113 616.9377266217962 124.55031477283228 3.1905164285132224 3.723716391954108 -1897.75660014397 0.08953531780566215 21.973763713301793 -4166.251889167488 3.752527988502195e-05 0.004468503704309255 0.14551623926473425
-4.195509400179054 -1.9838316920322294 3.708321871113384 453.8375334546464 662.6923340690771 619.540792764059 128.01141718080908 3.1905164285132224 3.723716391954108 -1897.75660014397 0.08953531780566215 21.973763713301793 -4166.251889167488 3.752527988502195e-05 0.004468503704309255 0.14551623926473425
-4.228900626678603 -2.0083840644583706 4.078366260721216 453.3413182511615 663.7694120555003 621.6681685321191 131.63671822523975 3.1905164285132224 3.723716391954108 -1897.75660014397 0.08953531780566215 21.973763713301793 -4166.251889167488 3.752527988502195e-05 0.004468503704309255 0.14551623926473425
-4.267202327663385 -2.0240975828111027 4.323072258551527 453.20403315175696 664.7781024326077 623.2986532056539 135.36790402733277 3.1905164285132224 3.723716391954108 -1897.75660014397 0.08953531780566215 21.973763713301793 -4166.251889167488 3.752527988502195e-05 0.004468503704309255 0.14551623926473425
-4.300593554162933 -2.028025962399285 4.595280235817819 453.4227274322551 665.7160887844504 624.4135820394504 139.14975476323343 3.1905164285132224 3.723716391954108 -1897.75660014397 0.08953531780566215 21.973763713301793 -4166.251889167488 3.752527988502195e-05 0.004468503704309255 0.14551623926473425
-4.332020590868392 -2.0191871083258746 4.986556431504357 453.99353435176806 666.5812346949049 624.9968262633984 142.93014466400018 3.1905164285132224 3.723716391954108 -1897.75660014397 0.08953531780566215 21.973763713301793 -4166.251889167488 3.752527988502195e-05 0.004468503704309255 0.14551623926473425
-4.360501342882717 -1.9965989256938235 5.382910538365238 454.9116711526916 667.3715837476734 625.034793082481 146.66004201559554 3.1905164285132224 3.723716391954108 -1897.75660014397 0.08953531780566215 21.973763713301793 -4166.251889167488 3.752527988502195e-05 0.004468503704309255 0.14551623926473425
-4.391928379588177 -1.959279319606089 5.583292437460365 456.1714390607102 668.0853595262827 624.5164256767866 150.2935091589061 3.1905164285132224 3.723716391954108 -1897.75660014397 0.08953531780566215 21.973763713301793 -4166.251889167488 3.752527988502195e-05 0.004468503704309255 0.14551623926473425
-4.417462846911363 -1.9082103849597154 5.819537698178789 457.76622328479345 668.7209656140845 623.43320320151 153.78770248972432 3.1905164285132224 3.723716391954108 -1897.75660014397 0.08953531780566215 21.973763713301793 -4166.251889167488 3.752527988502195e-05 0.004468503704309255 0.14551623926473425
-4.437104744852281 -1.8473205013428842 5.971143185616989 459.688493017199 669.2769855942566 621.7791407869354 157.1028724587759 3.1905164285132224 3.723716391954108 -1897.75660014397 0.08953531780566215 21.973763713301793 -4166.251889167488 3.752527988502195e-05 0.004468503704309255 0.14551623926473425
-4.449871978513876 -1.7815201432408247 6.091536810492884 461.9298014334735 669.7521830498018 619.5507895384544 160.20236357168324 3.1905164285132224 3.723716391954108 -1897.75660014397 0.08953531780566215 21.973763713301793 -4166.251889167488 3.752527988502195e-05 0.004468503704309255 0.14551623926473425
-4.45281826320501 -1.7127735004476274 6.240354374510899 464.4807856924474 670.1455015635471 616.7472365365584 163.05261438898924 3.1905164285132224 3.723716391954108 -1897.75660014397 0.08953531780566215 21.973763713301793 -4166.251889167488 3.752527988502195e-05 0.004468503704309255 0.14551623926473425
-4.4439794091315985 -1.6459910474485242 0.13158814145793682 467.3311669362387 670.4560647181461 613.3701048368475 165.62315752615905 3.1905164285132224 3.723716391954108 -1897.75660014397 0.08953531780566215 21.973763713301793 -4166.251889167488 3.752527988502195e-05 0.004468503704309255 0.14551623926473425
-4.432194270367057 -1.5821548791405564 0.18255985313081208 470.46975029025555 670.6831760960766 609.4235534700147 167.8866196535655 3.1905164285132224 3.723716391954108 -1897.75660014397 0.08953531780566215 21.973763713301793 -4166.251889167488 3.752527988502195e-05 0.004468503704309255 0.14551623926473425
-4.420409131602506 -1.5183187108325888 0.18255985313094739 473.8844248631901 670.8263192796416 604.9142774418524 169.81872149650007 3.1905164285132224 3.723716391954108 -1897.75660014397 0.08953531780566215 21.973763713301793 -4166.251889167488 3.752527988502195e-05 0.004468503704309255 0.14551623926473425
-4.408623992837955 -1.4574288272157574 0.1911844595970555 477.56216374702046 670.8851578509701 599.8515077332613 171.39827783516557 3.1905164285132224 3.723716391954108 -1897.75660014397 0.08953531780566215 21.973763713301793 -4166.251889167488 3.752527988502195e-05 0.004468503704309255 0.14551623926473425
-4.401749328558638 -1.4014494180841546 0.12219517069132266 481.48902401701315 670.8595353920159 594.2470113002364 172.60719750468706 3.1905164285132224 3.723716391954108 -1897.75660014397 0.08953531780566215 21.973763713301793 -4166.251889167488 3.752527988502195e-05 0.004468503704309255 0.14551623926473425
-4.390946284691132 -1.349398388540735 0.20464180982984542 485.65014673172175 670.7494754845569 588.1150910738743 173.43048339510278 3.1905164285132224 3.723716391954108 -1897.75660014397 0.08953531780566215 21.973763713301793 -4166.251889167488 3.752527988502195e-05 0.004468503704309255 0.14551623926473425
-4.381125335720675 -1.2983294538943593 0.18998828791871006 490.029756932988 670.5551817101982 581.4725859603823 173.85623245136048 3.1905164285132224 3.723716391954108 -1897.75660014397 0.08953531780566215 21.973763713301793 -4166.251889167488 3.752527988502195e-05 0.004468503704309255 0.14551623926473425
-4.371304386750223 -1.2482426141450316 0.19362199285586287 494.6111636459393 670.2770376503686 574.3388708410603 173.87563567332109 3.1905164285132224 3.723716391954108 -1897.75660014397 0.08953531780566215 21.973763713301793 -4166.251889167488 3.752527988502195e-05 0.004468503704309255 0.14551623926473425
-4.359519247985677 -1.1991378692927488 0.23554498072082894 499.37675987899024 669.9156068863222 566.7358565723061 173.48297811578232 3.1905164285132224 3.723716391954108 -1897.75660014397 0.08953531780566215 21.973763713301793 -4166.251889167488 3.752527988502195e-05 0.004468503704309255 0.14551623926473425
-4.343805729632943 -1.1510152193375118 0.31561566203883473 504.30802262384213 669.4716329991393 558.6879899856294 172.67563888842415 3.1905164285132224 3.723716391954108 -1897.75660014397 0.08953531780566215 21.973763713301793 -4166.251889167488 3.752527988502195e-05 0.004468503704309255 0.14551623926473425
-4.333984780662487 -1.1028925693822746 0.22082876972933166 509.3855128554811 668.9460395697242 550.2222538876276 171.45409115587972 3.1905164285132224 3.723716391954108 -1897.75660014397 0.08953531780566215 21.973763713301793 -4166.251889167488 3.752527988502195e-05 0.004468503704309255 0.14551623926473425
-4.319253357206797 -1.0557520143240846 0.32175055439672035 514.5888755321855 668.3399301788069 541.3681670600126 169.82190213765716 3.1905164285132224 3.723716391954108 -1897.75660014397 0.08953531780566215 21.973763713301793 -4166.251889167488 3.752527988502195e-05 0.004468503704309255 0.14551623926473425
-4.304521933751117 -1.010575649059983 0.3347368373166997 519.8968395955166 667.654588406943 532.157784259588 167.78573310820866 3.1905164285132224 3.723716391954108 -1897.75660014397 0.08953531780566215 21.973763713301793 -4166.251889167488 3.752527988502195e-05 0.004468503704309255 0.14551623926473425
-4.285862130707248 -0.9653992837958826 0.4101273405414892 525.2872179703223 666.8914778345127 522.6256962182642 165.35533939690504 3.1905164285132224 3.723716391954108 -1897.75660014397 0.08953531780566215 21.973763713301793 -4166.251889167488 3.752527988502195e-05 0.004468503704309255 0.14551623926473425
-4.265238137869295 -0.9221871083258738 0.4636476090007751 530.736907564742 666.0522420417208 512.8090296430537 162.54357038799026 3.1744864466431952 3.6484295769883284 -1867.725589119228 0.044271382669290836 21.644648121568025 -4033.0615112940595 1.8554644873969527e-05 0.004386287143800885 0.17910575033240866
-4.246578334825422 -0.8887958818263205 0.5317240672588933 536.2218892701961 665.1387046085993 502.7474472160575 159.36636952067602 3.1744864466431952 3.6484295769883284 -1867.725589119228 0.044271382669290836 21.644648121568025 -4033.0615112940595 1.8554644873969527e-05 0.004386287143800885 0.17910575033240866
-4.230864816472697 -0.8603151298119968 0.5302157727765867 541.717227961396 664.1528691150036 492.4831475944884 155.8427742890526 3.1744864466431952 3.6484295769883284 -1867.725589119228 0.044271382669290836 21.644648121568025 -4033.0615112940595 1.8554644873969527e-05 0.004386287143800885 0.17910575033240866
-4.210240823634739 -0.837726947179947 0.7631795980706978 547.1970724963418 663.0969191406139 482.06086541066543 151.99491624216353 3.1744864466431952 3.6484295769883284 -1867.725589119228 0.044271382669290836 21.644648121568025 -4033.0615112940595 1.8554644873969527e-05 0.004386287143800885 0.17910575033240866
-4.193545210384965 -0.8161208594449432 0.6857295109062271 552.6346557163104 661.9732182649378 471.52787127199827 147.8480209839181 3.1744864466431952 3.6484295769883284 -1867.725589119228 0.044271382669290836 21.644648121568025 -4033.0615112940595 1.8554644873969527e-05 0.004386287143800885 0.17910575033240866
-4.183724261414508 -0.7945147717099394 0.46364760900078544 558.0022944458792 660.7843100673067 460.9339717610028 143.43040817316978 3.1744864466431952 3.6484295769883284 -1867.725589119228 0.044271382669290836 21.644648121568025 -4033.0615112940595 1.8554644873969527e-05 0.004386287143800885 0.17910575033240866
-4.1699749328558635 -0.7719265890778886 0.5467888408894073 563.2713894929032 659.5329181268769 450.33150943529745 138.77349152370152 3.1744864466431952 3.6484295769883284 -1867.725589119228 0.044271382669290836 21.644648121568025 -4033.0615112940595 1.8554644873969527e-05 0.004386287143800885 0.17910575033240866
-4.15229722470904 -0.7483563115487919 0.6435011087933147 568.4124256485303 658.2219460226295 439.7753628275841 133.91177880417308 3.1744864466431952 3.6484295769883284 -1867.725589119228 0.044271382669290836 21.644648121568025 -4033.0615112940595 1.8554644873969527e-05 0.004386287143800885 0.17910575033240866
-4.127744852282898 -0.7247860340196952 0.8058034940839675 573.3949716871902 656.8544773333731 429.3229464456954 128.88287183819375 3.1744864466431952 3.6484295769883284 -1867.725589119228 0.044271382669290836 21.644648121568025 -4033.0615112940595 1.8554644873969527e-05 0.004386287143800885 0.17910575033240866
-4.102210384959717 -0.7031799462846914 0.8685393952858014 578.1876803666026 655.433775637739 419.03421077254825 123.72746650426416 3.1744864466431952 3.6484295769883284 -1867.725589119228 0.044271382669290836 21.644648121568025 -4033.0615112940595 1.8554644873969527e-05 0.004386287143800885 0.17910575033240866
-4.071765443151302 -0.6796096687555958 0.9119902906774108 582.7582884277718 653.963284514185 408.9716422661604 118.48935273581628 3.1744864466431952 3.6484295769883284 -1867.725589119228 0.044271382669290836 21.644648121568025 -4033.0615112940595 1.8554644873969527e-05 0.004386287143800885 0.17910575033240866
-4.032481647269476 -0.6472005371530907 0.8809962820613123 587.0736165949947 652.4466275409932 399.2002633596521 113.21541452119891 3.1744864466431952 3.6484295769883284 -1867.725589119228 0.044271382669290836 21.644648121568025 -4033.0615112940595 1.8554644873969527e-05 0.004386287143800885 0.17910575033240866
-3.9882873769024165 -0.6108630259624009 0.8826513616490577 591.0995695758462 650.887608296272 389.78763246125254 107.95562990366489 3.1744864466431952 3.6484295769883284 -1867.725589119228 0.044271382669290836 21.644648121568025 -4033.0615112940595 1.8554644873969527e-05 0.004386287143800885 0.17910575033240866
-3.9460572963294513 -0.5686329453894369 0.7853981633974615 594.8011360611988 649.290210357954 380.80384395427336 102.76307098137295 3.1744864466431952 3.6484295769883284 -1867.725589119228 0.044271382669290836 21.644648121568025 -4033.0615112940595 1.8554644873969527e-05 0.004386287143800885 0.17910575033240866
-3.8969525514771686 -0.526402864816474 0.8605253193082156 598.1423887252005 647.6585973037976 372.3215281971434 97.69390390742956 3.1744864466431952 3.6484295769883284 -1867.725589119228 0.044271382669290836 21.644648121568025 -4033.0615112940595 1.8554644873969527e-05 0.004386287143800885 0.17910575033240866
-3.843919427036702 -0.48613697403760187 0.9213955814348377 601.0864842252962 645.9971127113869 364.4158515233912 92.80738888981978 3.1744864466431952 3.6484295769883284 -1867.725589119228 0.044271382669290836 21.644648121568025 -4033.0615112940595 1.8554644873969527e-05 0.004386287143800885 0.17910575033240866
-3.7899042076991956 -0.4488173679498662 0.9661977367013727 603.595663202212 644.3102801581292 357.16451624164984 88.16588019148367 3.1744864466431952 3.6484295769883284 -1867.725589119228 0.044271382669290836 21.644648121568025 -4033.0615112940595 1.8554644873969527e-05 0.004386287143800885 0.17910575033240866
-3.737853178155774 -0.41542614145031403 1.0004130451449735 605.6312502799632 642.6028032212585 350.64776063563113 83.8348261302508 3.1744864466431952 3.6484295769883284 -1867.725589119228 0.044271382669290836 21.644648121568025 -4033.0615112940595 1.8554644873969527e-05 0.004386287143800885 0.17910575033240866
-3.687766338406442 -0.38694538943599016 1.053764374303389 607.153654065849 640.8795654778346 344.948358964175 79.88276907883483 3.1744864466431952 3.6484295769883284 -1867.725589119228 0.044271382669290836 21.644648121568025 -4033.0615112940595 1.8554644873969527e-05 0.004386287143800885 0.17910575033240866
-3.6406257833482485 -0.3633751119068946 1.1071487177941095 608.1223671504639 639.1456305047404 340.151621461202 76.38134546493711 3.1744864466431952 3.6484295769883284 -1867.725589119228 0.044271382669290836 21.644648121568025 -4033.0615112940595 1.8554644873969527e-05 0.004386287143800885 0.17910575033240866
-3.5954494180841534 -0.34667949865711684 1.2167988899629314 608.4959661076784 637.4062418786863 336.3453943357463 73.40528577111763 3.1744864466431952 3.6484295769883284 -1867.725589119228 0.044271382669290836 21.644648121568025 -4033.0615112940595 1.8554644873969527e-05 0.004386287143800885 0.17910575033240866
-3.5551835273052776 -0.3368585496866614 1.3315647268312827 608.2321114946567 635.6668231762067 333.62005977195713 71.03241453487317 3.1744864466431952 3.6484295769883284 -1867.725589119228 0.044271382669290836 21.644648121568025 -4033.0615112940595 1.8554644873969527e-05 0.004386287143800885 0.17910575033240866
-3.5168818263205006 -0.33293017009847786 1.4685896086876105 607.2875478518474 633.9329779736604 332.06853592903735 69.3436503486264 3.1744864466431952 3.6484295769883284 -1867.725589119228 0.044271382669290836 21.644648121568025 -4033.0615112940595 1.8554644873969527e-05 0.004386287143800885 0.17910575033240866
-3.480544315129813 -0.3368585496866614 1.6784861976277468 605.6181037029907 632.2104898472332 331.7862769413541 68.42300585968769 3.1744864466431952 3.6484295769883284 -1867.725589119228 0.044271382669290836 21.644648121568025 -4033.0615112940595 1.8554644873969527e-05 0.004386287143800885 0.17910575033240866
-3.449117278424345 -0.34569740376007096 1.8449637779144565 603.178691555107 630.5053223729353 332.87127291831166 68.35758777030787 3.1744864466431952 3.6484295769883284 -1867.725589119228 0.044271382669290836 21.644648121568025 -4033.0615112940595 1.8554644873969527e-05 0.004386287143800885 0.17910575033240866
-3.419654431512975 -0.3584646374216652 1.9797041557458412 599.9233078985043 628.823619126601 335.4240499444686 69.23759683762 3.1744864466431952 3.6484295769883284 -1867.725589119228 0.044271382669290836 21.644648121568025 -4033.0615112940595 1.8554644873969527e-05 0.004386287143800885 0.17910575033240866
-3.3931378692927443 -0.3751602506714407 2.132717889051724 595.8050332067861 627.1717036838917 339.5476700794461 71.15632787372124 3.1744864466431952 3.6484295769883284 -1867.725589119228 0.044271382669290836 21.644648121568025 -4033.0615112940595 1.8554644873969527e-05 0.004386287143800885 0.17910575033240866
-3.368585496866603 -0.3957842435094009 2.269456151516392 590.7760319368314 625.5560796202922 345.34773135800333 74.21016974558916 3.1744864466431952 3.6484295769883284 -1867.725589119228 0.044271382669290836 21.644648121568025 -4033.0615112940595 1.8554644873969527e-05 0.004386287143800885 0.17910575033240866
-3.3489435989256897 -0.41935452103849646 2.4468543773930853 584.787552528817 623.983430511114 352.93236778997016 78.49860537512359 3.1744864466431952 3.6484295769883284 -1867.725589119228 0.044271382669290836 21.644648121568025 -4033.0615112940595 1.8554644873969527e-05 0.004386287143800885 0.17910575033240866
-3.331265890778866 -0.44488898836168267 2.5360479899847594 577.7899274061955 622.460619931493 362.41224936027356 84.12421173913754 3.1744864466431952 3.6484295769883284 -1867.725589119228 0.044271382669290836 21.644648121568025 -4033.0615112940595 1.8554644873969527e-05 0.004386287143800885 0.17910575033240866
