37 -2.2411405550581898 0.6570214861235462 0.9067501639682626 -1.5939400179051049 0.3859632945389454
-2.2411405550581898 0.6570214861235462 0.9067501639682626 695.9285066388547 633.8355840668082 600.1513203456998 206.54727625846863 4.514503131874171 5.175337308528599 -2816.0980003077298 0.2588657512658744 26.04373818503763 -4103.232139646806 8.819957453692486e-05 0.0061918514339962165 0.012515156172159574
-2.2165881826320484 0.6727350044762758 1.0014831356942606 697.7305684443563 632.1015097871423 599.95054814592 221.9159368276596 4.514503131874171 5.175337308528599 -2816.0980003077298 0.2588657512658744 26.04373818503763 -4103.232139646806 8.819957453692486e-05 0.0061918514339962165 0.012515156172159574
-2.190071620411822 0.6864843330349147 1.0924438954161493 699.1535833384842 630.3335500247777 599.7897243220359 237.81858348846436 4.514503131874171 5.175337308528599 -2816.0980003077298 0.2588657512658744 26.04373818503763 -4103.232139646806 8.819957453692486e-05 0.0061918514339962165 0.012515156172159574
-2.163555058191582 0.699251566696509 1.1220729827842604 700.2275212332606 628.5518795400858 599.6558529306203 253.94651144742966 4.514503131874171 5.175337308528599 -2816.0980003077298 0.2588657512658744 26.04373818503763 -4103.232139646806 8.819957453692486e-05 0.0061918514339962165 0.012515156172159574
-2.1360564010743017 0.7110367054610585 1.1659045405097888 700.9812300279737 626.7750067859888 599.5369203332812 270.01849442720413 4.514503131874171 5.175337308528599 -2816.0980003077298 0.2588657512658744 26.04373818503763 -4103.232139646806 8.819957453692486e-05 0.0061918514339962165 0.012515156172159574
-2.106593554162932 0.720857654431514 1.2490457723982886 701.4424355085939 625.0197740085423 599.4218952637166 285.7807874083519 4.514503131874171 5.175337308528599 -2816.0980003077298 0.2588657512658744 26.04373818503763 -4103.232139646806 8.819957453692486e-05 0.0061918514339962165 0.012515156172159574
-2.0751665174574727 0.7277323187108329 1.355438627097167 701.6377414371818 623.3013571724296 599.300728790462 301.00712490081787 4.514503131874171 5.175337308528599 -2816.0980003077298 0.2588657512658744 26.04373818503763 -4103.232139646806 8.819957453692486e-05 0.0061918514339962165 0.012515156172159574
-2.0466857654431525 0.7306786034019706 1.4677147182721604 701.5926294792444 621.6332659982145 599.1643543019891 315.49872040748596 4.514503131874171 5.175337308528599 -2816.0980003077298 0.2588657512658744 26.04373818503763 -4103.232139646806 8.819957453692486e-05 0.0061918514339962165 0.012515156172159574
-2.018205013428823 0.7296965085049246 1.605265427794406 701.3314592540264 620.0273439660668 599.0046875607222 329.08426797389984 4.514503131874171 5.175337308528599 -2816.0980003077298 0.2588657512658744 26.04373818503763 -4103.232139646806 8.819957453692486e-05 0.0061918514339962165 0.012515156172159574
-1.991688451208592 0.7257681289167423 1.7178746821833006 700.8774683140218 618.4937682561576 598.8146266359836 341.6199409365654 4.514503131874171 5.175337308528599 -2816.0980003077298 0.2588657512658744 26.04373818503763 -4103.232139646806 8.819957453692486e-05 0.0061918514339962165 0.012515156172159574
-1.9641897940913162 0.7188934646374222 1.815774989921799 700.2527721431106 617.0410498306155 598.5880519635975 352.9893926978111 4.514503131874171 5.175337308528599 -2816.0980003077298 0.2588657512658744 26.04373818503763 -4103.232139646806 8.819957453692486e-05 0.0061918514339962165 0.012515156172159574
-1.9406195165622195 0.7110367054610574 1.8925468811915105 699.4783641640097 615.6760333813727 598.3198262900114 363.1037566065788 4.514503131874171 5.175337308528599 -2816.0980003077298 0.2588657512658744 26.04373818503763 -4103.232139646806 8.819957453692486e-05 0.0061918514339962165 0.012515156172159574
-1.9199955237242572 0.7021978513876478 1.9756881130798625 698.5741157289594 614.4038973748684 598.0057947468013 371.9016452431679 4.514503131874171 5.175337308528599 -2816.0980003077298 0.2588657512658744 26.04373818503763 -4103.232139646806 8.819957453692486e-05 0.0061918514339962165 0.012515156172159574
-1.9013357206803887 0.693358997314236 2.013170549771662 697.5587761364877 613.2281539700925 597.6427847482264 379.34915137290955 4.514503131874171 5.175337308528599 -2816.0980003077298 0.2588657512658744 26.04373818503763 -4103.232139646806 8.819957453692486e-05 0.0061918514339962165 0.012515156172159574
-1.8836580125335651 0.6815738585496888 2.158798930342391 696.4499726183712 612.1506491117179 597.2286061029881 385.43984764814377 4.514503131874171 5.175337308528599 -2816.0980003077298 0.2588657512658744 26.04373818503763 -4103.232139646806 8.819957453692486e-05 0.0061918514339962165 0.012515156172159574
-1.8669623992837907 0.6678245299910486 2.2597207150098426 695.264210337773 611.1715624555945 596.7620509192348 390.19478607177734 4.514503131874171 5.175337308528599 -2816.0980003077298 0.2588657512658744 26.04373818503763 -4103.232139646806 8.819957453692486e-05 0.0061918514339962165 0.012515156172159574
-1.851248880931061 0.6540752014324096 2.289626326416541 694.0168723855168 610.2894074469805 596.2428936734796 393.6624985933304 4.514503131874171 5.175337308528599 -2816.0980003077298 0.2588657512658744 26.04373818503763 -4103.232139646806 8.819957453692486e-05 0.0061918514339962165 0.012515156172159574
-1.837499552372421 0.6403258728737695 2.356194490192345 692.7222198154777 609.5010312385857 595.6718911752105 395.9189971089363 4.514503131874171 5.175337308528599 -2816.0980003077298 0.2588657512658744 26.04373818503763 -4103.232139646806 8.819957453692486e-05 0.0061918514339962165 0.012515156172159574
-1.826696508504924 0.6255944494180846 2.5088438185878466 691.3933915831149 608.8016147352755 595.0507825501263 397.0677732229233 4.514503131874171 5.175337308528599 -2816.0980003077298 0.2588657512658744 26.04373818503763 -4103.232139646806 8.819957453692486e-05 0.0061918514339962165 0.012515156172159574
-1.8168755595344674 0.6108630259623986 2.601173153319134 690.042404608801 608.1846726089716 594.3822893034667 397.2397982478142 4.514503131874171 5.175337308528599 -2816.0980003077298 0.2588657512658744 26.04373818503763 -4103.232139646806 8.819957453692486e-05 0.0061918514339962165 0.012515156172159574
-1.8109829901521943 0.5961316025067149 2.7610862764773305 688.6801537293941 607.642053231597 593.6701152455062 396.59352350234985 4.514503131874171 5.175337308528599 -2816.0980003077298 0.2588657512658744 26.04373818503763 -4103.232139646806 8.819957453692486e-05 0.0061918514339962165 0.012515156172159574
-1.8070546105640153 0.58140017905103 2.8501358591119677 687.3164117261767 607.1639387607574 592.9189465548843 395.3148794770241 4.514503131874171 5.175337308528599 -2816.0980003077298 0.2588657512658744 26.04373818503763 -4103.232139646806 8.819957453692486e-05 0.0061918514339962165 0.012515156172159574
-1.7991978513876483 0.5656866606982993 2.6971734436886985 685.9598293080926 606.7388450913131 592.1344517357647 393.6172770857811 4.514503131874171 5.175337308528599 -2816.0980003077298 0.2588657512658744 26.04373818503763 -4103.232139646806 8.819957453692486e-05 0.0061918514339962165 0.012515156172159574
-1.7933052820053796 0.5499731423455707 2.77761369708023 684.6179351340979 606.3536218442023 591.3232816234231 391.74160689115524 4.392509676464514 5.197576356658392 -2766.770671172272 -0.08798674556998995 26.238786431556697 -3992.118198268558 -2.671373150412926e-05 0.006256276060459338 0.05070406587908737
-1.787412712623102 0.5362238137869306 2.7430702079233087 683.2971357870847 605.9934524036944 590.4930694233626 389.956238925457 4.392509676464514 5.197576356658392 -2766.770671172272 -0.08798674556998995 26.238786431556697 -3992.118198268558 -2.671373150412926e-05 0.006256276060459338 0.05070406587908737
-1.779555953446744 0.5224744852282905 2.657114724552977 682.002715786919 605.6418538801372 589.6524306368083 388.5570232272148 4.392509676464514 5.197576356658392 -2766.770671172272 -0.08798674556998995 26.238786431556697 -3992.118198268558 -2.671373150412926e-05 0.006256276060459338 0.05070406587908737
-1.7716991942703726 0.5077430617726056 2.6779450445888053 680.7388375904411 605.2806771472096 588.8109631612897 387.8672897219658 4.392509676464514 5.197576356658392 -2766.770671172272 -0.08798674556998995 26.238786431556697 -3992.118198268558 -2.671373150412926e-05 0.006256276060459338 0.05070406587908737
-1.7638424350940054 0.49399373321396667 2.6571147245527653 679.5085415933281 604.8901068307459 587.979247180745 388.2378479242325 4.392509676464514 5.197576356658392 -2766.770671172272 -0.08798674556998995 26.238786431556697 -3992.118198268558 -2.671373150412926e-05 0.006256276060459338 0.05070406587908737
-1.7579498657117325 0.48122649955237357 2.7233683240104702 678.3137461356819 604.4486612565815 587.1688452530652 390.04698717594147 4.392509676464514 5.197576356658392 -2766.770671172272 -0.08798674556998995 26.238786431556697 -3992.118198268558 -2.671373150412926e-05 0.006256276060459338 0.05070406587908737
-1.7510752014324147 0.4694413607878252 2.613518205163563 677.1552474554628 603.9331925548613 586.3923022616655 393.7004768252373 4.392509676464514 5.197576356658392 -2766.770671172272 -0.08798674556998995 26.238786431556697 -3992.118198268558 -2.671373150412926e-05 0.006256276060459338 0.05070406587908737
-1.7383079677708193 0.4566741271262321 2.7149811169099083 676.0327197853476 603.3188865408301 585.6631454341114 399.6315652728081 4.392509676464514 5.197576356658392 -2766.770671172272 -0.08798674556998995 26.238786431556697 -3992.118198268558 -2.671373150412926e-05 0.006256276060459338 0.05070406587908737
-1.7235765443151345 0.44587108325873076 2.8164440286562535 674.9447152428329 602.5792628340423 584.9958843458444 408.300981760025 4.392509676464514 5.197576356658392 -2766.770671172272 -0.08798674556998995 26.238786431556697 -3992.118198268558 -2.671373150412926e-05 0.006256276060459338 0.05070406587908737
-1.7098272157564989 0.43506803939122835 2.9179069404025983 673.8886638991535 601.6861747540534 584.4060108922422 420.1969344615936 4.392509676464514 5.197576356658392 -2766.770671172272 -0.08798674556998995 26.238786431556697 -3992.118198268558 -2.671373150412926e-05 0.006256276060459338 0.05070406587908737
-1.6901853178155857 0.42328290062667884 3.0193698521489436 672.8608737681061 600.6098093688488 583.9099993314594 435.8351117372513 4.392509676464514 5.197576356658392 -2766.770671172272 -0.08798674556998995 26.238786431556697 -3992.118198268558 -2.671373150412926e-05 0.006256276060459338 0.05070406587908737
-1.6685792300805784 0.4114977618621316 3.120832763895289 671.8565307892859 599.3186875209212 583.5253062509 455.7586814761162 4.392509676464514 5.197576356658392 -2766.770671172272 -0.08798674556998995 26.238786431556697 -3992.118198268558 -2.671373150412926e-05 0.006256276060459338 0.05070406587908737
-1.6469731423455758 0.4006947179946281 3.222295675641634 670.8696988411248 597.7796637639403 583.2703705690801 480.53829151391983 4.392509676464514 5.197576356658392 -2766.770671172272 -0.08798674556998995 26.238786431556697 -3992.118198268558 -2.671373150412926e-05 0.006256276060459338 0.05070406587908737
-1.623402864816479 0.39283795881826544 3.323758587387979 669.8933197520673 595.9579264223576 583.1646135635674 510.77206963300705 4.392509676464514 5.197576356658392 -2766.770671172272 -0.08798674556998995 26.238786431556697 -3992.118198268558 -2.671373150412926e-05 0.006256276060459338 0.05070406587908737
-1.5939400179051049 0.3859632945389454 3.425221499134324 677.3194216312841 595.0908893737942 580.1652820408344 539.920956261456 4.392509676464514 5.197576356658392 -2766.770671172272 -0.08798674556998995 26.238786431556697 -3992.118198268558 -2.671373150412926e-05 0.006256276060459338 0.05070406587908737
-1.5625129811996457 0.3820349149507619 3.5266844108806694 674.8445675317198 593.5077476594597 574.1973648965359 509.3057754188776 4.392509676464514 5.197576356658392 -2766.770671172272 -0.08798674556998995 26.238786431556697 -3992.118198268558 -2.671373150412926e-05 0.006256276060459338 0.05070406587908737
-1.5330501342882759 0.381052820053716 3.6281473226270147 672.7661280669272 592.1541813984513 569.5373636335135 481.2297104820609 4.392509676464514 5.197576356658392 -2766.770671172272 -0.08798674556998995 26.238786431556697 -3992.118198268558 -2.671373150412926e-05 0.006256276060459338 0.05070406587908737
-1.5114440465532777 0.3830170098478078 3.72961023437336 671.066863745451 591.0155248502269 566.0490222424269 455.5454749017954 4.392509676464514 5.197576356658392 -2766.770671172272 -0.08798674556998995 26.238786431556697 -3992.118198268558 -2.671373150412926e-05 0.006256276060459338 0.05070406587908737
-1.493766338406454 0.38498119964190064 3.8310731461197047 669.7298278789967 590.0774665484205 563.6009218543768 432.10973194241524 4.392509676464514 5.197576356658392 -2766.770671172272 -0.08798674556998995 26.238786431556697 -3992.118198268558 -2.671373150412926e-05 0.006256276060459338 0.05070406587908737
-1.4829632945389482 0.3879274843330349 3.93253605786605 668.738366628997 589.3260493185371 562.066480755806 410.78309478610754 4.392509676464514 5.197576356658392 -2766.770671172272 -0.08798674556998995 26.238786431556697 -3992.118198268558 -2.671373150412926e-05 0.006256276060459338 0.05070406587908737
-1.4721602506714468 0.393820053715308 4.033998969612395 668.0761189656332 588.7476702611893 561.32395426929 391.4301262870431 4.392509676464514 5.197576356658392 -2766.770671172272 -0.08798674556998995 26.238786431556697 -3992.118198268558 -2.671373150412926e-05 0.006256276060459338 0.05070406587908737
-1.4652855863921201 0.4026589077887198 4.13546188135874 667.7270166864619 588.3290807567537 561.2564348727465 373.9193393588066 4.392509676464514 5.197576356658392 -2766.770671172272 -0.08798674556998995 26.238786431556697 -3992.118198268558 -2.671373150412926e-05 0.006256276060459338 0.05070406587908737
-1.461357206803941 0.4144440465532693 4.236924793105086 667.6752844247967 588.0573864858598 561.7518522143364 358.12319660931826 4.392509676464514 5.197576356658392 -2766.770671172272 -0.08798674556998995 26.238786431556697 -3992.118198268558 -2.671373150412926e-05 0.006256276060459338 0.05070406587908737
-1.4613572068039367 0.4272112802148624 4.3383877048514305 667.9054396264255 587.9200473930687 562.7029729634523 343.91811054199934 4.392509676464514 5.197576356658392 -2766.770671172272 -0.08798674556998995 26.238786431556697 -3992.118198268558 -2.671373150412926e-05 0.006256276060459338 0.05070406587908737
-1.467249776186214 0.44096060877350135 4.439850616597775 668.4022925728932 587.9048777138814 564.0074008703232 331.1844434887171 4.392509676464514 5.197576356658392 -2766.770671172272 -0.08798674556998995 26.238786431556697 -3992.118198268558 -2.671373150412926e-05 0.006256276060459338 0.05070406587908737
-1.4770707251566706 0.4537278424350945 4.541313528344121 669.1509463600814 588.0000459644943 565.5675770044327 319.80650769919157 4.392509676464514 5.197576356658392 -2766.770671172272 -0.08798674556998995 26.238786431556697 -3992.118198268558 -2.671373150412926e-05 0.006256276060459338 0.05070406587908737
-1.4868916741271316 0.46551298119964285 4.642776440090467 670.1367969214916 588.1940749492496 567.290779337287 309.6725651025772 4.392509676464514 5.197576356658392 -2766.770671172272 -0.08798674556998995 26.238786431556697 -3992.118198268558 -2.671373150412926e-05 0.006256276060459338 0.05070406587908737
-1.4927842435094092 0.47828021486123595 4.744239351836811 671.3455330086872 588.4758417494595 569.0891230553389 300.6748276427388 4.392509676464514 5.197576356658392 -2766.770671172272 -0.08798674556998995 26.238786431556697 -3992.118198268558 -2.671373150412926e-05 0.006256276060459338 0.05070406587908737
-1.4967126230975882 0.49202954341987604 4.845702263583156 672.7631361968815 588.8345777317882 570.8795604556799 292.70945705473423 4.392509676464514 5.197576356658392 -2766.770671172272 -0.08798674556998995 26.238786431556697 -3992.118198268558 -2.671373150412926e-05 0.006256276060459338 0.05070406587908737
-1.4976947179946332 0.5067609668755609 4.947165175329502 674.3758808923885 589.2598685435951 572.5838809758425 285.6765648499131 4.392509676464514 5.197576356658392 -2766.770671172272 -0.08798674556998995 26.238786431556697 -3992.118198268558 -2.671373150412926e-05 0.006256276060459338 0.05070406587908737
-1.5045693822739554 0.5214923903312458 5.048628087075847 676.1703343261033 589.741654121317 574.1287111341953 279.48021250218153 4.392509676464514 5.197576356658392 -2766.770671172272 -0.08798674556998995 26.238786431556697 -3992.118198268558 -2.671373150412926e-05 0.006256276060459338 0.05070406587908737
-1.5114440465532777 0.5352417188898848 5.150090998822192 678.1333565516397 590.2702286755666 575.4455144703388 274.02841121703386 4.392509676464514 5.197576356658392 -2766.770671172272 -0.08798674556998995 26.238786431556697 -3992.118198268558 -2.671373150412926e-05 0.006256276060459338 0.05070406587908737
-1.5202829006266894 0.5509552372426144 5.251553910568537 680.2521004443988 590.8362407023087 576.4705918878317 269.23312206566334 4.392509676464514 5.197576356658392 -2766.770671172272 -0.08798674556998995 26.238786431556697 -3992.118198268558 -2.671373150412926e-05 0.006256276060459338 0.05070406587908737
-1.5291217547000924 0.5666687555953451 5.353016822314882 682.5140117118135 591.4306929912418 577.145081102848 265.01025607436895 4.392509676464514 5.197576356658392 -2766.770671172272 -0.08798674556998995 26.238786431556697 -3992.118198268558 -2.671373150412926e-05 0.006256276060459338 0.05070406587908737
-1.537960608773504 0.5833643688451218 5.454479734061227 684.9068288896233 592.0449425913393 577.414957255125 261.2796739861369 4.392509676464514 5.197576356658392 -2766.770671172272 -0.08798674556998995 26.238786431556697 -3992.118198268558 -2.671373150412926e-05 0.006256276060459338 0.05070406587908737
-1.5448352730528265 0.6030062667860339 5.555942645807573 687.4185833279043 592.6707008602098 577.2310323417187 257.96518640965223 4.392509676464514 5.197576356658392 -2766.770671172272 -0.08798674556998995 26.238786431556697 -3992.118198268558 -2.671373150412926e-05 0.006256276060459338 0.05070406587908737
-1.5517099373321444 0.6226481647269482 5.6574055575539175 690.03759921249 593.3000334212556 576.5489556193352 254.9945538416505 4.392509676464514 5.197576356658392 -2766.770671172272 -0.08798674556998995 26.238786431556697 -3992.118198268558 -2.671373150412926e-05 0.006256276060459338 0.05070406587908737
-1.560548791405556 0.6422900626678613 5.758868469300262 692.752493542619 593.9253601897508 575.3292134255171 252.29948662221432 4.392509676464514 5.197576356658392 -2766.770671172272 -0.08798674556998995 26.238786431556697 -3992.118198268558 -2.671373150412926e-05 0.006256276060459338 0.05070406587908737
-1.569387645478968 0.6619319606087745 5.860331381046608 695.5521761598065 594.5394553560764 573.5371292233467 249.81564491987228 4.392509676464514 5.197576356658392 -2766.770671172272 -0.08798674556998995 26.238786431556697 -3992.118198268558 -2.671373150412926e-05 0.006256276060459338 0.05070406587908737
-1.5772444046553304 0.6835380483437794 5.934414303595795 698.4258497152478 595.1354474024847 571.1428635567427 247.48263872414827 4.392509676464514 5.197576356658392 -2766.770671172272 -0.08798674556998995 26.238786431556697 -3992.118198268558 -2.671373150412926e-05 0.006256276060459338 0.05070406587908737
-1.583136974037608 0.7051441360787843 6.016933258028512 701.3630096968263 595.7068190872669 568.1214140355587 245.24402786791325 4.392509676464514 5.197576356658392 -2766.770671172272 -0.08798674556998995 26.238786431556697 -3992.118198268558 -2.671373150412926e-05 0.006256276060459338 0.05070406587908737
-1.5939400179051093 0.7296965085049257 5.896309589448593 704.3534444058314 596.2474074503407 564.4526156336069 243.04732203483582 4.392509676464514 5.197576356658392 -2766.770671172272 -0.08798674556998995 26.238786431556697 -3992.118198268558 -2.671373150412926e-05 0.006256276060459338 0.05070406587908737
-1.6027788719785168 0.7542488809310672 5.96143475278307 707.3872349802405 596.7514038272202 560.1211401671171 240.8439808189869 4.392509676464514 5.197576356658392 -2766.770671172272 -0.08798674556998995 26.238786431556697 -3992.118198268558 -2.671373150412926e-05 0.006256276060459338 0.05070406587908737
-1.6116177260519329 0.7817475380483441 5.991728512701542 710.454755381681 597.2133538136259 555.116496682167 238.58941359817982 4.392509676464514 5.197576356658392 -2766.770671172272 -0.08798674556998995 26.238786431556697 -3992.118198268558 -2.671373150412926e-05 0.006256276060459338 0.05070406587908737
-1.6224207699194297 0.8121924798567597 5.961434752783099 713.5466723889112 597.6281573148444 549.4330313056707 236.2429796308279 4.392509676464514 5.197576356658392 -2766.770671172272 -0.08798674556998995 26.238786431556697 -3992.118198268558 -2.671373150412926e-05 0.006256276060459338 0.05070406587908737
-1.6351880035810296 0.8436195165622201 5.917983857391237 716.6539456164464 597.9910684954375 543.0699273198843 233.76798790693283 4.397874894354294 5.141965003119998 -2754.5182102250596 0.02281242836017232 25.982111495342494 -4005.0129717461687 4.514859289123653e-06 0.006171383829884362 0.049115480807366566
-1.6479552372426205 0.877992837958817 5.945307118939367 719.7678274959326 598.2976958146319 536.0312051326036 231.13169740140438 4.397874894354294 5.141965003119998 -2754.5182102250596 0.02281242836017232 25.982111495342494 -4005.0129717461687 4.514859289123653e-06 0.006171383829884362 0.049115480807366566
-1.6587582811101218 0.9153124440465527 6.0148190962737 722.8798632891849 598.5440020198002 528.3257221579552 228.30531683564186 4.397874894354294 5.141965003119998 -2754.5182102250596 0.02281242836017232 25.982111495342494 -4005.0129717461687 4.514859289123653e-06 0.006171383829884362 0.049115480807366566
-1.6675971351835337 0.9545962399283778 6.072091973956816 725.9818910835311 598.7263041231781 519.9671731442213 225.26400487869978 4.397874894354294 5.141965003119998 -2754.5182102250596 0.02281242836017232 25.982111495342494 -4005.0129717461687 4.514859289123653e-06 0.006171383829884362 0.049115480807366566
-1.6744717994628515 0.9948621307072523 6.1218101967589424 729.0660417852923 598.8412734391168 510.9740896821022 221.9868699684739 4.397874894354294 5.141965003119998 -2754.5182102250596 0.02281242836017232 25.982111495342494 -4005.0129717461687 4.514859289123653e-06 0.006171383829884362 0.049115480807366566
-1.6833106535362634 1.0390564010743057 6.0939862850795965 732.1247391374782 598.8859355524182 501.3698407560587 218.45697037875652 4.397874894354294 5.141965003119998 -2754.5182102250596 0.02281242836017232 25.982111495342494 -4005.0129717461687 4.514859289123653e-06 0.006171383829884362 0.049115480807366566
-1.6852748433303573 1.0852148612354522 6.240657772559745 735.1506996992975 598.8576703397557 491.18263222277164 214.6613142862916 4.397874894354294 5.141965003119998 -2754.5182102250596 0.02281242836017232 25.982111495342494 -4005.0129717461687 4.514859289123653e-06 0.006171383829884362 0.049115480807366566
-1.687239033124447 1.1323554162936433 6.241542728081035 738.1369328545406 598.7542119426653 480.4455072134733 210.59085962176323 4.397874894354294 5.141965003119998 -2754.5182102250596 0.02281242836017232 25.982111495342494 -4005.0129717461687 4.514859289123653e-06 0.006171383829884362 0.049115480807366566
-1.6911674127126304 1.1794959713518334 6.200044075291124 741.0767408255488 598.5736488187686 469.19634583592415 206.24051425606012 4.397874894354294 5.141965003119998 -2754.5182102250596 0.02281242836017232 25.982111495342494 -4005.0129717461687 4.514859289123653e-06 0.006171383829884362 0.049115480807366566
-1.6931316025067245 1.2266365264100256 6.241542728080941 743.9637186415493 598.3144236709923 457.47786551713943 201.60913580656052 4.397874894354294 5.141965003119998 -2754.5182102250596 0.02281242836017232 25.982111495342494 -4005.0129717461687 4.514859289123653e-06 0.006171383829884362 0.049115480807366566
-1.6911674127126348 1.2737770814682179 0.04164257909855 746.7917541712523 597.9753335099667 445.33762066066265 196.6995319277048 4.397874894354294 5.141965003119998 -2754.5182102250596 0.02281242836017232 25.982111495342494 -4005.0129717461687 4.514859289123653e-06 0.006171383829884362 0.049115480807366566
-1.687239033124447 1.3189534467323183 0.08673833867610242 749.5550280995667 597.5555296195671 432.82800275087357 191.51845983415842 4.397874894354294 5.141965003119998 -2754.5182102250596 0.02281242836017232 25.982111495342494 -4005.0129717461687 4.514859289123653e-06 0.006171383829884362 0.049115480807366566
-1.6813464637421782 1.3631477170993729 0.13255153229655486 752.2480139434338 597.0545175699517 420.00624054670334 186.0766267925501 4.397874894354294 5.141965003119998 -2754.5182102250596 0.02281242836017232 25.982111495342494 -4005.0129717461687 4.514859289123653e-06 0.006171383829884362 0.049115480807366566
-1.6725076096687665 1.4063598925693817 0.20176234432030793 754.8654780397192 596.4721572129056 406.9343997091055 180.38868987560272 4.397874894354294 5.141965003119998 -2754.5182102250596 0.02281242836017232 25.982111495342494 -4005.0129717461687 4.514859289123653e-06 0.006171383829884362 0.049115480807366566
-1.6597403760071712 1.4485899731423457 0.29358898740878414 757.4024795610458 595.8086626827717 393.6793832331896 174.4732559248805 4.397874894354294 5.141965003119998 -2754.5182102250596 0.02281242836017232 25.982111495342494 -4005.0129717461687 4.514859289123653e-06 0.006171383829884362 0.049115480807366566
-1.6391163831692133 1.4888558639212168 0.4733560418349064 759.8543704850599 595.0646023955196 380.3129310756922 168.3528816923499 4.397874894354294 5.141965003119998 -2754.5182102250596 0.02281242836017232 25.982111495342494 -4005.0129717461687 4.514859289123653e-06 0.006171383829884362 0.049115480807366566
-1.6165282005371613 1.5261754700089525 0.544280484946007 762.216795639135 594.2408990543336 366.9116203337908 162.05407382547855 4.397874894354294 5.141965003119998 -2754.5182102250596 0.02281242836017232 25.982111495342494 -4005.0129717461687 4.514859289123653e-06 0.006171383829884362 0.049115480807366566
-1.5909937332139705 1.5615308863025963 0.6254850402392924 764.4856926621869 593.3388296393678 353.5568653047085 155.6072887033224 4.397874894354294 5.141965003119998 -2754.5182102250596 0.02281242836017232 25.982111495342494 -4005.0129717461687 4.514859289123653e-06 0.006171383829884362 0.049115480807366566
-1.5576025067144217 1.5968863025962392 0.7568345055586475 766.6572920121253 592.3600254142657 340.33491733670235 149.0469326376915 4.397874894354294 5.141965003119998 -2754.5182102250596 0.02281242836017232 25.982111495342494 -4005.0129717461687 4.514859289123653e-06 0.006171383829884362 0.049115480807366566
-1.524211280214864 1.6292954341987476 0.8003224283875859 768.728116995655 591.3064719364047 327.33686485886574 142.41136166453362 4.397874894354294 5.141965003119998 -2754.5182102250596 0.02281242836017232 25.982111495342494 -4005.0129717461687 4.514859289123653e-06 0.006171383829884362 0.049115480807366566
-1.4908200537153153 1.659740376007162 0.8315192794119208 770.6949837189168 590.180509028025 314.6586335301399 135.74288181215525 4.397874894354294 5.141965003119998 -2754.5182102250596 0.02281242836017232 25.982111495342494 -4005.0129717461687 4.514859289123653e-06 0.006171383829884362 0.049115480807366566
-1.457428827215762 1.6892032229185319 0.8478169733934189 772.555001125671 588.9848308069631 302.40098601579666 129.08774888515472 4.397874894354294 5.141965003119998 -2754.5182102250596 0.02281242836017232 25.982111495342494 -4005.0129717461687 4.514859289123653e-06 0.006171383829884362 0.049115480807366566
-1.4240376007162132 1.716701880035811 0.8818719385799707 774.3055709861219 587.7224856736138 290.66952216625214 122.49616853147745 4.397874894354294 5.141965003119998 -2754.5182102250596 0.02281242836017232 25.982111495342494 -4005.0129717461687 4.514859289123653e-06 0.006171383829884362 0.049115480807366566
-1.3955568487018881 1.7412542524619503 0.8593372010554492 775.9443878950551 586.3968763025478 279.57467886805534 116.02229619026184 4.397874894354294 5.141965003119998 -2754.5182102250596 0.02281242836017232 25.982111495342494 -4005.0129717461687 4.514859289123653e-06 0.006171383829884362 0.049115480807366566
-1.3710044762757467 1.7628603401969551 0.8491414759301251 777.4694392709062 585.0117596611381 269.2317301928997 109.72423728555441 4.397874894354294 5.141965003119998 -2754.5182102250596 0.02281242836017232 25.982111495342494 -4005.0129717461687 4.514859289123653e-06 0.006171383829884362 0.049115480807366566
-1.3503804834377844 1.7795559534467318 0.8902751021277538 778.8790053511038 583.5712469918653 259.7607873529196 103.66404694318771 4.397874894354294 5.141965003119998 -2754.5182102250596 0.02281242836017232 25.982111495342494 -4005.0129717461687 4.514859289123653e-06 0.006171383829884362 0.049115480807366566
-1.331720680393916 1.792323187108326 0.9707461133931409 780.1716592209414 582.0798038272187 251.2867986112833 97.90773019939661 4.397874894354294 5.141965003119998 -2754.5182102250596 0.02281242836017232 25.982111495342494 -4005.0129717461687 4.514859289123653e-06 0.006171383829884362 0.049115480807366566
-1.3120787824530027 1.8021441360787838 1.1071487177940451 781.3462667567655 580.542249972932 243.9395493865013 92.52524196356535 4.397874894354294 5.141965003119998 -2754.5182102250596 0.02281242836017232 25.982111495342494 -4005.0129717461687 4.514859289123653e-06 0.006171383829884362 0.049115480807366566
-1.2963652641002732 1.807054610564012 1.267911458419909 782.4019866902381 578.963759534061 237.85366216301918 87.59048695117235 4.397874894354294 5.141965003119998 -2754.5182102250596 0.02281242836017232 25.982111495342494 -4005.0129717461687 4.514859289123653e-06 0.006171383829884362 0.049115480807366566
-1.27672336615936 1.8090188003581016 1.4711276743038246 783.3382705645636 577.34986087773 233.16859664022923 83.18131965398788 4.397874894354294 5.141965003119998 -2754.5182102250596 0.02281242836017232 25.982111495342494 -4005.0129717461687 4.514859289123653e-06 0.006171383829884362 0.049115480807366566
-1.2551172784243574 1.8080367054610567 1.6162196062164362 784.1548627493903 575.706436663866 230.02864949405193 79.37954454869032 4.397874894354294 5.141965003119998 -2754.5182102250596 0.02281242836017232 25.982111495342494 -4005.0129717461687 4.514859289123653e-06 0.006171383829884362 0.049115480807366566
-1.2315470008952607 1.8041083258728732 1.735945004209554 784.8518004473299 574.0397238424048 228.58295461535454 76.27091584354639 4.397874894354294 5.141965003119998 -2754.5182102250596 0.02281242836017232 25.982111495342494 -4005.0129717461687 4.514859289123653e-06 0.006171383829884362 0.049115480807366566
-1.2030662488809356 1.7962515666965084 1.8399638195805745 785.4294136688113 572.3563136355951 228.98548306524754 73.94513764232397 4.397874894354294 5.141965003119998 -2754.5182102250596 0.02281242836017232 25.982111495342494 -4005.0129717461687 4.514859289123653e-06 0.006171383829884362 0.049115480807366566
-1.166728737690248 1.7883948075201437 1.7837346763742923 785.8883252739906 570.6631515482441 231.39504279196262 72.49586388468742 4.397874894354294 5.141965003119998 -2754.5182102250596 0.02281242836017232 25.982111495342494 -4005.0129717461687 4.514859289123653e-06 0.006171383829884362 0.049115480807366566
-1.130391226499556 1.7766096687555963 1.8844169790115566 786.2294509224594 568.9675373760983 235.97527913749218 72.02069839835167 4.397874894354294 5.141965003119998 -2754.5182102250596 0.02281242836017232 25.982111495342494 -4005.0129717461687 4.514859289123653e-06 0.006171383829884362 0.049115480807366566
-1.0940537153088685 1.764824529991047 1.8844169790116483 786.4539991207421 567.2771251937374 242.8946744352579 72.62119475752115 4.397874894354294 5.141965003119998 -2754.5182102250596 0.02281242836017232 25.982111495342494 -4005.0129717461687 4.514859289123653e-06 0.006171383829884362 0.049115480807366566
-1.0557520143240824 1.7540214861235444 1.845706168275538 786.5634711943567 565.5999233601615 252.32654809951782 74.40285643190145 4.397874894354294 5.141965003119998 -2754.5182102250596 0.02281242836017232 25.982111495342494 -4005.0129717461687 4.514859289123653e-06 0.006171383829884362 0.049115480807366566
-1.0194145031333994 1.744200537153089 1.8347600504206159 786.5596612831578 563.9442945132032 264.44905668497086 77.47513675689697 4.397874894354294 5.141965003119998 -2754.5182102250596 0.02281242836017232 25.982111495342494 -4005.0129717461687 4.514859289123653e-06 0.006171383829884362 0.049115480807366566
-0.9781665174574791 1.7392900626678596 1.6892862859530535 786.4446563674137 562.3189555658028 279.44519382715225 81.95143889635801 4.397874894354294 5.141965003119998 -2754.5182102250596 0.02281242836017232 25.982111495342494 -4005.0129717461687 4.514859289123653e-06 0.006171383829884362 0.049115480807366566
-0.9388827215756527 1.7383079677708138 1.5957911204138224 786.2208362463862 560.7329777460545 297.50279051065445 87.94911583513021 4.397874894354294 5.141965003119998 -2754.5182102250596 0.02281242836017232 25.982111495342494 -4005.0129717461687 4.514859289123653e-06 0.006171383829884362 0.049115480807366566
-0.9015631154879203 1.7422363473589972 1.4659193880646315 785.8908735439181 559.1957865217701 318.814514413476 95.58947048336267 4.397874894354294 5.141965003119998 -2754.5182102250596 0.02281242836017232 25.982111495342494 -4005.0129717461687 4.514859289123653e-06 0.006171383829884362 0.049115480807366566
-0.8662076991942775 1.7491110116383173 1.4247840690836058 785.4577337065712 557.7171616721898 343.5778707563877 104.99775544553995 4.397874894354294 5.141965003119998 -2754.5182102250596 0.02281242836017232 25.982111495342494 -4005.0129717461687 4.514859289123653e-06 0.006171383829884362 0.049115480807366566
-0.8377269471799526 1.7589319606087739 1.2827408797442679 784.924675016664 556.3072372516617 371.995201587677 116.30317334085703 4.397874894354294 5.141965003119998 -2754.5182102250596 0.02281242836017232 25.982111495342494 -4005.0129717461687 4.514859289123653e-06 0.006171383829884362 0.049115480807366566
-0.8121924798567619 1.7716991942703681 1.1410340476982146 784.2952485689893 554.9765015980229 404.2736862003803 129.6388764679432 4.397874894354294 5.141965003119998 -2754.5182102250596 0.02281242836017232 25.982111495342494 -4005.0129717461687 4.514859289123653e-06 0.006171383829884362 0.049115480807366566
-0.7866580125335757 1.7903589973142364 0.9544993893987991 783.5732982978225 553.7357973307371 440.6253409385681 145.1419670805335 4.397874894354294 5.141965003119998 -2754.5182102250596 0.02281242836017232 25.982111495342494 -4005.0129717461687 4.514859289123653e-06 0.006171383829884362 0.049115480807366566
-0.7611235452103805 1.8109829901521954 0.9011573811183755 782.7629609489813 552.5963213508949 481.26701936125755 162.95349732786417 4.355830953532422 5.11558042288735 -2728.138174151077 -0.019009843435257735 25.941254310156438 -3977.8798877592776 -1.3011317081443295e-05 0.006156154308730165 0.0597936475930935
-0.7395174574753779 1.8325890778871983 0.7853981633975051 781.8686660956591 551.5696248458698 526.4204119890928 183.21846901625395 4.355830953532422 5.11558042288735 -2728.138174151077 -0.019009843435257735 25.941254310156438 -3977.8798877592776 -1.3011317081443295e-05 0.006156154308730165 0.0597936475930935
-0.7198755595344603 1.855177260519249 0.7086262721276881 780.8951361523941 550.667613283731 576.3120466768742 206.08583404123783 4.355830953532422 5.11558042288735 -2728.138174151077 -0.019009843435257735 25.941254310156438 -3977.8798877592776 -1.3011317081443295e-05 0.006156154308730165 0.0597936475930935
-0.7071083258728649 1.8758012533572082 0.5247957716502559 779.8473863331601 549.9025464206934 631.1732882112265 231.70849383622408 4.355830953532422 5.11558042288735 -2728.138174151077 -0.019009843435257735 25.941254310156438 -3977.8798877592776 -1.3011317081443295e-05 0.006156154308730165 0.0597936475930935
-0.698269471799462 1.8954431512981211 0.37089128881234235 778.7307247016579 549.2870382778347 691.2403385043144 260.24329993128777 4.355830953532422 5.11558042288735 -2728.138174151077 -0.019009843435257735 25.941254310156438 -3977.8798877592776 -1.3011317081443295e-05 0.006156154308730165 0.0597936475930935
-0.6913948075201397 1.9150850492390332 0.27094685033844335 777.550752133131 548.8340571839362 756.7542367130518 291.85105365514755 4.355830953532422 5.11558042288735 -2728.138174151077 -0.019009843435257735 25.941254310156438 -3977.8798877592776 -1.3011317081443295e-05 0.006156154308730165 0.0597936475930935
-0.6884485228290009 1.9366911369740383 0.13552771398557914 776.3133623274043 548.556925737299 827.9608590006828 326.6965060830116 4.355830953532422 5.11558042288735 -2728.138174151077 -0.019009843435257735 25.941254310156438 -3977.8798877592776 -1.3011317081443295e-05 0.006156154308730165 0.0597936475930935
