26 -5.287598925693828 -0.04714055505819226 5.03413953478137 -4.3428236347359075 -0.045176365264100495
-5.287598925693828 -0.04714055505819226 5.03413953478137 633.7115401625633 723.3032543957233 709.1513723134995 279.5000743865967 3.1165338321592198 3.6356103188185345 -1839.256789776274 -7.214072871490484e-16 21.545584654883207 -4066.2588103324983 -2.67788921105543e-19 0.004384712271823957 0.17248126743052913
-5.265010743061781 -0.05205102954342055 1.7848570103587427 632.4268512129784 722.4510555267334 706.744032740593 281.6209454536438 3.1165338321592198 3.6356103188185345 -1839.256789776274 -7.214072871490484e-16 21.545584654883207 -4066.2588103324983 -2.67788921105543e-19 0.004384712271823957 0.17248126743052913
-5.237512085944501 -0.0589256938227406 1.8157749899217608 631.867702126503 721.2371270060539 703.5996546149254 289.3442397117615 3.1165338321592198 3.6356103188185345 -1839.256789776274 -7.214072871490484e-16 21.545584654883207 -4066.2588103324983 -2.67788921105543e-19 0.004384712271823957 0.17248126743052913
-5.203138764547903 -0.06088988361683236 1.6278771092011741 631.8868557214737 719.743573307991 699.9089632034302 301.2996416091919 3.1165338321592198 3.6356103188185345 -1839.256789776274 -7.214072871490484e-16 21.545584654883207 -4066.2588103324983 -2.67788921105543e-19 0.004384712271823957 0.17248126743052913
-5.103947179946292 -0.05892569382273837 1.549966006758651 632.3494500517845 718.0466517806053 695.8455733060837 316.2439260482788 3.1165338321592198 3.6356103188185345 -1839.256789776274 -7.214072871490484e-16 21.545584654883207 -4066.2588103324983 -2.67788921105543e-19 0.004384712271823957 0.17248126743052913
-5.011630259624004 -0.05205102954342055 1.4923062241575817 633.1329998373985 716.2167723476887 691.5659901499748 333.06094884872437 3.1165338321592198 3.6356103188185345 -1839.256789776274 -7.214072871490484e-16 21.545584654883207 -4066.2588103324983 -2.67788921105543e-19 0.004384712271823957 0.17248126743052913
-4.92422381378694 -0.041247985675918086 1.4405848838304989 634.1273953318596 714.3184979557991 687.2096085548401 350.76165676116943 3.1165338321592198 3.6356103188185345 -1839.256789776274 -7.214072871490484e-16 21.545584654883207 -4066.2588103324983 -2.67788921105543e-19 0.004384712271823957 0.17248126743052913
-4.834853178155785 -0.029462846911370858 1.4321565896607449 635.234902381897 712.4105437397957 682.8987128734589 368.48408365249634 3.1165338321592198 3.6356103188185345 -1839.256789776274 -7.214072871490484e-16 21.545584654883207 -4066.2588103324983 -2.67788921105543e-19 0.004384712271823957 0.17248126743052913
-4.734679498657126 -0.013749328558640106 1.4073198886242049 636.3701631426811 710.5457779765129 678.7384765148163 385.4933500289917 3.408781438284661 3.9777616083738114 -2015.7019969457997 0.0022356331847404793 22.328272963643744 -3806.324615880626 3.985085890803986e-06 0.004796915231345332 0.18088927695600512
-4.626649059982103 -0.0009820948970458813 1.447613664653614 637.4601954817772 708.7712216079235 674.8169635534286 401.18166732788086 3.408781438284661 3.9777616083738114 -2015.7019969457997 0.0022356331847404793 22.328272963643744 -3806.324615880626 3.985085890803986e-06 0.004796915231345332 0.18088927695600512
-4.519600716204126 0.008838854073408467 1.474937179684906 638.4443924427032 707.1280481517315 671.2051273584366 415.0683317184448 3.408781438284661 3.9777616083738114 -2015.7019969457997 0.0022356331847404793 22.328272963643744 -3806.324615880626 3.985085890803986e-06 0.004796915231345332 0.18088927695600512
-4.423355416293654 0.016695613249773283 1.4775014410784388 639.2745242714882 705.6515839397907 667.9568107128143 426.7997250556946 3.408781438284661 3.9777616083738114 -2015.7019969457997 0.0022356331847404793 22.328272963643744 -3806.324615880626 3.985085890803986e-06 0.004796915231345332 0.18088927695600512
-4.3280922112802225 0.021606087735003807 1.4800657024719717 639.9147353172302 704.3713080585003 665.1087461709976 436.14931869506836 3.408781438284661 3.9777616083738114 -2015.7019969457997 0.0022356331847404793 22.328272963643744 -3806.324615880626 3.985085890803986e-06 0.004796915231345332 0.18088927695600512
-4.245596239928386 0.02357027752909557 1.4826299638655045 640.3415475487709 703.310851931572 662.6805562973022 443.01767349243164 3.408781438284661 3.9777616083738114 -2015.7019969457997 0.0022356331847404793 22.328272963643744 -3806.324615880626 3.985085890803986e-06 0.004796915231345332 0.18088927695600512
-4.240685765443162 0.02357027752909557 1.4851942252590373 640.5438571572304 702.4880002140999 660.6747533679008 447.43243503570557 3.408781438284661 3.9777616083738114 -2015.7019969457997 0.0022356331847404793 22.328272963643744 -3806.324615880626 3.985085890803986e-06 0.004796915231345332 0.18088927695600512
-4.236757385854979 0.021606087735004924 1.4877584866525702 640.5229378342628 701.9146901369095 659.0767387747765 449.54833459854126 3.408781438284661 3.9777616083738114 -2015.7019969457997 0.0022356331847404793 22.328272963643744 -3806.324615880626 3.985085890803986e-06 0.004796915231345332 0.18088927695600512
-4.232829006266791 0.017677708146822516 1.490322748046103 640.2924372553825 701.5970114767551 657.8548038601875 449.6471962928772 3.408781438284661 3.9777616083738114 -2015.7019969457997 0.0022356331847404793 22.328272963643744 -3806.324615880626 3.985085890803986e-06 0.004796915231345332 0.18088927695600512
-4.234793196060885 0.013749328558638989 1.4928870094396358 639.8783806562424 701.5352067947388 656.9601295590401 448.13792991638184 3.408781438284661 3.9777616083738114 -2015.7019969457997 0.0022356331847404793 22.328272963643744 -3806.324615880626 3.985085890803986e-06 0.004796915231345332 0.18088927695600512
-4.230864816472706 0.0088388540734107 1.4954512708331686 639.3191677331924 701.7236714661121 656.3267872929573 445.55652618408203 3.408781438284661 3.9777616083738114 -2015.7019969457997 0.0022356331847404793 22.328272963643744 -3806.324615880626 3.985085890803986e-06 0.004796915231345332 0.18088927695600512
-4.238721575649068 0.0058925693822730555 1.4980155322267015 638.6655749678612 702.1509533524513 655.8717368245125 442.56607723236084 3.408781438284661 3.9777616083738114 -2015.7019969457997 0.0022356331847404793 22.328272963643744 -3806.324615880626 3.985085890803986e-06 0.004796915231345332 0.18088927695600512
-4.24854252461953 0.002946284691135411 1.500579793620234 637.980754494667 702.7997533380985 655.4948283433914 439.95674753189087 3.408781438284661 3.9777616083738114 -2015.7019969457997 0.0022356331847404793 22.328272963643744 -3806.324615880626 3.985085890803986e-06 0.004796915231345332 0.18088927695600512
-4.260327663384076 -0.0009820948970469979 1.503144055013767 637.3402336835861 703.6469249129295 655.0788018107414 438.6457962989807 3.408781438284661 3.9777616083738114 -2015.7019969457997 0.0022356331847404793 22.328272963643744 -3806.324615880626 3.985085890803986e-06 0.004796915231345332 0.18088927695600512
-4.279969561324984 -0.005892569382274172 1.5057083164072997 636.8319163918495 704.6634740531445 654.4892865419388 439.6775732040405 3.408781438284661 3.9777616083738114 -2015.7019969457997 0.0022356331847404793 22.328272963643744 -3806.324615880626 3.985085890803986e-06 0.004796915231345332 0.18088927695600512
-4.301575649059987 -0.012767233661594225 1.5082725778008326 636.5560824275017 705.8145597279072 653.5748017430305 444.22351264953613 3.408781438284661 3.9777616083738114 -2015.7019969457997 0.0022356331847404793 22.328272963643744 -3806.324615880626 3.985085890803986e-06 0.004796915231345332 0.18088927695600512
-4.3202354521038595 -0.019641897940913162 1.5108368391943654 636.6253868937492 707.0594934821129 652.1667559742928 453.5821304321289 3.408781438284661 3.9777616083738114 -2015.7019969457997 0.0022356331847404793 22.328272963643744 -3806.324615880626 3.985085890803986e-06 0.004796915231345332 0.18088927695600512
-4.332020590868406 -0.03142703670546151 1.5134011005878982 637.1648608446121 708.3517396450043 650.0794481635094 469.17903900146484 3.408781438284661 3.9777616083738114 -2015.7019969457997 0.0022356331847404793 22.328272963643744 -3806.324615880626 3.985085890803986e-06 0.004796915231345332 0.18088927695600512
-4.3428236347359075 -0.045176365264100495 1.515965361981431 633.3929032683372 708.1288942396641 652.5917048454285 466.7857599258423 3.408781438284661 3.9777616083738114 -2015.7019969457997 0.0022356331847404793 22.328272963643744 -3806.324615880626 3.985085890803986e-06 0.004796915231345332 0.18088927695600512
-4.356572963294547 -0.059907788719786484 1.5185296233749639 631.8466603755951 709.4051865935326 649.383337020874 461.2325201034546 3.408781438284661 3.9777616083738114 -2015.7019969457997 0.0022356331847404793 22.328272963643744 -3806.324615880626 3.985085890803986e-06 0.004796915231345332 0.18088927695600512
-4.377196956132505 -0.07463921217547023 1.5210938847684967 630.1965723633766 710.3616682291031 644.3115673065186 450.7397699356079 3.408781438284661 3.9777616083738114 -2015.7019969457997 0.0022356331847404793 22.328272963643744 -3806.324615880626 3.985085890803986e-06 0.004796915231345332 0.18088927695600512
-4.389964189794096 -0.0893706356311551 1.5236581461620295 628.5466541647911 711.0623336732388 637.9547328948975 436.7819519042969 3.408781438284661 3.9777616083738114 -2015.7019969457997 0.0022356331847404793 22.328272963643744 -3806.324615880626 3.985085890803986e-06 0.004796915231345332 0.18088927695600512
-4.401749328558638 -0.1041020590868411 1.5262224075555624 626.9840981960297 711.5640632212162 630.8171491622925 420.6552314758301 3.408781438284661 3.9777616083738114 -2015.7019969457997 0.0022356331847404793 22.328272963643744 -3806.324615880626 3.985085890803986e-06 0.004796915231345332 0.18088927695600512
-4.406659803043871 -0.1168692927484342 1.5287866689490952 625.5792711377144 711.9166244566441 623.329110622406 403.4774475097656 3.408781438284661 3.9777616083738114 -2015.7019969457997 0.0022356331847404793 22.328272963643744 -3806.324615880626 3.985085890803986e-06 0.004796915231345332 0.18088927695600512
-4.407641897940915 -0.12767233661593666 1.531350930342628 624.3857173919678 712.1626705229282 615.8468885421753 386.1881504058838 3.408781438284661 3.9777616083738114 -2015.7019969457997 0.0022356331847404793 22.328272963643744 -3806.324615880626 3.985085890803986e-06 0.004796915231345332 0.18088927695600512
-4.407641897940915 -0.13651119068934736 1.5339151917361609 623.4401574730873 712.3377406895161 608.6527338027954 369.54859828948975 3.408781438284661 3.9777616083738114 -2015.7019969457997 0.0022356331847404793 22.328272963643744 -3806.324615880626 3.985085890803986e-06 0.004796915231345332 0.18088927695600512
-4.405677708146821 -0.14535004476275806 1.5364794531296937 622.7624874711037 712.4702615141869 601.9548716545105 354.14173698425293 3.408781438284661 3.9777616083738114 -2015.7019969457997 0.0022356331847404793 22.328272963643744 -3806.324615880626 3.985085890803986e-06 0.004796915231345332 0.18088927695600512
-4.41058818263205 -0.14927842435094046 1.5390437145232265 622.3557792901993 712.5815444290638 595.8875117301941 340.3722152709961 3.408781438284661 3.9777616083738114 -2015.7019969457997 0.0022356331847404793 22.328272963643744 -3806.324615880626 3.985085890803986e-06 0.004796915231345332 0.18088927695600512
-4.418444941808417 -0.14927842435093935 1.5416079759167594 622.2062822580338 712.6857885420322 590.5108342170715 328.4663829803467 3.408781438284661 3.9777616083738114 -2015.7019969457997 0.0022356331847404793 22.328272963643744 -3806.324615880626 3.985085890803986e-06 0.004796915231345332 0.18088927695600512
-4.4194270367054616 -0.14829632945389348 1.5441722373102922 622.2834216356277 712.7900784313679 585.8110032081604 318.47229385375977 3.408781438284661 3.9777616083738114 -2015.7019969457997 0.0022356331847404793 22.328272963643744 -3806.324615880626 3.985085890803986e-06 0.004796915231345332 0.18088927695600512
-4.4194270367054616 -0.1463321396598017 1.546736498703825 622.5397976636887 712.8943850696087 581.7001585960388 310.2596960067749 3.408781438284661 3.9777616083738114 -2015.7019969457997 0.0022356331847404793 22.328272963643744 -3806.324615880626 3.985085890803986e-06 0.004796915231345332 0.18088927695600512
-4.4194270367054616 -0.14436794986570994 1.5493007600973578 622.9111878275871 712.9915658533573 578.0164184570312 303.5200424194336 3.408781438284661 3.9777616083738114 -2015.7019969457997 0.0022356331847404793 22.328272963643744 -3806.324615880626 3.985085890803986e-06 0.004796915231345332 0.18088927695600512
-4.4194270367054616 -0.1424037600716193 1.5518650214908907 623.3165462017059 713.067364513874 574.5238766670227 297.76647663116455 3.408781438284661 3.9777616083738114 -2015.7019969457997 0.0022356331847404793 22.328272963643744 -3806.324615880626 3.985085890803986e-06 0.004796915231345332 0.18088927695600512
-4.4194270367054616 -0.14142166517457455 1.5544292828844233 623.65800178051 713.1004109680653 570.9126100540161 292.33385372161865 3.408781438284661 3.9777616083738114 -2015.7019969457997 0.0022356331847404793 22.328272963643744 -3806.324615880626 3.985085890803986e-06 0.004796915231345332 0.18088927695600512
-4.4194270367054616 -0.14043957027752865 1.556993544277956 623.820860683918 713.062221288681 566.798668384552 286.37872219085693 3.408781438284661 3.9777616083738114 -2015.7019969457997 0.0022356331847404793 22.328272963643744 -3806.324615880626 3.985085890803986e-06 0.004796915231345332 0.18088927695600512
-4.4194270367054616 -0.13945747538048278 1.559557805671489 623.673604786396 712.9171983003616 561.7240815162659 278.8793315887451 3.408781438284661 3.9777616083738114 -2015.7019969457997 0.0022356331847404793 22.328272963643744 -3806.324615880626 3.985085890803986e-06 0.004796915231345332 0.18088927695600512
-4.4194270367054616 -0.13847538048343802 1.5621220670650218 623.0678925514221 712.6226307749748 555.1568593978882 268.63562965393066 3.408781438284661 3.9777616083738114 -2015.7019969457997 0.0022356331847404793 22.328272963643744 -3806.324615880626 3.985085890803986e-06 0.004796915231345332 0.18088927695600512
