35 -4.011857654431518 -0.8927242614145041 1.5139426181428233 -4.9409194270367 -0.4714055505819159
-4.011857654431518 -0.8927242614145041 1.5139426181428233 535.2973204106092 652.8775139390491 607.9250530937425 209.71742950368207 3.1336178433950477 3.632347836410712 -1832.9020651491699 0.04289357953306146 21.464271231785332 -4010.291684172384 1.797719175736018e-05 0.004364194044365848 0.18119556625433433
-3.833116383169201 -1.0086114592658924 1.4859216775756996 530.6228438587859 649.7910211861599 603.0348415843473 240.51936315675266 3.1336178433950477 3.632347836410712 -1832.9020651491699 0.04289357953306146 21.464271231785332 -4010.291684172384 1.797719175736018e-05 0.004364194044365848 0.18119556625433433
-3.66616025067143 -1.1166418979409147 1.4579007370085761 529.4705861280672 649.3668156166095 598.1946694719227 268.935221282416 3.1336178433950477 3.632347836410712 -1832.9020651491699 0.04289357953306146 21.464271231785332 -4010.291684172384 1.797719175736018e-05 0.004364194044365848 0.18119556625433433
-3.50804297224708 -1.2197618621307078 1.4298797964414525 531.2588490769267 651.1495566850062 593.3873744033335 294.9376479187049 3.1336178433950477 3.632347836410712 -1832.9020651491699 0.04289357953306146 21.464271231785332 -4010.291684172384 1.797719175736018e-05 0.004364194044365848 0.18119556625433433
-3.603306177260516 -1.198155774395704 1.401858855874329 535.4442365211435 654.7145311599597 588.5964029696552 318.51636367756873 3.1336178433950477 3.632347836410712 -1832.9020651491699 0.04289357953306146 21.464271231785332 -4010.291684172384 1.797719175736018e-05 0.004364194044365848 0.18119556625433433
-3.7849937332139625 -1.1038746642793207 1.3738379153072053 541.5216542221606 659.6676531219855 583.8058107062752 339.67816574312747 3.1336178433950477 3.632347836410712 -1832.9020651491699 0.04289357953306146 21.464271231785332 -4010.291684172384 1.797719175736018e-05 0.004364194044365848 0.18119556625433433
-3.991233661593551 -0.9732560429722474 1.3458169747400819 549.0243099001236 665.645463964669 579.0002620927116 358.4469278694596 3.1336178433950477 3.632347836410712 -1832.9020651491699 0.04289357953306146 21.464271231785332 -4010.291684172384 1.797719175736018e-05 0.004364194044365848 0.18119556625433433
-4.197473589973139 -0.8298701880035823 1.3177960341729582 557.5237132203765 672.3151323946659 574.1650305528092 374.8636003843276 3.1336178433950477 3.632347836410712 -1832.9020651491699 0.04289357953306146 21.464271231785332 -4010.291684172384 1.797719175736018e-05 0.004364194044365848 0.18119556625433433
-4.398803043867503 -0.6864843330349147 1.2897750936058348 566.6296758046374 679.3744544303045 569.285998454674 388.98621018684935 3.1336178433950477 3.632347836410712 -1832.9020651491699 0.04289357953306146 21.464271231785332 -4010.291684172384 1.797719175736018e-05 0.004364194044365848 0.18119556625433433
-4.591293643688451 -0.5499731423455696 1.2617541530387113 575.9903112235479 686.5518534050789 564.349657110637 400.88986074819695 3.1336178433950477 3.632347836410712 -1832.9020651491699 0.04289357953306146 21.464271231785332 -4010.291684172384 1.797719175736018e-05 0.004364194044365848 0.18119556625433433
-4.772981199641903 -0.42524709042077063 1.2337332124715876 585.292035004124 693.6063799632248 559.3431067772108 410.6667321117129 3.1336178433950477 3.632347836410712 -1832.9020651491699 0.04289357953306146 21.464271231785332 -4010.291684172384 1.797719175736018e-05 0.004364194044365848 0.18119556625433433
-4.947794091316023 -0.3093598925693812 1.205712271904464 594.259564621374 700.3277120643761 554.2540566551907 418.4260808918625 3.1336178433950477 3.632347836410712 -1832.9020651491699 0.04289357953306146 21.464271231785332 -4010.291684172384 1.797719175736018e-05 0.004364194044365848 0.18119556625433433
-5.1108218442256055 -0.2013294538943599 1.1776913313373405 602.6559195029549 706.5361549768131 549.0708248896772 424.2942402762128 3.1336178433950477 3.632347836410712 -1832.9020651491699 0.04289357953306146 21.464271231785332 -4010.291684172384 1.797719175736018e-05 0.004364194044365848 0.18119556625433433
-5.265010743061768 -0.09919158460161169 1.149670390770217 610.2824210296385 712.0826412872411 543.7823385699667 428.4146200232208 3.1336178433950477 3.632347836410712 -1832.9020651491699 0.04289357953306146 21.464271231785332 -4010.291684172384 1.797719175736018e-05 0.004364194044365848 0.18119556625433433
-5.295455684870187 -0.06580035810206065 1.1216494502030934 616.978692532517 716.8487308889162 538.3781337295659 430.9477064644452 3.1336178433950477 3.632347836410712 -1832.9020651491699 0.04289357953306146 21.464271231785332 -4010.291684172384 1.797719175736018e-05 0.004364194044365848 0.18119556625433433
-5.289563115487914 -0.06776454789615242 1.09362850963597 622.6226592953317 720.7466109928209 532.8483553463011 432.071062502102 3.1336178433950477 3.632347836410712 -1832.9020651491699 0.04289357953306146 21.464271231785332 -4010.291684172384 1.797719175736018e-05 0.004364194044365848 0.18119556625433433
-5.27188540734109 -0.08642435094001859 1.0656075690688462 627.1305485563353 723.7190961216111 527.1837573421581 431.9793276110431 3.1336178433950477 3.632347836410712 -1832.9020651491699 0.04289357953306146 21.464271231785332 -4010.291684172384 1.797719175736018e-05 0.004364194044365848 0.18119556625433433
-5.249297224709038 -0.10704834377797874 1.0375866285017228 630.4568895008415 725.7396281096153 521.3757025834566 430.8842178386403 3.1336178433950477 3.632347836410712 -1832.9020651491699 0.04289357953306146 21.464271231785332 -4010.291684172384 1.797719175736018e-05 0.004364194044365848 0.18119556625433433
-5.226709042076986 -0.12472605192479902 1.0095656879345993 632.594513269607 726.8122761079576 515.4161628806833 429.01452580303885 3.1336178433950477 3.632347836410712 -1832.9020651491699 0.04289357953306146 21.464271231785332 -4010.291684172384 1.797719175736018e-05 0.004364194044365848 0.18119556625433433
-5.208049239033122 -0.13749328558639212 0.9815447473674757 633.5745529532433 726.9717365726829 509.29771898857143 426.61612069571856 3.1336178433950477 3.632347836410712 -1832.9020651491699 0.04289357953306146 21.464271231785332 -4010.291684172384 1.797719175736018e-05 0.004364194044365848 0.18119556625433433
-5.191353625783348 -0.1433858549686663 0.953523806800352 633.4664435982704 726.2833332803566 503.0135606062322 423.95194827846717 3.1336178433950477 3.632347836410712 -1832.9020651491699 0.04289357953306146 21.464271231785332 -4010.291684172384 1.797719175736018e-05 0.004364194044365848 0.18119556625433433
-5.174658012533573 -0.1443679498657122 0.9255028662332285 632.3779221973382 724.8430173180532 496.5574863768561 421.30203088605776 3.1336178433950477 3.632347836410712 -1832.9020651491699 0.04289357953306146 21.464271231785332 -4010.291684172384 1.797719175736018e-05 0.004364194044365848 0.18119556625433433
-5.159926589077888 -0.14240376007162042 0.897481925666105 630.4550276994705 722.7773670842871 489.92390388790227 418.96346742485184 3.1336178433950477 3.632347836410712 -1832.9020651491699 0.04289357953306146 21.464271231785332 -4010.291684172384 1.797719175736018e-05 0.004364194044365848 0.18119556625433433
-5.147159355416293 -0.13749328558639212 0.8694609850989814 627.8821010030806 720.2435882920399 483.10782967118575 417.25043337454554 3.1336178433950477 3.632347836410712 -1832.9020651491699 0.04289357953306146 21.464271231785332 -4010.291684172384 1.797719175736018e-05 0.004364194044365848 0.18119556625433433
-5.138320501342886 -0.13160071620411795 0.8414400445318577 624.8817849592306 717.429513966199 476.10488920268835 416.4941807843279 3.1336178433950477 3.632347836410712 -1832.9020651491699 0.04289357953306146 21.464271231785332 -4010.291684172384 1.797719175736018e-05 0.004364194044365848 0.18119556625433433
-5.129481647269474 -0.12472605192479902 0.8134191039647343 621.7150243725628 714.553604445653 468.91131690260954 417.04303827660624 3.1336178433950477 3.632347836410712 -1832.9020651491699 0.04289357953306146 21.464271231785332 -4010.291684172384 1.797719175736018e-05 0.004364194044365848 0.18119556625433433
-5.122606982990152 -0.11785138764547898 0.7853981633976107 618.6810659985058 711.8649473800324 461.5239561354538 419.26241104723886 3.1336178433950477 3.632347836410712 -1832.9020651491699 0.04289357953306146 21.464271231785332 -4010.291684172384 1.797719175736018e-05 0.004364194044365848 0.18119556625433433
-5.120642793196057 -0.11490510295434245 0.5880026035482672 616.1174585418776 709.6432577345986 453.94025920988497 423.5347808600636 3.1336178433950477 3.632347836410712 -1832.9020651491699 0.04289357953306146 21.464271231785332 -4010.291684172384 1.797719175736018e-05 0.004364194044365848 0.18119556625433433
-5.118678603401964 -0.11490510295434245 3.141592653589793 614.4000526638702 708.1988777860533 446.1582873789812 430.25970605562907 3.1336178433950477 3.632347836410712 -1832.9020651491699 0.04289357953306146 21.464271231785332 -4010.291684172384 1.797719175736018e-05 0.004364194044365848 0.18119556625433433
-5.116714413607874 -0.11588719785138832 2.0344439357961575 613.9430009750649 707.8727771227714 438.17671083982714 439.8538215440931 3.1336178433950477 3.632347836410712 -1832.9020651491699 0.04289357953306146 21.464271231785332 -4010.291684172384 1.797719175736018e-05 0.004364194044365848 0.18119556625433433
-5.120642793196062 -0.12177976723366361 3.7295952571378854 615.1987580358982 709.0365526492242 429.9948087339508 452.7508388060378 3.1336178433950477 3.632347836410712 -1832.9020651491699 0.04289357953306146 21.464271231785332 -4010.291684172384 1.797719175736018e-05 0.004364194044365848 0.18119556625433433
-5.128499552372425 -0.1306186213070732 3.8682349942714245 618.6580803669058 712.0924285801593 421.61246914709045 469.4015458961949 3.1336178433950477 3.632347836410712 -1832.9020651491699 0.04289357953306146 21.464271231785332 -4010.291684172384 1.797719175736018e-05 0.004364194044365848 0.18119556625433433
-5.136356311548787 -0.1404395702775298 3.8163335958131794 624.8500264314935 717.4732564415317 413.0301891091003 490.27380744204856 3.1336178433950477 3.632347836410712 -1832.9020651491699 0.04289357953306146 21.464271231785332 -4010.291684172384 1.797719175736018e-05 0.004364194044365848 0.18119556625433433
-5.14421307072515 -0.15124261414503223 3.770388940005054 634.341956647113 725.6425150774885 404.24907459425594 515.8525646395283 3.1336178433950477 3.632347836410712 -1832.9020651491699 0.04289357953306146 21.464271231785332 -4010.291684172384 1.797719175736018e-05 0.004364194044365848 0.18119556625433433
-5.053860340196951 -0.27695076096687604 2.518393323655735 647.7395333852619 737.0943106408231 395.2708405209487 546.63983526011 3.1336178433950477 3.632347836410712 -1832.9020651491699 0.04289357953306146 21.464271231785332 -4010.291684172384 1.797719175736018e-05 0.004364194044365848 0.18119556625433433
-4.9409194270367 -0.4714055505819159 2.615404402234957 527.3018675427957 694.7493945489186 389.9903887483524 650.7569157577818 3.1336178433950477 3.632347836410712 -1832.9020651491699 0.04289357953306146 21.464271231785332 -4010.291684172384 1.797719175736018e-05 0.004364194044365848 0.18119556625433433
-4.819139659803038 -0.7012157564905996 2.654300803031518 518.4742967319762 691.4066033598174 396.24948336882517 593.9649902890669 3.1336178433950477 3.632347836410712 -1832.9020651491699 0.04289357953306146 21.464271231785332 -4010.291684172384 1.797719175736018e-05 0.004364194044365848 0.18119556625433433
-4.704234556848697 -0.94084691136974 2.694472465191714 510.0770616758091 688.2465894837478 402.8604295201367 541.5117099980125 3.1336178433950477 3.632347836410712 -1832.9020651491699 0.04289357953306146 21.464271231785332 -4010.291684172384 1.797719175736018e-05 0.004364194044365848 0.18119556625433433
-4.59816830796777 -1.1775317815577448 2.7202925936095745 502.0994427291371 685.2643885947764 409.76889955846127 493.1968265530886 3.1203047150338787 3.5963752175295873 -1814.3838262064548 0.04277771957815683 21.31390368594601 -3962.433718493492 1.7928633519763902e-05 0.0043210002221665995 0.19328295815625346
-4.485227394807518 -1.405377797672338 2.681399262284291 494.5309359407984 682.4550837801726 416.9224482817808 448.8243639556458 3.1203047150338787 3.5963752175295873 -1814.3838262064548 0.04277771957815683 21.31390368594601 -3962.433718493492 1.7928633519763902e-05 0.0043210002221665995 0.19328295815625346
-4.38014324082364 -1.61947448522829 2.6853113938504007 487.361253053612 679.8138055403069 424.27051292872056 408.2026185388677 3.1203047150338787 3.5963752175295873 -1814.3838262064548 0.04277771957815683 21.31390368594601 -3962.433718493492 1.7928633519763902e-05 0.0043210002221665995 0.19328295815625346
-4.26622023276633 -1.8208039391226498 2.626659257971246 480.5803215045016 677.3357317886985 431.76441317936406 371.1441589675378 3.1203047150338787 3.5963752175295873 -1814.3838262064548 0.04277771957815683 21.31390368594601 -3962.433718493492 1.7928633519763902e-05 0.0043210002221665995 0.19328295815625346
-4.1483688451208565 -2.014276633840646 2.594481803373425 474.1782844242407 675.0160878520219 439.35735115472926 337.46582623920403 3.1203047150338787 3.5963752175295873 -1814.3838262064548 0.04277771957815683 21.31390368594601 -3962.433718493492 1.7928633519763902e-05 0.0043210002221665995 0.19328295815625346
-4.025606982990144 -2.201856759176367 2.6115790174426867 468.1455006377728 672.8501464700748 447.0044114170596 306.9887336837128 3.1203047150338787 3.5963752175295873 -1814.3838262064548 0.04277771957815683 21.31390368594601 -3962.433718493492 1.7928633519763902e-05 0.0043210002221665995 0.19328295815625346
-3.9990904207699134 -2.269621307072517 2.6286762315119483 462.472544664015 670.8332277957961 454.6625609694747 279.5382669615792 3.1203047150338787 3.5963752175295873 -1814.3838262064548 0.04277771957815683 21.31390368594601 -3962.433718493492 1.7928633519763902e-05 0.0043210002221665995 0.19328295815625346
-3.99516204118173 -2.2666750223813805 2.64577344558121 457.150206715829 668.9606993952802 462.2906492562033 254.94408406713046 3.1203047150338787 3.5963752175295873 -1814.3838262064548 0.04277771957815683 21.31390368594601 -3962.433718493492 1.7928633519763902e-05 0.0043210002221665995 0.19328295815625346
-4.000072515666958 -2.227391226499554 2.662870659650471 452.1694927001736 667.2279762477483 469.8494081629324 233.04011532536242 3.1203047150338787 3.5963752175295873 -1814.3838262064548 0.04277771957815683 21.31390368594601 -3962.433718493492 1.7928633519763902e-05 0.0043210002221665995 0.19328295815625346
-4.000072515666958 -2.1782864816472713 2.729380708311056 447.5216242179813 665.6305207455553 477.3014520157594 213.66456339426804 3.1203047150338787 3.5963752175295873 -1814.3838262064548 0.04277771957815683 21.31390368594601 -3962.433718493492 1.7928633519763902e-05 0.0043210002221665995 0.19328295815625346
-3.9931978513876403 -2.131145926589078 2.795890756971641 443.1980385641582 664.1638426942336 484.6112775828806 196.65990326413885 3.1203047150338787 3.5963752175295873 -1814.3838262064548 0.04277771957815683 21.31390368594601 -3962.433718493492 1.7928633519763902e-05 0.0043210002221665995 0.19328295815625346
-3.9931978513876447 -2.0928442256042974 2.862400805632226 439.19038872772944 662.823499312406 491.74526407266967 181.87288225628436 3.1203047150338787 3.5963752175295873 -1814.3838262064548 0.04277771957815683 21.31390368594601 -3962.433718493492 1.7928633519763902e-05 0.0043210002221665995 0.19328295815625346
-3.981412712623099 -2.0653455684870194 2.928910854292811 435.49054339164286 661.6050952318801 498.67167313501704 169.15452002477832 3.1203047150338787 3.5963752175295873 -1814.3838262064548 0.04277771957815683 21.31390368594601 -3962.433718493492 1.7928633519763902e-05 0.0043210002221665995 0.19328295815625346
-3.976502238137866 -2.047667860340197 2.995420902953396 432.09058693288534 660.5042824975717 505.3606488608639 158.3601085563423 3.1203047150338787 3.5963752175295873 -1814.3838262064548 0.04277771957815683 21.31390368594601 -3962.433718493492 1.7928633519763902e-05 0.0043210002221665995 0.19328295815625346
-3.9755201432408214 -2.036864816472695 3.0619309516139808 428.98281942249014 659.5167605675597 511.7842177822022 149.34921216859948 3.1203047150338787 3.5963752175295873 -1814.3838262064548 0.04277771957815683 21.31390368594601 -3962.433718493492 1.7928633519763902e-05 0.0043210002221665995 0.19328295815625346
-3.979448522829 -2.0309722470904217 3.128441000274566 426.15975662540586 658.6382763130423 517.9162888721912 141.98566751170438 3.1203047150338787 3.5963752175295873 -1814.3838262064548 0.04277771957815683 21.31390368594601 -3962.433718493492 1.7928633519763902e-05 0.0043210002221665995 0.19328295815625346
-3.983376902417184 -2.029008057296331 3.1949510489351507 423.61413000070024 657.8646240183916 523.7326535450411 136.13758356880862 3.1203047150338787 3.5963752175295873 -1814.3838262064548 0.04277771957815683 21.31390368594601 -3962.433718493492 1.7928633519763902e-05 0.0043210002221665995 0.19328295815625346
-3.987305282005367 -2.0299901521933768 3.261461097595736 421.3388867014364 657.1916453810773 529.2109856563038 131.67734165326692 3.1203047150338787 3.5963752175295873 -1814.3838262064548 0.04277771957815683 21.31390368594601 -3962.433718493492 1.7928633519763902e-05 0.0043210002221665995 0.19328295815625346
-3.991233661593551 -2.0319543419874675 3.327971146256321 419.32718957461475 656.6152295117427 534.3308415019419 128.4815954125952 3.1203047150338787 3.5963752175295873 -1814.3838262064548 0.04277771957815683 21.31390368594601 -3962.433718493492 1.7928633519763902e-05 0.0043210002221665995 0.19328295815625346
-3.9931978513876403 -2.033918531781559 3.394481194916906 417.5724171613474 656.1313129341615 539.0736598198419 126.43127082521096 3.1203047150338787 3.5963752175295873 -1814.3838262064548 0.04277771957815683 21.31390368594601 -3962.433718493492 1.7928633519763902e-05 0.0043210002221665995 0.19328295815625346
-3.9951620411817346 -2.035882721575651 3.460991243577491 416.0681636966692 655.7358795852379 543.4227617883007 125.4115662019467 3.1203047150338787 3.5963752175295873 -1814.3838262064548 0.04277771957815683 21.31390368594601 -3962.433718493492 1.7928633519763902e-05 0.0043210002221665995 0.19328295815625346
-3.997126230975824 -2.037846911369743 3.527501292238076 414.8082391097414 655.4249608150421 547.3633510275977 125.31195218546782 3.1203047150338787 3.5963752175295873 -1814.3838262064548 0.04277771957815683 21.31390368594601 -3962.433718493492 1.7928633519763902e-05 0.0043210002221665995 0.19328295815625346
-3.997126230975824 -2.0388290062667886 3.594011340898661 413.786669023626 655.1946353867497 550.8825135978404 126.02617175027262 3.1203047150338787 3.5963752175295873 -1814.3838262064548 0.04277771957815683 21.31390368594601 -3962.433718493492 1.7928633519763902e-05 0.0043210002221665995 0.19328295815625346
-3.997126230975824 -2.0398111011638336 3.660521389559246 412.99769475542416 655.0410294767244 553.9692180013517 127.45224020408932 3.1203047150338787 3.5963752175295873 -1814.3838262064548 0.04277771957815683 21.31390368594601 -3962.433718493492 1.7928633519763902e-05 0.0043210002221665995 0.19328295815625346
-3.997126230975824 -2.0407931960608794 3.727031438219831 412.4357733162542 654.9603166744055 556.6143151812721 129.49244518578053 3.1203047150338787 3.5963752175295873 -1814.3838262064548 0.04277771957815683 21.31390368594601 -3962.433718493492 1.7928633519763902e-05 0.0043210002221665995 0.19328295815625346
-3.997126230975824 -2.041775290957925 3.7935414868804163 412.0955774113536 654.9487179824355 558.8105385213858 132.05334666674025 3.1203047150338787 3.5963752175295873 -1814.3838262064548 0.04277771957815683 21.31390368594601 -3962.433718493492 1.7928633519763902e-05 0.0043210002221665995 0.19328295815625346
-3.997126230975824 -2.042757385854971 3.860051535541001 411.9719954397515 655.0025018165688 560.5525038470514 135.04577695031185 3.1203047150338787 3.5963752175295873 -1814.3838262064548 0.04277771957815683 21.31390368594601 -3962.433718493492 1.7928633519763902e-05 0.0043210002221665995 0.19328295815625346
-3.997126230975824 -2.041775290957925 3.926561584201586 412.06013149471255 655.1179840056939 561.8367094245623 138.3848406712059 3.1203047150338787 3.5963752175295873 -1814.3838262064548 0.04277771957815683 21.31390368594601 -3962.433718493492 1.7928633519763902e-05 0.0043210002221665995 0.19328295815625346
-3.997126230975824 -2.0407931960608794 3.993071632862171 412.35530536341685 655.2915277918764 562.6615359614952 141.9899147974793 3.1203047150338787 3.5963752175295873 -1814.3838262064548 0.04277771957815683 21.31390368594601 -3962.433718493492 1.7928633519763902e-05 0.0043210002221665995 0.19328295815625346
-3.997126230975824 -2.0398111011638336 4.059581681522756 412.85305252700346 655.519543830258 563.0272466060123 145.78464862890542 3.1203047150338787 3.5963752175295873 -1814.3838262064548 0.04277771957815683 21.31390368594601 -3962.433718493492 1.7928633519763902e-05 0.0043210002221665995 0.19328295815625346
-3.997126230975824 -2.0388290062667873 4.126091730183341 413.5491241606942 655.7984901891869 562.9359869479667 149.69696379697416 3.1203047150338787 3.5963752175295873 -1814.3838262064548 0.04277771957815683 21.31390368594601 -3962.433718493492 1.7928633519763902e-05 0.0043210002221665995 0.19328295815625346
-3.997126230975824 -2.0378469113697415 4.192601778843926 414.4394871337572 656.1248723501049 562.3917850179132 153.65905426547397 3.1203047150338787 3.5963752175295873 -1814.3838262064548 0.04277771957815683 21.31390368594601 -3962.433718493492 1.7928633519763902e-05 0.0043210002221665995 0.19328295815625346
-3.997126230975824 -2.0368648164726957 4.259111827504511 415.52032400938333 656.4952432076389 561.4005512879812 157.6073863299098 3.1203047150338787 3.5963752175295873 -1814.3838262064548 0.04277771957815683 21.31390368594601 -3962.433718493492 1.7928633519763902e-05 0.0043210002221665995 0.19328295815625346
-3.997126230975824 -2.03588272157565 4.325621876165096 416.78803304483154 656.9062030695059 559.9700786707108 161.48269861855078 3.1203047150338787 3.5963752175295873 -1814.3838262064548 0.04277771957815683 21.31390368594601 -3962.433718493492 1.7928633519763902e-05 0.0043210002221665995 0.19328295815625346
-3.997126230975824 -2.034900626678605 4.392131924825681 418.23922819137806 657.3543996566004 558.1100425202749 165.23000209161546 3.1203047150338787 3.5963752175295873 -1814.3838262064548 0.04277771957815683 21.31390368594601 -3962.433718493492 1.7928633519763902e-05 0.0043210002221665995 0.19328295815625346
-3.997126230975824 -2.033918531781559 4.458641973486266 419.8707390942727 657.8365281029437 555.8320006317226 168.7985800403403 3.1203047150338787 3.5963752175295873 -1814.3838262064548 0.04277771957815683 21.31390368594601 -3962.433718493492 1.7928633519763902e-05 0.0043210002221665995 0.19328295815625346
-3.997126230975824 -2.033918531781559 4.525152022146851 421.67961109281896 658.3493309557016 553.1493932413869 172.1419880905887 3.1203047150338787 3.5963752175295873 -1814.3838262064548 0.04277771957815683 21.31390368594601 -3962.433718493492 1.7928633519763902e-05 0.0043210002221665995 0.19328295815625346
-3.997126230975824 -2.034900626678605 4.591662070807436 423.6631052203011 658.8895981751848 550.0775430264184 175.21805419691373 3.1203047150338787 3.5963752175295873 -1814.3838262064548 0.04277771957815683 21.31390368594601 -3962.433718493492 1.7928633519763902e-05 0.0043210002221665995 0.19328295815625346
-3.997126230975824 -2.035882721575651 4.658172119468021 425.8186982040497 659.454167134827 546.63365510531 177.98887864896096 3.1203047150338787 3.5963752175295873 -1814.3838262064548 0.04277771957815683 21.31390368594601 -3962.433718493492 1.7928633519763902e-05 0.0043210002221665995 0.19328295815625346
-3.997126230975824 -2.036864816472697 4.724682168128606 428.14408246536186 660.0399226212248 542.8368170374306 180.42083406681195 3.1203047150338787 3.5963752175295873 -1814.3838262064548 0.04277771957815683 21.31390368594601 -3962.433718493492 1.7928633519763902e-05 0.0043210002221665995 0.19328295815625346
-3.997126230975824 -2.037846911369743 4.791192216789191 430.63716611959535 660.6437968340942 538.7079988233163 182.48456540331244 3.1203047150338787 3.5963752175295873 -1814.3838262064548 0.04277771957815683 21.31390368594601 -3962.433718493492 1.7928633519763902e-05 0.0043210002221665995 0.19328295815625346
-3.9951620411817346 -2.0388290062667886 4.857702265449776 433.296072976118 661.2627693863215 534.2700529051363 184.15498994267546 3.1203047150338787 3.5963752175295873 -1814.3838262064548 0.04277771957815683 21.31390368594601 -3962.433718493492 1.7928633519763902e-05 0.0043210002221665995 0.19328295815625346
-3.9931978513876447 -2.0398111011638336 4.9242123141103615 436.11914253827854 661.8938673038901 529.5477141650626 185.4112973016454 3.1203047150338787 3.5963752175295873 -1814.3838262064548 0.04277771957815683 21.31390368594601 -3962.433718493492 1.7928633519763902e-05 0.0043210002221665995 0.19328295815625346
-3.9912336615935553 -2.0398111011638322 4.990722362770946 439.1049300034283 662.5341650259725 524.5675999275991 186.23694942996372 3.1203047150338787 3.5963752175295873 -1814.3838262064548 0.04277771957815683 21.31390368594601 -3962.433718493492 1.7928633519763902e-05 0.0043210002221665995 0.19328295815625346
-3.9892694717994615 -2.0398111011638322 5.0572324114315315 442.2522062630378 663.1807844048344 519.3582099570194 186.61968060804065 3.1203047150338787 3.5963752175295873 -1814.3838262064548 0.04277771957815683 21.31390368594601 -3962.433718493492 1.7928633519763902e-05 0.0043210002221665995 0.19328295815625346
-3.987305282005372 -2.0398111011638336 5.1237424600921155 445.5599579023692 663.8308947059268 513.94992646022 186.55149744893424 3.107352466035573 3.6150076196669505 -1815.355445840028 -1.6481405914796085e-15 21.368553645799093 -3952.277708291377 -6.117966276610482e-19 0.004348410235993714 0.1957282122553642
-3.9853410922112777 -2.0388290062667873 5.190252508752701 449.0273872009493 664.4817126078233 508.375014083751 186.02867889695335 3.107352466035573 3.6150076196669505 -1815.355445840028 -1.6481405914796085e-15 21.368553645799093 -3952.277708291377 -6.117966276610482e-19 0.004348410235993714 0.1957282122553642
-3.9833769024171883 -2.037846911369743 5.2567625574132855 452.65391213217663 665.1305022022207 502.66761991614476 185.0517762316158 3.107352466035573 3.6150076196669505 -1815.355445840028 -1.6481405914796085e-15 21.368553645799093 -3952.277708291377 -6.117966276610482e-19 0.004348410235993714 0.1957282122553642
-3.981412712623099 -2.036864816472697 5.323272606073871 456.43916636352515 665.7745749939713 496.8637734867516 183.6256130594993 3.107352466035573 3.6150076196669505 -1815.355445840028 -1.6481405914796085e-15 21.368553645799093 -3952.277708291377 -6.117966276610482e-19 0.004348410235993714 0.1957282122553642
-3.9794485228290046 -2.035882721575651 5.389782654734455 460.3829992563842 666.4112899010761 491.00138676620554 181.7592853240203 3.107352466035573 3.6150076196669505 -1815.355445840028 -1.6481405914796085e-15 21.368553645799093 -3952.277708291377 -6.117966276610482e-19 0.004348410235993714 0.1957282122553642
-3.977484333034915 -2.034900626678605 5.456292703395041 464.4854758662841 667.0380532546696 485.12025416607503 179.4661612979835 3.107352466035573 3.6150076196669505 -1815.355445840028 -1.6481405914796085e-15 21.368553645799093 -3952.277708291377 -6.117966276610482e-19 0.004348410235993714 0.1957282122553642
-3.977484333034915 -2.033918531781559 5.522802752055626 468.7468769426705 667.6523187990169 479.2620525387465 176.76388158707414 3.107352466035573 3.6150076196669505 -1815.355445840028 -1.6481405914796085e-15 21.368553645799093 -3952.277708291377 -6.117966276610482e-19 0.004348410235993714 0.1957282122553642
-3.977484333034915 -2.0329364368845146 5.589312800716211 473.1676989290354 668.2515876915422 473.47034117841395 173.67435912846122 3.107352466035573 3.6150076196669505 -1815.355445840028 -1.6481405914796085e-15 21.368553645799093 -3952.277708291377 -6.117966276610482e-19 0.004348410235993714 0.1957282122553642
-3.977484333034915 -2.0329364368845146 5.655822849376796 477.74865396288806 668.8334085027927 467.7905618195655 170.22377919370774 3.107352466035573 3.6150076196669505 -1815.355445840028 -1.6481405914796085e-15 21.368553645799093 -3952.277708291377 -6.117966276610482e-19 0.004348410235993714 0.1957282122553642
-3.977484333034915 -2.0329364368845146 5.722332898037381 482.49066987579863 669.3953772164641 462.270038638555 166.4425993822515 3.107352466035573 3.6150076196669505 -1815.355445840028 -1.6481405914796085e-15 21.368553645799093 -3952.277708291377 -6.117966276610482e-19 0.004348410235993714 0.1957282122553642
-4.0187323187108355 -1.9563330349149526 5.788842946697966 487.39489019321627 669.9351372294223 456.95797825208865 162.3655496300198 3.107352466035573 3.6150076196669505 -1815.355445840028 -1.6481405914796085e-15 21.368553645799093 -3952.277708291377 -6.117966276610482e-19 0.004348410235993714 0.1957282122553642
-4.074711727842441 -1.8335711727842452 5.855352995358551 492.46267413473106 670.4503793515978 451.90546971879667 158.03163220128044 3.107352466035573 3.6150076196669505 -1815.355445840028 -1.6481405914796085e-15 21.368553645799093 -3952.277708291377 -6.117966276610482e-19 0.004348410235993714 0.1957282122553642
-4.132655326768136 -1.6842927484333048 5.912929140542556 497.6955966138921 670.9388418061499 447.1654845375451 153.48412169597577 3.107352466035573 3.6150076196669505 -1815.355445840028 -1.6481405914796085e-15 21.368553645799093 -3952.277708291377 -6.117966276610482e-19 0.004348410235993714 0.1957282122553642
-4.1905989256938305 -1.5222470904207712 5.939777489618425 503.095448238244 671.3983102293059 442.79287664877484 148.7705650444841 3.107352466035573 3.6150076196669505 -1815.355445840028 -1.6481405914796085e-15 21.368553645799093 -3952.277708291377 -6.117966276610482e-19 0.004348410235993714 0.1957282122553642
-4.246578334825431 -1.3543088630259634 5.961434752782954 508.6642353094576 671.8266176704929 438.84438243415207 143.94278150738683 3.107352466035573 3.6150076196669505 -1815.355445840028 -1.6481405914796085e-15 21.368553645799093 -3952.277708291377 -6.117966276610482e-19 0.004348410235993714 0.1957282122553642
-4.300593554162942 -1.1853885407341098 5.973693333098136 514.4041798230392 672.2216445922386 435.3786207161611 139.05686268070713 3.107352466035573 3.6150076196669505 -1815.355445840028 -1.6481405914796085e-15 21.368553645799093 -3952.277708291377 -6.117966276610482e-19 0.004348410235993714 0.1957282122553642
-4.351662488809319 -1.0164682184422562 5.989596319770823 520.3177194686505 672.5813188702232 432.45609275845345 134.17317249020562 3.107352466035573 3.6150076196669505 -1815.355445840028 -1.6481405914796085e-15 21.368553645799093 -3952.277708291377 -6.117966276610482e-19 0.004348410235993714 0.1957282122553642
-4.398803043867508 -0.8485299910474495 6.009525986097509 526.4075076298977 672.9036157932496 430.1391822657897 129.35634719463997 3.107352466035573 3.6150076196669505 -1815.355445840028 -1.6481405914796085e-15 21.368553645799093 -3952.277708291377 -6.117966276610482e-19 0.004348410235993714 0.1957282122553642
-4.443979409131607 -0.6796096687555958 6.02185932655709 532.6764133843972 673.1865580633203 428.49215538427234 124.67529538448434 3.107352466035573 3.6150076196669505 -1815.355445840028 -1.6481405914796085e-15 21.368553645799093 -3952.277708291377 -6.117966276610482e-19 0.004348410235993714 0.1957282122553642
-4.4852273948075325 -0.5106893464637422 6.043686041269388 539.1275215038477 673.4282157955131 427.5811607003561 120.20319798379205 3.107352466035573 3.6150076196669505 -1815.355445840028 -1.6481405914796085e-15 21.368553645799093 -3952.277708291377 -6.117966276610482e-19 0.004348410235993714 0.1957282122553642
-4.483263205013429 -0.41739033124440467 0.021049522137170835 545.7641324538563 673.6267065180691 427.47422924265265 116.01750824600458 3.107352466035573 3.6150076196669505 -1815.355445840028 -1.6481405914796085e-15 21.368553645799093 -3952.277708291377 -6.117966276610482e-19 0.004348410235993714 0.1957282122553642
-4.461657117278431 -0.3682855863921218 0.4145068745846793 552.5897623941128 673.7801951723886 428.24127447989304 112.19995175825898 3.107352466035573 3.6150076196669505 -1815.355445840028 -1.6481405914796085e-15 21.368553645799093 -3952.277708291377 -6.117966276610482e-19 0.004348410235993714 0.1957282122553642
-4.436122649955244 -0.3417690241718897 0.7665324773757727 559.6081431783168 673.8868941129913 429.95409232290694 108.83652644092217 3.107352466035573 3.6150076196669505 -1815.355445840028 -1.6481405914796085e-15 21.368553645799093 -3952.277708291377 -6.117966276610482e-19 0.004348410235993714 0.1957282122553642
-4.403713518352741 -0.3260555058191578 1.1193432352422763 566.8232223541636 673.9450631075379 432.68636112252716 106.01750254293438 3.107352466035573 3.6150076196669505 -1815.355445840028 -1.6481405914796085e-15 21.368553645799093 -3952.277708291377 -6.117966276610482e-19 0.004348410235993714 0.1957282122553642
-4.367376007162049 -0.31525246195165757 1.281820916802401 574.2391631633946 673.9530093368157 436.5136416713358 103.83742264949251 3.107352466035573 3.6150076196669505 -1815.355445840028 -1.6481405914796085e-15 21.368553645799093 -3952.277708291377 -6.117966276610482e-19 0.004348410235993714 0.1957282122553642
-4.33693106535363 -0.2985568487018798 1.069192272605786 581.8603445416738 673.9090873948226 441.5133772031404 102.39510167588014 3.107352466035573 3.6150076196669505 -1815.355445840028 -1.6481405914796085e-15 21.368553645799093 -3952.277708291377 -6.117966276610482e-19 0.004348410235993714 0.1957282122553642
-4.30943240823635 -0.27695076096687493 0.9048270894158083 589.6913611187774 673.8116992885916 447.76489339233376 101.79362686863169 3.107352466035573 3.6150076196669505 -1815.355445840028 -1.6481405914796085e-15 21.368553645799093 -3952.277708291377 -6.117966276610482e-19 0.004348410235993714 0.1957282122553642
-4.285862130707257 -0.2504341987466439 0.7266423406816838 597.7370232185058 673.6592944383701 455.3493983547087 102.1403578085592 3.107352466035573 3.6150076196669505 -1815.355445840028 -1.6481405914796085e-15 21.368553645799093 -3952.277708291377 -6.117966276610482e-19 0.004348410235993714 0.1957282122553642
-4.260327663384071 -0.22097135183527308 0.7140906986121219 606.0023568585384 673.4503696775573 464.34998264710885 103.5469264058629 3.107352466035573 3.6150076196669505 -1815.355445840028 -1.6481405914796085e-15 21.368553645799093 -3952.277708291377 -6.117966276610482e-19 0.004348410235993714 0.1957282122553642
-4.2367573858549745 -0.18856222023276567 0.6287962864154412 614.492603750703 673.1834692526209 474.85161926818546 106.12923690490425 3.107352466035573 3.6150076196669505 -1815.355445840028 -1.6481405914796085e-15 21.368553645799093 -3952.277708291377 -6.117966276610482e-19 0.004348410235993714 0.1957282122553642
-4.212205013428833 -0.15517099373321463 0.6340227196634413 623.2132213007426 672.8571848232314 486.9411636557197 110.00746588245966 3.107352466035573 3.6150076196669505 -1815.355445840028 -1.6481405914796085e-15 21.368553645799093 -3952.277708291377 -6.117966276610482e-19 0.004348410235993714 0.1957282122553642
-4.1905989256938305 -0.12276186213070726 0.5880026035475199 632.1698826085121 672.4701554621788 500.7073536909884 115.3060622443445 3.107352466035573 3.6150076196669505 -1815.355445840028 -1.6481405914796085e-15 21.368553645799093 -3952.277708291377 -6.117966276610482e-19 0.004348410235993714 0.1957282122553642
-4.1689928379588235 -0.09526320501342816 0.6659692373791583 641.3684764677964 672.0210676554016 516.2408096942818 122.15374723181594 3.107352466035573 3.6150076196669505 -1815.355445840028 -1.6481405914796085e-15 21.368553645799093 -3952.277708291377 -6.117966276610482e-19 0.004348410235993714 0.1957282122553642
-4.14935094001791 -0.07267502238137848 0.7157435896688898 650.8151073665285 671.5086553019428 533.6340344289201 130.6835144177312 3.107352466035573 3.6150076196669505 -1815.355445840028 -1.6481405914796085e-15 21.368553645799093 -3952.277708291377 -6.117966276610482e-19 0.004348410235993714 0.1957282122553642
-4.133637421665176 -0.052051029543418316 0.6510767214445581 660.5160954864114 670.9316997140559 552.9814130975865 141.0326297050342 3.107352466035573 3.6150076196669505 -1815.355445840028 -1.6481405914796085e-15 21.368553645799093 -3952.277708291377 -6.117966276610482e-19 0.004348410235993714 0.1957282122553642
-4.110067144136079 -0.041247985675918086 1.141034047698293 670.4779767033324 670.289029617059 574.3792133455281 153.3426313304808 3.107352466035573 3.6150076196669505 -1815.355445840028 -1.6481405914796085e-15 21.368553645799093 -3952.277708291377 -6.117966276610482e-19 0.004348410235993714 0.1957282122553642
-4.083550581915852 -0.03731960608773456 1.423717971406427 680.7075025872036 669.5795211494587 597.9255852580536 167.75932986324187 3.107352466035573 3.6150076196669505 -1815.355445840028 -1.6481405914796085e-15 21.368553645799093 -3952.277708291377 -6.117966276610482e-19 0.004348410235993714 0.1957282122553642
