69 -2.8981620411817497 -3.4029588182632065 5.164542842670437 -0.848529991047454 2.033918531781556
-2.8981620411817497 -3.4029588182632065 5.164542842670437 326.57619682326913 609.0097447894514 819.3610854446888 304.84485514089465 3.2241271958720885 3.793123583357363 -1978.6852408822594 0.045969823424363246 22.33376163800083 -4394.204988301086 1.9266480898727383e-05 0.004553498710140702 0.10030048315313513
-2.9561056401074444 -3.365639212175471 5.284582624392685 331.3753917100548 611.3439780920744 736.7738885730505 273.72982471063733 3.2241271958720885 3.793123583357363 -1978.6852408822594 0.045969823424363246 22.33376163800083 -4394.204988301086 1.9266480898727383e-05 0.004553498710140702 0.10030048315313513
-3.0091387645479064 -3.319480752014324 5.428590865163594 336.3355176531768 613.3356856079772 662.4507602453232 245.62933602929115 3.2241271958720885 3.793123583357363 -1978.6852408822594 0.045969823424363246 22.33376163800083 -4394.204988301086 1.9266480898727383e-05 0.004553498710140702 0.10030048315313513
-3.0513688451208667 -3.2654655326768136 5.619629580802081 341.4524817802303 615.0042102746665 595.9696377515793 220.40781873837113 3.2241271958720885 3.793123583357363 -1978.6852408822594 0.045969823424363246 22.33376163800083 -4394.204988301086 1.9266480898727383e-05 0.004553498710140702 0.10030048315313513
-3.08770635631155 -3.2065398388540736 5.730600956888953 346.7221799570252 616.3683869373053 536.9182204604149 197.93243066594005 3.2241271958720885 3.793123583357363 -1978.6852408822594 0.045969823424363246 22.33376163800083 -4394.204988301086 1.9266480898727383e-05 0.004553498710140702 0.10030048315313513
-3.1132408236347406 -3.144667860340198 5.891780179054324 352.140496787586 617.446542349644 484.8939701318741 178.07305785641074 3.2241271958720885 3.793123583357363 -1978.6852408822594 0.045969823424363246 22.33376163800083 -4394.204988301086 1.9266480898727383e-05 0.004553498710140702 0.10030048315313513
-3.1368111011638327 -3.0788675022381393 5.93921618745627 357.70330561412266 618.2564951749519 439.50411051511765 160.70231455937028 3.2241271958720885 3.793123583357363 -1978.6852408822594 0.045969823424363246 22.33376163800083 -4394.204988301086 1.9266480898727383e-05 0.004553498710140702 0.10030048315313513
-3.152524619516567 -3.0101208594449433 6.058474138764894 363.4064685170306 618.8155559757724 400.3656277060509 145.6955432444811 3.2241271958720885 3.793123583357363 -1978.6852408822594 0.045969823424363246 22.33376163800083 -4394.204988301086 1.9266480898727383e-05 0.004553498710140702 0.10030048315313513
-3.1623455684870234 -2.941374216651747 6.141288252575422 369.2458363150363 619.1405272306874 367.10526998341084 132.93081459403038 3.2241271958720885 3.793123583357363 -1978.6852408822594 0.045969823424363246 22.33376163800083 -4394.204988301086 1.9266480898727383e-05 0.004553498710140702 0.10030048315313513
-3.162345568487028 -2.871645478961505 6.283185307179522 375.2172485650517 619.2477033259347 339.3595479130745 122.28892746567726 3.2241271958720885 3.793123583357363 -1978.6852408822594 0.045969823424363246 22.33376163800083 -4394.204988301086 1.9266480898727383e-05 0.004553498710140702 0.10030048315313513
-3.154488809310661 -2.802898836168309 0.11379200714373372 381.316533562087 619.1528705460951 316.7747340798378 113.65340895950794 3.2241271958720885 3.793123583357363 -1978.6852408822594 0.045969823424363246 22.33376163800083 -4394.204988301086 1.9266480898727383e-05 0.004553498710140702 0.10030048315313513
-3.1417215756490657 -2.7351342882721577 0.15808997112167084 387.5395083395415 618.8713070927188 299.00686344504356 106.91051439195871 3.2241271958720885 3.793123583357363 -1978.6852408822594 0.045969823424363246 22.33376163800083 -4394.204988301086 1.9266480898727383e-05 0.004553498710140702 0.10030048315313513
-3.1230617726051926 -2.6693339301700996 0.24848742065744342 393.8819786690001 618.4177830694243 285.7217330932617 101.94922725856304 3.2241271958720885 3.793123583357363 -1978.6852408822594 0.045969823424363246 22.33376163800083 -4394.204988301086 1.9266480898727383e-05 0.004553498710140702 0.10030048315313513
-3.101455684870181 -2.6035335720680397 0.29008693232108856 400.3397390600876 617.8065604865551 276.5949023067951 98.66125927865505 3.2241271958720885 3.793123583357363 -1978.6852408822594 0.045969823424363246 22.33376163800083 -4394.204988301086 1.9266480898727383e-05 0.004553498710140702 0.10030048315313513
-3.0827958818263217 -2.5377332139659825 0.24848742065731994 406.90857276084716 617.0513932639733 271.31169269979 96.94105038791895 3.2241271958720885 3.793123583357363 -1978.6852408822594 0.045969823424363246 22.33376163800083 -4394.204988301086 1.9266480898727383e-05 0.004553498710140702 0.10030048315313513
-3.064136078782449 -2.471932855863923 0.24848742065743937 413.58425175756565 616.1655272319913 269.56718799471855 96.6857687048614 3.2496014844484407 3.760944044168193 -1979.0690060960408 0.09170005817433534 22.243463541719162 -4379.637126446387 3.843254743266366e-05 0.004530541722049957 0.10039129701946005
-3.0376195165622177 -2.4051504028648187 0.35230872467414387 420.3625367745699 615.1617001220584 271.06623408198357 97.7953105904162 3.2496014844484407 3.760944044168193 -1979.0690060960408 0.09170005817433534 22.243463541719162 -4379.637126446387 3.843254743266366e-05 0.004530541722049957 0.10039129701946005
-3.0052103849597094 -2.338367949865713 0.42773491238622724 427.2391772745468 614.052141578868 275.5234391838312 100.17230060696602 3.2496014844484407 3.760944044168193 -1979.0690060960408 0.09170005817433534 22.243463541719162 -4379.637126446387 3.843254743266366e-05 0.004530541722049957 0.10039129701946005
-2.970837063563111 -2.2676571172784254 0.429762279096707 434.20991145828157 612.8485731454566 282.6631736755371 103.72209151089191 3.2496014844484407 3.760944044168193 -1979.0690060960408 0.09170005817433534 22.243463541719162 -4379.637126446387 3.843254743266366e-05 0.004530541722049957 0.10039129701946005
-2.938427931960603 -2.1940000000000013 0.39194752546850237 441.2704662649776 611.5622082827613 292.2195700407028 108.3527642711997 3.2496014844484407 3.760944044168193 -1979.0690060960408 0.09170005817433534 22.243463541719162 -4379.637126446387 3.843254743266366e-05 0.004530541722049957 0.10039129701946005
-2.90307251566696 -2.11739659803044 0.41106454738987636 448.4165573718201 610.2037523528561 303.9365231692791 113.97512807324529 3.2496014844484407 3.760944044168193 -1979.0690060960408 0.09170005817433534 22.243463541719162 -4379.637126446387 3.843254743266366e-05 0.004530541722049957 0.10039129701946005
-2.8647708146821826 -2.0378469113697406 0.4487233440106781 455.6438891943835 608.783402627334 317.5676899552345 120.50272032991052 3.2496014844484407 3.760944044168193 -1979.0690060960408 0.09170005817433534 22.243463541719162 -4379.637126446387 3.843254743266366e-05 0.004530541722049957 0.10039129701946005
-2.8235228290062624 -1.958297224709043 0.47835243137868866 462.9481548863696 607.3108482854441 332.8764897286892 127.8518066033721 3.2496014844484407 3.760944044168193 -1979.0690060960408 0.09170005817433534 22.243463541719162 -4379.637126446387 3.843254743266366e-05 0.004530541722049957 0.10039129701946005
-2.783256938227396 -1.8777654431512987 0.46364760900075064 470.32503633981105 605.795270412229 349.6361038684845 135.94138074293733 3.2496014844484407 3.760944044168193 -1979.0690060960408 0.09170005817433534 22.243463541719162 -4379.637126446387 3.843254743266366e-05 0.004530541722049957 0.10039129701946005
-2.73120590868397 -1.800179946284692 0.5909180471823996 477.7702041847806 604.2453419966623 367.62947587668896 144.69316475465894 3.2496014844484407 3.760944044168193 -1979.0690060960408 0.09170005817433534 22.243463541719162 -4379.637126446387 3.843254743266366e-05 0.004530541722049957 0.10039129701946005
-2.674244404655324 -1.723576544315131 0.6393859056861532 485.27931778974016 602.669227941893 386.6493117213249 154.03160886466503 3.2496014844484407 3.760944044168193 -1979.0690060960408 0.09170005817433534 22.243463541719162 -4379.637126446387 3.843254743266366e-05 0.004530541722049957 0.10039129701946005
-2.6192470904207683 -1.6469731423455691 0.6226707887570555 492.84802526127896 601.0745850596577 406.4980793893337 163.8838915079832 3.2496014844484407 3.760944044168193 -1979.0690060960408 0.09170005817433534 22.243463541719162 -4379.637126446387 3.843254743266366e-05 0.004530541722049957 0.10039129701946005
-2.5721065353625794 -1.5674234556848705 0.5349550737860703 500.471963444259 599.4685620591044 426.98800916969776 174.17991933599114 3.2496014844484407 3.760944044168193 -1979.0690060960408 0.09170005817433534 22.243463541719162 -4379.637126446387 3.843254743266366e-05 0.004530541722049957 0.10039129701946005
-2.532822739480753 -1.4898379588182638 0.4686980711098799 508.14675792169874 597.8577995635569 447.9410934597254 184.8523272201419 3.2496014844484407 3.760944044168193 -1979.0690060960408 0.09170005817433534 22.243463541719162 -4379.637126446387 3.843254743266366e-05 0.004530541722049957 0.10039129701946005
-2.4935389435989177 -1.412252461951657 0.46869807110997147 515.8680230148602 596.2484301058576 469.18908689916134 195.83647821843624 3.2496014844484407 3.760944044168193 -1979.0690060960408 0.09170005817433534 22.243463541719162 -4379.637126446387 3.843254743266366e-05 0.004530541722049957 0.10039129701946005
-2.454255147717096 -1.3336848701880044 0.46364760900076063 523.6313617833075 594.6460781199858 490.5735064595938 207.07046359032393 3.2496014844484407 3.760944044168193 -1979.0690060960408 0.09170005817433534 22.243463541719162 -4379.637126446387 3.843254743266366e-05 0.004530541722049957 0.10039129701946005
-2.417917636526404 -1.253153088630261 0.4238676105298101 531.4323660246737 593.0558599522337 511.94563123583794 218.49510285258293 3.2496014844484407 3.760944044168193 -1979.0690060960408 0.09170005817433534 22.243463541719162 -4379.637126446387 3.843254743266366e-05 0.004530541722049957 0.10039129701946005
-2.3815801253357165 -1.171639212175472 0.41934164755001374 539.2666162748937 591.4823838518932 533.166502431035 230.0539436712861 3.2496014844484407 3.760944044168193 -1979.0690060960408 0.09170005817433534 22.243463541719162 -4379.637126446387 3.843254743266366e-05 0.004530541722049957 0.10039129701946005
-2.3442605192479795 -1.0911074306177275 0.43395336939391277 547.1296818081755 589.9297499815002 554.1069235801697 241.69326196238399 3.2496014844484407 3.760944044168193 -1979.0690060960408 0.09170005817433534 22.243463541719162 -4379.637126446387 3.843254743266366e-05 0.004530541722049957 0.10039129701946005
-2.309887197851386 -1.00468307967771 0.3785455953114503 555.0171206368541 588.4015504065901 574.6474604308605 253.36206184327602 3.2496014844484407 3.760944044168193 -1979.0690060960408 0.09170005817433534 22.243463541719162 -4379.637126446387 3.843254743266366e-05 0.004530541722049957 0.10039129701946005
-2.280424350940016 -0.913348254252462 0.3120421215625276 562.9244795115083 586.9008690966293 594.678440824151 265.01207562536 3.2496014844484407 3.760944044168193 -1979.0690060960408 0.09170005817433534 22.243463541719162 -4379.637126446387 3.843254743266366e-05 0.004530541722049957 0.10039129701946005
-2.2509615040286466 -0.8200492390331245 0.30587887140485215 570.8472939209314 585.4302819371223 614.0999550670385 276.59776383265853 3.2496014844484407 3.760944044168193 -1979.0690060960408 0.09170005817433534 22.243463541719162 -4379.637126446387 3.843254743266366e-05 0.004530541722049957 0.10039129701946005
-2.213641897940914 -0.7287144136078787 0.3878999577279088 578.7810880922189 583.9918567165732 632.8218553215265 288.0763152167201 3.2496014844484407 3.760944044168193 -1979.0690060960408 0.09170005817433534 22.243463541719162 -4379.637126446387 3.843254743266366e-05 0.004530541722049957 0.10039129701946005
-2.16748343777977 -0.6354153983885412 0.4594282247577873 586.7213749905059 582.587153127417 650.7637562304735 299.4076467566192 3.2496014844484407 3.760944044168193 -1979.0690060960408 0.09170005817433534 22.243463541719162 -4379.637126446387 3.843254743266366e-05 0.004530541722049957 0.10039129701946005
-2.1154324082363485 -0.5430984780662496 0.5133990510833351 594.6636563193751 581.217222776264 667.8550345599651 310.55440355464816 3.2496014844484407 3.760944044168193 -1979.0690060960408 0.09170005817433534 22.243463541719162 -4379.637126446387 3.843254743266366e-05 0.004530541722049957 0.10039129701946005
-2.060435094001788 -0.4517636526410038 0.541999277787362 602.6034225204494 579.8826091689989 684.0348291695118 321.4819590039551 3.2496014844484407 3.760944044168193 -1979.0690060960408 0.09170005817433534 22.243463541719162 -4379.637126446387 3.843254743266366e-05 0.004530541722049957 0.10039129701946005
-2.0034735899731424 -0.3623930170098487 0.5674399494578265 610.536152773624 578.5833477284759 699.2520413547754 332.1584146991372 3.2496014844484407 3.760944044168193 -1979.0690060960408 0.09170005817433534 22.243463541719162 -4379.637126446387 3.843254743266366e-05 0.004530541722049957 0.10039129701946005
-1.9494583706356312 -0.27105819158460187 0.5340703792366047 618.4573149970383 577.3189657768235 713.4653344750404 342.55460038408637 3.2496014844484407 3.760944044168193 -1979.0690060960408 0.09170005817433534 22.243463541719162 -4379.637126446387 3.843254743266366e-05 0.004530541722049957 0.10039129701946005
-1.8954431512981156 -0.17677708146821958 0.5202671900100863 626.362365847046 576.0884825475514 726.6431340873241 352.6440741084516 3.2496014844484407 3.760944044168193 -1979.0690060960408 0.09170005817433534 22.243463541719162 -4379.637126446387 3.843254743266366e-05 0.004530541722049957 0.10039129701946005
-1.847320501342882 -0.08544225604297381 0.4849209950248387 634.2467507181864 574.8904091846198 738.7636280506849 362.4031220600009 3.2496014844484407 3.760944044168193 -1979.0690060960408 0.09170005817433534 22.243463541719162 -4379.637126446387 3.843254743266366e-05 0.004530541722049957 0.10039129701946005
-1.8021441360787782 0.0029462846911365278 0.47249693551709077 642.1059037433006 573.7227487275377 749.8147662878036 371.81075862795115 3.2496014844484407 3.760944044168193 -1979.0690060960408 0.09170005817433534 22.243463541719162 -4379.637126446387 3.843254743266366e-05 0.004530541722049957 0.10039129701946005
-1.759914055505813 0.09035273052819875 0.4500737820824596 649.9352477932989 572.5829961327836 759.7942611575127 380.84872644022107 3.2496014844484407 3.760944044168193 -1979.0690060960408 0.09170005817433534 22.243463541719162 -4379.637126446387 3.843254743266366e-05 0.004530541722049957 0.10039129701946005
-1.7235765443151254 0.17972336615935386 0.3861773938221777 657.7301944774808 571.4681382663548 768.7095870226622 389.5014963634312 3.2496014844484407 3.760944044168193 -1979.0690060960408 0.09170005817433534 22.243463541719162 -4379.637126446387 3.843254743266366e-05 0.004530541722049957 0.10039129701946005
-1.6931316025067065 0.26712981199641833 0.3351725671367666 665.4861441431858 570.3746538916603 776.5779804289341 397.7562674097717 3.2496014844484407 3.760944044168193 -1979.0690060960408 0.09170005817433534 22.243463541719162 -4379.637126446387 3.843254743266366e-05 0.004530541722049957 0.10039129701946005
-1.6744717994628426 0.35551835273052756 0.2080561367909871 673.1984858762007 569.2985136890784 783.4264403879642 405.60296684503555 3.2496014844484407 3.760944044168193 -1979.0690060960408 0.09170005817433534 22.243463541719162 -4379.637126446387 3.843254743266366e-05 0.004530541722049957 0.10039129701946005
-1.658758281110113 0.44587108325872743 0.17219081452293067 680.8625975002942 568.2351802466437 789.2917279005051 413.0342501141131 3.2496014844484407 3.760944044168193 -1979.0690060960408 0.09170005817433534 22.243463541719162 -4379.637126446387 3.843254743266366e-05 0.004530541722049957 0.10039129701946005
-1.6430447627573832 0.5391700984780661 0.16685516039977782 688.4738455776242 567.1796080470085 794.2203662097454 420.0455008894205 3.2496014844484407 3.760944044168193 -1979.0690060960408 0.09170005817433534 22.243463541719162 -4379.637126446387 3.843254743266366e-05 0.004530541722049957 0.10039129701946005
-1.6273312444046537 0.6314870188003566 0.1685969396094226 696.0275854084466 566.1262434897944 798.2686408758163 426.6348310634494 3.2496014844484407 3.760944044168193 -1979.0690060960408 0.09170005817433534 22.243463541719162 -4379.637126446387 3.843254743266366e-05 0.004530541722049957 0.10039129701946005
-1.6086714413607852 0.7218397493285575 0.2036585259775567 703.5191610313777 565.0690248860046 801.5025994628668 432.80308071896434 3.2496014844484407 3.760944044168193 -1979.0690060960408 0.09170005817433534 22.243463541719162 -4379.637126446387 3.843254743266366e-05 0.004530541722049957 0.10039129701946005
-1.5870653536257826 0.8121924798567586 0.23472261248517728 710.943905223161 564.0013824459165 803.9980519413948 438.5538181550801 3.2496014844484407 3.760944044168193 -1979.0690060960408 0.09170005817433534 22.243463541719162 -4379.637126446387 3.843254743266366e-05 0.004530541722049957 0.10039129701946005
-1.5615308863025963 0.9035273052820054 0.27260981998061107 718.2971394986962 562.9162382883951 805.8405703753233 443.8933398798108 3.2496014844484407 3.760944044168193 -1979.0690060960408 0.09170005817433534 22.243463541719162 -4379.637126446387 3.843254743266366e-05 0.004530541722049957 0.10039129701946005
-1.5330501342882714 0.9948621307072512 0.3185556770881027 725.5741741112433 561.8060064474121 807.1254891753197 448.8306705802679 3.2496014844484407 3.760944044168193 -1979.0690060960408 0.09170005817433534 22.243463541719162 -4379.637126446387 3.843254743266366e-05 0.004530541722049957 0.10039129701946005
-1.4986768128916734 1.0832506714413592 0.38617739382222493 732.7703080521896 560.6625928487629 807.9579047560692 453.37756322696805 3.2496014844484407 3.760944044168193 -1979.0690060960408 0.09170005817433534 22.243463541719162 -4379.637126446387 3.843254743266366e-05 0.004530541722049957 0.10039129701946005
-1.4574288272157574 1.1716392121754686 0.45037405231659816 739.8808290511952 559.4773953454569 808.4526758790016 457.5484989322722 3.2496014844484407 3.760944044168193 -1979.0690060960408 0.09170005817433534 22.243463541719162 -4379.637126446387 3.843254743266366e-05 0.004530541722049957 0.10039129701946005
-1.40734198746643 1.259045658012533 0.532209504113888 746.9010135760764 558.241303678602 808.7344234883785 461.36068703606725 3.2496014844484407 3.760944044168193 -1979.0690060960408 0.09170005817433534 22.243463541719162 -4379.637126446387 3.843254743266366e-05 0.004530541722049957 0.10039129701946005
-1.3592193375111916 1.3425237242614128 0.535273748090156 753.8261268329225 556.9446995137259 808.937530785799 464.8340650945902 3.268289380047982 3.7800842168297604 -1993.4757763161792 0.13830701694931996 22.31972719131914 -4434.364709504129 5.796605907347851e-05 0.004539771690223449 0.08663847176364295
-1.3120787824530027 1.4260017905102937 0.5266272714337552 760.6514227660082 555.577456407249 809.2061430811882 467.9912988692522 3.268289380047982 3.7800842168297604 -1993.4757763161792 0.13830701694931996 22.31972719131914 -4434.364709504129 5.796605907347851e-05 0.004539771690223449 0.08663847176364295
-1.2639561324977646 1.5094798567591747 0.5352737480901502 767.372144057852 554.1289398372173 809.6941679269075 470.8577823340893 3.268289380047982 3.7800842168297604 -1993.4757763161792 0.13830701694931996 22.31972719131914 -4434.364709504129 5.796605907347851e-05 0.004539771690223449 0.08663847176364295
-1.2158334825425265 1.5919758281110097 0.5404195002706156 773.9835221291869 552.5880071809515 810.5652751773596 473.4616376720369 3.268289380047982 3.7800842168297604 -1993.4757763161792 0.13830701694931996 22.31972719131914 -4434.364709504129 5.796605907347851e-05 0.004539771690223449 0.08663847176364295
-1.160836168307966 1.674471799462846 0.5987838569659972 780.4807771389897 550.943007722497 811.9928967654705 475.83371525630355 3.268289380047982 3.7800842168297604 -1993.4757763161792 0.13830701694931996 22.31972719131914 -4434.364709504129 5.796605907347851e-05 0.004539771690223449 0.08663847176364295
-1.0989641897940923 1.7540214861235455 0.6702633602067783 786.8591179843352 549.1817826563492 814.1602268666029 478.00759371742606 3.268289380047982 3.7800842168297604 -1993.4757763161792 0.13830701694931996 22.31972719131914 -4434.364709504129 5.796605907347851e-05 0.004539771690223449 0.08663847176364295
-1.0341459265890798 1.8296427931960606 0.7086262721276678 793.1137423007167 547.2916650883853 817.2602219730616 480.0195798277855 3.268289380047982 3.7800842168297604 -1993.4757763161792 0.13830701694931996 22.31972719131914 -4434.364709504129 5.796605907347851e-05 0.004539771690223449 0.08663847176364295
-0.9712918531781567 1.9013357206803942 0.719798991566412 799.2398364616674 545.2594800256193 821.4956006109715 481.90870863571763 3.268289380047982 3.7800842168297604 -1993.4757763161792 0.13830701694931996 22.31972719131914 -4434.364709504129 5.796605907347851e-05 0.004539771690223449 0.08663847176364295
-0.9084377797672382 1.9691002685765455 0.74782187405469 805.2325755790516 543.0715443789959 827.0788436084986 483.71674336120486 3.268289380047982 3.7800842168297604 -1993.4757763161792 0.13830701694931996 22.31972719131914 -4434.364709504129 5.796605907347851e-05 0.004539771690223449 0.08663847176364295
-0.848529991047454 2.033918531781556 0.7460484070088595 800.8101926259696 543.6326180398464 555.9549693912268 378.8750764131546 3.268289380047982 3.7800842168297604 -1993.4757763161792 0.13830701694931996 22.31972719131914 -4434.364709504129 5.796605907347851e-05 0.004539771690223449 0.08663847176364295
-0.7817475380483474 2.097754700089524 0.8079507300477661 808.850777965039 540.6585855749436 579.0420834869146 364.4740244150162 3.268289380047982 3.7800842168297604 -1993.4757763161792 0.13830701694931996 22.31972719131914 -4434.364709504129 5.796605907347851e-05 0.004539771690223449 0.08663847176364295
-0.7139829901522006 2.1556982990152185 0.863364797228957 815.8382272087038 537.739050318487 599.2772868573666 351.32272551208735 3.268289380047982 3.7800842168297604 -1993.4757763161792 0.13830701694931996 22.31972719131914 -4434.364709504129 5.796605907347851e-05 0.004539771690223449 0.08663847176364295
-0.639343777976727 2.2116777081468215 0.9272952180016314 821.8322979398072 534.8788685309701 616.8711309731007 339.353063352406 3.268289380047982 3.7800842168297604 -1993.4757763161792 0.13830701694931996 22.31972719131914 -4434.364709504129 5.796605907347851e-05 0.004539771690223449 0.08663847176364295
-0.5607761862130743 2.263728737690241 0.9856838886104732 826.8912040777504 532.0827074190602 632.0263789892197 328.4983900897205 3.268289380047982 3.7800842168297604 -1993.4757763161792 0.13830701694931996 22.31972719131914 -4434.364709504129 5.796605907347851e-05 0.004539771690223449 0.08663847176364295
-0.48122649955237695 2.3118513876454787 1.026753653972839 831.071615844965 529.3550451318733 644.9380053430796 318.69352634996176 3.268289380047982 3.7800842168297604 -1993.4757763161792 0.13830701694931996 22.31972719131914 -4434.364709504129 5.796605907347851e-05 0.004539771690223449 0.08663847176364295
-0.3977484333034915 2.358009847806623 1.0656978197359384 834.4286597631872 526.700170758646 655.7931959182024 309.8747612684965 3.268289380047982 3.7800842168297604 -1993.4757763161792 0.13830701694931996 22.31972719131914 -4434.364709504129 5.796605907347851e-05 0.004539771690223449 0.08663847176364295
-0.3162345568487001 2.4022041181736777 1.073985525291535 837.0159186534584 524.1221843315288 664.7713481783867 301.9798524528742 3.268289380047982 3.7800842168297604 -1993.4757763161792 0.13830701694931996 22.31972719131914 -4434.364709504129 5.796605907347851e-05 0.004539771690223449 0.08663847176364295
-0.2357027752909624 2.4434521038495958 1.0974402849599456 838.8854316733778 521.6249968265183 672.0440709143877 294.94802602007985 3.268289380047982 3.7800842168297604 -1993.4757763161792 0.13830701694931996 22.31972719131914 -4434.364709504129 5.796605907347851e-05 0.004539771690223449 0.08663847176364295
-0.154188898836171 2.4817538048343795 1.131534126966786 840.0876942463219 519.2123301587999 677.7751843184233 288.71997655183077 3.268289380047982 3.7800842168297604 -1993.4757763161792 0.13830701694931996 22.31972719131914 -4434.364709504129 5.796605907347851e-05 0.004539771690223449 0.08663847176364295
-0.06088988361683348 2.5102345568487023 1.27451796890899 840.6716581247747 516.8877171860076 682.1207202970982 283.2378671616316 3.268289380047982 3.7800842168297604 -1993.4757763161792 0.13830701694931996 22.31972719131914 -4434.364709504129 5.796605907347851e-05 0.004539771690223449 0.08663847176364295
0.03240913160249957 2.531840644583707 1.3432288393842973 840.684731375426 514.6545017119497 685.2289220392704 278.4453293904662 3.268289380047982 3.7800842168297604 -1993.4757763161792 0.13830701694931996 22.31972719131914 -4434.364709504129 5.796605907347851e-05 0.004539771690223449 0.08663847176364295
0.12669024171888632 2.5475541629364367 1.4056476493802852 840.1727783344686 512.5158384800889 687.2402440607548 274.2874633409083 3.268289380047982 3.7800842168297604 -1993.4757763161792 0.13830701694931996 22.31972719131914 -4434.364709504129 5.796605907347851e-05 0.004539771690223449 0.08663847176364295
0.2140966875559508 2.554428827215757 1.4923062241575604 839.1801196858287 510.4746931749396 688.2873526662588 270.7108375094831 3.268289380047982 3.7800842168297604 -1993.4757763161792 0.13830701694931996 22.31972719131914 -4434.364709504129 5.796605907347851e-05 0.004539771690223449 0.08663847176364295
0.29953894359892125 2.5554109221127996 1.5593025800799025 837.7495324090123 508.5338424225338 688.495125234127 267.66348899528384 3.268289380047982 3.7800842168297604 -1993.4757763161792 0.13830701694931996 22.31972719131914 -4434.364709504129 5.796605907347851e-05 0.004539771690223449 0.08663847176364295
0.3820349149507574 2.5514825425246204 1.6183794300718364 835.9222497679293 506.6958737978712 687.9806509166956 265.09492329880595 3.268289380047982 3.7800842168297604 -1993.4757763161792 0.13830701694931996 22.31972719131914 -4434.364709504129 5.796605907347851e-05 0.004539771690223449 0.08663847176364295
0.45765622202327133 2.5426436884512085 1.6871514920017858 833.7379613742232 504.96318580955267 686.8532301187515 262.95611446350813 3.268289380047982 3.7800842168297604 -1993.4757763161792 0.13830701694931996 22.31972719131914 -4434.364709504129 5.796605907347851e-05 0.004539771690223449 0.08663847176364295
0.5254207699194227 2.52398388540734 1.8394993514300766 831.2348130866885 503.3379879128188 685.2143747657537 261.1995049864054 3.268289380047982 3.7800842168297604 -1993.4757763161792 0.13830701694931996 22.31972719131914 -4434.364709504129 5.796605907347851e-05 0.004539771690223449 0.08663847176364295
0.5931853178155695 2.499431512981199 1.9184031865508155 828.4494071155787 501.8223005053587 683.1578082889318 259.7790058776736 3.268289380047982 3.7800842168297604 -1993.4757763161792 0.13830701694931996 22.31972719131914 -4434.364709504129 5.796605907347851e-05 0.004539771690223449 0.08663847176364295
0.6530931065353581 2.4670223813786922 2.066690818230926 825.4168019816279 500.4179549240507 680.7694654613733 258.6499966420233 3.268289380047982 3.7800842168297604 -1993.4757763161792 0.13830701694931996 22.31972719131914 -4434.364709504129 5.796605907347851e-05 0.004539771690223449 0.08663847176364295
0.6982694717994575 2.4336311548791416 2.207304542582838 822.1705124936998 499.12659345334396 678.1274925470352 257.7693252414465 3.268289380047982 3.7800842168297604 -1993.4757763161792 0.13830701694931996 22.31972719131914 -4434.364709504129 5.796605907347851e-05 0.004539771690223449 0.08663847176364295
0.728714413607872 2.394347358997315 2.4822825852569497 818.7425097450614 497.9496693145484 675.3022474199533 257.0953081473708 3.268289380047982 3.7800842168297604 -1993.4757763161792 0.13830701694931996 22.31972719131914 -4434.364709504129 5.796605907347851e-05 0.004539771690223449 0.08663847176364295
0.759159355416291 2.3491709937332157 2.5485900917082036 815.1632211878896 496.8884466732852 672.3562991768122 256.5877303481102 3.268289380047982 3.7800842168297604 -1993.4757763161792 0.13830701694931996 22.31972719131914 -4434.364709504129 5.796605907347851e-05 0.004539771690223449 0.08663847176364295
0.7817475380483385 2.301048343777975 2.7027333546263574 811.4615305289626 495.94400063948706 669.3444285094738 256.2078452631831 3.268289380047982 3.7800842168297604 -1993.4757763161792 0.13830701694931996 22.31972719131914 -4434.364709504129 5.796605907347851e-05 0.004539771690223449 0.08663847176364295
0.8004073410922069 2.2480152193375087 2.8032690310805237 807.664777815342 495.1172172613442 666.3136274665594 255.91837484017015 3.268289380047982 3.7800842168297604 -1993.4757763161792 0.13830701694931996 22.31972719131914 -4434.364709504129 5.796605907347851e-05 0.004539771690223449 0.08663847176364295
0.8151387645478918 2.1900716204118162 2.8926299477970705 803.7987594120204 494.40879353228956 663.303099706769 255.68350952863693 3.268289380047982 3.7800842168297604 -1993.4757763161792 0.13830701694931996 22.31972719131914 -4434.364709504129 5.796605907347851e-05 0.004539771690223449 0.08663847176364295
0.8220134288272141 2.1272175470008934 3.032650696599887 799.8877279162407 493.8192373854108 660.344260185957 255.46890822798014 3.268289380047982 3.7800842168297604 -1993.4757763161792 0.13830701694931996 22.31972719131914 -4434.364709504129 5.796605907347851e-05 0.004539771690223449 0.08663847176364295
0.8367448522828989 2.0653455684870194 2.907849472720882 795.9543923251331 493.34886769764125 657.4607353508472 255.24169835448265 3.268289380047982 3.7800842168297604 -1993.4757763161792 0.13830701694931996 22.31972719131914 -4434.364709504129 5.796605907347851e-05 0.004539771690223449 0.08663847176364295
0.8563867502238076 2.000527305282005 2.8473580884786744 792.0199179016054 492.9978142888285 654.6683631390333 254.97047581151128 3.268289380047982 3.7800842168297604 -1993.4757763161792 0.13830701694931996 22.31972719131914 -4434.364709504129 5.796605907347851e-05 0.004539771690223449 0.08663847176364295
0.8838854073410878 1.9366911369740372 2.734845581863799 788.1039261855185 492.7660179208033 651.975192964077 254.62530498579144 3.268289380047982 3.7800842168297604 -1993.4757763161792 0.13830701694931996 22.31972719131914 -4434.364709504129 5.796605907347851e-05 0.004539771690223449 0.08663847176364295
0.9074556848701845 1.8728549686660683 2.7878895075086647 784.2244950532913 492.65323029551655 649.3814855962992 254.17771876230836 3.268289380047982 3.7800842168297604 -1993.4757763161792 0.13830701694931996 22.31972719131914 -4434.364709504129 5.796605907347851e-05 0.004539771690223449 0.08663847176364295
0.9349543419874647 1.810982990152192 2.7233683240105373 780.3981587141752 492.65901405969635 646.8797133713961 253.6007184870541 3.268289380047982 3.7800842168297604 -1993.4757763161792 0.13830701694931996 22.31972719131914 -4434.364709504129 5.796605907347851e-05 0.004539771690223449 0.08663847176364295
0.9487036705461048 1.7530393912264985 2.9086134145126747 776.6399076245725 492.782742804382 644.4545600116253 252.86877404525876 3.268289380047982 3.7800842168297604 -1993.4757763161792 0.13830701694931996 22.31972719131914 -4434.364709504129 5.796605907347851e-05 0.004539771690223449 0.08663847176364295
0.9545962399283778 1.6970599820948968 3.036715714859574 772.9631885811687 493.0236010523513 642.0829207152128 251.95782377570868 3.268289380047982 3.7800842168297604 -1993.4757763161792 0.13830701694931996 22.31972719131914 -4434.364709504129 5.796605907347851e-05 0.004539771690223449 0.08663847176364295
0.9526320501342839 1.6430447627573856 3.177940274608863 769.3799047246575 493.38058428047225 639.7339020818472 250.8452745191753 3.268289380047982 3.7800842168297604 -1993.4757763161792 0.13830701694931996 22.31972719131914 -4434.364709504129 5.796605907347851e-05 0.004539771690223449 0.08663847176364295
0.9388827215756438 1.5919758281110108 3.4045873852707267 765.9004154056311 493.85249890433624 637.3688223659992 249.51000158116221 3.268289380047982 3.7800842168297604 -1993.4757763161792 0.13830701694931996 22.31972719131914 -4434.364709504129 5.796605907347851e-05 0.004539771690223449 0.08663847176364295
0.9133482542524576 1.5458173679498657 3.646882841689179 762.5335363484919 494.4379622763954 634.9412109702826 247.9323488138616 3.2392030516448833 3.7740575324905783 -1979.6849568001687 0.045595941988301025 22.228882628372446 -4345.135902158421 1.910978289534839e-05 0.00453891017114445 0.1090014474813
0.8838854073410833 1.5035872873769016 3.7507561192506294 759.2865396030247 495.1354027008638 632.3968089073896 246.0941285006702 3.2392030516448833 3.7740575324905783 -1979.6849568001687 0.045595941988301025 22.228882628372446 -4345.135902158421 1.910978289534839e-05 0.00453891017114445 0.1090014474813
0.8426374216651675 1.4672497761862129 3.9901976488846893 756.1651534512639 495.9430594164878 629.6735687702894 243.97862144187093 3.2392030516448833 3.7740575324905783 -1979.6849568001687 0.045595941988301025 22.228882628372446 -4345.135902158421 1.910978289534839e-05 0.00453891017114445 0.1090014474813
0.7827296329453832 1.4358227394807515 4.229263315567344 753.173562541604 496.858982605394 626.701654329896 241.57057692855597 3.2392030516448833 3.7740575324905783 -1979.6849568001687 0.045595941988301025 22.228882628372446 -4345.135902158421 1.910978289534839e-05 0.00453891017114445 0.1090014474813
0.71889346463742 1.4083240823634724 4.305641908658684 750.3144078105688 497.881033396814 623.4034410566092 238.8562127314508 3.2392030516448833 3.7740575324905783 -1979.6849568001687 0.045595941988301025 22.228882628372446 -4345.135902158421 1.910978289534839e-05 0.00453891017114445 0.1090014474813
0.6472005371530851 1.3847538048343757 4.394753629095155 747.588786508888 499.00688385637477 619.6935157179832 235.8232151158154 3.2392030516448833 3.7740575324905783 -1979.6849568001687 0.045595941988301025 22.228882628372446 -4345.135902158421 1.910978289534839e-05 0.00453891017114445 0.1090014474813
0.578453894359889 1.3621656222023282 4.394930245130094 744.9962521865964 500.2340169935487 615.4786767214537 232.46073884144425 3.2392030516448833 3.7740575324905783 -1979.6849568001687 0.045595941988301025 22.228882628372446 -4345.135902158421 1.910978289534839e-05 0.00453891017114445 0.1090014474813
0.5097072515666929 1.336631154879141 4.356753096083927 742.5348146744072 501.559726761654 610.6579336374998 228.75940715149045 3.2392030516448833 3.7740575324905783 -1979.6849568001687 0.045595941988301025 22.228882628372446 -4345.135902158421 1.910978289534839e-05 0.00453891017114445 0.1090014474813
0.43408594449417465 1.3120787824529994 4.398450767048159 740.2009401582181 502.9811180564575 605.1225076317787 224.71131176501513 3.2392030516448833 3.7740575324905783 -1979.6849568001687 0.045595941988301025 22.228882628372446 -4345.135902158421 1.910978289534839e-05 0.00453891017114445 0.1090014474813
0.36337511190688904 1.2855622202327672 4.3536183101141175 737.989551089704 504.49510671244934 598.7558316737413 220.31001295149326 3.2392030516448833 3.7740575324905783 -1979.6849568001687 0.045595941988301025 22.228882628372446 -4345.135902158421 1.910978289534839e-05 0.00453891017114445 0.1090014474813
0.30052103849596157 1.2560993733213965 4.2740524205267505 735.8940262682736 506.0984195107594 591.4335494190454 215.55053935945034 3.2392030516448833 3.7740575324905783 -1979.6849568001687 0.045595941988301025 22.228882628372446 -4345.135902158421 1.910978289534839e-05 0.00453891017114445 0.1090014474813
0.2307923008057252 1.225654431512982 4.300717636952777 733.9062007442117 507.78759417077526 583.0235168039799 210.42938826605678 3.2392030516448833 3.7740575324905783 -1979.6849568001687 0.045595941988301025 22.228882628372446 -4345.135902158421 1.910978289534839e-05 0.00453891017114445 0.1090014474813
0.1649919427036634 1.1942273948075204 4.266811693410118 732.0163659155369 509.5589793594554 573.3858005106449 204.94452529400587 3.2392030516448833 3.7740575324905783 -1979.6849568001687 0.045595941988301025 22.228882628372446 -4345.135902158421 1.910978289534839e-05 0.00453891017114445 0.1090014474813
0.10606624888092393 1.1608361683079682 4.196839972925714 730.2132694795728 511.4087346782908 562.3726793974638 199.0953846871853 3.2392030516448833 3.7740575324905783 -1979.6849568001687 0.045595941988301025 22.228882628372446 -4345.135902158421 1.910978289534839e-05 0.00453891017114445 0.1090014474813
0.05106893464636797 1.1274449418084151 4.166733925857679 728.4841154403985 513.332830675412 549.8286429047585 192.88286906853318 3.2392030516448833 3.7740575324905783 -1979.6849568001687 0.045595941988301025 22.228882628372446 -4345.135902158421 1.910978289534839e-05 0.00453891017114445 0.1090014474813
-0.002946284691143227 1.093071620411817 4.145659762861183 726.814564101398 515.3270488423295 535.5903927534819 186.309349630028 3.2392030516448833 3.7740575324905783 -1979.6849568001687 0.045595941988301025 22.228882628372446 -4345.135902158421 1.910978289534839e-05 0.00453891017114445 0.1090014474813
-0.05696150402865442 1.0606624888093097 4.171969480114097 725.188732046634 517.3869816143997 519.4868416339159 179.37866600975394 3.2392030516448833 3.7740575324905783 -1979.6849568001687 0.045595941988301025 22.228882628372446 -4345.135902158421 1.910978289534839e-05 0.00453891017114445 0.1090014474813
-0.10704834377798209 1.031199641897941 4.180664913125893 723.5891922339797 519.5080323615111 501.3391138911247 172.0961263589561 3.2392030516448833 3.7740575324905783 -1979.6849568001687 0.045595941988301025 22.228882628372446 -4345.135902158421 1.910978289534839e-05 0.00453891017114445 0.1090014474813
-0.15320680393912622 1.003700984780662 4.17510426608389 721.99697387591 521.6854154020548 480.9605451375246 164.4685073159635 3.2392030516448833 3.7740575324905783 -1979.6849568001687 0.045595941988301025 22.228882628372446 -4345.135902158421 1.910978289534839e-05 0.00453891017114445 0.1090014474813
-0.20623992837959265 0.9771844225604276 4.248741371383867 720.3915624804795 523.9141559964046 458.1566827148199 156.50405397638679 3.2392030516448833 3.7740575324905783 -1979.6849568001687 0.045595941988301025 22.228882628372446 -4345.135902158421 1.910978289534839e-05 0.00453891017114445 0.1090014474813
-0.2690940017905157 0.9526320501342872 4.339990533707955 718.7508999109268 526.1890903441235 432.72528514266014 148.21247997879982 3.2392030516448833 3.7740575324905783 -1979.6849568001687 0.045595941988301025 22.228882628372446 -4345.135902158421 1.910978289534839e-05 0.00453891017114445 0.1090014474813
-0.3319480752014387 0.9270975828110999 4.326506310986618 717.0513842962682 528.5048655909486 404.45632261037827 139.6049674078822 3.2392030516448833 3.7740575324905783 -1979.6849568001687 0.045595941988301025 22.228882628372446 -4345.135902158421 1.910978289534839e-05 0.00453891017114445 0.1090014474813
-0.4016768128916795 0.9005810205908666 4.34899584688945 715.2678700871766 530.8559398190118 373.13197652995586 130.69416685774922 3.2392030516448833 3.7740575324905783 -1979.6849568001687 0.045595941988301025 22.228882628372446 -4345.135902158421 1.910978289534839e-05 0.00453891017114445 0.1090014474813
-0.48024440465533663 0.8740644583706357 4.38689312514825 713.3736680522561 533.2365820594132 338.5266400873661 121.49419740960002 3.2392030516448833 3.7740575324905783 -1979.6849568001687 0.045595941988301025 22.228882628372446 -4345.135902158421 1.910978289534839e-05 0.00453891017114445 0.1090014474813
-0.5647045658012624 0.8455837063563119 4.387154119530905 711.3405452556908 535.6408722805791 300.406917527318 112.02064662054181 3.2392030516448833 3.7740575324905783 -1979.6849568001687 0.045595941988301025 22.228882628372446 -4345.135902158421 1.910978289534839e-05 0.00453891017114445 0.1090014474813
-0.6521110116383267 0.8131745747538056 4.357317430109808 709.1387250311673 538.0627013966441 258.53162506222725 102.29057057201862 3.2392030516448833 3.7740575324905783 -1979.6849568001687 0.045595941988301025 22.228882628372446 -4345.135902158421 1.910978289534839e-05 0.00453891017114445 0.1090014474813
-0.7493384064458434 0.7768370635631158 4.354725729373468 706.7368870861828 540.4957712604664 212.6517896950245 92.32249379530549 3.2392030516448833 3.7740575324905783 -1979.6849568001687 0.045595941988301025 22.228882628372446 -4345.135902158421 1.910978289534839e-05 0.00453891017114445 0.1090014474813
-0.8514762757385927 0.7385353625783364 4.353618310114132 704.1021673940122 542.9335946687497 162.5106506049633 82.13640934228897 3.2392030516448833 3.7740575324905783 -1979.6849568001687 0.045595941988301025 22.228882628372446 -4345.135902158421 1.910978289534839e-05 0.00453891017114445 0.1090014474813
-0.9555783348254315 0.6963052820053725 4.327012511905153 701.200158238411 545.369495362509 107.84365770220757 71.75377873331308 3.2392030516448833 3.7740575324905783 -1979.6849568001687 0.045595941988301025 22.228882628372446 -4345.135902158421 1.910978289534839e-05 0.00453891017114445 0.1090014474813
-1.0528057296329527 0.6540752014324096 4.302631052460314 697.9949082173407 547.7966080210172 48.37847311794758 61.19753197953105 3.2392030516448833 3.7740575324905783 -1979.6849568001687 0.045595941988301025 22.228882628372446 -4345.135902158421 1.910978289534839e-05 0.00453891017114445 0.1090014474813
-1.1392300805729678 0.6098809310653539 4.2396918446700775 694.4489222094417 550.2078782692552 -16.165030390024185 50.492067612707615 3.2392030516448833 3.7740575324905783 -1979.6849568001687 0.045595941988301025 22.228882628372446 -4345.135902158421 1.910978289534839e-05 0.00453891017114445 0.1090014474813
-1.2256544315129876 0.5637224709042076 4.2218420315577845 690.5231614485383 552.5960626699962 -86.07476778328419 39.66325260698795 3.2392030516448833 3.7740575324905783 -1979.6849568001687 0.045595941988301025 22.228882628372446 -4345.135902158421 1.910978289534839e-05 0.00453891017114445 0.1090014474813
-1.3052041181736849 0.5136356311548788 4.150467418127867 686.177043441683 554.9537287359126 -161.64644327759743 28.738422453403473 3.2392030516448833 3.7740575324905783 -1979.6849568001687 0.045595941988301025 22.228882628372446 -4345.135902158421 1.910978289534839e-05 0.00453891017114445 0.1090014474813
-1.380825425246199 0.46060250671441344 4.100791936076419 681.3684419877827 557.2732549137436 -243.18354912102222 17.746381133794785 3.2392030516448833 3.7740575324905783 -1979.6849568001687 0.045595941988301025 22.228882628372446 -4345.135902158421 1.910978289534839e-05 0.00453891017114445 0.1090014474813
-1.4525183527305336 0.40462309758281156 4.049451874404601 676.0536872297525 559.5468305977993 -330.9973664730787 6.717401128262281 3.2392030516448833 3.7740575324905783 -1979.6849568001687 0.045595941988301025 22.228882628372446 -4345.135902158421 1.910978289534839e-05 0.00453891017114445 0.1090014474813
-1.5143903312444074 0.34864368845120863 3.9769492127091586 670.1875656098127 561.7664561206475 -425.4069647490978 -4.316776644438505 3.2392030516448833 3.7740575324905783 -1979.6849568001687 0.045595941988301025 22.228882628372446 -4345.135902158421 1.910978289534839e-05 0.00453891017114445 0.1090014474813
-1.5664413607878291 0.28971799462846914 3.8651229711228785 663.723319824785 563.92394276103 -526.7392020374537 -15.322942692786455 3.2392030516448833 3.7740575324905783 -1979.6849568001687 0.045595941988301025 22.228882628372446 -4345.135902158421 1.910978289534839e-05 0.00453891017114445 0.1090014474813
