38 -3.314570277529096 -1.0636087735004485 2.4845177178781723 -0.9516499552372392 -2.5230017905102966
-3.314570277529096 -1.0636087735004485 2.4845177178781723 540.7697471473366 625.2036029584706 559.145575536415 189.0595352873206 3.191838808532817 3.7196935048455395 -1909.786826970685 0.04453690993609637 21.97688095545862 -4182.299385742335 1.866593040071111e-05 0.004481745637144117 0.14348633537971484
-3.2880537153088607 -1.09503581020591 2.4558631426834676 537.2390521187335 625.5603142119944 553.3334872489795 216.5707938671112 3.191838808532817 3.7196935048455395 -1909.786826970685 0.04453690993609637 21.97688095545862 -4182.299385742335 1.866593040071111e-05 0.004481745637144117 0.14348633537971484
-3.25957296329454 -1.1264628469113713 2.420621329617954 533.8312535043806 625.1819970756769 547.720234117005 240.61499751359224 3.191838808532817 3.7196935048455395 -1909.786826970685 0.04453690993609637 21.97688095545862 -4182.299385742335 1.866593040071111e-05 0.004481745637144117 0.14348633537971484
-3.2251996418979423 -1.156907788719787 2.3114482587377365 530.549587348476 624.1548672132194 542.2908481522463 261.4393241107464 3.191838808532817 3.7196935048455395 -1909.786826970685 0.04453690993609637 21.97688095545862 -4182.299385742335 1.866593040071111e-05 0.004481745637144117 0.14348633537971484
-3.1859158460161114 -1.1893169203222933 2.2752903910370548 527.3960289144889 622.560993552208 537.0306437159888 279.28559129685163 3.191838808532817 3.7196935048455395 -1909.786826970685 0.04453690993609637 21.97688095545862 -4182.299385742335 1.866593040071111e-05 0.004481745637144117 0.14348633537971484
-3.1417215756490613 -1.2227081468218444 2.231839495645617 524.3712926935405 620.478298291564 531.9252175255679 294.390256293118 3.191838808532817 3.7196935048455395 -1909.786826970685 0.04453690993609637 21.97688095545862 -4182.299385742335 1.866593040071111e-05 0.004481745637144117 0.14348633537971484
-3.0827958818263173 -1.2580635631154882 2.11121582706545 521.4748324034736 617.9805569387972 526.9604486469179 306.9844160377979 3.191838808532817 3.7196935048455395 -1909.786826970685 0.04453690993609637 21.97688095545862 -4182.299385742335 1.866593040071111e-05 0.004481745637144117 0.14348633537971484
-3.0169955237242556 -1.2953831692032238 2.0867218402601715 518.7048409814015 615.1373982131481 522.1224984941073 317.2938071638346 3.191838808532817 3.7196935048455395 -1909.786826970685 0.04453690993609637 21.97688095545862 -4182.299385742335 1.866593040071111e-05 0.004481745637144117 0.14348633537971484
-2.9403921217546922 -1.3336848701880044 2.034443935795691 516.0582506144419 612.0143041796982 517.3978108395822 325.5388059467077 3.191838808532817 3.7196935048455395 -1909.786826970685 0.04453690993609637 21.97688095545862 -4182.299385742335 1.866593040071111e-05 0.004481745637144117 0.14348633537971484
-2.8647708146821826 -1.3700223813786943 2.0187384209646004 513.5307326894253 608.6726101189852 512.7731118011288 331.9344283491373 3.191838808532817 3.7196935048455395 -1909.786826970685 0.04453690993609637 21.97688095545862 -4182.299385742335 1.866593040071111e-05 0.004481745637144117 0.14348633537971484
-2.7783464637421633 -1.4073419874664288 1.9784278322525117 511.1166978497058 605.1695045828819 508.23540985165164 336.6903300434351 3.191838808532817 3.7196935048455395 -1909.786826970685 0.04453690993609637 21.97688095545862 -4182.299385742335 1.866593040071111e-05 0.004481745637144117 0.14348633537971484
-2.6860295434198704 -1.4446615935541645 1.954965691187499 508.80929594673216 601.5580294430256 503.7719958140515 340.0108063444495 3.191838808532817 3.7196935048455395 -1909.786826970685 0.04453690993609637 21.97688095545862 -4182.299385742335 1.866593040071111e-05 0.004481745637144117 0.14348633537971484
-2.5868379588182644 -1.480999104744853 1.9219501693955554 506.6004160596058 597.8870798461139 499.3704428621568 342.0947921797633 3.191838808532817 3.7196935048455395 -1909.786826970685 0.04453690993609637 21.97688095545862 -4182.299385742335 1.866593040071111e-05 0.004481745637144117 0.14348633537971484
-2.484700089525515 -1.5153724261414512 1.8954287175940476 504.4806864950806 594.2014041393995 495.01860652212054 343.13586228340864 3.191838808532817 3.7196935048455395 -1909.786826970685 0.04453690993609637 21.97688095545862 -4182.299385742335 1.866593040071111e-05 0.004481745637144117 0.14348633537971484
-2.372741271262309 -1.5477815577439584 1.8525681940682521 502.4394747968763 590.5416040197015 490.70462467102334 343.32223097234964 3.191838808532817 3.7196935048455395 -1909.786826970685 0.04453690993609637 21.97688095545862 -4182.299385742335 1.866593040071111e-05 0.004481745637144117 0.14348633537971484
-2.2598003581020585 -1.5801906893464637 1.850244090921256 500.4648877363652 586.9441344328225 486.41691753594205 342.83675226569176 3.191838808532817 3.7196935048455395 -1909.786826970685 0.04453690993609637 21.97688095545862 -4182.299385742335 1.866593040071111e-05 0.004481745637144117 0.14348633537971484
-2.15668039391226 -1.6076893464637416 1.8313987185422227 498.54377130791545 583.4413035623729 482.14418769907206 341.85691986232996 3.191838808532817 3.7196935048455395 -1909.786826970685 0.04453690993609637 21.97688095545862 -4182.299385742335 1.866593040071111e-05 0.004481745637144117 0.14348633537971484
-2.063381378692927 -1.632241718889883 1.828120041765997 496.6617107335478 580.0612728893757 477.8754200944677 340.5548671707511 3.191838808532817 3.7196935048455395 -1909.786826970685 0.04453690993609637 21.97688095545862 -4182.299385742335 1.866593040071111e-05 0.004481745637144117 0.14348633537971484
-1.9749928379588175 -1.6558119964189797 1.8313987185422471 494.8030304480344 576.8280572146177 473.5998819982633 339.097367182374 3.191838808532817 3.7196935048455395 -1909.786826970685 0.04453690993609637 21.97688095545862 -4182.299385742335 1.866593040071111e-05 0.004481745637144117 0.14348633537971484
-1.8866042972247083 -1.6803643688451224 1.8417431771333288 492.95079414267093 573.7615245468915 469.30712305149063 337.6458326205611 3.191838808532817 3.7196935048455395 -1909.786826970685 0.04453690993609637 21.97688095545862 -4182.299385742335 1.866593040071111e-05 0.004481745637144117 0.14348633537971484
-1.7991978513876439 -1.7058988361683085 1.8550218423612637 491.08680471777916 570.8773962147534 464.98697523679584 336.3563159108162 3.191838808532817 3.7196935048455395 -1909.786826970685 0.04453690993609637 21.97688095545862 -4182.299385742335 1.866593040071111e-05 0.004481745637144117 0.14348633537971484
-1.7167018800358076 -1.7343795881826336 1.9032226321790002 489.19160431064665 568.187246773392 460.6295528919436 335.3795091211796 3.191838808532817 3.7196935048455395 -1909.786826970685 0.04453690993609637 21.97688095545862 -4182.299385742335 1.866593040071111e-05 0.004481745637144117 0.14348633537971484
-1.6430447627573788 -1.7648245299910492 1.9627438522633904 487.24447427038103 565.6985041052103 456.2252527051605 334.8607439920306 3.191838808532817 3.7196935048455395 -1909.786826970685 0.04453690993609637 21.97688095545862 -4182.299385742335 1.866593040071111e-05 0.004481745637144117 0.14348633537971484
-1.5772444046553216 -1.7972336615935554 2.028455983411795 485.2234351951629 563.4144492819905 451.7647537183948 334.93999192118645 3.191838808532817 3.7196935048455395 -1909.786826970685 0.04453690993609637 21.97688095545862 -4182.299385742335 1.866593040071111e-05 0.004481745637144117 0.14348633537971484
-1.5232291853178104 -1.8306248880931075 2.1244776490018915 483.10524688474834 561.3342167548835 447.23901732079685 335.75186409801245 3.191838808532817 3.7196935048455395 -1909.786826970685 0.04453690993609637 21.97688095545862 -4182.299385742335 1.866593040071111e-05 0.004481745637144117 0.14348633537971484
-1.4741244404655274 -1.862051924798568 2.140109517895549 480.8654083972797 559.4527941830456 442.6392872566357 337.4256111904979 3.191838808532817 3.7196935048455395 -1909.786826970685 0.04453690993609637 21.97688095545862 -4182.299385742335 1.866593040071111e-05 0.004481745637144117 0.14348633537971484
-1.427965980304379 -1.896425246195166 2.210884479556615 478.4781579962 557.7610224895179 437.9570896187797 340.0851237177849 3.191838808532817 3.7196935048455395 -1909.786826970685 0.04453690993609637 21.97688095545862 -4182.299385742335 1.866593040071111e-05 0.004481745637144117 0.14348633537971484
-1.3818075201432392 -1.9347269471799475 2.2634381700042794 475.91647318098694 556.2455959320068 433.18423285475 343.8489317893982 3.191838808532817 3.7196935048455395 -1909.786826970685 0.04453690993609637 21.97688095545862 -4182.299385742335 1.866593040071111e-05 0.004481745637144117 0.14348633537971484
-1.3385953446732293 -1.9740107430617728 2.308611386915337 473.1520706769079 554.8890619799495 428.31280776206404 348.8302052244544 3.191838808532817 3.7196935048455395 -1909.786826970685 0.04453690993609637 21.97688095545862 -4182.299385742335 1.866593040071111e-05 0.004481745637144117 0.14348633537971484
-1.2953831692032194 -2.0172229185317825 2.356194490192345 470.15540642663836 553.6698214039207 423.3351874887012 355.13675343990326 3.191838808532817 3.7196935048455395 -1909.786826970685 0.04453690993609637 21.97688095545862 -4182.299385742335 1.866593040071111e-05 0.004481745637144117 0.14348633537971484
-1.261991942703666 -2.063381378692929 2.5153312159910306 466.8956756303087 552.5621282532811 418.24402753589675 362.8710256591439 3.191838808532817 3.7196935048455395 -1909.786826970685 0.04453690993609637 21.97688095545862 -4182.299385742335 1.866593040071111e-05 0.004481745637144117 0.14348633537971484
-1.230564905998207 -2.109539838854074 2.543834261996731 463.3408126765862 551.5360898524523 413.03226575022563 372.130110681057 3.191838808532817 3.7196935048455395 -1909.786826970685 0.04453690993609637 21.97688095545862 -4182.299385742335 1.866593040071111e-05 0.004481745637144117 0.14348633537971484
-1.1991378692927477 -2.1586445837063573 2.572279462489157 459.45749121066183 550.5576667152345 407.6931223417632 383.005737029016 3.191838808532817 3.7196935048455395 -1909.786826970685 0.04453690993609637 21.97688095545862 -4182.299385742335 1.866593040071111e-05 0.004481745637144117 0.14348633537971484
-1.1647645478961497 -2.2116777081468224 2.566520363857401 455.2111241016537 549.5886727869511 402.2200998594053 395.5842728614807 3.191838808532817 3.7196935048455395 -1909.786826970685 0.04453690993609637 21.97688095545862 -4182.299385742335 1.866593040071111e-05 0.004481745637144117 0.14348633537971484
-1.1333375111906858 -2.265692927484334 2.6146494264003266 450.5658634249121 548.5867751687765 396.60698321135715 409.94672605395317 3.191838808532817 3.7196935048455395 -1909.786826970685 0.04453690993609637 21.97688095545862 -4182.299385742335 1.866593040071111e-05 0.004481745637144117 0.14348633537971484
-1.09208952551477 -2.326582811101166 2.546182778111093 445.48460051510483 547.5054942592978 390.84783965395764 426.1687441468239 3.191838808532817 3.7196935048455395 -1909.786826970685 0.04453690993609637 21.97688095545862 -4182.299385742335 1.866593040071111e-05 0.004481745637144117 0.14348633537971484
-1.0537878245299885 -2.388454789615042 2.5872851573882283 439.92896589729935 546.2942037433386 384.9370187972672 444.32061430066824 3.191838808532817 3.7196935048455395 -1909.786826970685 0.04453690993609637 21.97688095545862 -4182.299385742335 1.866593040071111e-05 0.004481745637144117 0.14348633537971484
-1.0027188898836115 -2.4542551477171015 2.481583610533839 433.85932936985046 544.8981305658817 378.869152598083 464.467263430357 3.191838808532817 3.7196935048455395 -1909.786826970685 0.04453690993609637 21.97688095545862 -4182.299385742335 1.866593040071111e-05 0.004481745637144117 0.14348633537971484
-0.9516499552372392 -2.5230017905102966 2.502678668585915 432.6310285087675 546.887235622853 361.12111899256706 450.9668690562248 3.191838808532817 3.7196935048455395 -1909.786826970685 0.04453690993609637 21.97688095545862 -4182.299385742335 1.866593040071111e-05 0.004481745637144117 0.14348633537971484
-0.9025452103849562 -2.5917484333034926 2.5213431676069717 427.9302944354713 543.7254711426795 348.1536028981209 422.18020559102297 3.191838808532817 3.7196935048455395 -1909.786826970685 0.04453690993609637 21.97688095545862 -4182.299385742335 1.866593040071111e-05 0.004481745637144117 0.14348633537971484
-0.8632614145031299 -2.657548791405552 2.603370951978318 423.01499762013555 541.0058360910043 338.7821931988001 396.2854271829128 3.191838808532817 3.7196935048455395 -1909.786826970685 0.04453690993609637 21.97688095545862 -4182.299385742335 1.866593040071111e-05 0.004481745637144117 0.14348633537971484
-0.8249597135183483 -2.7223670546105656 2.607884461950523 417.9244814608246 538.7019285149872 332.70985797047615 373.0994557887316 3.191838808532817 3.7196935048455395 -1909.786826970685 0.04453690993609637 21.97688095545862 -4182.299385742335 1.866593040071111e-05 0.004481745637144117 0.14348633537971484
-0.78960429722471 -2.7871853178155783 2.642245931909721 412.6968021802604 536.7880240334198 329.64891508221626 352.44438587129116 3.191838808532817 3.7196935048455395 -1909.786826970685 0.04453690993609637 21.97688095545862 -4182.299385742335 1.866593040071111e-05 0.004481745637144117 0.14348633537971484
-0.7601414503133402 -2.8490572963294545 2.6971734436886914 407.36872879602015 535.2390758469701 329.3210323303938 334.14748434722424 3.191838808532817 3.7196935048455395 -1909.786826970685 0.04453690993609637 21.97688095545862 -4182.299385742335 1.866593040071111e-05 0.004481745637144117 0.14348633537971484
-0.7277323187108318 -2.9119113697403773 2.6655233232670152 401.97574315965176 534.0307147353888 331.4572272002697 318.04119058698416 3.191838808532817 3.7196935048455395 -1909.786826970685 0.04453690993609637 21.97688095545862 -4182.299385742335 1.866593040071111e-05 0.004481745637144117 0.14348633537971484
-0.6953231871083232 -2.974765443151298 2.665523323267001 396.55203990265727 533.1392490565777 335.7978672683239 303.9631164073944 3.1795922295698777 3.6779421164734036 -1890.029865564628 0.0443854782168945 21.789408554597856 -4122.494750859232 1.860246362820412e-05 0.004427851472538032 0.15865539837834639
-0.6766633840644504 -3.035655326768129 2.8442275083657913 391.1305264811963 532.5416647456586 342.0926697254181 291.7560461089015 3.1795922295698777 3.6779421164734036 -1890.029865564628 0.0443854782168945 21.789408554597856 -4122.494750859232 1.860246362820412e-05 0.004427851472538032 0.15865539837834639
-0.6570214861235417 -3.0955631154879146 2.8247681677216425 385.74282315559685 532.215625314042 350.1007018238306 281.2679363414645 3.1795922295698777 3.6779421164734036 -1890.029865564628 0.0443854782168945 21.789408554597856 -4122.494750859232 1.860246362820412e-05 0.004427851472538032 0.15865539837834639
-0.6570214861235417 -3.1525246195165626 3.141592653589793 380.4192630108446 532.1394718550146 359.5903803408146 272.3519164174795 3.1795922295698777 3.6779421164734036 -1890.029865564628 0.0443854782168945 21.789408554597856 -4122.494750859232 1.860246362820412e-05 0.004427851472538032 0.15865539837834639
-0.6707708146821818 -3.2065398388540736 3.3908447949750222 375.18889191932976 532.2922230334952 370.3394723981619 264.86628794670105 3.1795922295698777 3.6779421164734036 -1890.029865564628 0.0443854782168945 21.789408554597856 -4122.494750859232 1.860246362820412e-05 0.004427851472538032 0.15865539837834639
-0.6815738585496877 -3.260555058191585 3.3389882134397375 370.07946856692433 532.6535750953481 382.13509449362755 258.6745250374079 3.1795922295698777 3.6779421164734036 -1890.029865564628 0.0443854782168945 21.789408554597856 -4122.494750859232 1.860246362820412e-05 0.004427851472538032 0.15865539837834639
-0.6746991942703653 -3.321444941808416 3.0291655227595604 365.1174644548446 533.2039018655196 394.77371314167976 253.64527425169945 3.1795922295698777 3.6779421164734036 -1890.029865564628 0.0443854782168945 21.789408554597856 -4122.494750859232 1.860246362820412e-05 0.004427851472538032 0.15865539837834639
-0.6746991942703653 -3.3784064458370637 3.141592653589793 360.3280638959259 533.9242547517642 408.0611449033022 249.65235463529825 3.1795922295698777 3.6779421164734036 -1890.029865564628 0.0443854782168945 21.789408554597856 -4122.494750859232 1.860246362820412e-05 0.004427851472538032 0.15865539837834639
-0.6943410922112785 -3.4334037600716214 3.484616594010492 355.7351640127599 534.7963627288118 421.81255584955215 246.57475767284632 3.1795922295698777 3.6779421164734036 -1890.029865564628 0.0443854782168945 21.789408554597856 -4122.494750859232 1.860246362820412e-05 0.004427851472538032 0.15865539837834639
-0.7238039391226482 -3.4854547896150407 3.6566654706085786 351.36137471720576 535.8026323523372 435.85246200859547 244.29664731770754 3.1795922295698777 3.6779421164734036 -1890.029865564628 0.0443854782168945 21.789408554597856 -4122.494750859232 1.860246362820412e-05 0.004427851472538032 0.15865539837834639
-0.7670161145926536 -3.5355416293643698 3.8534395264986583 347.2280187532306 536.92614776548 450.01472951471806 242.70735996961594 3.1795922295698777 3.6779421164734036 -1890.029865564628 0.0443854782168945 21.789408554597856 -4122.494750859232 1.860246362820412e-05 0.004427851472538032 0.15865539837834639
-0.7964789615040233 -3.5875926589077896 3.6566654706085737 343.3551316615194 538.1506706783548 464.142573967576 241.70140448212624 3.1795922295698777 3.6779421164734036 -1890.029865564628 0.0443854782168945 21.789408554597856 -4122.494750859232 1.860246362820412e-05 0.004427851472538032 0.15865539837834639
-0.8367448522828989 -3.6357153088630265 3.8383349351198497 339.7614618167281 539.4606403838843 478.0885609984398 241.17846220731735 3.1795922295698777 3.6779421164734036 -1890.029865564628 0.0443854782168945 21.789408554597856 -4122.494750859232 1.860246362820412e-05 0.004427851472538032 0.15865539837834639
-0.8603151298119955 -3.6848200537153106 3.589112628746969 336.46447035111487 540.8411737512797 491.71460619568825 241.04338690638542 3.1795922295698777 3.6779421164734036 -1890.029865564628 0.0443854782168945 21.789408554597856 -4122.494750859232 1.860246362820412e-05 0.004427851472538032 0.15865539837834639
-0.8799570277529087 -3.7309785138764564 3.5439137514502344 333.4803312625736 542.2780652269721 504.89197470247746 241.20620480924845 3.1795922295698777 3.6779421164734036 -1890.029865564628 0.0443854782168945 21.789408554597856 -4122.494750859232 1.860246362820412e-05 0.004427851472538032 0.15865539837834639
-0.8995989256938219 -3.77517278424351 3.5598169831690316 330.82393131032586 543.7577868364751 517.5012818723917 241.58211459964514 3.1795922295698777 3.6779421164734036 -1890.029865564628 0.0443854782168945 21.789408554597856 -4122.494750859232 1.860246362820412e-05 0.004427851472538032 0.15865539837834639
-0.945757385854966 -3.805617726051925 4.129312445365532 328.50887010246515 545.267488187179 529.4324925243855 242.09148747473955 3.1795922295698777 3.6779421164734036 -1890.029865564628 0.0443854782168945 21.789408554597856 -4122.494750859232 1.860246362820412e-05 0.004427851472538032 0.15865539837834639
-0.9879874664279267 -3.8331163831692034 4.135196766511198 326.547460032627 546.7949964571744 540.5849217325449 242.65986701101065 3.1795922295698777 3.6779421164734036 -1890.029865564628 0.0443854782168945 21.789408554597856 -4122.494750859232 1.860246362820412e-05 0.004427851472538032 0.15865539837834639
-1.0302175470008919 -3.8517761862130713 4.296324474660876 324.9507263023406 548.3288164054975 550.8672339916229 243.21796929836273 3.1795922295698777 3.6779421164734036 -1890.029865564628 0.0443854782168945 21.789408554597856 -4122.494750859232 1.860246362820412e-05 0.004427851472538032 0.15865539837834639
-1.0714655326768077 -3.8655255147717105 4.3906384259880396 323.7284069452435 549.8581303749233 560.197444036603 243.70168285816908 3.1795922295698777 3.6779421164734036 -1890.029865564628 0.0443854782168945 21.789408554597856 -4122.494750859232 1.860246362820412e-05 0.004427851472538032 0.15865539837834639
-1.1215523724261354 -3.869453894359894 4.634117839863393 322.88895276375115 551.3727982752025 568.502916187048 244.05206870287657 3.1795922295698777 3.6779421164734036 -1890.029865564628 0.0443854782168945 21.789408554597856 -4122.494750859232 1.860246362820412e-05 0.004427851472538032 0.15865539837834639
-1.1785138764547853 -3.8635613249776197 4.815470588907391 322.439527425915 552.8633575998247 575.7203646451235 244.2153602167964 3.1795922295698777 3.6779421164734036 -1890.029865564628 0.0443854782168945 21.789408554597856 -4122.494750859232 1.860246362820412e-05 0.004427851472538032 0.15865539837834639
-1.244314234556847 -3.847847806624889 4.946804656108494 322.38600734621286 554.3210234232247 581.7958535701036 244.14296334981918 3.1795922295698777 3.6779421164734036 -1890.029865564628 0.0443854782168945 21.789408554597856 -4122.494750859232 1.860246362820412e-05 0.004427851472538032 0.15865539837834639
-1.318953446732316 -3.821331244404656 5.053744865638546 322.7329817991704 555.7376883924007 586.6847969293594 243.7914564833045 3.1795922295698777 3.6779421164734036 -1890.029865564628 0.0443854782168945 21.789408554597856 -4122.494750859232 1.860246362820412e-05 0.004427851472538032 0.15865539837834639
-1.3935926589077852 -3.7879400179051044 5.133052329517721 323.4837528448552 557.1059227325022 590.351958528161 243.12259035557508 3.1795922295698777 3.6779421164734036 -1890.029865564628 0.0443854782168945 21.789408554597856 -4122.494750859232 1.860246362820412e-05 0.004427851472538032 0.15865539837834639
-1.4672497761862096 -3.746692032229187 5.222877302301464 324.6403353512287 558.418974256143 592.7714519947767 242.10328833013773 3.1795922295698777 3.6779421164734036 -1890.029865564628 0.0443854782168945 21.789408554597856 -4122.494750859232 1.860246362820412e-05 0.004427851472538032 0.15865539837834639
-1.5350143240823655 -3.7024977618621318 5.290290917346905 326.20345699973404 559.6707683373243 593.9267407357693 240.7056461200118 3.1795922295698777 3.6779421164734036 -1890.029865564628 0.0443854782168945 21.789408554597856 -4122.494750859232 1.860246362820412e-05 0.004427851472538032 0.15865539837834639
-1.599832587287378 -3.652410922112803 5.370277585566903 328.1725582834333 560.8559079412371 593.8106381893158 238.90693190693855 3.1795922295698777 3.6779421164734036 -1890.029865564628 0.0443854782168945 21.789408554597856 -4122.494750859232 1.860246362820412e-05 0.004427851472538032 0.15865539837834639
-1.6450089525514817 -3.6023240823634746 5.549287954733327 330.54579249955714 561.9696736037731 592.4253074675798 236.68958631157875 3.1795922295698777 3.6779421164734036 -1890.029865564628 0.0443854782168945 21.789408554597856 -4122.494750859232 1.860246362820412e-05 0.004427851472538032 0.15865539837834639
-1.6842927484333037 -3.5502730528200552 5.636672159302401 333.3200257644057 563.0080234445632 589.7822617143393 234.04122249782085 3.1795922295698777 3.6779421164734036 -1890.029865564628 0.0443854782168945 21.789408554597856 -4122.494750859232 1.860246362820412e-05 0.004427851472538032 0.15865539837834639
-1.7147376902417226 -3.496257833482544 5.769933034313275 336.49083699285984 563.96759315487 585.9023637622595 230.95462602376938 3.1795922295698777 3.6779421164734036 -1890.029865564628 0.0443854782168945 21.789408554597856 -4122.494750859232 1.860246362820412e-05 0.004427851472538032 0.15865539837834639
-1.7383079677708149 -3.441260519247987 5.878293520894559 340.0525179002434 564.8456960087642 580.8158262819052 227.42775489389896 3.1795922295698777 3.6779421164734036 -1890.029865564628 0.0443854782168945 21.789408554597856 -4122.494750859232 1.860246362820412e-05 0.004427851472538032 0.15865539837834639
-1.7530393912264997 -3.3872452999104756 6.0169332580286605 343.9980730395764 565.640322859399 574.5622119903564 223.46373964101076 3.1795922295698777 3.6779421164734036 -1890.029865564628 0.0443854782168945 21.789408554597856 -4122.494750859232 1.860246362820412e-05 0.004427851472538032 0.15865539837834639
-1.7589319606087683 -3.3322479856759193 6.176449634530546 348.31921974755824 566.3501421315596 567.1904330998659 219.07088315486908 3.1795922295698777 3.6779421164734036 -1890.029865564628 0.0443854782168945 21.789408554597856 -4122.494750859232 1.860246362820412e-05 0.004427851472538032 0.15865539837834639
-1.761878245299907 -3.2762685765443167 6.230602245568613 353.0063881818205 566.9744998356327 558.7587521672249 214.262660831213 3.1795922295698777 3.6779421164734036 -1890.029865564628 0.0443854782168945 21.789408554597856 -4122.494750859232 1.860246362820412e-05 0.004427851472538032 0.15865539837834639
-1.7618782452999115 -3.219307072515668 6.283185307179508 358.04872130043805 567.5134195508435 549.3347810655832 209.05772060900927 3.1795922295698777 3.6779421164734036 -1890.029865564628 0.0443854782168945 21.789408554597856 -4122.494750859232 1.860246362820412e-05 0.004427851472538032 0.15865539837834639
-1.7618782452999115 -3.1593992837958824 -0.0 363.43407488800585 567.9676024466753 538.9954819530249 203.4798827394843 3.1795922295698777 3.6779421164734036 -1890.029865564628 0.0443854782168945 21.789408554597856 -4122.494750859232 1.860246362820412e-05 0.004427851472538032 0.15865539837834639
-1.7618782452999115 -3.0985094001790525 -0.0 369.1490175072104 568.3384272512048 527.8271664828062 197.55814001709223 3.1795922295698777 3.6779421164734036 -1890.029865564628 0.0443854782168945 21.789408554597856 -4122.494750859232 1.860246362820412e-05 0.004427851472538032 0.15865539837834639
-1.7618782452999115 -3.033691136974039 -0.0 375.1788305621594 568.627950290218 515.9254964292049 191.32665765285492 3.1795922295698777 3.6779421164734036 -1890.029865564628 0.0443854782168945 21.789408554597856 -4122.494750859232 1.860246362820412e-05 0.004427851472538032 0.15865539837834639
-1.7618782452999115 -2.962980304386751 -0.0 381.5075082629919 568.8389054592699 503.3954832851887 184.82477337121964 3.1795922295698777 3.6779421164734036 -1890.029865564628 0.0443854782168945 21.789408554597856 -4122.494750859232 1.860246362820412e-05 0.004427851472538032 0.15865539837834639
-1.7648245299910459 -2.8873589973142346 6.244243964082583 388.1177575979382 568.9747042329982 490.35148844122887 178.0969973579049 3.1795922295698777 3.6779421164734036 -1890.029865564628 0.0443854782168945 21.789408554597856 -4122.494750859232 1.860246362820412e-05 0.004427851472538032 0.15865539837834639
-1.763842435094001 -2.8087914055505823 -0.0 394.99099840037525 569.0394356595352 476.91722302138805 171.19301211833954 3.1795922295698777 3.6779421164734036 -1890.029865564628 0.0443854782168945 21.789408554597856 -4122.494750859232 1.860246362820412e-05 0.004427851472538032 0.15865539837834639
-1.7628603401969518 -2.727277529095793 5.413658939124588e-14 402.10736329108477 569.0378663772717 463.2257482111454 164.16767282038927 3.1795922295698777 3.6779421164734036 -1890.029865564628 0.0443854782168945 21.789408554597856 -4122.494750859232 1.860246362820412e-05 0.004427851472538032 0.15865539837834639
-1.7589319606087772 -2.6437994628469133 0.0348695815547056 409.445697709918 568.9754405813292 449.419474825263 157.0810069590807 3.1795922295698777 3.6779421164734036 -1890.029865564628 0.0443854782168945 21.789408554597856 -4122.494750859232 1.860246362820412e-05 0.004427851472538032 0.15865539837834639
-1.748128916741276 -2.5593393017009864 0.11444030527006285 416.98355988785625 568.8582800673321 435.6501636207104 149.9982144907117 3.1795922295698777 3.6779421164734036 -1890.029865564628 0.0443854782168945 21.789408554597856 -4122.494750859232 1.860246362820412e-05 0.004427851472538032 0.15865539837834639
-1.7343795881826314 -2.4738970456580147 0.14666649379721397 424.69722090661526 568.6931841913611 422.07892525196075 142.98966789245605 3.199121631425894 3.6890477153970638 -1902.6644507319293 0.08931181867789661 21.832386815121158 -4165.152854998662 3.7431608833988394e-05 0.00442791396918497 0.14797492160281364
-1.720630259623991 -2.3864905998209505 0.14345226330367855 432.5616645999253 568.4876298988238 408.8762201219797 136.1309120208025 3.199121631425894 3.6890477153970638 -1902.6644507319293 0.08931181867789661 21.832386815121158 -4165.152854998662 3.7431608833988394e-05 0.00442791396918497 0.14797492160281364
-1.7127735004476197 -2.2961378692927505 0.07512715591079162 440.55058767832816 568.2497717076913 396.22185865044594 129.50266429036856 3.199121631425894 3.6890477153970638 -1902.6644507319293 0.08931181867789661 21.832386815121158 -4165.152854998662 3.7431608833988394e-05 0.00442791396918497 0.14797492160281364
-1.7049167412712527 -2.2057851387645506 0.07512715591079162 448.63639958016574 567.9884417168796 384.30500078201294 123.19081445783377 3.199121631425894 3.6890477153970638 -1902.6644507319293 0.08931181867789661 21.832386815121158 -4165.152854998662 3.7431608833988394e-05 0.00442791396918497 0.14797492160281364
-1.7000062667860287 -2.1164145031333943 0.04345089539149116 456.7902226354927 567.7131496006623 373.32415664196014 117.2864248752594 3.199121631425894 3.6890477153970638 -1902.6644507319293 0.08931181867789661 21.832386815121158 -4165.152854998662 3.7431608833988394e-05 0.00442791396918497 0.14797492160281364
-1.695095792300805 -2.02704386750224 0.043450895391491696 464.9818919133395 567.4340826189145 363.4871860295534 111.88573022931814 3.199121631425894 3.6890477153970638 -1902.6644507319293 0.08931181867789661 21.832386815121158 -4165.152854998662 3.7431608833988394e-05 0.00442791396918497 0.14797492160281364
-1.6941136974037558 -1.939637421665176 0.011235482258003485 473.1799553409219 567.1621055854484 355.01129876077175 107.09013768285513 3.199121631425894 3.6890477153970638 -1902.6644507319293 0.08931181867789661 21.832386815121158 -4165.152854998662 3.7431608833988394e-05 0.00442791396918497 0.14797492160281364
-1.6960778871978452 -1.8522309758281126 6.260717178593781 481.35167364031076 566.9087609276175 348.12305414676666 103.00622694939375 3.199121631425894 3.6890477153970638 -1902.6644507319293 0.08931181867789661 21.832386815121158 -4165.152854998662 3.7431608833988394e-05 0.00442791396918497 0.14797492160281364
-1.6950957923008005 -1.765806624888094 0.011363147264280306 489.46302033029497 566.6862686192617 343.0583617836237 99.74575005471706 3.199121631425894 3.6890477153970638 -1902.6644507319293 0.08931181867789661 21.832386815121158 -4165.152854998662 3.7431608833988394e-05 0.00442791396918497 0.14797492160281364
-1.6980420769919349 -1.6793822739480764 6.249107595592609 497.4786817487329 566.5075262337923 340.06248074769974 97.42563165724277 3.199121631425894 3.6890477153970638 -1902.6644507319293 0.08931181867789661 21.832386815121158 -4165.152854998662 3.7431608833988394e-05 0.00442791396918497 0.14797492160281364
-1.7039346463742122 -1.591975828111013 6.21587143138684 505.3620570320636 566.3861089069396 339.3900202512741 96.16796869784594 3.199121631425894 3.6890477153970638 -1902.6644507319293 0.08931181867789661 21.832386815121158 -4165.152854998662 3.7431608833988394e-05 0.00442791396918497 0.14797492160281364
-1.712773500447624 -1.5055514771709946 6.181266939698703 513.0752581655979 566.3362693628296 341.30493915081024 96.10003077238798 3.199121631425894 3.6890477153970638 -1902.6644507319293 0.08931181867789661 21.832386815121158 -4165.152854998662 3.7431608833988394e-05 0.00442791396918497 0.14797492160281364
-1.7186660698298972 -1.4201092211280217 6.2143288178785525 520.5791098736227 566.3729379018769 346.0805462151766 97.35425966233015 3.199121631425894 3.6890477153970638 -1902.6644507319293 0.08931181867789661 21.832386815121158 -4165.152854998662 3.7431608833988394e-05 0.00442791396918497 0.14797492160281364
-1.7245586392121748 -1.336631154879142 6.2127139626007475 527.8331497665495 566.5117223989218 353.9995001703501 100.06826992332935 3.199121631425894 3.6890477153970638 -1902.6644507319293 0.08931181867789661 21.832386815121158 -4165.152854998662 3.7431608833988394e-05 0.00442791396918497 0.14797492160281364
-1.7304512085944432 -1.2541351835273058 6.211877842394362 534.7956281937659 566.7689083106816 365.35380940139294 104.38484828174114 3.199121631425894 3.6890477153970638 -1902.6644507319293 0.08931181867789661 21.832386815121158 -4165.152854998662 3.7431608833988394e-05 0.00442791396918497 0.14797492160281364
-1.7392900626678551 -1.1716392121754697 6.176449634530441 541.4235083758831 567.1614586645737 380.4448322504759 110.45195416361094 3.199121631425894 3.6890477153970638 -1902.6644507319293 0.08931181867789661 21.832386815121158 -4165.152854998662 3.7431608833988394e-05 0.00442791396918497 0.14797492160281364
-1.7530393912264952 -1.086196956132497 6.123633586246317 547.6724662929773 567.7070140717551 399.58327680826187 118.42271926254034 3.199121631425894 3.6890477153970638 -1902.6644507319293 0.08931181867789661 21.832386815121158 -4165.152854998662 3.7431608833988394e-05 0.00442791396918497 0.14797492160281364
-1.7667887197851353 -0.9997726051924806 6.12541656958362 553.4968907535076 568.4238927271217 423.08920131623745 128.45544787496328 3.199121631425894 3.6890477153970638 -1902.6644507319293 0.08931181867789661 21.832386815121158 -4165.152854998662 3.7431608833988394e-05 0.00442791396918497 0.14797492160281364
-1.7893769024171873 -0.9104019695613255 6.035622670475548 558.8498833943158 569.3310903869569 451.2920133918524 140.7136165946722 3.199121631425894 3.6890477153970638 -1902.6644507319293 0.08931181867789661 21.832386815121158 -4165.152854998662 3.7431608833988394e-05 0.00442791396918497 0.14797492160281364
-1.8178576544315077 -0.8190671441360786 5.980912808599509 563.6832586396486 570.4482803996652 484.53047098219395 155.3658746778965 3.199121631425894 3.6890477153970638 -1902.6644507319293 0.08931181867789661 21.832386815121158 -4165.152854998662 3.7431608833988394e-05 0.00442791396918497 0.14797492160281364
-1.8492846911369716 -0.7247860340196963 5.961434752782916 567.9475437067449 571.7958136955276 523.152681440115 172.58604365587234 3.199121631425894 3.6890477153970638 -1902.6644507319293 0.08931181867789661 21.832386815121158 -4165.152854998662 3.7431608833988394e-05 0.00442791396918497 0.14797492160281364
-1.8777654431512965 -0.6265765443151305 6.000927885198086 571.5919786635786 573.3947187596932 567.5161023288965 192.5531176403165 3.199121631425894 3.6890477153970638 -1902.6644507319293 0.08931181867789661 21.832386815121158 -4165.152854998662 3.7431608833988394e-05 0.00442791396918497 0.14797492160281364
