28 0.37123187108325606 1.258063563115487 1.701623722868932 0.919240823634735 2.0800769919427022
0.37123187108325606 1.258063563115487 1.701623722868932 738.5313875926659 502.78257600963116 670.8977706432343 257.86747765541077 3.118643662041713 3.6358553872188533 -1844.144765626374 -0.04607277156812544 21.71052390641936 -4047.603351876003 -1.9309627647998917e-05 0.00439929092492562 0.18353853811514295
0.4124798567591719 1.2551172784243505 1.6421037915801793 738.1131293550134 501.59295454621315 677.9415049552917 243.2341058254242 3.118643662041713 3.6358553872188533 -1844.144765626374 -0.04607277156812544 21.71052390641936 -4047.603351876003 -1.9309627647998917e-05 0.00439929092492562 0.18353853811514295
0.4507815577439535 1.2560993733213965 1.545160918273214 738.0418688179925 500.6115912646055 684.1061699390411 237.58774065971375 3.118643662041713 3.6358553872188533 -1844.144765626374 -0.04607277156812544 21.71052390641936 -4047.603351876003 -1.9309627647998917e-05 0.00439929092492562 0.18353853811514295
0.4772981199641889 1.2619919427036705 1.352127380920968 738.2957361135632 499.80698404461145 689.6138918995857 239.1925187110901 3.118643662041713 3.6358553872188533 -1844.144765626374 -0.04607277156812544 21.71052390641936 -4047.603351876003 -1.9309627647998917e-05 0.00439929092492562 0.18353853811514295
0.4998863025962364 1.2708307967770813 1.197808604994804 738.853277657181 499.14982119202614 694.6653612852097 246.45418453216553 3.118643662041713 3.6358553872188533 -1844.144765626374 -0.04607277156812544 21.71052390641936 -4047.603351876003 -1.9309627647998917e-05 0.00439929092492562 0.18353853811514295
0.5224744852282883 1.2835980304386756 1.0563450137358803 739.6934562204406 498.61298152804375 699.4398297667503 257.92010021209717 3.118643662041713 3.6358553872188533 -1844.144765626374 -0.04607277156812544 21.71052390641936 -4047.603351876003 -1.9309627647998917e-05 0.00439929092492562 0.18353853811514295
0.5421163831692015 1.2993115487914064 0.896055384571337 740.7956508519128 498.1715342476964 704.0951125621796 272.2792339324951 3.118643662041713 3.6358553872188533 -1844.144765626374 -0.04607277156812544 21.71052390641936 -4047.603351876003 -1.9309627647998917e-05 0.00439929092492562 0.18353853811514295
0.5617582811101146 1.3179713518352736 0.8110335719191317 742.1396569609642 497.8027389869094 708.7675871253014 288.36216831207275 3.118643662041713 3.6358553872188533 -1844.144765626374 -0.04607277156812544 21.71052390641936 -4047.603351876003 -1.9309627647998917e-05 0.00439929092492562 0.18353853811514295
0.5774717994628398 1.3385953446732315 0.6510767214443363 743.7056862348691 497.48604591563344 713.5721934437752 305.14109921455383 3.118643662041713 3.6358553872188533 -1844.144765626374 -0.04607277156812544 21.71052390641936 -4047.603351876003 -1.9309627647998917e-05 0.00439929092492562 0.18353853811514295
0.5892569382273859 1.362165622202327 0.46364760900074925 745.4743667123839 497.20309553667903 718.6024344563484 321.72983264923096 3.118643662041713 3.6358553872188533 -1844.144765626374 -0.04607277156812544 21.71052390641936 -4047.603351876003 -1.9309627647998917e-05 0.00439929092492562 0.18353853811514295
0.597113697403753 1.3877000895255134 0.298498931586253 747.426742724143 496.9377188384533 723.9303750395775 337.3837859630585 3.118643662041713 3.6358553872188533 -1844.144765626374 -0.04607277156812544 21.71052390641936 -4047.603351876003 -1.9309627647998917e-05 0.00439929092492562 0.18353853811514295
0.6059525514771693 1.4201092211280217 0.2378359274574902 749.5442749317735 496.6759372651577 729.6066427230835 351.49998903274536 3.118643662041713 3.6358553872188533 -1844.144765626374 -0.04607277156812544 21.71052390641936 -4047.603351876003 -1.9309627647998917e-05 0.00439929092492562 0.18353853811514295
0.6147914055505811 1.4515362578334834 0.24497866312678057 751.8088403232396 496.4059627056122 735.6604284644127 363.6170845031738 3.118643662041713 3.6358553872188533 -1844.144765626374 -0.04607277156812544 21.71052390641936 -4047.603351876003 -1.9309627647998917e-05 0.00439929092492562 0.18353853811514295
0.6305049239033197 1.4859095792300803 0.40489178628520495 754.2027321783826 496.1181974597275 742.0994848608971 373.4153242111206 3.118643662041713 3.6358553872188533 -1844.144765626374 -0.04607277156812544 21.71052390641936 -4047.603351876003 -1.9309627647998917e-05 0.00439929092492562 0.18353853811514295
0.6501468218442328 1.523229185317816 0.4636476090008181 756.7086601173505 495.80523429811 748.9101274609566 380.7165756225586 3.118643662041713 3.6358553872188533 -1844.144765626374 -0.04607277156812544 21.71052390641936 -4047.603351876003 -1.9309627647998917e-05 0.00439929092492562 0.18353853811514295
0.6697887197851415 1.5615308863025974 0.4533386958544783 759.3097500717267 495.4618564546108 756.0572342276573 385.48431277275085 3.1714020814914776 3.661761630992455 -1873.2044863467797 0.044272940802031986 21.706279604666847 -4074.238486719515 1.855529790529419e-05 0.004403967066593743 0.16979345632445808
0.6933589973142337 1.6037609668755592 0.4911635982862266 761.9895442891866 495.0850375331938 763.4842465519905 387.82362699508667 3.1714020814914776 3.661761630992455 -1873.2044863467797 0.044272940802031986 21.706279604666847 -4074.238486719515 1.855529790529419e-05 0.004403967066593743 0.16979345632445808
0.7130008952551469 1.645991047448522 0.41606450572384435 764.7320013325661 494.6739416606724 771.1131666898727 387.9812183380127 3.1714020814914776 3.661761630992455 -1873.2044863467797 0.044272940802031986 21.706279604666847 -4074.238486719515 1.855529790529419e-05 0.004403967066593743 0.16979345632445808
0.7326427931960601 1.6862569382273942 0.43395336939391277 767.5214960966259 494.22992335632443 778.8445611000061 386.3453993797302 3.1714020814914776 3.661761630992455 -1873.2044863467797 0.044272940802031986 21.706279604666847 -4074.238486719515 1.855529790529419e-05 0.004403967066593743 0.16979345632445808
0.7522846911369687 1.7255407341092206 0.44344833641966397 770.3428197689354 493.7565275914967 786.5575583577156 383.4460937976837 3.1714020814914776 3.661761630992455 -1873.2044863467797 0.044272940802031986 21.706279604666847 -4074.238486719515 1.855529790529419e-05 0.004403967066593743 0.16979345632445808
0.7758549686660698 1.764824529991047 0.5218342798144446 773.1811798792332 493.25948982685804 794.1098489165306 379.9548387527466 3.1714020814914776 3.661761630992455 -1873.2044863467797 0.044272940802031986 21.706279604666847 -4074.238486719515 1.855529790529419e-05 0.004403967066593743 0.16979345632445808
0.7984431512981218 1.8021441360787815 0.5442804849460202 776.022200267762 492.7467358931899 801.3376865386963 376.684782743454 3.1714020814914776 3.661761630992455 -1873.2044863467797 0.044272940802031986 21.706279604666847 -4074.238486719515 1.855529790529419e-05 0.004403967066593743 0.16979345632445808
0.8171029543419902 1.840445837063562 0.453338695854584 778.8519210843369 492.22838209941983 808.0558876395226 374.59068417549133 3.1714020814914776 3.661761630992455 -1873.2044863467797 0.044272940802031986 21.706279604666847 -4074.238486719515 1.855529790529419e-05 0.004403967066593743 0.16979345632445808
0.8367448522829034 1.8797296329453894 0.46364760900079477 781.6567988041788 491.7167352028191 814.0578310489655 374.7689161300659 3.1714020814914776 3.661761630992455 -1873.2044863467797 0.044272940802031986 21.706279604666847 -4074.238486719515 1.855529790529419e-05 0.004403967066593743 0.16979345632445808
0.8563867502238165 1.9180313339301687 0.47385133649477457 784.423706217669 491.22629242390394 819.1154575943947 378.45746064186096 3.1714020814914776 3.661761630992455 -1873.2044863467797 0.044272940802031986 21.706279604666847 -4074.238486719515 1.855529790529419e-05 0.004403967066593743 0.16979345632445808
0.8721002685765507 1.9563330349149501 0.38931672183321253 787.1399324396625 490.7737413607538 822.9792715907097 387.0359125137329 3.1714020814914776 3.661761630992455 -1873.2044863467797 0.044272940802031986 21.706279604666847 -4074.238486719515 1.855529790529419e-05 0.004403967066593743 0.16979345632445808
0.8878137869292803 1.9956168307967765 0.3805063771123453 789.7931828927249 490.3779601044953 825.3783396482468 402.0254805088043 3.1714020814914776 3.661761630992455 -1873.2044863467797 0.044272940802031986 21.706279604666847 -4074.238486719515 1.855529790529419e-05 0.004403967066593743 0.16979345632445808
0.9035273052820054 2.03588272157565 0.3720677588579937 792.371579322964 490.06001721322536 826.0202901959419 425.08898425102234 3.1714020814914776 3.661761630992455 -1873.2044863467797 0.044272940802031986 21.706279604666847 -4074.238486719515 1.855529790529419e-05 0.004403967066593743 0.16979345632445808
0.919240823634735 2.0800769919427022 0.34161549064780516 796.419528061524 490.0665391799994 557.8147319257259 335.7032560110092 3.1714020814914776 3.661761630992455 -1873.2044863467797 0.044272940802031986 21.706279604666847 -4074.238486719515 1.855529790529419e-05 0.004403967066593743 0.16979345632445808
0.9270975828111021 2.1232891674127123 0.17985349979251464 798.9565993892029 489.78058726270683 564.3969699889421 322.6855519413948 3.1714020814914776 3.661761630992455 -1873.2044863467797 0.044272940802031986 21.706279604666847 -4074.238486719515 1.855529790529419e-05 0.004403967066593743 0.16979345632445808
0.9270975828111065 2.1635550581915854 1.1091398802108512e-13 801.634035890922 489.48876234097406 572.0622758418322 310.96152221411467 3.1714020814914776 3.661761630992455 -1873.2044863467797 0.044272940802031986 21.706279604666847 -4074.238486719515 1.855529790529419e-05 0.004403967066593743 0.16979345632445808
0.9270975828111065 2.202838854073412 -0.0 804.4340932201594 489.1894904449582 580.6665563136339 300.4457334280014 3.1714020814914776 3.661761630992455 -1873.2044863467797 0.044272940802031986 21.706279604666847 -4074.238486719515 1.855529790529419e-05 0.004403967066593743 0.16979345632445808
0.9349543419874736 2.242122649955236 0.19739555984993543 807.3394793299958 488.8812715734821 590.0708073377609 291.0552212148905 3.1714020814914776 3.661761630992455 -1873.2044863467797 0.044272940802031986 21.706279604666847 -4074.238486719515 1.855529790529419e-05 0.004403967066593743 0.16979345632445808
0.9428111011638363 2.2794422560429726 0.20749622643512425 810.3333544544876 488.5626796905417 600.1411139518023 282.7094900086522 3.1714020814914776 3.661761630992455 -1873.2044863467797 0.044272940802031986 21.706279604666847 -4074.238486719515 1.855529790529419e-05 0.004403967066593743 0.16979345632445808
0.9545962399283868 2.317743957027754 0.29849893158623664 813.3993311263621 488.232362724375 610.7486503720284 275.3305132165551 3.1714020814914776 3.661761630992455 -1873.2044863467797 0.044272940802031986 21.706279604666847 -4074.238486719515 1.855529790529419e-05 0.004403967066593743 0.16979345632445808
0.9703097582811164 2.358009847806623 0.3720677588581275 816.5214741453528 487.8890425695572 621.7696796506643 268.8427330479026 3.1714020814914776 3.661761630992455 -1873.2044863467797 0.044272940802031986 21.706279604666847 -4074.238486719515 1.855529790529419e-05 0.004403967066593743 0.16979345632445808
0.9820948970456626 2.3972936436884518 0.2914567944778097 819.6843006126583 487.53151508490555 633.0855541974306 263.17306070029736 3.1714020814914776 3.661761630992455 -1873.2044863467797 0.044272940802031986 21.706279604666847 -4074.238486719515 1.855529790529419e-05 0.004403967066593743 0.16979345632445808
0.9938800358102131 2.4365774395702755 0.2914567944779453 822.872779911384 487.15865009767003 644.5827152878046 258.2508761957288 3.1714020814914776 3.661761630992455 -1873.2044863467797 0.044272940802031986 21.706279604666847 -4074.238486719515 1.855529790529419e-05 0.004403967066593743 0.16979345632445808
1.0105756490599875 2.476843330349149 0.3930580191818829 826.0723337205127 486.7693913972471 656.1526934504509 254.00802859663963 3.1714020814914776 3.661761630992455 -1873.2044863467797 0.044272940802031986 21.706279604666847 -4074.238486719515 1.855529790529419e-05 0.004403967066593743 0.16979345632445808
1.0351280214861334 2.519073410922112 0.5266272714338343 829.2688359925523 486.3627567405347 667.6921081095934 250.3788356333971 3.1714020814914776 3.661761630992455 -1873.2044863467797 0.044272940802031986 21.706279604666847 -4074.238486719515 1.855529790529419e-05 0.004403967066593743 0.16979345632445808
1.067537153088642 2.5652318710832582 0.6121524969451048 832.448612975888 485.9378378489055 679.1026680022478 247.30008413642645 3.1714020814914776 3.661761630992455 -1873.2044863467797 0.044272940802031986 21.706279604666847 -4074.238486719515 1.855529790529419e-05 0.004403967066593743 0.16979345632445808
1.099946284691146 2.61040823634736 0.6223028711871543 835.5984432119876 485.49380041030236 690.2911707311869 244.71102975308895 3.1714020814914776 3.661761630992455 -1873.2044863467797 0.044272940802031986 21.706279604666847 -4074.238486719515 1.855529790529419e-05 0.004403967066593743 0.16979345632445808
1.13235541629365 2.6546025067144146 0.6327488350021437 838.7055575000122 485.02988407807425 701.169502928853 242.55339697748423 3.1714020814914776 3.661761630992455 -1873.2044863467797 0.044272940802031986 21.706279604666847 -4074.238486719515 1.855529790529419e-05 0.004403967066593743 0.16979345632445808
1.1608361683079707 2.698796777081469 0.572459813817994 841.7576389722526 484.5454024686478 711.6546406298876 240.77137933671474 3.1714020814914776 3.661761630992455 -1873.2044863467797 0.044272940802031986 21.706279604666847 -4074.238486719515 1.855529790529419e-05 0.004403967066593743 0.16979345632445808
1.1775317815577448 2.7429910474485215 0.361203755493663 844.7428230065852 484.03974316851236 721.6686487048864 239.3116391673684 3.1714020814914776 3.661761630992455 -1873.2044863467797 0.044272940802031986 21.706279604666847 -4074.238486719515 1.855529790529419e-05 0.004403967066593743 0.16979345632445808
1.1942273948075193 2.7842390331244395 0.38460471482217257 847.6496972898021 483.51236772560515 731.1386809647083 238.12330765277147 3.1714020814914776 3.661761630992455 -1873.2044863467797 0.044272940802031986 21.706279604666847 -4074.238486719515 1.855529790529419e-05 0.004403967066593743 0.16979345632445808
1.2069946284691146 2.824504923903313 0.30704573201882146 850.4673017915338 482.9628116542008 739.9969807416201 237.15798498690128 3.1714020814914776 3.661761630992455 -1873.2044863467797 0.044272940802031986 21.706279604666847 -4074.238486719515 1.855529790529419e-05 0.004403967066593743 0.16979345632445808
1.2276186213070726 2.864770814682184 0.4733560418349064 853.1851287717 482.39068443514407 748.1808800697327 236.36974016577005 3.1714020814914776 3.661761630992455 -1873.2044863467797 0.044272940802031986 21.706279604666847 -4074.238486719515 1.855529790529419e-05 0.004403967066593743 0.16979345632445808
1.2511888988361737 2.9030725156669654 0.551654982528638 855.7931227656081 481.79566951585 755.6328000724316 235.7151111587882 3.1714020814914776 3.661761630992455 -1873.2044863467797 0.044272940802031986 21.706279604666847 -4074.238486719515 1.855529790529419e-05 0.004403967066593743 0.16979345632445808
1.2708307967770869 2.9394100268576553 0.4955516734858234 858.2816806100309 481.1775243051816 762.3002512902021 235.15310481190681 3.1714020814914776 3.661761630992455 -1873.2044863467797 0.044272940802031986 21.706279604666847 -4074.238486719515 1.855529790529419e-05 0.004403967066593743 0.16979345632445808
1.2826159355416331 2.9718191584601614 0.3487710035838627 860.6416514227167 480.53608018136583 768.1358329206705 234.6451968625188 3.1714020814914776 3.661761630992455 -1873.2044863467797 0.044272940802031986 21.706279604666847 -4074.238486719515 1.855529790529419e-05 0.004403967066593743 0.16979345632445808
1.3022578334825416 3.0061924798567574 0.519146114246453 862.8643366033211 479.87124248733744 773.0972335040569 234.15533188730478 3.1714020814914776 3.661761630992455 -1873.2044863467797 0.044272940802031986 21.706279604666847 -4074.238486719515 1.855529790529419e-05 0.004403967066593743 0.16979345632445808
1.3179713518352714 3.0405658012533556 0.4287780274459949 864.9414898473769 479.18299053027295 777.1472305804491 233.64992348849773 3.1714020814914776 3.661761630992455 -1873.2044863467797 0.044272940802031986 21.706279604666847 -4074.238486719515 1.855529790529419e-05 0.004403967066593743 0.16979345632445808
1.3464521038495962 3.0759212175469983 0.6781193077490733 866.8653171341866 478.47137758275494 780.2536907345057 233.0978540405631 3.1714020814914776 3.661761630992455 -1873.2044863467797 0.044272940802031986 21.706279604666847 -4074.238486719515 1.855529790529419e-05 0.004403967066593743 0.16979345632445808
1.3788612354521093 3.108330349149509 0.7853981633974828 868.6284767277539 477.7365308860317 782.3895697742701 232.47047486901283 3.1714020814914776 3.661761630992455 -1873.2044863467797 0.044272940802031986 21.706279604666847 -4074.238486719515 1.855529790529419e-05 0.004403967066593743 0.16979345632445808
1.4151987466428013 3.140739480752013 0.8424789458037906 870.2240791777149 476.9786516421009 783.5329123139381 231.74160623550415 3.1714020814914776 3.661761630992455 -1873.2044863467797 0.044272940802031986 21.706279604666847 -4074.238486719515 1.855529790529419e-05 0.004403967066593743 0.16979345632445808
1.4584109221128068 3.169220232766337 1.0040671092713602 871.6456873295829 476.19801502209157 783.6668523997068 230.8875372186303 3.1714020814914776 3.661761630992455 -1873.2044863467797 0.044272940802031986 21.706279604666847 -4074.238486719515 1.855529790529419e-05 0.004403967066593743 0.16979345632445808
1.4986768128916779 3.1957367949865714 1.0056468867881034 872.887316307053 475.3949701611418 782.7796129584312 229.88702585548162 3.1714020814914776 3.661761630992455 -1873.2044863467797 0.044272940802031986 21.706279604666847 -4074.238486719515 1.855529790529419e-05 0.004403967066593743 0.16979345632445808
1.5350143240823655 3.2202891674127136 0.995371676259572 873.94343353156 474.56994016095996 780.8645057678223 228.72129908949137 3.1714020814914776 3.661761630992455 -1873.2044863467797 0.044272940802031986 21.706279604666847 -4074.238486719515 1.855529790529419e-05 0.004403967066593743 0.16979345632445808
1.575280214861241 3.2428773500447647 1.078310560923 874.8089587017894 473.72342208540067 777.9199322015047 227.37405267357826 3.1714020814914776 3.661761630992455 -1873.2044863467797 0.044272940802031986 21.706279604666847 -4074.238486719515 1.855529790529419e-05 0.004403967066593743 0.16979345632445808
1.6234028648164747 3.265465532676812 1.1487912968926821 875.4792638001963 472.8559869697783 773.9493823945522 225.8314513489604 3.124690581740398 3.631641140696318 -1843.8242122260656 -0.044097609825557625 21.59646885067611 -3997.228289784436 -1.848181467961355e-05 0.004381683276407854 0.1925736510822933
1.664650850492395 3.2821611459265876 1.2068173702852931 875.9501731069759 471.9682798087597 768.9614354223013 224.08212877064943 3.124690581740398 3.631641140696318 -1843.8242122260656 -0.044097609825557625 21.59646885067611 -3997.228289784436 -1.848181467961355e-05 0.004381683276407854 0.1925736510822933
1.7009883616830825 3.2949283795881805 1.2571756745781728 876.21796318423 471.0610195673071 762.9697598218918 222.11718737334013 3.124690581740398 3.631641140696318 -1843.8242122260656 -0.044097609825557625 21.59646885067611 -3997.228289784436 -1.848181467961355e-05 0.004381683276407854 0.1925736510822933
1.7245586392121792 3.300820948970455 1.3654009376051368 876.2793628871441 470.13499917299487 755.9931129068136 219.93019860237837 3.124690581740398 3.631641140696318 -1843.8242122260656 -0.044097609825557625 21.59646885067611 -3997.228289784436 -1.848181467961355e-05 0.004381683276407854 0.1925736510822933
1.7569677708146922 3.3047493285586396 1.4801364395941143 876.1315533462912 469.19108551880345 748.0553411543369 217.51720276474953 3.124690581740398 3.631641140696318 -1843.8242122260656 -0.044097609825557625 21.59646885067611 -3997.228289784436 -1.848181467961355e-05 0.004381683276407854 0.1925736510822933
1.7815201432408336 3.3018030438674995 1.7294515889814221 875.7721679871902 468.23021946521476 739.1853801608086 214.87670902907848 3.124690581740398 3.631641140696318 -1843.8242122260656 -0.044097609825557625 21.59646885067611 -3997.228289784436 -1.848181467961355e-05 0.004381683276407854 0.1925736510822933
1.8070546105640197 3.2939462846911347 1.8692952583810698 875.1992925256491 467.2534158376511 729.4172546863556 212.00969552248716 3.124690581740398 3.631641140696318 -1843.8242122260656 -0.044097609825557625 21.59646885067611 -3997.228289784436 -1.848181467961355e-05 0.004381683276407854 0.1925736510822933
1.8325890778871972 3.2821611459265885 2.0032041023655234 874.4114649482071 466.26176342670806 718.7900782674551 208.91960926353931 3.124690581740398 3.631641140696318 -1843.8242122260656 -0.044097609825557625 21.59646885067611 -3997.228289784436 -1.848181467961355e-05 0.004381683276407854 0.1925736510822933
1.8581235452103833 3.262519247985678 2.226491953036395 873.4076755642891 465.2564249855932 707.3480537980795 205.61236607283354 3.124690581740398 3.631641140696318 -1843.8242122260656 -0.044097609825557625 21.59646885067611 -3997.228289784436 -1.848181467961355e-05 0.004381683276407854 0.1925736510822933
1.8885684870188022 3.238948970456581 2.2296023629123343 872.18736692518 464.2386372392066 695.1404732167721 202.0963508412242 3.124690581740398 3.631641140696318 -1843.8242122260656 -0.044097609825557625 21.59646885067611 -3997.228289784436 -1.848181467961355e-05 0.004381683276407854 0.1925736510822933
1.9190134288272214 3.211450313339301 2.3053907861340974 870.750433892943 463.2097108724993 682.2217174619436 198.38241717219353 3.124690581740398 3.631641140696318 -1843.8242122260656 -0.044097609825557625 21.59646885067611 -3997.228289784436 -1.848181467961355e-05 0.004381683276407854 0.1925736510822933
1.9533867502238194 3.1829695613249758 2.2627177090337707 869.0972236227244 462.17103053745814 668.65125644207 194.4838876798749 3.124690581740398 3.631641140696318 -1843.8242122260656 -0.044097609825557625 21.59646885067611 -3997.228289784436 -1.848181467961355e-05 0.004381683276407854 0.1925736510822933
1.997581020590874 3.154488809310653 2.1432561406129262 867.2285355413333 461.1240548538044 654.4936495572329 190.41655388474464 3.124690581740398 3.631641140696318 -1843.8242122260656 -0.044097609825557625 21.59646885067611 -3997.228289784436 -1.848181467961355e-05 0.004381683276407854 0.1925736510822933
2.0545425246195195 3.1260080572963282 2.0344439357957342 865.1456213779747 460.0703164048027 639.8185448348522 186.19867615401745 3.124690581740398 3.631641140696318 -1843.8242122260656 -0.044097609825557625 21.59646885067611 -3997.228289784436 -1.848181467961355e-05 0.004381683276407854 0.1925736510822933
2.116414503133393 3.0955631154879137 2.028074595177045 862.8501851325855 459.0114217379596 624.7006794959307 181.8509837463498 3.124690581740398 3.631641140696318 -1843.8242122260656 -0.044097609825557625 21.59646885067611 -3997.228289784436 -1.848181467961355e-05 0.004381683276407854 0.1925736510822933
2.1871253357206832 3.0661002685765437 1.9655874464946448 860.3443831140175 457.9490513682831 609.219880014658 177.3966748714447 3.124690581740398 3.631641140696318 -1843.8242122260656 -0.044097609825557625 21.59646885067611 -3997.228289784436 -1.848181467961355e-05 0.004381683276407854 0.1925736510822933
2.258818263205018 3.036637421665174 1.96071419072574 857.6308238897473 456.884959776653 593.4610618501902 172.86141657829285 3.124690581740398 3.631641140696318 -1843.8242122260656 -0.044097609825557625 21.59646885067611 -3997.228289784436 -1.848181467961355e-05 0.004381683276407854 0.1925736510822933
2.3305111906893528 3.0052103849597125 1.983925159073294 854.7125683361664 455.82097540725954 577.5142294019461 168.27334482967854 3.124690581740398 3.631641140696318 -1843.8242122260656 -0.044097609825557625 21.59646885067611 -3997.228289784436 -1.848181467961355e-05 0.004381683276407854 0.1925736510822933
2.402204118173683 2.9737833482542535 1.983925159073291 851.5931296069175 454.75900067249313 561.4744763970375 163.663064584136 3.124690581740398 3.631641140696318 -1843.8242122260656 -0.044097609825557625 21.59646885067611 -3997.228289784436 -1.848181467961355e-05 0.004381683276407854 0.1925736510822933
2.4738970456580183 2.9413742166517447 1.9953577071592656 848.2764731515199 453.70101194805466 545.4419854730368 159.06364952772856 3.124690581740398 3.631641140696318 -1843.8242122260656 -0.044097609825557625 21.59646885067611 -3997.228289784436 -1.848181467961355e-05 0.004381683276407854 0.1925736510822933
2.5416615935541693 2.906018800358102 2.0516836069902165 844.767016697675 452.64905957481824 529.5220283120871 154.51064234972 3.124690581740398 3.631641140696318 -1843.8242122260656 -0.044097609825557625 21.59646885067611 -3997.228289784436 -1.848181467961355e-05 0.004381683276407854 0.1925736510822933
2.600587287376909 2.8667350044762734 2.1587989303424906 841.0696302652359 451.60526786139235 513.8249658346176 150.04205464571714 3.124690581740398 3.631641140696318 -1843.8242122260656 -0.044097609825557625 21.59646885067611 -3997.228289784436 -1.848181467961355e-05 0.004381683276407854 0.1925736510822933
2.6595129811996485 2.823522829006266 2.203545161797065 837.1896361550316 450.57183508132584 498.4662479162216 145.69836685806513 3.124690581740398 3.631641140696318 -1843.8242122260656 -0.044097609825557625 21.59646885067611 -3997.228289784436 -1.848181467961355e-05 0.004381683276407854 0.1925736510822933
2.705671441360797 2.776382273948075 2.3667204172240366 833.1328089693561 449.55103347287513 483.5664134770632 141.52252831310034 3.124690581740398 3.631641140696318 -1843.8242122260656 -0.044097609825557625 21.59646885067611 -3997.228289784436 -1.848181467961355e-05 0.004381683276407854 0.1925736510822933
2.7380805729633053 2.725313339301702 2.576108765434928 828.905375579372 448.5452092383057 469.2510907649994 137.55995734781027 3.124690581740398 3.631641140696318 -1843.8242122260656 -0.044097609825557625 21.59646885067611 -3997.228289784436 -1.848181467961355e-05 0.004381683276407854 0.1925736510822933
2.766561324977626 2.670316025067144 2.6637615985977394 824.5140151483938 447.55678254924715 455.6509967595339 133.85854107141495 3.124690581740398 3.631641140696318 -1843.8242122260656 -0.044097609825557625 21.59646885067611 -3997.228289784436 -1.848181467961355e-05 0.004381683276407854 0.1925736510822933
2.790131602506723 2.6123724261414494 2.755255438768471 819.9658591449261 446.58824753924273 442.9019377976656 130.4686355292797 3.124690581740398 3.631641140696318 -1843.8242122260656 -0.044097609825557625 21.59646885067611 -3997.228289784436 -1.848181467961355e-05 0.004381683276407854 0.1925736510822933
2.8127197851387744 2.5495183527305287 2.796590476382656 815.2684912933037 445.64217230980285 431.14480908215046 127.44306573271751 3.124690581740398 3.631641140696318 -1843.8242122260656 -0.044097609825557625 21.59646885067611 -3997.228289784436 -1.848181467961355e-05 0.004381683276407854 0.1925736510822933
2.8412005371530995 2.483717994628469 2.733103760517157 810.4299476342276 444.72119892714545 420.52559515833855 124.83712549507618 3.124690581740398 3.631641140696318 -1843.8242122260656 -0.044097609825557625 21.59646885067611 -3997.228289784436 -1.848181467961355e-05 0.004381683276407854 0.1925736510822933
2.8696812891674246 2.414971351835273 2.7488319879524608 805.4587164772674 443.82804342126474 411.19536942243576 122.70857755094767 3.124690581740398 3.631641140696318 -1843.8242122260656 -0.044097609825557625 21.59646885067611 -3997.228289784436 -1.848181467961355e-05 0.004381683276407854 0.1925736510822933
2.9030725156669734 2.3432784243509404 2.7057156811824465 800.3637384194881 442.9654957896564 403.3102942854166 121.11765356361866 3.124690581740398 3.631641140696318 -1843.8242122260656 -0.044097609825557625 21.59646885067611 -3997.228289784436 -1.848181467961355e-05 0.004381683276407854 0.1925736510822933
2.941374216651755 2.2706034019695585 2.6565579317372654 795.1544063659385 442.1364199966192 397.03162160515785 120.12705410271883 3.124690581740398 3.631641140696318 -1843.8242122260656 -0.044097609825557625 21.59646885067611 -3997.228289784436 -1.848181467961355e-05 0.004381683276407854 0.1925736510822933
2.9747654431513038 2.1969462846911387 2.715970185250179 789.8405654784292 441.34375396743417 392.5256919115782 119.80194856226444 3.124690581740398 3.631641140696318 -1843.8242122260656 -0.044097609825557625 21.59646885067611 -3997.228289784436 -1.848181467961355e-05 0.004381683276407854 0.1925736510822933
3.008156669650857 2.1213249776186203 2.7257808645651678 784.4325132258236 440.5905095965136 389.9639350026846 120.20997532457113 3.124690581740398 3.631641140696318 -1843.8242122260656 -0.044097609825557625 21.59646885067611 -3997.228289784436 -1.848181467961355e-05 0.004381683276407854 0.1925736510822933
3.0415478961504103 2.040793196060878 2.7485346344078434 778.9409993598238 439.8797727453057 389.52286982536316 121.4212416112423 3.124690581740398 3.631641140696318 -1843.8242122260656 -0.044097609825557625 21.59646885067611 -3997.228289784436 -1.848181467961355e-05 0.004381683276407854 0.1925736510822933
3.0700286481647354 1.9602614145031338 2.8016622841201646 773.3772259131074 439.2147032346111 391.3841043114662 123.50832357257605 3.124690581740398 3.631641140696318 -1843.8242122260656 -0.044097609825557625 21.59646885067611 -3997.228289784436 -1.848181467961355e-05 0.004381683276407854 0.1925736510822933
3.09850940017906 1.8777654431512987 2.8091663482056854 767.7528472179547 438.5985348559916 395.7343352884054 126.54626624286175 3.124690581740398 3.631641140696318 -1843.8242122260656 -0.044097609825557625 21.59646885067611 -3997.228289784436 -1.848181467961355e-05 0.004381683276407854 0.1925736510822933
3.12797224709043 1.7972336615935542 2.7908647053415914 762.0799698894843 438.0345753664151 402.7653491050005 130.61258351057768 3.124690581740398 3.631641140696318 -1843.8242122260656 -0.044097609825557625 21.59646885067611 -3997.228289784436 -1.848181467961355e-05 0.004381683276407854 0.1925736510822933
3.1525246195165715 1.7176839749328547 2.842226419532446 756.3711528163403 437.5262064842973 412.67402082681656 135.78725826740265 3.124690581740398 3.631641140696318 -1843.8242122260656 -0.044097609825557625 21.59646885067611 -3997.228289784436 -1.848181467961355e-05 0.004381683276407854 0.1925736510822933
3.1721665174574847 1.6371521933751114 2.9023610536261306 750.6394071877003 437.07688389811665 425.66231468319893 142.15274222195148 3.124690581740398 3.631641140696318 -1843.8242122260656 -0.044097609825557625 21.59646885067611 -3997.228289784436 -1.848181467961355e-05 0.004381683276407854 0.1925736510822933
3.1908263205013485 1.557602506714414 2.911190217530972 744.8981964820996 436.690137258498 441.93728406727314 149.79395599663258 3.124690581740398 3.631641140696318 -1843.8242122260656 -0.044097609825557625 21.59646885067611 -3997.228289784436 -1.848181467961355e-05 0.004381683276407854 0.1925736510822933
3.200647269471805 1.4780528200537155 3.017237659043032 739.1614364497364 436.3695701842662 461.7110713273287 158.7982890829444 3.124690581740398 3.631641140696318 -1843.8242122260656 -0.044097609825557625 21.59646885067611 -3997.228289784436 -1.848181467961355e-05 0.004381683276407854 0.1925736510822933
3.2104682184422617 1.398503133393017 3.017237659043032 733.4434951562434 436.1188602580223 485.20090802013874 169.25559998303652 3.124690581740398 3.631641140696318 -1843.8242122260656 -0.044097609825557625 21.59646885067611 -3997.228289784436 -1.848181467961355e-05 0.004381683276407854 0.1925736510822933
3.2202891674127225 1.3189534467323172 3.0172376590429777 727.7591929258779 435.9417590277735 512.6291147023439 181.25821591168642 3.124690581740398 3.631641140696318 -1843.8242122260656 -0.044097609825557625 21.59646885067611 -3997.228289784436 -1.848181467961355e-05 0.004381683276407854 0.1925736510822933
3.2301101163831794 1.2413679498657115 3.0140830953745525 722.1238023722544 435.84209200763144 544.223100990057 194.9009331613779 3.124690581740398 3.631641140696318 -1843.8242122260656 -0.044097609825557625 21.59646885067611 -3997.228289784436 -1.848181467961355e-05 0.004381683276407854 0.1925736510822933
3.2399310653536357 1.1598540734109213 3.02024065301903 716.5530484206975 435.8237586780451 580.2153656929731 210.28101686388254 3.171910950761415 3.668166392345718 -1874.7601205052658 0.04425996225783235 21.695922868783963 -4070.953129003816 1.8549858448379054e-05 0.004400996683077797 0.17062229010072175
3.2497520143240926 1.0773581020590863 3.0216886682247703 711.063108257018 435.890732483007 620.84349642694 227.4982009679079 3.171910950761415 3.668166392345718 -1874.7601205052658 0.04425996225783235 21.695922868783963 -4070.953129003816 1.8549858448379054e-05 0.004400996683077797 0.17062229010072175
3.2546624888093163 0.9928979409131605 3.082836830874123 705.6706113740802 436.04706083401106 666.3501702845097 246.65468841046095 3.171910950761415 3.668166392345718 -1874.7601205052658 0.04425996225783235 21.695922868783963 -4070.953129003816 1.8549858448379054e-05 0.004400996683077797 0.17062229010072175
3.2546624888093163 0.9045094001790513 3.141592653589793 700.3926395224407 436.29686510609463 716.9831532090902 267.8551509976387 3.171910950761415 3.668166392345718 -1874.7601205052658 0.04425996225783235 21.695922868783963 -4070.953129003816 1.8549858448379054e-05 0.004400996683077797 0.17062229010072175
3.2546624888093163 0.8151387645478962 3.141592653589793 695.2467267876491 436.64434064226225 772.9953001141548 291.2067294716835 3.171910950761415 3.668166392345718 -1874.7601205052658 0.04425996225783235 21.695922868783963 -4070.953129003816 1.8549858448379054e-05 0.004400996683077797 0.17062229010072175
3.2556445837063657 0.7247860340196963 3.1306040849070196 690.2508594896644 437.09375674743205 834.6445551663637 316.81903337687254 3.171910950761415 3.668166392345718 -1874.7601205052658 0.04425996225783235 21.695922868783963 -4070.953129003816 1.8549858448379054e-05 0.004400996683077797 0.17062229010072175
3.265465532676822 0.6305049239033129 3.0378003131327507 685.4234762769192 437.64945669611916 902.1939517557621 344.8041412830353 3.171910950761415 3.668166392345718 -1874.7601205052658 0.04425996225783235 21.695922868783963 -4070.953129003816 1.8549858448379054e-05 0.004400996683077797 0.17062229010072175
