16 -0.9094198746642695 -2.167483437779768 2.2214232057145855 -0.07463921217546018 -2.9718191584601628
-0.9094198746642695 -2.167483437779768 2.2214232057145855 467.60934810712934 559.083599884063 680.6239547729492 231.5714054107666 4.424999942498436 5.133345944780249 -2844.5996141407973 0.060998927317839874 25.964236068171548 -4285.035631880784 3.0637056289867954e-05 0.006149762885699967 -0.02226036603487087
-0.8298701880035722 -2.2185523724261413 2.223642957895684 464.06030268780887 557.5081723481417 560.6216926574707 352.26953887939453 4.424999942498436 5.133345944780249 -2844.5996141407973 0.060998927317839874 25.964236068171548 -4285.035631880784 3.0637056289867954e-05 0.006149762885699967 -0.02226036603487087
-0.7493384064458299 -2.271585496866608 2.234842489621583 460.5221725869924 555.8314786590636 495.1409206390381 417.57852935791016 4.424999942498436 5.133345944780249 -2844.5996141407973 0.060998927317839874 25.964236068171548 -4285.035631880784 3.0637056289867954e-05 0.006149762885699967 -0.02226036603487087
-0.6707708146821774 -2.323636526410027 2.2400528633123638 457.0160606894642 554.0928958579898 466.5074348449707 444.7945442199707 4.424999942498436 5.133345944780249 -2844.5996141407973 0.060998927317839874 25.964236068171548 -4285.035631880784 3.0637056289867954e-05 0.006149762885699967 -0.02226036603487087
-0.5902390331244307 -2.3766696508504936 2.234842489621583 453.5586868170649 552.324472527951 459.993350982666 448.4313793182373 4.424999942498436 5.133345944780249 -2844.5996141407973 0.060998927317839874 25.964236068171548 -4285.035631880784 3.0637056289867954e-05 0.006149762885699967 -0.02226036603487087
-0.5146177260519212 -2.4267564905998213 2.243628874388679 450.16238774359226 550.5509285442531 463.817081451416 440.2204132080078 4.424999942498436 5.133345944780249 -2844.5996141407973 0.060998927317839874 25.964236068171548 -4285.035631880784 3.0637056289867954e-05 0.006149762885699967 -0.02226036603487087
-0.4743518352730502 -2.477825425246196 2.4739270649964538 446.8351171221584 548.7896552942693 469.1433868408203 429.11063957214355 4.424999942498436 5.133345944780249 -2844.5996141407973 0.060998927317839874 25.964236068171548 -4285.035631880784 3.0637056289867954e-05 0.006149762885699967 -0.02226036603487087
-0.4360501342882686 -2.5288943598925706 2.4980915447965018 443.5804455522448 547.0507155023515 470.08333587646484 421.2686576843262 4.424999942498436 5.133345944780249 -2844.5996141407973 0.060998927317839874 25.964236068171548 -4285.035631880784 3.0637056289867954e-05 0.006149762885699967 -0.02226036603487087
-0.3957842435093975 -2.5789811996418996 2.464465081052814 440.3975605648011 545.3368433862925 463.6942958831787 420.078670501709 4.424999942498436 5.133345944780249 -2844.5996141407973 0.060998927317839874 25.964236068171548 -4285.035631880784 3.0637056289867954e-05 0.006149762885699967 -0.02226036603487087
-0.3574825425246204 -2.6280859444941824 2.4791663597566873 437.28126656636596 543.6434445269406 449.97998237609863 426.1424903869629 4.424999942498436 5.133345944780249 -2844.5996141407973 0.060998927317839874 25.964236068171548 -4285.035631880784 3.0637056289867954e-05 0.006149762885699967 -0.02226036603487087
-0.31819874664279413 -2.6752264995523736 2.4468543773930853 434.22198494523764 541.958595905453 431.89041328430176 437.2795295715332 4.424999942498436 5.133345944780249 -2844.5996141407973 0.060998927317839874 25.964236068171548 -4285.035631880784 3.0637056289867954e-05 0.006149762885699967 -0.02226036603487087
-0.28186123545210656 -2.7223670546105656 2.48489099147039 431.2057539895177 540.2630459740758 415.3219184875488 448.52680587768555 4.424999942498436 5.133345944780249 -2844.5996141407973 0.060998927317839874 25.964236068171548 -4285.035631880784 3.0637056289867954e-05 0.006149762885699967 -0.02226036603487087
-0.24257743957027575 -2.7695076096687568 2.4468543773930294 428.2142288982868 538.5302145555615 409.1171684265137 452.13895988464355 4.424999942498436 5.133345944780249 -2844.5996141407973 0.060998927317839874 25.964236068171548 -4285.035631880784 3.0637056289867954e-05 0.006149762885699967 -0.02226036603487087
-0.1983831692032167 -2.8205765443151303 2.4282345555791163 425.22468177601695 536.7261928990483 425.0651340484619 437.5882225036621 4.424999942498436 5.133345944780249 -2844.5996141407973 0.060998927317839874 25.964236068171548 -4285.035631880784 3.0637056289867954e-05 0.006149762885699967 -0.02226036603487087
-0.15418889883616207 -2.8706633840644593 2.4186133001883046 422.21000171266496 534.8097436949611 477.9010982513428 391.5644187927246 4.424999942498436 5.133345944780249 -2844.5996141407973 0.060998927317839874 25.964236068171548 -4285.035631880784 3.0637056289867954e-05 0.006149762885699967 -0.02226036603487087
-0.11195881826319698 -2.9217323187108337 2.450649425587375 419.13869465328753 532.7323009967804 585.3066940307617 297.97500801086426 4.424999942498436 5.133345944780249 -2844.5996141407973 0.060998927317839874 25.964236068171548 -4285.035631880784 3.0637056289867954e-05 0.006149762885699967 -0.02226036603487087
-0.07463921217546018 -2.9718191584601628 2.50123618851893 414.42693969153333 529.6810210018884 249.84391096234322 347.07930383458734 4.424999942498436 5.133345944780249 -2844.5996141407973 0.060998927317839874 25.964236068171548 -4285.035631880784 3.0637056289867954e-05 0.006149762885699967 -0.02226036603487087
-0.03633751119067863 -3.0209239033124455 2.479166359756631 412.32393916870933 528.5361142007168 262.12206342443824 336.1377508714795 4.424999942498436 5.133345944780249 -2844.5996141407973 0.060998927317839874 25.964236068171548 -4285.035631880784 3.0637056289867954e-05 0.006149762885699967 -0.02226036603487087
0.001964189794102928 -3.0700286481647283 2.479166359756631 409.86808323219884 527.404709127266 275.9033287502825 326.77426489442587 4.424999942498436 5.133345944780249 -2844.5996141407973 0.060998927317839874 25.964236068171548 -4285.035631880784 3.0637056289867954e-05 0.006149762885699967 -0.02226036603487087
0.03830170098479049 -3.1210975828111023 2.523164659217291 407.08010262518656 526.2952911739703 291.00072557479143 318.854466766119 4.424999942498436 5.133345944780249 -2844.5996141407973 0.060998927317839874 25.964236068171548 -4285.035631880784 3.0637056289867954e-05 0.006149762885699967 -0.02226036603487087
0.07660340196956758 -3.178059086839751 2.5496218169032407 403.98065462487284 525.2159067250323 307.2346636541188 312.24890518188477 4.424999942498436 5.133345944780249 -2844.5996141407973 0.060998927317839874 25.964236068171548 -4285.035631880784 3.0637056289867954e-05 0.006149762885699967 -0.02226036603487087
0.11588719785139391 -3.2379668755595357 2.5611944661959165 400.59032304317225 524.1741631601471 324.43294420465827 306.83305659890175 4.424999942498436 5.133345944780249 -2844.5996141407973 0.060998927317839874 25.964236068171548 -4285.035631880784 3.0637056289867954e-05 0.006149762885699967 -0.02226036603487087
0.15320680393912622 -3.298856759176366 2.5917394709132355 396.92961822636425 523.177228855202 342.4307596758008 302.4873253405094 4.424999942498436 5.133345944780249 -2844.5996141407973 0.060998927317839874 25.964236068171548 -4285.035631880784 3.0637056289867954e-05 0.006149762885699967 -0.02226036603487087
0.18266965085049597 -3.3577824529991047 2.6779450445889834 393.0189770546276 522.2318331773859 361.0706938691437 299.09704349935055 4.424999942498436 5.133345944780249 -2844.5996141407973 0.060998927317839874 25.964236068171548 -4285.035631880784 3.0637056289867954e-05 0.006149762885699967 -0.02226036603487087
0.2072220232766419 -3.4186723366159364 2.75830850584405 388.8787629430881 521.3442664900795 380.2027218490839 296.55247101932764 4.424999942498436 5.133345944780249 -2844.5996141407973 0.060998927317839874 25.964236068171548 -4285.035631880784 3.0637056289867954e-05 0.006149762885699967 -0.02226036603487087
0.23177439570278335 -3.482508504923904 2.774418819771574 384.5292658407707 520.5203801530879 399.68421003967524 294.74879563599825 4.424999942498436 5.133345944780249 -2844.5996141407973 0.060998927317839874 25.964236068171548 -4285.035631880784 3.0637056289867954e-05 0.006149762885699967 -0.02226036603487087
0.2543625783348308 -3.545362578334826 2.796590476382725 379.9907022307161 519.7655865151901 419.37991615757346 293.5861328803003 4.424999942498436 5.133345944780249 -2844.5996141407973 0.060998927317839874 25.964236068171548 -4285.035631880784 3.0637056289867954e-05 0.006149762885699967 -0.02226036603487087
0.27204028648164996 -3.6082166517457486 2.867425202470175 375.28321513021365 519.084858923452 439.1619891822338 292.96952613815665 4.424999942498436 5.133345944780249 -2844.5996141407973 0.060998927317839874 25.964236068171548 -4285.035631880784 3.0637056289867954e-05 0.006149762885699967 -0.02226036603487087
0.2789149507609678 -3.673034914950762 3.035927071489965 370.4268740917323 518.482731719967 458.9099694825709 292.8089465610683 4.424999942498436 5.133345944780249 -2844.5996141407973 0.060998927317839874 25.964236068171548 -4285.035631880784 3.0637056289867954e-05 0.006149762885699967 -0.02226036603487087
0.2808791405550618 -3.7398173679498665 3.1121893653857478 365.44167520070914 517.9633002390619 478.5107886865735 293.01929315924644 4.424999942498436 5.133345944780249 -2844.5996141407973 0.060998927317839874 25.964236068171548 -4285.035631880784 3.0637056289867954e-05 0.006149762885699967 -0.02226036603487087
0.277932855863923 -3.808564010743063 3.1844235862585464 360.3475410779938 517.5302208114881 497.85876973345876 293.5203926935792 4.424999942498436 5.133345944780249 -2844.5996141407973 0.060998927317839874 25.964236068171548 -4285.035631880784 3.0637056289867954e-05 0.006149762885699967 -0.02226036603487087
0.27204028648164996 -3.877310653536258 3.2270979472679855 355.1643208784517 517.1867107602302 516.8556268922985 294.2369997948408 4.424999942498436 5.133345944780249 -2844.5996141407973 0.060998927317839874 25.964236068171548 -4285.035631880784 3.0637056289867954e-05 0.006149762885699967 -0.02226036603487087
0.26123724261414416 -3.9470393912265003 3.2953001826483215 349.91179029038176 516.9355484033003 535.4104656986892 295.0987968891859 4.424999942498436 5.133345944780249 -2844.5996141407973 0.060998927317839874 25.964236068171548 -4285.035631880784 3.0637056289867954e-05 0.006149762885699967 -0.02226036603487087
0.24847000895255328 -4.016768128916742 3.3226853101209737 344.60965153726283 516.7790730556007 553.4397831261158 296.0403942056 4.424999942498436 5.133345944780249 -2844.5996141407973 0.060998927317839874 25.964236068171548 -4285.035631880784 3.0637056289867954e-05 0.006149762885699967 -0.02226036603487087
0.23570277529095796 -4.086496866606984 3.322685310121036 339.2775333770551 516.7191850244999 570.8674672357738 297.0013297870755 4.424999942498436 5.133345944780249 -2844.5996141407973 0.060998927317839874 25.964236068171548 -4285.035631880784 3.0637056289867954e-05 0.006149762885699967 -0.02226036603487087
0.2229355416293626 -4.156225604297226 3.322685310121036 333.9349911012687 516.7573456091341 587.6247976347804 297.92606949433684 4.424999942498436 5.133345944780249 -2844.5996141407973 0.060998927317839874 25.964236068171548 -4285.035631880784 3.0637056289867954e-05 0.006149762885699967 -0.02226036603487087
0.20918621307072696 -4.225954341987468 3.336278192973693 328.60150653566234 516.8945771099534 603.6504450626671 298.7640069834888 4.424999942498436 5.133345944780249 -2844.5996141407973 0.060998927317839874 25.964236068171548 -4285.035631880784 3.0637056289867954e-05 0.006149762885699967 -0.02226036603487087
0.19543688451209132 -4.298629364368847 3.328571923508656 323.2964880410582 517.1314628142864 618.8904716670513 299.46946375072 4.424999942498436 5.133345944780249 -2844.5996141407973 0.060998927317839874 25.964236068171548 -4285.035631880784 3.0637056289867954e-05 0.006149762885699967 -0.02226036603487087
0.18758012533572427 -4.371304386750226 3.249282524422638 318.0392705121776 517.4681470089126 633.2983308471739 300.0016890838742 4.424999942498436 5.133345944780249 -2844.5996141407973 0.060998927317839874 25.964236068171548 -4285.035631880784 3.0637056289867954e-05 0.006149762885699967 -0.02226036603487087
0.18463384064458999 -4.440051029543421 3.1844235862584815 312.84911537752487 517.904334973311 646.834867361933 300.3248600885272 4.424999942498436 5.133345944780249 -2844.5996141407973 0.060998927317839874 25.964236068171548 -4285.035631880784 3.0637056289867954e-05 0.006149762885699967 -0.02226036603487087
0.1816875559534512 -4.50585138764548 3.1863388850444356 307.7452106003184 518.4392929822206 659.4683172814548 300.40808168426156 4.424999942498436 5.133345944780249 -2844.5996141407973 0.060998927317839874 25.964236068171548 -4285.035631880784 3.0637056289867954e-05 0.006149762885699967 -0.02226036603487087
0.19052641002686302 -4.566741271262311 2.8006137000934044 302.7466706786072 519.0718483028468 671.1743079051375 300.2253866121173 4.424999942498436 5.133345944780249 -2844.5996141407973 0.060998927317839874 25.964236068171548 -4285.035631880784 3.0637056289867954e-05 0.006149762885699967 -0.02226036603487087
0.19543688451208685 -4.623702775290959 2.8406724192294117 297.87253664340824 519.8003891978879 681.9358579330146 299.7557353936136 4.424999942498436 5.133345944780249 -2844.5996141407973 0.060998927317839874 25.964236068171548 -4285.035631880784 3.0637056289867954e-05 0.006149762885699967 -0.02226036603487087
0.20034735899731962 -4.678700089525516 2.830594372984224 293.14177606173325 520.6228649250697 691.7433773502707 298.98301639407873 4.424999942498436 5.133345944780249 -2844.5996141407973 0.060998927317839874 25.964236068171548 -4285.035631880784 3.0637056289867954e-05 0.006149762885699967 -0.02226036603487087
0.2013294538943599 -4.731733213965982 2.8879185574512154 288.57328303332906 521.5367857373785 700.5946674160659 297.8960457853973 4.424999942498436 5.133345944780249 -2844.5996141407973 0.060998927317839874 25.964236068171548 -4285.035631880784 3.0637056289867954e-05 0.006149762885699967 -0.02226036603487087
0.19445478961503762 -4.781820053715311 3.024483909022947 284.1858781923074 522.5392228795681 708.4949207529426 296.488567519933 3.3360244843216114 3.905336050344313 -2152.71408905158 0.048658973233060454 22.925795076941355 -5000.379946333013 2.0393534464820006e-05 0.004675508199762219 -0.023875226807778458
0.1836517457475363 -4.828960608773502 3.0999500744911477 279.9983087088913 523.6268085937481 715.4567212313414 294.7592534162104 3.3360244843216114 3.905336050344313 -2152.71408905158 0.048658973233060454 22.925795076941355 -5000.379946333013 2.0393534464820006e-05 0.004675508199762219 -0.023875226807778458
0.1649919427036634 -4.871190689346466 3.280232390724034 276.02924828464165 524.7957361119334 721.5000440962613 292.71170307695866 3.3360244843216114 3.905336050344313 -2152.71408905158 0.048658973233060454 22.925795076941355 -5000.379946333013 2.0393534464820006e-05 0.004675508199762219 -0.023875226807778458
0.14240376007162042 -4.911456580125337 3.380824253553243 272.29729715862777 526.0417596674524 726.6522558555007 290.35444390401244 3.3360244843216114 3.905336050344313 -2152.71408905158 0.048658973233060454 22.925795076941355 -5000.379946333013 2.0393534464820006e-05 0.004675508199762219 -0.023875226807778458
0.11588719785138944 -4.951722470904209 3.4706423484301547 268.82098210125696 527.3601944816764 730.9481143578887 287.7009311206639 3.3360244843216114 3.905336050344313 -2152.71408905158 0.048658973233060454 22.925795076941355 -5000.379946333013 2.0393534464820006e-05 0.004675508199762219 -0.023875226807778458
0.0824959713518317 -4.987077887197852 3.6696671020162324 265.61875641939696 528.7459167740308 734.4297687262297 284.7695477679372 3.3360244843216114 3.905336050344313 -2152.71408905158 0.048658973233060454 22.925795076941355 -5000.379946333013 2.0393534464820006e-05 0.004675508199762219 -0.023875226807778458
0.029462846911365276 -5.018504923903314 4.177433906598594 262.70899995346554 530.193363757804 737.1467594318092 281.58360469713807 3.3360244843216114 3.905336050344313 -2152.71408905158 0.048658973233060454 22.925795076941355 -5000.379946333013 2.0393534464820006e-05 0.004675508199762219 -0.023875226807778458
-0.030444941808418974 -5.045021486123546 4.295686719645287 260.1100190774305 531.696533638984 739.1560182385147 278.1713405698538 3.3360244843216114 3.905336050344313 -2152.71408905158 0.048658973233060454 22.925795076941355 -5000.379946333013 2.0393534464820006e-05 0.004675508199762219 -0.023875226807778458
-0.10115577439570904 -5.064663384064459 4.441442130046279 257.84004670055583 533.2489856199827 740.5218682140112 274.5659218765795 3.3360244843216114 3.905336050344313 -2152.71408905158 0.048658973233060454 22.925795076941355 -5000.379946333013 2.0393534464820006e-05 0.004675508199762219 -0.023875226807778458
-0.17874127126231693 -5.076448522829008 4.561642599264271 255.91724226565566 534.8438398968428 741.3160237371922 270.8054428882897 3.3360244843216114 3.905336050344313 -2152.71408905158 0.048658973233060454 22.925795076941355 -5000.379946333013 2.0393534464820006e-05 0.004675508199762219 -0.023875226807778458
-0.2553446732318756 -5.0813589973142355 4.6483740025503435 254.35969175072387 536.4737776594702 741.6175904907286 266.93292570859194 3.3360244843216114 3.905336050344313 -2152.71408905158 0.048658973233060454 22.925795076941355 -5000.379946333013 2.0393534464820006e-05 0.004675508199762219 -0.023875226807778458
-0.3319480752014387 -5.080376902417191 4.725208790857586 253.18540766695514 538.1310410948936 741.5130654983222 262.996320232749 3.3360244843216114 3.905336050344313 -2152.71408905158 0.048658973233060454 22.925795076941355 -5000.379946333013 2.0393534464820006e-05 0.004675508199762219 -0.023875226807778458
-0.41051566696509134 -5.071538048343779 4.8244179428106815 252.41232906049117 539.8074333800469 741.0963370613754 259.048504229635 3.3360244843216114 3.905336050344313 -2152.71408905158 0.048658973233060454 22.925795076941355 -5000.379946333013 2.0393534464820006e-05 0.004675508199762219 -0.023875226807778458
-0.489083258728744 -5.054842435094002 4.921774373338191 252.05832151160575 541.4943186903838 740.4686848111451 255.14728317409754 3.3360244843216114 3.905336050344313 -2152.71408905158 0.048658973233060454 22.925795076941355 -5000.379946333013 2.0393534464820006e-05 0.004675508199762219 -0.023875226807778458
-0.5666687555953519 -5.029307967770816 5.030337271735981 252.14117713517044 543.1826221921947 739.7387796454132 251.3553904518485 3.3360244843216114 3.905336050344313 -2152.71408905158 0.048658973233060454 22.925795076941355 -5000.379946333013 2.0393534464820006e-05 0.004675508199762219 -0.023875226807778458
-0.637379588182633 -4.996898836168309 5.142151259481406 252.6786145794904 544.8628300505225 739.0226838737726 247.74048721045256 3.3360244843216114 3.905336050344313 -2152.71408905158 0.048658973233060454 22.925795076941355 -5000.379946333013 2.0393534464820006e-05 0.004675508199762219 -0.023875226807778458
-0.7071083258728739 -4.9585971351835285 5.2146913584826455 253.68827902851626 546.5249894226436 738.4438509568572 244.37516241520643 3.3360244843216114 3.905336050344313 -2152.71408905158 0.048658973233060454 22.925795076941355 -5000.379946333013 2.0393534464820006e-05 0.004675508199762219 -0.023875226807778458
-0.7699623992838013 -4.91538495971352 5.314676326519612 255.18774219870102 548.1587084576022 738.1331258267164 241.3369328789413 3.3360244843216114 3.905336050344313 -2152.71408905158 0.048658973233060454 22.925795076941355 -5000.379946333013 2.0393534464820006e-05 0.004675508199762219 -0.023875226807778458
-0.8249597135183573 -4.866280214861238 5.441243706837323 257.1945023420267 549.7531563031953 738.2287446111441 238.7082431651652 3.3360244843216114 3.905336050344313 -2152.71408905158 0.048658973233060454 22.925795076941355 -5000.379946333013 2.0393534464820006e-05 0.004675508199762219 -0.023875226807778458
-0.8721002685765462 -4.8122649955237256 5.565643966638475 259.72598424495663 551.2970630994532 738.8763348273933 236.57646569237113 3.3360244843216114 3.905336050344313 -2152.71408905158 0.048658973233060454 22.925795076941355 -5000.379946333013 2.0393534464820006e-05 0.004675508199762219 -0.023875226807778458
-0.9123661593554172 -4.753339301700986 5.683732822337859 262.79953922715504 552.7787199809682 740.2289152443409 235.0339006781578 3.3360244843216114 3.905336050344313 -2152.71408905158 0.048658973233060454 22.925795076941355 -5000.379946333013 2.0393534464820006e-05 0.004675508199762219 -0.023875226807778458
-0.9496857654431541 -4.691467323187109 5.740434808799855 266.4324451436987 554.1859790780582 742.4468959420919 234.1777761541307 3.3360244843216114 3.905336050344313 -2152.71408905158 0.048658973233060454 22.925795076941355 -5000.379946333013 2.0393534464820006e-05 0.004675508199762219 -0.023875226807778458
-0.9801307072515686 -4.629595344673232 5.825907038797459 270.64190638263244 555.5062535137404 745.698078379035 234.1102479621768 3.3360244843216114 3.905336050344313 -2152.71408905158 0.048658973233060454 22.925795076941355 -5000.379946333013 2.0393534464820006e-05 0.004675508199762219 -0.023875226807778458
-1.010575649059992 -4.561830796777082 5.8609341537282145 275.44505386811215 556.7265174051281 750.1576552093029 234.9383997619152 3.3360244843216114 3.905336050344313 -2152.71408905158 0.048658973233060454 22.925795076941355 -5000.379946333013 2.0393534464820006e-05 0.004675508199762219 -0.023875226807778458
-1.0341459265890887 -4.491119964189795 5.9614347527829326 280.8589450563304 557.8333058666904 756.0082105211914 236.7742430306971 3.3360244843216114 3.905336050344313 -2152.71408905158 0.048658973233060454 22.925795076941355 -5000.379946333013 2.0393534464820006e-05 0.004675508199762219 -0.023875226807778458
-1.0577162041181853 -4.420409131602508 5.9614347527829326 286.9005639400566 558.8127150051296 763.4397196210921 239.73471702635288 3.3360244843216114 3.905336050344313 -2152.71408905158 0.048658973233060454 22.925795076941355 -5000.379946333013 2.0393534464820006e-05 0.004675508199762219 -0.023875226807778458
-1.0744118173679598 -4.350680393912266 6.048173091458953 293.58682104432955 559.6504019224085 772.6495491713285 243.94168887287378 3.3360244843216114 3.905336050344313 -2152.71408905158 0.048658973233060454 22.925795076941355 -5000.379946333013 2.0393534464820006e-05 0.004675508199762219 -0.023875226807778458
-1.0871790510295507 -4.274076991942705 6.118036629764994 300.9345534298336 560.3315847122576 783.8424571119249 249.52195344120264 3.3360244843216114 3.905336050344313 -2152.71408905158 0.048658973233060454 22.925795076941355 -5000.379946333013 2.0393534464820006e-05 0.004675508199762219 -0.023875226807778458
-1.0970000000000073 -4.195509400179053 6.158830312632824 308.9605246911524 560.8410424655303 797.2305927239358 256.60723346844316 3.3360244843216114 3.905336050344313 -2152.71408905158 0.048658973233060454 22.925795076941355 -5000.379946333013 2.0393534464820006e-05 0.004675508199762219 -0.023875226807778458
-1.106820948970464 -4.113995523724262 6.163281321814563 317.68142495688517 561.1631152681075 813.0334965847433 265.33417946100235 3.3360244843216114 3.905336050344313 -2152.71408905158 0.048658973233060454 22.925795076941355 -5000.379946333013 2.0393534464820006e-05 0.004675508199762219 -0.023875226807778458
