34 -2.407114592658916 -0.6884485228290066 1.761980786391906 -1.1480689346463708 -1.689203222918533
-2.407114592658916 -0.6884485228290066 1.761980786391906 584.101522394456 588.6501742219552 556.3078640699387 239.02876096963882 3.1243577145369748 3.6449110494559607 -1864.6606631645266 -0.07474466076381349 21.633464862211397 -3983.295246013754 -2.1997071619506942e-05 0.00438356238849547 0.195476673487665
-2.342296329453899 -0.7021978513876456 1.7798192696011468 582.3456689417362 586.5877398648299 550.8341804686934 270.44126653671265 3.1243577145369748 3.6449110494559607 -1864.6606631645266 -0.07474466076381349 21.633464862211397 -3983.295246013754 -2.1997071619506942e-05 0.00438356238849547 0.195476673487665
-2.2784601611459356 -0.7198755595344669 1.8409495265063132 580.6501745255664 584.5320018501952 545.741735925898 296.63547015190125 3.1243577145369748 3.6449110494559607 -1864.6606631645266 -0.07474466076381349 21.633464862211397 -3983.295246013754 -2.1997071619506942e-05 0.00438356238849547 0.195476673487665
-2.204803043867516 -0.7404995523724259 1.8438050298816258 579.0009544361383 582.4906291267835 540.9943624418229 318.12718492746353 3.1243577145369748 3.6449110494559607 -1864.6606631645266 -0.07474466076381349 21.633464862211397 -3983.295246013754 -2.1997071619506942e-05 0.00438356238849547 0.195476673487665
-2.1478415398388613 -0.7630877350044768 1.96050489813775 577.3845874359831 580.470896102488 536.5574463438243 335.41071113944054 3.1243577145369748 3.6449110494559607 -1864.6606631645266 -0.07474466076381349 21.633464862211397 -3983.295246013754 -2.1997071619506942e-05 0.00438356238849547 0.195476673487665
-2.099718889883614 -0.7846938227394806 2.0085876304363715 575.7883157748729 578.4796826452948 532.397928301245 348.95883625745773 3.1243577145369748 3.6449110494559607 -1864.6606631645266 -0.07474466076381349 21.633464862211397 -3983.295246013754 -2.1997071619506942e-05 0.00438356238849547 0.195476673487665
-2.0515962399283763 -0.8062999104744856 2.0085876304364656 574.2000451767817 576.5234740786254 528.4843033142388 359.22283497452736 3.1243577145369748 3.6449110494559607 -1864.6606631645266 -0.07474466076381349 21.633464862211397 -3983.295246013754 -2.1997071619506942e-05 0.00438356238849547 0.195476673487665
-2.003473589973138 -0.8279059982094904 2.0085876304364287 572.608344857581 574.6083611836657 524.7866207193583 366.6324692070484 3.1243577145369748 3.6449110494559607 -1864.6606631645266 -0.07474466076381349 21.633464862211397 -3983.295246013754 -2.1997071619506942e-05 0.00438356238849547 0.195476673487665
-1.9484762757385865 -0.8514762757385871 1.9890206563741961 571.0024474998936 572.7400401975028 521.276484195143 371.59598779678345 3.1479070967224643 3.6663858991888905 -1882.5717362719101 -0.030767395458080278 21.80342707135995 -4065.803219924194 -3.4777867047508253e-06 0.004420074177331768 0.17471558092842332
-1.8934789615040306 -0.8750465532676827 1.989020656374116 569.3722492819652 570.9238128177822 517.9270517639816 374.5001269876957 3.1479070967224643 3.6663858991888905 -1882.5717362719101 -0.030767395458080278 21.80342707135995 -4065.803219924194 -3.4777867047508253e-06 0.004420074177331768 0.17471558092842332
-1.8414279319606088 -0.8976347358997324 1.994465248672412 567.7083098571748 569.1645861975849 514.7130357567221 375.7101100683212 3.1479070967224643 3.6663858991888905 -1882.5717362719101 -0.030767395458080278 21.80342707135995 -4065.803219924194 -3.4777867047508253e-06 0.004420074177331768 0.17471558092842332
-1.788394807520147 -0.921205013428828 2.0032041023654443 566.0018523624167 567.4668729496188 511.6107028592378 375.56964737176895 3.1479070967224643 3.6663858991888905 -1882.5717362719101 -0.030767395458080278 21.80342707135995 -4065.803219924194 -3.4777867047508253e-06 0.004420074177331768 0.17471558092842332
-1.7402721575648998 -0.9428111011638318 2.0085876304363715 564.2447634143755 565.8347911438905 508.59787409193814 374.40093660354614 3.1479070967224643 3.6663858991888905 -1882.5717362719101 -0.030767395458080278 21.80342707135995 -4065.803219924194 -3.4777867047508253e-06 0.004420074177331768 0.17471558092842332
-1.706880931065351 -0.9604888093106543 2.0831857871056747 562.4295931104571 564.2720643058419 505.65392481163144 372.5046625137329 3.1479070967224643 3.6663858991888905 -1882.5717362719101 -0.030767395458080278 21.80342707135995 -4065.803219924194 -3.4777867047508253e-06 0.004420074177331768 0.17471558092842332
-1.6675971351835204 -0.9801307072515675 2.0344439357956574 560.5495550306514 562.7820214191452 502.7597846984863 370.15999710559845 3.1479070967224643 3.6663858991888905 -1882.5717362719101 -0.030767395458080278 21.80342707135995 -4065.803219924194 -3.4777867047508253e-06 0.004420074177331768 0.17471558092842332
-1.6253670546105596 -1.0027188898836183 2.061959925081196 558.5985262356699 561.3675969298929 499.89793779328465 367.6245994567871 3.1479070967224643 3.6663858991888905 -1882.5717362719101 -0.030767395458080278 21.80342707135995 -4065.803219924194 -3.4777867047508253e-06 0.004420074177331768 0.17471558092842332
-1.5772444046553216 -1.0292354521038514 2.074422622918992 556.5710472753271 560.031330734957 497.0524224434048 365.1346158385277 3.1479070967224643 3.6663858991888905 -1882.5717362719101 -0.030767395458080278 21.80342707135995 -4065.803219924194 -3.4777867047508253e-06 0.004420074177331768 0.17471558092842332
-1.529121754700088 -1.0586982990152212 2.1201708115664806 554.4623221671209 558.7753681917675 494.20883136056364 362.90467968583107 3.1479070967224643 3.6663858991888905 -1882.5717362719101 -0.030767395458080278 21.80342707135995 -4065.803219924194 -3.4777867047508253e-06 0.004420074177331768 0.17471558092842332
-1.4829632945389393 -1.0881611459265899 2.1389010592692803 552.2682184204459 557.6014601145871 491.35431156121194 361.12791153788567 3.1479070967224643 3.6663858991888905 -1882.5717362719101 -0.030767395458080278 21.80342707135995 -4065.803219924194 -3.4777867047508253e-06 0.004420074177331768 0.17471558092842332
-1.4426974037600637 -1.1186060877350055 2.2181884665347864 549.9852670226246 556.510962777771 488.4775644354522 359.97591921687126 3.1479070967224643 3.6663858991888905 -1882.5717362719101 -0.030767395458080278 21.80342707135995 -4065.803219924194 -3.4777867047508253e-06 0.004420074177331768 0.17471558092842332
-1.4083240823634657 -1.1500331244404658 2.3114482587377188 547.6106624472886 555.5048379083164 485.5688456725329 359.59879744052887 3.1479070967224643 3.6663858991888905 -1882.5717362719101 -0.030767395458080278 21.80342707135995 -4065.803219924194 -3.4777867047508253e-06 0.004420074177331768 0.17471558092842332
-1.3837717099373241 -1.1794959713518356 2.44685437739309 545.1422626357526 554.5836527007632 482.6199653148651 360.1251285672188 3.1479070967224643 3.6663858991888905 -1882.5717362719101 -0.030767395458080278 21.80342707135995 -4065.803219924194 -3.4777867047508253e-06 0.004420074177331768 0.17471558092842332
-1.3621656222023215 -1.211905102954342 2.5535900500422577 542.5785890277475 553.7475797934458 479.6242877487093 361.6619815826416 3.1479070967224643 3.6663858991888905 -1882.5717362719101 -0.030767395458080278 21.80342707135995 -4065.803219924194 -3.4777867047508253e-06 0.004420074177331768 0.17471558092842332
-1.341541629364368 -1.2452963294538952 2.5882983282676286 539.9188265409321 552.9963972945698 476.57673167809844 364.2949130833149 3.1479070967224643 3.6663858991888905 -1882.5717362719101 -0.030767395458080278 21.80342707135995 -4065.803219924194 -3.4777867047508253e-06 0.004420074177331768 0.17471558092842332
-1.3238639212175445 -1.280651745747539 2.677945044588949 537.1628235597163 552.3294887598604 473.473770160228 368.0879663527012 3.1479070967224643 3.6663858991888905 -1882.5717362719101 -0.030767395458080278 21.80342707135995 -4065.803219924194 -3.4777867047508253e-06 0.004420074177331768 0.17471558092842332
-1.3120787824529982 -1.316007162041183 2.8198420991931985 534.3110919687897 551.7458432116546 470.313430570066 373.08367243409157 3.1479070967224643 3.6663858991888905 -1882.5717362719101 -0.030767395458080278 21.80342707135995 -4065.803219924194 -3.4777867047508253e-06 0.004420074177331768 0.17471558092842332
-1.3032399283795821 -1.3513625783348258 2.8966139904627806 531.3648071242496 551.2440551258624 467.0952946320176 379.3030489087105 3.1479070967224643 3.6663858991888905 -1882.5717362719101 -0.030767395458080278 21.80342707135995 -4065.803219924194 -3.4777867047508253e-06 0.004420074177331768 0.17471558092842332
-1.2963652641002643 -1.3857358997314249 2.9441970937399686 528.3258078694344 550.8223244342953 463.8204984050244 386.745600938797 3.1479070967224643 3.6663858991888905 -1882.5717362719101 -0.030767395458080278 21.80342707135995 -4065.803219924194 -3.4777867047508253e-06 0.004420074177331768 0.17471558092842332
-1.29341897940913 -1.4201092211280228 3.056087359911666 525.1965965218842 550.4784565274604 460.49173227883875 395.38932088017464 3.1479070967224643 3.6663858991888905 -1882.5717362719101 -0.030767395458080278 21.80342707135995 -4065.803219924194 -3.4777867047508253e-06 0.004420074177331768 0.17471558092842332
-1.2845801253357225 -1.4564467323187127 2.9029833310816877 521.9803388826549 550.2098622564226 457.1132409814745 405.1906876862049 3.1479070967224643 3.6663858991888905 -1882.5717362719101 -0.030767395458080278 21.80342707135995 -4065.803219924194 -3.4777867047508253e-06 0.004420074177331768 0.17471558092842332
-1.2718128916741316 -1.495730528200538 2.8273607545055084 518.6808642428368 550.0135579258204 453.6908235643059 416.08466827869415 3.1479070967224643 3.6663858991888905 -1882.5717362719101 -0.030767395458080278 21.80342707135995 -4065.803219924194 -3.4777867047508253e-06 0.004420074177331768 0.17471558092842332
-1.2502068039391245 -1.5409068934646384 2.695487104646343 515.3026653649285 549.8861652999185 450.23183344863355 427.98471596837044 3.1479070967224643 3.6663858991888905 -1882.5717362719101 -0.030767395458080278 21.80342707135995 -4065.803219924194 -3.4777867047508253e-06 0.004420074177331768 0.17471558092842332
-1.231547000895256 -1.5870653536257848 2.7574232891971806 511.8508984968066 549.8239116007462 446.7451783530414 440.78277200460434 3.1479070967224643 3.6663858991888905 -1882.5717362719101 -0.030767395458080278 21.80342707135995 -4065.803219924194 -3.4777867047508253e-06 0.004420074177331768 0.17471558092842332
-1.196191584601609 -1.6371521933751136 2.5269297016675822 508.3313833689317 549.8226295099594 443.2413203623146 454.34926402568817 3.1479070967224643 3.6663858991888905 -1882.5717362719101 -0.030767395458080278 21.80342707135995 -4065.803219924194 -3.4777867047508253e-06 0.004420074177331768 0.17471558092842332
-1.1480689346463708 -1.689203222918533 2.3953900921193862 500.74299214500934 546.3266978797365 278.71882224082947 421.33979515731335 3.1479070967224643 3.6663858991888905 -1882.5717362719101 -0.030767395458080278 21.80342707135995 -4065.803219924194 -3.4777867047508253e-06 0.004420074177331768 0.17471558092842332
-1.099946284691137 -1.7422363473589983 2.404700102432763 498.19885944761336 544.698439791393 347.74006247520447 414.1233762949705 3.1479070967224643 3.6663858991888905 -1882.5717362719101 -0.030767395458080278 21.80342707135995 -4065.803219924194 -3.4777867047508253e-06 0.004420074177331768 0.17471558092842332
-1.0616445837063555 -1.7923231871083272 2.4887460224890097 495.43964227102697 543.2689457425513 404.63009732961655 404.9383559525013 3.1479070967224643 3.6663858991888905 -1882.5717362719101 -0.030767395458080278 21.80342707135995 -4065.803219924194 -3.4777867047508253e-06 0.004420074177331768 0.17471558092842332
-1.0272712623097575 -1.842410026857656 2.540137946729522 492.49041814822704 542.0313050851582 450.49443274736404 394.05958269536495 3.1479070967224643 3.6663858991888905 -1882.5717362719101 -0.030767395458080278 21.80342707135995 -4065.803219924194 -3.4777867047508253e-06 0.004420074177331768 0.17471558092842332
-0.9958442256042893 -1.8924968666069848 2.5812327766848497 489.37557869777083 540.9785583408211 486.3948464393616 381.7492113560438 3.1479070967224643 3.6663858991888905 -1882.5717362719101 -0.030767395458080278 21.80342707135995 -4065.803219924194 -3.4777867047508253e-06 0.004420074177331768 0.17471558092842332
-0.9565604297224674 -1.9406195165622218 2.4569754892770663 486.11882958188653 540.1036972007169 513.3493871688843 368.2567029297352 3.1479070967224643 3.6663858991888905 -1882.5717362719101 -0.030767395458080278 21.80342707135995 -4065.803219924194 -3.4777867047508253e-06 0.004420074177331768 0.17471558092842332
-0.9182587287376859 -1.9887421665174587 2.4693454717828156 482.7431905446574 539.3996645264324 532.332374215126 353.8188250809908 3.1479070967224643 3.6663858991888905 -1882.5717362719101 -0.030767395458080278 21.80342707135995 -4065.803219924194 -3.4777867047508253e-06 0.004420074177331768 0.17471558092842332
-0.8927242614144997 -2.0329364368845133 2.617673305904609 479.27099538128823 538.8593543486768 544.2743988037109 338.65965147316456 3.1479070967224643 3.6663858991888905 -1882.5717362719101 -0.030767395458080278 21.80342707135995 -4065.803219924194 -3.4777867047508253e-06 0.004420074177331768 0.17471558092842332
-0.8642435094001701 -2.077130707251568 2.5691328397716564 475.7238919567317 538.4756118685655 550.0623221993446 322.99056220054626 3.1479070967224643 3.6663858991888905 -1882.5717362719101 -0.030767395458080278 21.80342707135995 -4065.803219924194 -3.4777867047508253e-06 0.004420074177331768 0.17471558092842332
-0.8514762757385793 -2.118378692927486 2.8414214827597437 472.12284219358116 538.2412334564924 550.5392777919769 307.0102439969778 3.1479070967224643 3.6663858991888905 -1882.5717362719101 -0.030767395458080278 21.80342707135995 -4065.803219924194 -3.4777867047508253e-06 0.004420074177331768 0.17471558092842332
-0.8485299910474405 -2.1566803939122665 3.0648207623199686 468.4881220906973 538.1489666531779 546.5046699643135 290.90468952059746 3.1479070967224643 3.6663858991888905 -1882.5717362719101 -0.030767395458080278 21.80342707135995 -4065.803219924194 -3.4777867047508253e-06 0.004420074177331768 0.17471558092842332
-0.8426374216651675 -2.195964189794093 2.992702705980318 464.83932169433683 538.1915101685463 538.7141734361649 274.84719793498516 3.1479070967224643 3.6663858991888905 -1882.5717362719101 -0.030767395458080278 21.80342707135995 -4065.803219924194 -3.4777867047508253e-06 0.004420074177331768 0.17471558092842332
-0.8426374216651675 -2.236230080572964 3.141592653589793 461.19534513168037 538.3615138826954 527.8797346353531 258.99837478995323 3.1479070967224643 3.6663858991888905 -1882.5717362719101 -0.030767395458080278 21.80342707135995 -4065.803219924194 -3.4777867047508253e-06 0.004420074177331768 0.17471558092842332
-0.8495120859444854 -2.2755138764547915 3.314838320042109 457.5744105828926 538.6515788459146 514.6695711016655 243.5061319321394 3.1479070967224643 3.6663858991888905 -1882.5717362719101 -0.030767395458080278 21.80342707135995 -4065.803219924194 -3.4777867047508253e-06 0.004420074177331768 0.17471558092842332
-0.8652256042972194 -2.3147976723366166 3.522099030702246 453.9940502885729 539.0542572773029 499.70817148685455 228.5056874603033 3.1479070967224643 3.6663858991888905 -1882.5717362719101 -0.030767395458080278 21.80342707135995 -4065.803219924194 -3.4777867047508253e-06 0.004420074177331768 0.17471558092842332
-0.8937063563115488 -2.354081468218443 3.747137317194813 450.47111056931317 539.5620525666764 483.5762950181961 214.11956594884396 3.1479070967224643 3.6663858991888905 -1882.5717362719101 -0.030767395458080278 21.80342707135995 -4065.803219924194 -3.4777867047508253e-06 0.004420074177331768 0.17471558092842332
-0.9349543419874692 -2.388454789615042 4.007894916142458 447.0217517921701 540.1674192730461 466.81097304821014 200.4575982540846 3.1479070967224643 3.6663858991888905 -1882.5717362719101 -0.030767395458080278 21.80342707135995 -4065.803219924194 -3.4777867047508253e-06 0.004420074177331768 0.17471558092842332
-0.976202327663385 -2.42282811101164 4.007894916142475 443.661448395811 540.8627631256059 449.90550673007965 187.61692149937153 3.1479070967224643 3.6663858991888905 -1882.5717362719101 -0.030767395458080278 21.80342707135995 -4065.803219924194 -3.4777867047508253e-06 0.004420074177331768 0.17471558092842332
-1.017450313339301 -2.4562193375111923 4.022588935651033 440.40498888585716 541.640441023199 433.3094692826271 175.68197923898697 3.1479070967224643 3.6663858991888905 -1882.5717362719101 -0.030767395458080278 21.80342707135995 -4065.803219924194 -3.4777867047508253e-06 0.004420074177331768 0.17471558092842332
-1.0586982990152123 -2.4886284691136984 4.037648038161092 437.26647582650185 542.4927610344748 417.42870503664017 164.7245213985443 3.124259252301321 3.63166960539843 -1858.626523183619 -0.07498268494357872 21.633454949414233 -3983.2210664862446 -2.2078476448291208e-05 0.004383575031097316 0.19549383057356998
-1.1087851387645489 -2.519073410922115 4.1630144956131545 434.2593258470297 543.4119823980363 402.6253289580345 154.8036040365696 3.124259252301321 3.63166960539843 -1858.626523183619 -0.07498268494357872 21.633454949414233 -3983.2210664862446 -2.2078476448291208e-05 0.004383575031097316 0.19549383057356998
-1.1588719785138766 -2.547554162936438 4.193242866138199 431.39626963995397 544.3903155219086 389.21772730350494 145.9655898064375 3.124259252301321 3.63166960539843 -1858.626523183619 -0.07498268494357872 21.633454949414233 -3983.2210664862446 -2.2078476448291208e-05 0.004383575031097316 0.19549383057356998
-1.1961915846016133 -2.576034914950763 4.051345811533979 428.6893519703299 545.4199219845304 377.4805572628975 138.24414756894112 3.124259252301321 3.63166960539843 -1858.626523183619 -0.07498268494357872 21.633454949414233 -3983.2210664862446 -2.2078476448291208e-05 0.004383575031097316 0.19549383057356998
-1.2266365264100278 -2.6045156669650855 3.9445328770446677 426.14993165340275 546.4929145333008 367.64474779367447 131.66025240719318 3.124259252301321 3.63166960539843 -1858.626523183619 -0.07498268494357872 21.633454949414233 -3983.2210664862446 -2.2078476448291208e-05 0.004383575031097316 0.19549383057356998
-1.2511888988361692 -2.631032229185319 3.865842654337877 423.78868156764656 547.601357086347 359.8974979519844 126.22218596935272 3.124259252301321 3.63166960539843 -1858.626523183619 -0.07498268494357872 21.633454949414233 -3983.2210664862446 -2.2078476448291208e-05 0.004383575031097316 0.19549383057356998
-1.280651745747539 -2.6536204118173687 4.058306255970339 421.61558868084103 548.7372647308985 354.3822788596153 121.92553620040417 3.124259252301321 3.63166960539843 -1858.626523183619 -0.07498268494357872 21.633454949414233 -3983.2210664862446 -2.2078476448291208e-05 0.004383575031097316 0.19549383057356998
-1.3002936436884522 -2.6762085944494194 3.857336243258658 419.6399539867416 549.8926037243818 351.198832154274 118.75319713354111 3.124259252301321 3.63166960539843 -1858.626523183619 -0.07498268494357872 21.633454949414233 -3983.2210664862446 -2.2078476448291208e-05 0.004383575031097316 0.19549383057356998
-1.3130608773500476 -2.6968325872873775 3.6959001497914263 417.8703925739974 551.0592914937897 350.4031705260277 116.67536950111389 3.124259252301321 3.63166960539843 -1858.626523183619 -0.07498268494357872 21.633454949414233 -3983.2210664862446 -2.2078476448291208e-05 0.004383575031097316 0.19549383057356998
-1.3287743957027816 -2.7145102954342 3.8682349942716128 416.3148335814476 552.2291966359189 352.0075783729553 115.64956010878086 3.124259252301321 3.63166960539843 -1858.626523183619 -0.07498268494357872 21.633454949414233 -3983.2210664862446 -2.2078476448291208e-05 0.004383575031097316 0.19549383057356998
-1.3444879140555113 -2.732188003581021 3.868234994271503 414.9805202120915 553.3941389179163 355.9806105494499 115.62058213353157 3.124259252301321 3.63166960539843 -1858.626523183619 -0.07498268494357872 21.633454949414233 -3983.2210664862446 -2.2078476448291208e-05 0.004383575031097316 0.19549383057356998
-1.360201432408241 -2.747901521933752 3.926990816987206 413.87400973495096 554.545889275636 362.2470932006836 116.52055528759956 3.124259252301321 3.63166960539843 -1858.626523183619 -0.07498268494357872 21.633454949414233 -3983.2210664862446 -2.2078476448291208e-05 0.004383575031097316 0.19549383057356998
-1.3788612354521093 -2.7587045658012546 4.187593208734594 413.0011734860018 555.676169815908 370.6881240606308 118.26890534162521 3.124259252301321 3.63166960539843 -1858.626523183619 -0.07498268494357872 21.633454949414233 -3983.2210664862446 -2.2078476448291208e-05 0.004383575031097316 0.19549383057356998
-1.400467323187112 -2.7675434198746665 4.324070262212159 412.3671968560666 556.7766538145861 381.1410713791847 120.77236460149288 3.124259252301321 3.63166960539843 -1858.626523183619 -0.07498268494357872 21.633454949414233 -3983.2210664862446 -2.2078476448291208e-05 0.004383575031097316 0.19549383057356998
-1.4220734109221191 -2.7734359892569405 4.446136931233786 411.97657930478454 557.838965717794 393.39957439899445 123.92497159540653 3.124259252301321 3.63166960539843 -1858.626523183619 -0.07498268494357872 21.633454949414233 -3983.2210664862446 -2.2078476448291208e-05 0.004383575031097316 0.19549383057356998
-1.4505541629364487 -2.776382273948077 4.609307371862024 411.83313436526805 558.8546811409105 407.2135442495346 127.60807134211063 3.124259252301321 3.63166960539843 -1858.626523183619 -0.07498268494357872 21.633454949414233 -3983.2210664862446 -2.2078476448291208e-05 0.004383575031097316 0.19549383057356998
-1.4809991047448587 -2.775400179051032 4.74463586281992 411.9399896180257 559.815326869666 422.28916233778 131.69031491875648 3.124259252301321 3.63166960539843 -1858.626523183619 -0.07498268494357872 21.633454949414233 -3983.2210664862446 -2.2078476448291208e-05 0.004383575031097316 0.19549383057356998
-1.5173366159355461 -2.771471799462849 4.82007885121754 412.299586716108 560.712380859517 438.28888165950775 136.02766013145447 3.124259252301321 3.63166960539843 -1858.626523183619 -0.07498268494357872 21.633454949414233 -3983.2210664862446 -2.2078476448291208e-05 0.004383575031097316 0.19549383057356998
-1.5566204118173725 -2.7636150402864827 4.909784540234587 412.91368137765676 561.5372722353295 454.8314260840416 140.4633707255125 3.124259252301321 3.63166960539843 -1858.626523183619 -0.07498268494357872 21.633454949414233 -3983.2210664862446 -2.2078476448291208e-05 0.004383575031097316 0.19549383057356998
-1.598850492390333 -2.7488836168307977 5.048027530712319 413.7833433803171 562.2813812920867 471.49179100990295 144.8280169814825 3.124259252301321 3.63166960539843 -1858.626523183619 -0.07498268494357872 21.633454949414233 -3983.2210664862446 -2.2078476448291208e-05 0.004383575031097316 0.19549383057356998
-1.6410805729633027 -2.7272775290957942 5.185295584047546 414.90895656496286 562.9360394946525 487.80124217271805 148.93947561085224 3.124259252301321 3.63166960539843 -1858.626523183619 -0.07498268494357872 21.633454949414233 -3983.2210664862446 -2.2078476448291208e-05 0.004383575031097316 0.19549383057356998
-1.6774180841539859 -2.699778871978515 5.360200407311883 416.2902188459411 563.4925294773802 503.24731689691544 152.60292947292328 3.124259252301321 3.63166960539843 -1858.626523183619 -0.07498268494357872 21.633454949414233 -3983.2210664862446 -2.2078476448291208e-05 0.004383575031097316 0.19549383057356998
-1.7108093106535436 -2.6683518352730533 5.46749338386329 417.9261421896517 563.9420850448205 517.2738239169121 155.61086775362492 3.124259252301321 3.63166960539843 -1858.626523183619 -0.07498268494357872 21.633454949414233 -3983.2210664862446 -2.2078476448291208e-05 0.004383575031097316 0.19549383057356998
-1.735361683079685 -2.6339785138764564 5.66293582119675 419.8150526303798 564.2758911706951 529.280842602253 157.74308623373508 3.124259252301321 3.63166960539843 -1858.626523183619 -0.07498268494357872 21.633454949414233 -3983.2210664862446 -2.2078476448291208e-05 0.004383575031097316 0.19549383057356998
-1.7540214861235535 -2.5956768128916763 5.829846611325002 421.95459027122706 564.4850839995543 538.624723315239 158.76668682694435 3.124259252301321 3.63166960539843 -1858.626523183619 -0.07498268494357872 21.633454949414233 -3983.2210664862446 -2.2078476448291208e-05 0.004383575031097316 0.19549383057356998
-1.7628603401969651 -2.554428827215757 6.072091973956827 424.341709272936 564.5607508445682 544.618087887764 158.43607760965824 3.124259252301321 3.63166960539843 -1858.626523183619 -0.07498268494357872 21.633454949414233 -3983.2210664862446 -2.2078476448291208e-05 0.004383575031097316 0.19549383057356998
-1.7628603401969607 -2.51318084153984 1.0827317878249322e-13 426.97267786227167 564.4939301896593 546.5298292636871 156.49297355115414 3.124259252301321 3.63166960539843 -1858.626523183619 -0.07498268494357872 21.633454949414233 -3983.2210664862446 -2.2078476448291208e-05 0.004383575031097316 0.19549383057356998
-1.7510752014324147 -2.4719328558639218 0.2782996590050685 429.8430783264339 564.2756116880755 543.5851114988327 152.66639532148838 3.124259252301321 3.63166960539843 -1858.626523183619 -0.07498268494357872 21.633454949414233 -3983.2210664862446 -2.2078476448291208e-05 0.004383575031097316 0.19549383057356998
-1.726522829006273 -2.4326490599820967 0.5585993153435752 432.947807029821 563.8967361628693 534.965369284153 146.67267023026943 3.124259252301321 3.63166960539843 -1858.626523183619 -0.07498268494357872 21.633454949414233 -3983.2210664862446 -2.2078476448291208e-05 0.004383575031097316 0.19549383057356998
-1.69313160250672 -2.396311548791407 0.7431697612844537 436.28107438236475 563.3481956072137 519.8083090782166 138.2154321372509 3.124259252301321 3.63166960539843 -1858.626523183619 -0.07498268494357872 21.633454949414233 -3983.2210664862446 -2.2078476448291208e-05 0.004383575031097316 0.19549383057356998
-1.6509015219337548 -2.3639024171888994 0.9162255594715157 439.83640486653894 562.6208331834478 497.20790737867355 126.98562082648277 3.124259252301321 3.63166960539843 -1858.626523183619 -0.07498268494357872 21.633454949414233 -3983.2210664862446 -2.2078476448291208e-05 0.004383575031097316 0.19549383057356998
-1.6057251566696555 -2.3354216651745756 1.0082983957258187 443.6066370345652 561.7054432247496 466.21441346406937 112.66148261725903 3.124259252301321 3.63166960539843 -1858.626523183619 -0.07498268494357872 21.633454949414233 -3983.2210664862446 -2.2078476448291208e-05 0.004383575031097316 0.19549383057356998
-1.5566204118173725 -2.3108692927484342 1.1071487177940904 447.58392348885536 560.5927712328248 425.8343463540077 94.90857018530369 3.124259252301321 3.63166960539843 -1858.626523183619 -0.07498268494357872 21.633454949414233 -3983.2210664862446 -2.2078476448291208e-05 0.004383575031097316 0.19549383057356998
-1.5134082363473715 -2.286316920322293 1.0541011880325395 451.7597309090197 559.27351388038 375.03049659729004 73.37974248826504 3.124259252301321 3.63166960539843 -1858.626523183619 -0.07498268494357872 21.633454949414233 -3983.2210664862446 -2.2078476448291208e-05 0.004383575031097316 0.19549383057356998
-1.4701960608773619 -2.264710832587289 1.1071487177941113 456.1248400332406 557.7383190092842 312.7219258546829 47.715164825320244 3.124259252301321 3.63166960539843 -1858.626523183619 -0.07498268494357872 21.633454949414233 -3983.2210664862446 -2.2078476448291208e-05 0.004383575031097316 0.19549383057356998
-1.4240376007162088 -2.2460510295434206 1.1866269624023342 460.6693456573412 555.9777856310502 237.78396689891815 17.54230898618698 3.124259252301321 3.63166960539843 -1858.626523183619 -0.07498268494357872 21.633454949414233 -3983.2210664862446 -2.2078476448291208e-05 0.004383575031097316 0.19549383057356998
-1.3710044762757423 -2.23033751119069 1.2827408797442714 465.3826566496864 553.9824639273902 149.04822367429733 -17.52404721081257 3.124259252301321 3.63166960539843 -1858.626523183619 -0.07498268494357872 21.633454949414233 -3983.2210664862446 -2.2078476448291208e-05 0.004383575031097316 0.19549383057356998
