19 -0.026516562220239914 0.5470268576544332 2.6167968819397167 -5.282688451208605 -0.08740644583706335
-0.026516562220239914 0.5470268576544332 2.6167968819397167 683.0369231104851 519.7457432746887 585.4960374832153 218.3110408782959 3.1504648024439676 3.6972633531240437 -1900.506761281637 -0.04487209814280763 21.896480616119472 -4194.38096212153 -1.8806411627329237e-05 0.004452760253611751 0.1507064865394849
-0.007856759176371518 0.5273849597135188 2.381829898714027 683.0193879008293 513.0908253192902 598.021876335144 253.7139663696289 3.1504648024439676 3.6972633531240437 -1900.506761281637 -0.04487209814280763 21.896480616119472 -4194.38096212153 -1.8806411627329237e-05 0.004452760253611751 0.1507064865394849
0.0068746642793133545 0.5047967770814692 2.5636907166275384 681.0897541046143 513.9764477014542 602.5137310028076 271.0631446838379 3.1504648024439676 3.6972633531240437 -1900.506761281637 -0.04487209814280763 21.896480616119472 -4194.38096212153 -1.8806411627329237e-05 0.004452760253611751 0.1507064865394849
0.02160608773500269 0.4792623097582807 2.618314331457709 677.5922519564629 521.2206184864044 601.3524532318115 276.1088333129883 3.1504648024439676 3.6972633531240437 -1900.506761281637 -0.04487209814280763 21.896480616119472 -4194.38096212153 -1.8806411627329237e-05 0.004452760253611751 0.1507064865394849
-0.397748433303496 0.41935452103849535 4.5704919257805265 672.8585233092308 533.6785163879395 596.5939598083496 273.8255195617676 3.1504648024439676 3.6972633531240437 -1900.506761281637 -0.04487209814280763 21.896480616119472 -4194.38096212153 -1.8806411627329237e-05 0.004452760253611751 0.1507064865394849
-0.925133393017017 0.3476615935541616 4.577276790351007 667.2076227068901 550.242495059967 589.9692335128784 268.412073135376 3.1504648024439676 3.6972633531240437 -1900.506761281637 -0.04487209814280763 21.896480616119472 -4194.38096212153 -1.8806411627329237e-05 0.004452760253611751 0.1507064865394849
-1.479034914950769 0.27007609668755483 4.573223480943562 660.9460164904594 569.8420784473419 582.8843069076538 263.29162788391113 3.1504648024439676 3.6972633531240437 -1900.506761281637 -0.04487209814280763 21.896480616119472 -4194.38096212153 -1.8806411627329237e-05 0.004452760253611751 0.1507064865394849
-2.031954341987472 0.19347269471799397 4.574721808490753 654.3675827980042 591.4439662694931 576.4202833175659 261.1117000579834 3.1504648024439676 3.6972633531240437 -1900.506761281637 -0.04487209814280763 21.896480616119472 -4194.38096212153 -1.8806411627329237e-05 0.004452760253611751 0.1507064865394849
-2.577999104744857 0.11981557743957073 4.578306236092726 647.753612279892 614.0520284175873 571.3333425521851 263.74405670166016 3.1504648024439676 3.6972633531240437 -1900.506761281637 -0.04487209814280763 21.896480616119472 -4194.38096212153 -1.8806411627329237e-05 0.004452760253611751 0.1507064865394849
-3.1201154879140627 0.0491047448522829 4.582686443228777 641.3728073835373 636.7073087692261 568.054705619812 272.2848243713379 3.1504648024439676 3.6972633531240437 -1900.506761281637 -0.04487209814280763 21.896480616119472 -4194.38096212153 -1.8806411627329237e-05 0.004452760253611751 0.1507064865394849
-3.650446732318718 -0.014731423455685988 4.592594957631932 635.4812825322151 658.488023519516 566.690670967102 287.05443382263184 3.1504648024439676 3.6972633531240437 -1900.506761281637 -0.04487209814280763 21.896480616119472 -4194.38096212153 -1.8806411627329237e-05 0.004452760253611751 0.1507064865394849
-4.183724261414512 -0.0736571172784266 4.602338187274719 630.3225645422935 678.509562253952 567.0225954055786 307.5976371765137 3.1504648024439676 3.6972633531240437 -1900.506761281637 -0.04487209814280763 21.896480616119472 -4194.38096212153 -1.8806411627329237e-05 0.004452760253611751 0.1507064865394849
-4.711109221128034 -0.12472605192479791 4.615855692020009 626.1275919079781 695.924486041069 568.5068988800049 332.68348693847656 3.1504648024439676 3.6972633531240437 -1900.506761281637 -0.04487209814280763 21.896480616119472 -4194.38096212153 -1.8806411627329237e-05 0.004452760253611751 0.1507064865394849
-5.251261414503141 -0.17186660698298906 4.62533681777424 623.1147154569626 709.9225305318832 570.2750797271729 360.30540657043457 3.1504648024439676 3.6972633531240437 -1900.506761281637 -0.04487209814280763 21.896480616119472 -4194.38096212153 -1.8806411627329237e-05 0.004452760253611751 0.1507064865394849
-5.3661665174574855 -0.18266965085049264 4.618647438840432 621.4896976947784 719.7306023836136 571.1336688995361 387.6810779571533 3.1504648024439676 3.6972633531240437 -1900.506761281637 -0.04487209814280763 21.896480616119472 -4194.38096212153 -1.8806411627329237e-05 0.004452760253611751 0.1507064865394849
-5.369112802148624 -0.17579498657117368 5.878293520894248 621.4457136392593 724.6127824783325 569.5642929077148 411.2525043487549 3.1504648024439676 3.6972633531240437 -1900.506761281637 -0.04487209814280763 21.896480616119472 -4194.38096212153 -1.8806411627329237e-05 0.004452760253611751 0.1507064865394849
-5.344560429722474 -0.1581172784243523 0.9467732738183242 623.1633504033089 723.870324254036 563.7236223220825 426.68607330322266 3.1504648024439676 3.6972633531240437 -1900.506761281637 -0.04487209814280763 21.896480616119472 -4194.38096212153 -1.8806411627329237e-05 0.004452760253611751 0.1507064865394849
-5.319025962399293 -0.1345470008952556 0.8253768505206148 626.8106064796448 716.8416520357132 551.4433927536011 428.8724002838135 3.1504648024439676 3.6972633531240437 -1900.506761281637 -0.04487209814280763 21.896480616119472 -4194.38096212153 -1.8806411627329237e-05 0.004452760253611751 0.1507064865394849
-5.29840196956133 -0.11097672336616003 0.718829999621715 632.5428931117058 702.9023656845093 530.2304067611694 411.9264736175537 3.1504648024439676 3.6972633531240437 -1900.506761281637 -0.04487209814280763 21.896480616119472 -4194.38096212153 -1.8806411627329237e-05 0.004452760253611751 0.1507064865394849
-5.282688451208605 -0.08740644583706335 0.5880026035473926 630.1520341038704 705.4762411117554 513.6581745147705 472.8023738861084 3.1504648024439676 3.6972633531240437 -1900.506761281637 -0.04487209814280763 21.896480616119472 -4194.38096212153 -1.8806411627329237e-05 0.004452760253611751 0.1507064865394849
-5.270903312444054 -0.06580035810205842 0.499346721680217 634.1910357773304 722.3943648338318 551.9238758087158 502.19093322753906 3.1504648024439676 3.6972633531240437 -1900.506761281637 -0.04487209814280763 21.896480616119472 -4194.38096212153 -1.8806411627329237e-05 0.004452760253611751 0.1507064865394849
-5.252243509400186 -0.045176365264100495 0.7354397676755509 637.2239731550217 727.2908773422241 570.798583984375 513.5840511322021 3.1504648024439676 3.6972633531240437 -1900.506761281637 -0.04487209814280763 21.896480616119472 -4194.38096212153 -1.8806411627329237e-05 0.004452760253611751 0.1507064865394849
-5.235547896150411 -0.02455237242614145 0.6805212246671568 639.403790563345 722.4535436630249 575.1493473052979 511.0545024871826 3.1504648024439676 3.6972633531240437 -1900.506761281637 -0.04487209814280763 21.896480616119472 -4194.38096212153 -1.8806411627329237e-05 0.004452760253611751 0.1507064865394849
-5.208049239033131 -0.0019641897940917627 0.8831250707562086 640.8736333251 709.9885292053223 569.30149269104 498.2645492553711 3.146797668826865 3.724572600385662 -1908.4196838157866 -0.04492699614097994 21.967163067104774 -4217.081516115496 -1.8829420008792915e-05 0.004473056331513613 0.14496083427086012
-4.752357206803949 0.012767233661591992 1.5384799950924464 641.7668486833572 691.8204212188721 557.0386772155762 478.46589279174805 3.146797668826865 3.724572600385662 -1908.4196838157866 -0.04492699614097994 21.967163067104774 -4217.081516115496 -1.8829420008792915e-05 0.004473056331513613 0.14496083427086012
-4.103192479856766 0.01865980304386728 1.5617194202614144 642.2069847881794 669.6921925544739 541.60280418396 454.4997158050537 3.146797668826865 3.724572600385662 -1908.4196838157866 -0.04492699614097994 21.967163067104774 -4217.081516115496 -1.8829420008792915e-05 0.004473056331513613 0.14496083427086012
-3.3921557743957127 0.0176777081468214 1.5721775413861705 642.3077916204929 645.165228843689 525.6940841674805 428.7966537475586 3.146797668826865 3.724572600385662 -1908.4196838157866 -0.04492699614097994 21.967163067104774 -4217.081516115496 -1.8829420008792915e-05 0.004473056331513613 0.14496083427086012
-2.6752264995523825 0.012767233661591992 1.5776455347588332 642.1732205748558 619.6193180084229 511.47101974487305 403.37679862976074 3.146797668826865 3.724572600385662 -1908.4196838157866 -0.04492699614097994 21.967163067104774 -4217.081516115496 -1.8829420008792915e-05 0.004473056331513613 0.14496083427086012
-1.980885407341095 0.007856759176363701 1.5778683446789048 641.897424608469 594.2526483535767 500.5504093170166 379.84972381591797 3.146797668826865 3.724572600385662 -1908.4196838157866 -0.04492699614097994 21.967163067104774 -4217.081516115496 -1.8829420008792915e-05 0.004473056331513613 0.14496083427086012
-1.302257833482546 0.003928379588181293 1.5765849741494298 641.5647579133511 570.0818219184875 494.00731468200684 359.41444396972656 3.146797668826865 3.724572600385662 -1908.4196838157866 -0.04492699614097994 21.967163067104774 -4217.081516115496 -1.8829420008792915e-05 0.004473056331513613 0.14496083427086012
-0.6442542524619553 -1.1165126318765693e-15 1.576766405119434 641.2497761845589 547.9418368339539 492.37511444091797 342.8594551086426 3.146797668826865 3.724572600385662 -1908.4196838157866 -0.04492699614097994 21.967163067104774 -4217.081516115496 -1.8829420008792915e-05 0.004473056331513613 0.14496083427086012
-0.014731423455689337 -0.002946284691137644 1.5754764798309888 641.0172369480133 528.486093044281 495.6454601287842 330.5626964569092 3.146797668826865 3.724572600385662 -1908.4196838157866 -0.04492699614097994 21.967163067104774 -4217.081516115496 -1.8829420008792915e-05 0.004473056331513613 0.14496083427086012
0.5990778871978469 -0.00785675917636705 1.578796156134785 640.9220987856388 512.1864042282104 503.26830863952637 322.49159812927246 3.146797668826865 3.724572600385662 -1908.4196838157866 -0.04492699614097994 21.967163067104774 -4217.081516115496 -1.8829420008792915e-05 0.004473056331513613 0.14496083427086012
1.1991378692927432 -0.010803043867502462 1.5757062709723235 641.0095217525959 499.33297967910767 514.1518802642822 318.2030086517334 3.146797668826865 3.724572600385662 -1908.4196838157866 -0.04492699614097994 21.967163067104774 -4217.081516115496 -1.8829420008792915e-05 0.004473056331513613 0.14496083427086012
1.3690402864816482 -0.005892569382274172 1.54190263596482 641.3148676156998 490.0344386100769 526.6627254486084 316.84328842163086 3.146797668826865 3.724572600385662 -1908.4196838157866 -0.04492699614097994 21.967163067104774 -4217.081516115496 -1.8829420008792915e-05 0.004473056331513613 0.14496083427086012
1.3336848701879966 0.0058925693822730555 5.0341395347812465 641.8636996746063 484.2178039550781 538.6256446838379 317.14823150634766 3.146797668826865 3.724572600385662 -1908.4196838157866 -0.04492699614097994 21.967163067104774 -4217.081516115496 -1.8829420008792915e-05 0.004473056331513613 0.14496083427086012
1.2354753804834306 0.023570277529094453 4.890481918615883 642.6717823147774 481.6284956932068 547.3237457275391 317.4430847167969 3.146797668826865 3.724572600385662 -1908.4196838157866 -0.04492699614097994 21.967163067104774 -4217.081516115496 -1.8829420008792915e-05 0.004473056331513613 0.14496083427086012
1.1254807520143189 0.0441942703670535 4.89773693038039 643.7450818419456 481.83034324645996 549.498420715332 315.64259147644043 3.146797668826865 3.724572600385662 -1908.4196838157866 -0.04492699614097994 21.967163067104774 -4217.081516115496 -1.8829420008792915e-05 0.004473056331513613 0.14496083427086012
1.0361101163831692 0.06383616830796777 4.928729641758005 645.0797655284405 484.20558309555054 541.3493537902832 309.2509288787842 3.146797668826865 3.724572600385662 -1908.4196838157866 -0.04492699614097994 21.967163067104774 -4217.081516115496 -1.8829420008792915e-05 0.004473056331513613 0.14496083427086012
0.9634350940017852 0.08446016114592682 4.988902927002147 646.6622026562691 487.95484924316406 518.5345344543457 295.36174964904785 3.146797668826865 3.724572600385662 -1908.4196838157866 -0.04492699614097994 21.967163067104774 -4217.081516115496 -1.8829420008792915e-05 0.004473056331513613 0.14496083427086012
0.9113840644583635 0.1070483437779765 5.121826189910813 648.468963354826 492.0971837043762 476.1702003479004 270.65816497802734 3.146797668826865 3.724572600385662 -1908.4196838157866 -0.04492699614097994 21.967163067104774 -4217.081516115496 -1.8829420008792915e-05 0.004473056331513613 0.14496083427086012
0.8799570277529043 0.1296365264100262 5.335588310318773 650.4668200314045 495.4700345993042 408.83093070983887 231.412748336792 3.146797668826865 3.724572600385662 -1908.4196838157866 -0.04492699614097994 21.967163067104774 -4217.081516115496 -1.8829420008792915e-05 0.004473056331513613 0.14496083427086012
0.8642435094001747 0.15517099373321352 5.731530324651069 652.612745732069 496.7292504310608 310.5495548248291 173.48753929138184 3.146797668826865 3.724572600385662 -1908.4196838157866 -0.04492699614097994 21.967163067104774 -4217.081516115496 -1.8829420008792915e-05 0.004473056331513613 0.14496083427086012
0.8554046553267673 0.1797233661593561 5.937629726598018 654.8539156317711 494.349081993103 174.81720733642578 92.33403968811035 3.146797668826865 3.724572600385662 -1908.4196838157866 -0.04492699614097994 21.967163067104774 -4217.081516115496 -1.8829420008792915e-05 0.004473056331513613 0.14496083427086012
0.8593330349149464 0.2052578334825423 0.15264932839513373 657.1277057230473 486.62218856811523 -5.416690826416016 -17.006797790527344 3.146797668826865 3.724572600385662 -1908.4196838157866 -0.04492699614097994 21.967163067104774 -4217.081516115496 -1.8829420008792915e-05 0.004473056331513613 0.14496083427086012
