20 -2.045703670546103 -1.128427036705462 1.0559115503906855 -1.4515362578334756 -0.32310922112802243
-2.045703670546103 -1.128427036705462 1.0559115503906855 534.8452462479472 583.757770113647 391.5358648300171 119.65184688568115 3.140928935318601 3.667003806200619 -1853.2961155447556 0.04316498649002608 21.560787033242367 -4062.725157352666 1.8090941529767865e-05 0.004391937163713924 0.168973051876603
-1.997581020590865 -1.0842327663384075 0.8279256980172418 539.4466470479965 582.2636503949761 438.30549240112305 169.06070709228516 3.140928935318601 3.667003806200619 -1853.2961155447556 0.04316498649002608 21.560787033242367 -4062.725157352666 1.8090941529767865e-05 0.004391937163713924 0.168973051876603
-1.9573151298119984 -1.038074306177261 0.7173217051393781 543.7194706276059 580.8759494647384 466.40833282470703 202.22094106674194 3.140928935318601 3.667003806200619 -1853.2961155447556 0.04316498649002608 21.560787033242367 -4062.725157352666 1.8090941529767865e-05 0.004391937163713924 0.168973051876603
-1.9170492390331273 -0.9948621307072523 0.7501186898038485 547.718124575913 579.568569868803 479.91726779937744 221.98984146118164 3.140928935318601 3.667003806200619 -1853.2961155447556 0.04316498649002608 21.560787033242367 -4062.725157352666 1.8090941529767865e-05 0.004391937163713924 0.168973051876603
-1.88169382273948 -0.9526320501342894 0.6970213772526545 551.4935858100653 578.3195535168052 482.48288917541504 230.98969268798828 3.140928935318601 3.667003806200619 -1853.2961155447556 0.04316498649002608 21.560787033242367 -4062.725157352666 1.8090941529767865e-05 0.004391937163713924 0.168973051876603
-1.8492846911369716 -0.9113840644583714 0.6659692373791314 555.0934006124735 577.1110813766718 477.3334846496582 231.6077651977539 3.140928935318601 3.667003806200619 -1853.2961155447556 0.04316498649002608 21.560787033242367 -4062.725157352666 1.8090941529767865e-05 0.004391937163713924 0.168973051876603
-1.8198218442255973 -0.8730823634735909 0.6556956262416123 558.56168461591 575.9294736757874 467.2750577926636 225.99631929397583 3.140928935318601 3.667003806200619 -1853.2961155447556 0.04316498649002608 21.560787033242367 -4062.725157352666 1.8090941529767865e-05 0.004391937163713924 0.168973051876603
-1.790358997314232 -0.8367448522829012 0.6812982252877688 561.9391227290034 574.765189781785 454.69131565093994 216.07260608673096 3.140928935318601 3.667003806200619 -1853.2961155447556 0.04316498649002608 21.560787033242367 -4062.725157352666 1.8090941529767865e-05 0.004391937163713924 0.168973051876603
-1.7520572963294505 -0.803353625783349 0.8537845069879666 565.2629692554474 573.6128282174468 441.5436677932739 203.51886463165283 3.140928935318601 3.667003806200619 -1853.2961155447556 0.04316498649002608 21.560787033242367 -4062.725157352666 1.8090941529767865e-05 0.004391937163713924 0.168973051876603
-1.7137555953446688 -0.7689803043867509 0.8393996637734282 568.5670478492975 572.4711267501116 429.37123012542725 189.78232288360596 3.140928935318601 3.667003806200619 -1853.2961155447556 0.04316498649002608 21.560787033242367 -4062.725157352666 1.8090941529767865e-05 0.004391937163713924 0.168973051876603
-1.6754538943598918 -0.7346069829901529 0.8393996637733703 571.8817515075207 571.3429623767734 419.29082775115967 176.07519960403442 3.140928935318601 3.667003806200619 -1853.2961155447556 0.04316498649002608 21.560787033242367 -4062.725157352666 1.8090941529767865e-05 0.004391937163713924 0.168973051876603
-1.6371521933751103 -0.6963052820053713 0.7853981633974483 575.2340424880385 570.2353511303663 411.996994972229 163.37470626831055 3.140928935318601 3.667003806200619 -1853.2961155447556 0.04316498649002608 21.560787033242367 -4062.725157352666 1.8090941529767865e-05 0.004391937163713924 0.168973051876603
-1.607689346463745 -0.6599677708146838 0.6812982252877988 578.647452481091 569.1594483703375 407.7619638442993 152.4230341911316 3.140928935318601 3.667003806200619 -1853.2961155447556 0.04316498649002608 21.560787033242367 -4062.725157352666 1.8090941529767865e-05 0.004391937163713924 0.168973051876603
-1.5841190689346438 -0.622648164726947 0.5633162614920492 582.1420824453235 568.1305485293269 406.43567752838135 143.72737312316895 3.140928935318601 3.667003806200619 -1853.2961155447556 0.04316498649002608 21.560787033242367 -4062.725157352666 1.8090941529767865e-05 0.004391937163713924 0.168973051876603
-1.5605487914055471 -0.5863106535362594 0.5754246505353247 585.73460277915 567.1680852845311 407.4457845687866 137.55989789962769 3.140928935318601 3.667003806200619 -1853.2961155447556 0.04316498649002608 21.560787033242367 -4062.725157352666 1.8090941529767865e-05 0.004391937163713924 0.168973051876603
-1.536978513876446 -0.5499731423455696 0.5754246505353832 589.4382531121373 566.2956315353513 409.7976427078247 133.95777368545532 3.097691179655488 3.613418617066199 -1817.1901872530445 -0.04286508375240604 21.41059522444451 -3974.0350975625474 -1.796524884845187e-05 0.004357687940064924 0.19457882548853367
-1.5134082363473493 -0.5106893464637433 0.5404195002706009 593.2628424316645 565.5408992543817 412.07431411743164 132.72315502166748 3.097691179655488 3.613418617066199 -1817.1901872530445 -0.04286508375240604 21.41059522444451 -3974.0350975625474 -1.796524884845187e-05 0.004357687940064924 0.19457882548853367
-1.4898379588182527 -0.46845926589077935 0.5090708884223925 597.2147491499782 564.9357396885753 412.4365692138672 133.42318487167358 3.097691179655488 3.613418617066199 -1817.1901872530445 -0.04286508375240604 21.41059522444451 -3974.0350975625474 -1.796524884845187e-05 0.004357687940064924 0.19457882548853367
-1.4751065353625723 -0.4223008057296341 0.308930743923658 601.2969209551811 564.5161432251334 408.62286853790283 135.3899965286255 3.097691179655488 3.613418617066199 -1817.1901872530445 -0.04286508375240604 21.41059522444451 -3974.0350975625474 -1.796524884845187e-05 0.004357687940064924 0.19457882548853367
-1.4633213965980216 -0.3771244404655336 0.2551823906208727 605.5088748410344 564.3222394883633 397.94940280914307 137.72071599960327 3.097691179655488 3.613418617066199 -1817.1901872530445 -0.04286508375240604 21.41059522444451 -3974.0350975625474 -1.796524884845187e-05 0.004357687940064924 0.19457882548853367
-1.4515362578334756 -0.32310922112802243 0.21481540040162703 612.2953880956629 567.8753979280591 400.0074132308364 242.25419180840254 3.097691179655488 3.613418617066199 -1817.1901872530445 -0.04286508375240604 21.41059522444451 -3974.0350975625474 -1.796524884845187e-05 0.004357687940064924 0.19457882548853367
-1.4328764547896071 -0.2700760966875571 0.33832362250927595 617.0910238716751 565.1696635859553 428.80568362027407 247.85895493626595 3.097691179655488 3.613418617066199 -1817.1901872530445 -0.04286508375240604 21.41059522444451 -3974.0350975625474 -1.796524884845187e-05 0.004357687940064924 0.19457882548853367
-1.3965389435989195 -0.21507878245300002 0.5838703956620905 621.8246599328704 562.7479242153931 454.28329782932997 252.30068664252758 3.097691179655488 3.613418617066199 -1817.1901872530445 -0.04286508375240604 21.41059522444451 -3974.0350975625474 -1.796524884845187e-05 0.004357687940064924 0.19457882548853367
-1.356273052820044 -0.15909937332139817 0.6235607321590731 626.4923433614895 560.6021327134222 476.623334556818 255.65436657518148 3.097691179655488 3.613418617066199 -1817.1901872530445 -0.04286508375240604 21.41059522444451 -3974.0350975625474 -1.796524884845187e-05 0.004357687940064924 0.19457882548853367
-1.3160071620411729 -0.10017367949865869 0.5994524848417272 631.090179533232 558.7242975845002 496.0047529935837 257.9930413477123 3.097691179655488 3.613418617066199 -1817.1901872530445 -0.04286508375240604 21.41059522444451 -3974.0350975625474 -1.796524884845187e-05 0.004357687940064924 0.19457882548853367
-1.262974037600711 -0.04026589077887332 0.7246036075226241 635.6143321180716 557.1064829390962 512.6023924723268 259.38782465457916 3.097691179655488 3.613418617066199 -1817.1901872530445 -0.04286508375240604 21.41059522444451 -3974.0350975625474 -1.796524884845187e-05 0.004357687940064924 0.19457882548853367
-1.22270814682184 0.018659803043866163 0.5994524848417272 640.0610230790917 555.7408084925264 526.5869727507234 259.90789721533656 3.097691179655488 3.613418617066199 -1817.1901872530445 -0.04286508375240604 21.41059522444451 -3974.0350975625474 -1.796524884845187e-05 0.004357687940064924 0.19457882548853367
-1.1981557743956983 0.07758549686660565 0.3947911196997615 644.4265326733002 554.6194495672826 538.1250937655568 259.6205067411065 3.097691179655488 3.613418617066199 -1817.1901872530445 -0.04286508375240604 21.41059522444451 -3974.0350975625474 -1.796524884845187e-05 0.004357687940064924 0.19457882548853367
-1.173603401969557 0.13552909579230038 0.40079344857522925 648.7071994506987 553.7346370918676 547.3792359232903 258.59096797183156 3.097691179655488 3.613418617066199 -1817.1901872530445 -0.04286508375240604 21.41059522444451 -3974.0350975625474 -1.796524884845187e-05 0.004357687940064924 0.19457882548853367
-1.1490510295434155 0.19543688451208574 0.3889568801790057 652.8994202555623 553.0786575993989 554.5077597945929 256.8826627358794 3.097691179655488 3.613418617066199 -1817.1901872530445 -0.04286508375240604 21.41059522444451 -3974.0350975625474 -1.796524884845187e-05 0.004357687940064924 0.19457882548853367
-1.1274449418084127 0.2465058191584593 0.4002406570339492 656.9996502245776 552.6438532320317 559.6649063006043 254.55703979730606 3.097691179655488 3.613418617066199 -1817.1901872530445 -0.04286508375240604 21.41059522444451 -3974.0350975625474 -1.796524884845187e-05 0.004357687940064924 0.19457882548853367
-1.1186060877349966 0.2956105640107411 0.17809293823130723 661.0044027890544 552.4226217360701 563.0007967576385 251.6736150085926 3.097691179655488 3.613418617066199 -1817.1901872530445 -0.04286508375240604 21.41059522444451 -3974.0350975625474 -1.796524884845187e-05 0.004357687940064924 0.19457882548853367
-1.131373321396592 0.344715308863024 6.028817248626286 664.9102496749256 552.4074164615013 564.6614326313138 248.28997123613954 3.097691179655488 3.613418617066199 -1817.1901872530445 -0.04286508375240604 21.41059522444451 -3974.0350975625474 -1.796524884845187e-05 0.004357687940064924 0.19457882548853367
-1.1539615040286437 0.39087376902417037 5.828084498611364 668.7138208983233 552.5907463701442 564.7886958196759 244.46175833046436 3.097691179655488 3.613418617066199 -1817.1901872530445 -0.04286508375240604 21.41059522444451 -3974.0350975625474 -1.796524884845187e-05 0.004357687940064924 0.19457882548853367
-1.17949597135183 0.43605013428827083 5.768733994120575 672.4118047732627 552.9651760242414 563.5203484594822 240.24269323423505 3.097691179655488 3.613418617066199 -1817.1901872530445 -0.04286508375240604 21.41059522444451 -3974.0350975625474 -1.796524884845187e-05 0.004357687940064924 0.19457882548853367
-1.217797672336607 0.47828021486123484 5.546528995092124 676.0009479030268 553.5233255950734 560.9900330603123 235.68455989658833 3.097691179655488 3.613418617066199 -1817.1901872530445 -0.04286508375240604 21.41059522444451 -3974.0350975625474 -1.796524884845187e-05 0.004357687940064924 0.19457882548853367
-1.249224709042071 0.5175640107430611 5.608444364955992 679.4780551876174 554.2578708608635 557.327272310853 230.8372092358768 3.097691179655488 3.613418617066199 -1817.1901872530445 -0.04286508375240604 21.41059522444451 -3974.0350975625474 -1.796524884845187e-05 0.004357687940064924 0.19457882548853367
-1.2737770814682168 0.553901521933751 5.688971603379073 682.8399898204952 555.1615432023536 552.6574693769217 225.74855928122997 3.097691179655488 3.613418617066199 -1817.1901872530445 -0.04286508375240604 21.41059522444451 -3974.0350975625474 -1.796524884845187e-05 0.004357687940064924 0.19457882548853367
-1.3042220232766313 0.588274843330349 5.55831916356426 686.0836732861353 556.227129609324 547.1019076257944 220.46459501981735 3.097691179655488 3.613418617066199 -1817.1901872530445 -0.04286508375240604 21.41059522444451 -3974.0350975625474 -1.796524884845187e-05 0.004357687940064924 0.19457882548853367
-1.3376132497761801 0.6187197851387646 5.451666027767684 689.2060853651492 557.4474726768676 540.777750723064 215.02936850860715 3.097691179655488 3.613418617066199 -1817.1901872530445 -0.04286508375240604 21.41059522444451 -3974.0350975625474 -1.796524884845187e-05 0.004357687940064924 0.19457882548853367
-1.3710044762757334 0.6452363473589978 5.383532815820693 692.2042641298613 558.8154706053901 533.798042729497 209.48499880731106 3.097691179655488 3.613418617066199 -1817.1901872530445 -0.04286508375240604 21.41059522444451 -3974.0350975625474 -1.796524884845187e-05 0.004357687940064924 0.19457882548853367
-1.4073419874664255 0.6688066248880934 5.287813630919937 695.0753059487324 560.324077200843 526.2717078775167 203.87167201563716 3.097691179655488 3.613418617066199 -1817.1901872530445 -0.04286508375240604 21.41059522444451 -3974.0350975625474 -1.796524884845187e-05 0.004357687940064924 0.19457882548853367
-1.4426974037600682 0.6894306177260513 5.240463428811042 697.8163654812379 561.9663018786814 518.303550824523 198.2276412434876 3.097691179655488 3.613418617066199 -1817.1901872530445 -0.04286508375240604 21.41059522444451 -3974.0350975625474 -1.796524884845187e-05 0.004357687940064924 0.19457882548853367
-1.4809991047448496 0.7090725156669656 5.186240316879464 700.4246556815924 563.7352096564136 509.9942565187812 192.58922663331032 3.097691179655488 3.613418617066199 -1817.1901872530445 -0.04286508375240604 21.41059522444451 -3974.0350975625474 -1.796524884845187e-05 0.004357687940064924 0.19457882548853367
-1.5251933751119042 0.7238039391226493 5.034139534781309 702.8974477968877 565.6239211605862 501.44039015471935 186.99081536009908 3.097691179655488 3.613418617066199 -1817.1901872530445 -0.04286508375240604 21.41059522444451 -3974.0350975625474 -1.796524884845187e-05 0.004357687940064924 0.19457882548853367
-1.5782264995523707 0.7404995523724259 5.0173813271990975 705.2320713691879 567.6256126202643 492.73439729213715 181.4648616425693 3.097691179655488 3.613418617066199 -1817.1901872530445 -0.04286508375240604 21.41059522444451 -3974.0350975625474 -1.796524884845187e-05 0.004357687940064924 0.19457882548853367
-1.6342059086839715 0.7581772605192474 5.018267851789544 707.4259142325027 569.7335158742499 483.9646037518978 176.04188665747643 3.097691179655488 3.613418617066199 -1817.1901872530445 -0.04286508375240604 21.41059522444451 -3974.0350975625474 -1.796524884845187e-05 0.004357687940064924 0.19457882548853367
-1.6960778871978452 0.7748728737690229 4.975952863967729 709.4764225155814 571.9409183664247 475.21521566808224 170.75047867000103 3.097691179655488 3.613418617066199 -1817.1901872530445 -0.04286508375240604 21.41059522444451 -3974.0350975625474 -1.796524884845187e-05 0.004357687940064924 0.19457882548853367
-1.7569677708146831 0.7925505819158454 4.994943932854255 711.381100640283 574.2411631448194 466.5663195475936 165.6172929778695 3.097691179655488 3.613418617066199 -1817.1901872530445 -0.04286508375240604 21.41059522444451 -3974.0350975625474 -1.796524884845187e-05 0.004357687940064924 0.19457882548853367
-1.820803939122651 0.809246195165622 4.968197545000068 713.1375113227405 576.6276488651056 458.0938821360469 160.66705187782645 3.097691179655488 3.613418617066199 -1817.1901872530445 -0.04286508375240604 21.41059522444451 -3974.0350975625474 -1.796524884845187e-05 0.004357687940064924 0.19457882548853367
-1.8787475380483412 0.8269239033124424 5.008504126259647 714.7432755710324 579.0938297896646 449.86975049972534 155.92254465818405 3.097691179655488 3.613418617066199 -1817.1901872530445 -0.04286508375240604 21.41059522444451 -3974.0350975625474 -1.796524884845187e-05 0.004357687940064924 0.19457882548853367
-1.9258880931065345 0.8426374216651731 5.034139534781325 716.1960726878606 581.6332157850266 441.9616520181298 151.4046277180314 3.097691179655488 3.613418617066199 -1817.1901872530445 -0.04286508375240604 21.41059522444451 -3974.0350975625474 -1.796524884845187e-05 0.004357687940064924 0.19457882548853367
-1.9671360787824506 0.856386750223812 5.03413953478134 717.493640270317 584.239372326294 434.43319438397884 147.13222439959645 3.097691179655488 3.613418617066199 -1817.1901872530445 -0.04286508375240604 21.41059522444451 -3974.0350975625474 -1.796524884845187e-05 0.004357687940064924 0.19457882548853367
-2.010348254252456 0.8701360787824521 5.020441761408509 718.6337742076721 586.9059204910882 427.34386559575796 143.12232511863112 3.097691179655488 3.613418617066199 -1817.1901872530445 -0.04286508375240604 21.41059522444451 -3974.0350975625474 -1.796524884845187e-05 0.004357687940064924 0.19457882548853367
-2.058470904207694 0.8838854073410911 4.990688639389791 719.6143286834704 589.6265369665343 420.7490338906646 139.389987308532 3.097691179655488 3.613418617066199 -1817.1901872530445 -0.04286508375240604 21.41059522444451 -3974.0350975625474 -1.796524884845187e-05 0.004357687940064924 0.19457882548853367
-2.1115040286481648 0.8937063563115477 4.8954997976471555 720.4332161744824 592.3949540450703 414.69994799792767 135.94833542779088 3.097691179655488 3.613418617066199 -1817.1901872530445 -0.04286508375240604 21.41059522444451 -3974.0350975625474 -1.796524884845187e-05 0.004357687940064924 0.19457882548853367
-2.1723939122649893 0.9015631154879126 4.82481611121488 721.0884074512869 595.2049596228171 409.2437366992235 132.8085609562695 3.097691179655488 3.613418617066199 -1817.1901872530445 -0.04286508375240604 21.41059522444451 -3974.0350975625474 -1.796524884845187e-05 0.004357687940064924 0.19457882548853367
-2.2372121754700065 0.9064735899731409 4.772921000166789 721.5779315792024 598.0503972042352 404.42340932041407 129.97992236539721 3.097691179655488 3.613418617066199 -1817.1901872530445 -0.04286508375240604 21.41059522444451 -3974.0350975625474 -1.796524884845187e-05 0.004357687940064924 0.19457882548853367
-2.312833482542525 0.906473589973142 4.69940269746453 721.8998759139795 600.9251659007277 400.2778552919626 127.46974525973201 3.097691179655488 3.613418617066199 -1817.1901872530445 -0.04286508375240604 21.41059522444451 -3974.0350975625474 -1.796524884845187e-05 0.004357687940064924 0.19457882548853367
-2.400239928379589 0.9045094001790513 4.678693873038679 722.0523861082038 603.8232204266824 396.84184450656176 125.28342214599252 3.097691179655488 3.613418617066199 -1817.1901872530445 -0.04286508375240604 21.41059522444451 -3974.0350975625474 -1.796524884845187e-05 0.004357687940064924 0.19457882548853367
-2.5063061772605133 0.9015631154879126 4.675368864510749 722.0336661068723 606.7385711052921 394.1460271626711 123.42441264167428 3.099446947681172 3.620294286644381 -1822.370761703454 -0.04284112042135397 21.375759994301692 -3962.907375923898 -1.795520554122133e-05 0.004347657731279102 0.19740101802448168
-2.624157564906001 0.8986168307967771 4.679067984506457 721.8419781478588 609.6652838634327 392.2169335857034 121.89424331858754 3.099446947681172 3.620294286644381 -1822.370761703454 -0.04284112042135397 21.375759994301692 -3962.907375923898 -1.795520554122133e-05 0.004347657731279102 0.19740101802448168
-2.7498657117278382 0.8946884512085925 4.673346330429512 721.4756427631946 612.5974802365527 391.07697458565235 120.69250784814358 3.099446947681172 3.620294286644381 -1822.370761703454 -0.04284112042135397 21.375759994301692 -3962.907375923898 -1.795520554122133e-05 0.004347657731279102 0.19740101802448168
-2.874591763652635 0.8897779767233642 4.665179988575472 720.9330387790687 615.5293373647146 390.7444412559271 119.8168668821454 3.099446947681172 3.620294286644381 -1822.370761703454 -0.04284112042135397 21.375759994301692 -3962.907375923898 -1.795520554122133e-05 0.004347657731279102 0.19740101802448168
-2.995389435989257 0.8848675022381359 4.663647129074759 720.2126033139648 618.455087993294 391.23350490629673 119.26304810121655 3.099446947681172 3.620294286644381 -1822.370761703454 -0.04284112042135397 21.375759994301692 -3962.907375923898 -1.795520554122133e-05 0.004347657731279102 0.19740101802448168
-3.1053840644583737 0.877992837958817 4.641081515599405 719.3128317808732 621.3690204753075 392.55421724915504 119.0248462446034 3.099446947681172 3.620294286644381 -1822.370761703454 -0.04284112042135397 21.375759994301692 -3962.907375923898 -1.795520554122133e-05 0.004347657731279102 0.19740101802448168
-3.2055577439570246 0.8691539838854063 4.624381606856946 718.2322778871749 624.2654787697829 394.7125102505088 119.09412302076817 3.099446947681172 3.620294286644381 -1822.370761703454 -0.04284112042135397 21.375759994301692 -3962.907375923898 -1.795520554122133e-05 0.004347657731279102 0.19740101802448168
-3.299838854073407 0.8603151298119955 4.618912199226101 716.9695536312647 627.1388624405954 397.71019626408815 119.46080720052123 3.099446947681172 3.620294286644381 -1822.370761703454 -0.04284112042135397 21.375759994301692 -3962.907375923898 -1.795520554122133e-05 0.004347657731279102 0.19740101802448168
-3.3813527305282025 0.8485299910474472 4.568805586738226 715.5233293076744 629.9836266583297 401.5449677556753 120.11289463564754 3.099446947681172 3.620294286644381 -1822.370761703454 -0.04284112042135397 21.375759994301692 -3962.907375923898 -1.795520554122133e-05 0.004347657731279102 0.19740101802448168
-3.4491172784243496 0.8347806624888082 4.512207912418794 713.8923335032305 632.7942821991164 406.2103977277875 121.0364480689168 3.099446947681172 3.620294286644381 -1822.370761703454 -0.04284112042135397 21.375759994301692 -3962.907375923898 -1.795520554122133e-05 0.004347657731279102 0.19740101802448168
-3.5060787824530038 0.8171029543419869 4.411468746024303 712.0753530990332 635.5653954460286 411.69593938440084 122.2155973687768 3.099446947681172 3.620294286644381 -1822.370761703454 -0.04284112042135397 21.375759994301692 -3962.907375923898 -1.795520554122133e-05 0.004347657731279102 0.19740101802448168
-3.5679507609668777 0.7945147717099383 4.362344092139552 710.071233268478 638.2915883886162 417.986926227808 123.63253942131996 3.099446947681172 3.620294286644381 -1822.370761703454 -0.04284112042135397 21.375759994301692 -3962.907375923898 -1.795520554122133e-05 0.004347657731279102 0.19740101802448168
-3.628840644583711 0.7689803043867509 4.31530953515972 707.8788774802815 640.9675386212766 425.0645720884204 125.26753813400865 3.099446947681172 3.620294286644381 -1822.370761703454 -0.04284112042135397 21.375759994301692 -3962.907375923898 -1.795520554122133e-05 0.004347657731279102 0.19740101802448168
-3.686784243509397 0.7385353625783342 4.228609863253405 705.4972474953393 643.5879793432541 432.9059710726142 127.09892438352108 3.099446947681172 3.620294286644381 -1822.370761703454 -0.04284112042135397 21.375759994301692 -3962.907375923898 -1.795520554122133e-05 0.004347657731279102 0.19740101802448168
-3.7427636526409933 0.7041620411817373 4.161713429472403 702.9253633691696 646.1476993635297 441.48409762233496 129.10309617966413 3.099446947681172 3.620294286644381 -1822.370761703454 -0.04284112042135397 21.375759994301692 -3962.907375923898 -1.795520554122133e-05 0.004347657731279102 0.19740101802448168
-3.7977609668755536 0.6688066248880912 4.141051500551061 700.1623034498189 648.6415430952329 450.7678065225482 131.25451842322946 3.099446947681172 3.620294286644381 -1822.370761703454 -0.04284112042135397 21.375759994301692 -3962.907375923898 -1.795520554122133e-05 0.004347657731279102 0.19740101802448168
-3.8507940913160246 0.6324691136974024 4.111675197073751 697.207204379607 651.0644105551764 460.72183279693127 133.52572317793965 3.099446947681172 3.620294286644381 -1822.370761703454 -0.04284112042135397 21.375759994301692 -3962.907375923898 -1.795520554122133e-05 0.004347657731279102 0.19740101802448168
-3.896952551477173 0.5941674127126221 4.0197471371754165 694.0592610943131 653.4112573694438 471.3067918121815 135.8873094394803 3.099446947681172 3.620294286644381 -1822.370761703454 -0.04284112042135397 21.375759994301692 -3962.907375923898 -1.795520554122133e-05 0.004347657731279102 0.19740101802448168
-3.944093106535362 0.5568478066248874 4.04275003470803 690.7177268231753 655.6770947694313 482.47917921096087 138.30794326215982 3.099446947681172 3.620294286644381 -1822.370761703454 -0.04284112042135397 21.375759994301692 -3962.907375923898 -1.795520554122133e-05 0.004347657731279102 0.19740101802448168
-3.9892694717994615 0.5195282005371529 4.021942523329994 687.1819130895892 657.8569895934779 494.1913709565997 140.75435772538185 3.099446947681172 3.620294286644381 -1822.370761703454 -0.04284112042135397 21.375759994301692 -3962.907375923898 -1.795520554122133e-05 0.004347657731279102 0.19740101802448168
-4.025606982990149 0.4802444046553266 3.8880494738901774 683.4511897098273 659.94606428314 506.3916234076023 143.19135297089815 3.099446947681172 3.620294286644381 -1822.370761703454 -0.04284112042135397 21.375759994301692 -3962.907375923898 -1.795520554122133e-05 0.004347657731279102 0.19740101802448168
-4.05015935541629 0.43997851387645437 3.689154889529788 679.5249847937375 661.939496887615 519.0240730717778 145.58179605007172 3.099446947681172 3.620294286644381 -1822.370761703454 -0.04284112042135397 21.375759994301692 -3962.907375923898 -1.795520554122133e-05 0.004347657731279102 0.19740101802448168
-4.069801253357199 0.3957842435094009 3.5598169831689472 675.4027847448597 663.8325210637413 532.0287368968129 147.88662118837237 3.099446947681172 3.620294286644381 -1822.370761703454 -0.04284112042135397 21.375759994301692 -3962.907375923898 -1.795520554122133e-05 0.004347657731279102 0.19740101802448168
-4.0874789615040275 0.35060787824529926 3.514580375389964 671.0841342607746 665.6204260708764 545.3415120095015 150.06482954323292 3.099446947681172 3.620294286644381 -1822.370761703454 -0.04284112042135397 21.375759994301692 -3962.907375923898 -1.795520554122133e-05 0.004347657731279102 0.19740101802448168
-4.102210384959708 0.30346732318710923 3.4444775219646875 666.5686363325221 667.2985567790456 558.8941760063171 152.0734893232584 3.099446947681172 3.620294286644381 -1822.370761703454 -0.04284112042135397 21.375759994301692 -3962.907375923898 -1.795520554122133e-05 0.004347657731279102 0.19740101802448168
-4.116941808415397 0.25239838854073343 3.4224303782110685 661.8559522439027 668.8623136591632 572.6143866330385 153.86773577332497 3.099446947681172 3.620294286644381 -1822.370761703454 -0.04284112042135397 21.375759994301692 -3962.907375923898 -1.795520554122133e-05 0.004347657731279102 0.19740101802448168
-4.131673231871082 0.19838316920322227 3.4078447027407184 656.9458015734563 670.3071527928114 586.4256820529699 155.40077112987638 3.099446947681172 3.620294286644381 -1822.370761703454 -0.04284112042135397 21.375759994301692 -3962.907375923898 -1.795520554122133e-05 0.004347657731279102 0.19740101802448168
-4.148368845120861 0.1424037600716193 3.4314391435014544 651.8379621915519 671.6285858650226 600.247480660677 156.62386468425393 3.099446947681172 3.620294286644381 -1822.370761703454 -0.04284112042135397 21.375759994301692 -3962.907375923898 -1.795520554122133e-05 0.004347657731279102 0.19740101802448168
-4.163100268576546 0.08446016114592458 3.3905553593825064 646.5322702649282 672.8221801673062 613.9950812235475 157.48635278269649 3.099446947681172 3.620294286644381 -1822.370761703454 -0.04284112042135397 21.375759994301692 -3962.907375923898 -1.795520554122133e-05 0.004347657731279102 0.19740101802448168
-4.175867502238132 0.023570277529094453 3.348275872073932 641.0286202516872 673.88355859695 627.5796628072858 157.93563869968057 3.099446947681172 3.620294286644381 -1822.370761703454 -0.04284112042135397 21.375759994301692 -3962.907375923898 -1.795520554122133e-05 0.004347657731279102 0.19740101802448168
-4.190598925693817 -0.03830170098478267 3.375335834458692 635.32696490339 674.8083996593487 640.9082846492529 157.9171928577125 3.099446947681172 3.620294286644381 -1822.370761703454 -0.04284112042135397 21.375759994301692 -3962.907375923898 -1.795520554122133e-05 0.004347657731279102 0.19740101802448168
-4.203366159355412 -0.10213786929274933 3.338988213439704 629.4273152669193 675.5924374628812 653.8838865235448 157.37455262243748 3.099446947681172 3.620294286644381 -1822.370761703454 -0.04284112042135397 21.375759994301692 -3962.907375923898 -1.795520554122133e-05 0.004347657731279102 0.19740101802448168
-4.214169203222918 -0.16499194270367123 3.311804578875323 623.3297406816855 676.2314617238007 666.4052883386612 156.2493224069476 3.099446947681172 3.620294286644381 -1822.370761703454 -0.04284112042135397 21.375759994301692 -3962.907375923898 -1.795520554122133e-05 0.004347657731279102 0.19740101802448168
-4.226936436884514 -0.22882811101163789 3.338988213439704 617.0343687799759 676.721317763906 678.3671903908253 154.48117365315557 3.099446947681172 3.620294286644381 -1822.370761703454 -0.04284112042135397 21.375759994301692 -3962.907375923898 -1.795520554122133e-05 0.004347657731279102 0.19740101802448168
-4.244614145031332 -0.29266427931960565 3.411745853301159 610.5413854884682 677.0579065124039 689.6601732075214 152.00784483924508 3.099446947681172 3.620294286644381 -1822.370761703454 -0.04284112042135397 21.375759994301692 -3962.907375923898 -1.795520554122133e-05 0.004347657731279102 0.19740101802448168
-4.266220232766335 -0.3574825425246204 3.463343207986404 603.8510350282304 677.2371845024172 700.170697696507 148.7651414386928 3.099446947681172 3.620294286644381 -1822.370761703454 -0.04284112042135397 21.375759994301692 -3962.907375923898 -1.795520554122133e-05 0.004347657731279102 0.19740101802448168
-4.286844225604293 -0.42426499552372476 3.4411246426597057 596.9636199123925 677.25516387471 709.7811051383615 144.68693598732352 3.099446947681172 3.620294286644381 -1822.370761703454 -0.04284112042135397 21.375759994301692 -3962.907375923898 -1.795520554122133e-05 0.004347657731279102 0.19740101802448168
-4.303539838854068 -0.49104744852283017 3.38657131671663 589.8795009485912 677.1079123739619 718.3696168735623 139.70516803488135 3.099446947681172 3.620294286644381 -1822.370761703454 -0.04284112042135397 21.375759994301692 -3962.907375923898 -1.795520554122133e-05 0.004347657731279102 0.19740101802448168
-4.314342882721573 -0.5568478066248885 3.3043200282302285 582.5990972378058 676.7915533543564 725.8103347942233 133.74984413012862 3.099446947681172 3.620294286644381 -1822.370761703454 -0.04284112042135397 21.375759994301692 -3962.907375923898 -1.795520554122133e-05 0.004347657731279102 0.19740101802448168
-4.323181736794985 -0.6187197851387657 3.2834897081939696 575.1228861737764 676.3022657737602 731.9732410311699 126.74903789907694 3.099446947681172 3.620294286644381 -1822.370761703454 -0.04284112042135397 21.375759994301692 -3962.907375923898 -1.795520554122133e-05 0.004347657731279102 0.19740101802448168
-4.331038495971352 -0.6776454789615052 3.2741441858864966 567.451403445215 675.6362841951195 736.72419796139 118.62888995930552 3.099446947681172 3.620294286644381 -1822.370761703454 -0.04284112042135397 21.375759994301692 -3962.907375923898 -1.795520554122133e-05 0.004347657731279102 0.19740101802448168
-4.340859444941809 -0.7326427931960623 3.318301509659829 559.5852430341765 674.7898987913504 739.9249483346939 109.31360791996121 3.099446947681172 3.620294286644381 -1822.370761703454 -0.04284112042135397 21.375759994301692 -3962.907375923898 -1.795520554122133e-05 0.004347657731279102 0.19740101802448168
-4.348716204118176 -0.7837117278424358 3.294241981985094 551.5250572145451 673.7594553376548 741.4331151098013 98.7254665158689 3.099446947681172 3.620294286644381 -1822.370761703454 -0.04284112042135397 21.375759994301692 -3962.907375923898 -1.795520554122133e-05 0.004347657731279102 0.19740101802448168
-4.350680393912265 -0.8318343777976729 3.1823863364576215 543.2715565575054 672.5413552157115 741.1022017598152 86.78480741381645 3.099446947681172 3.620294286644381 -1822.370761703454 -0.04284112042135397 21.375759994301692 -3962.907375923898 -1.795520554122133e-05 0.004347657731279102 0.19740101802448168
-4.345769919427033 -0.8770107430617733 3.03332206272924 534.8255099232774 671.1320554153062 738.7815918177366 73.41003933548927 3.099446947681172 3.620294286644381 -1822.370761703454 -0.04284112042135397 21.375759994301692 -3962.907375923898 -1.795520554122133e-05 0.004347657731279102 0.19740101802448168
