37 -5.107875559534467 -0.16008146821844293 4.797454520353336 -5.214923903312449 -0.18954431512981046
-5.107875559534467 -0.16008146821844293 4.797454520353336 623.3616852682408 717.8413213821404 648.5248267217976 251.6953209193598 3.160973179489665 3.6653508965525474 -1876.1295219581282 0.04411263069627787 21.699680936742357 -4115.4695874324725 1.8488110099026833e-05 0.004402074729165922 0.16154875398760282
-5.359291853178155 -0.139457475380485 4.745708837016975 622.6790248750603 719.3306694925559 630.6447641577251 270.98971026646905 3.160973179489665 3.6653508965525474 -1876.1295219581282 0.04411263069627787 21.699680936742357 -4115.4695874324725 1.8488110099026833e-05 0.004402074729165922 0.16154875398760282
-5.426074306177257 -0.15026051924798636 4.693963153680614 622.1189293782809 720.3445520802925 617.2862493705325 288.1898839943751 3.160973179489665 3.6653508965525474 -1876.1295219581282 0.04411263069627787 21.699680936742357 -4115.4695874324725 1.8488110099026833e-05 0.004402074729165922 0.16154875398760282
-5.420181736794988 -0.15909937332139928 4.642217470344254 621.6659297268361 720.9491502758829 607.9996614667616 303.56613913050387 3.160973179489665 3.6653508965525474 -1876.1295219581282 0.04411263069627787 21.699680936742357 -4115.4695874324725 1.8488110099026833e-05 0.004402074729165922 0.16154875398760282
-5.393665174574748 -0.166956132497763 4.590471787007893 621.3054994532267 721.2066937931377 602.3370653244929 317.3591699323151 3.160973179489665 3.6653508965525474 -1876.1295219581282 0.04411263069627787 21.699680936742357 -4115.4695874324725 1.8488110099026833e-05 0.004402074729165922 0.16154875398760282
-5.365184422560428 -0.17186660698299128 4.53469863892991 621.0240546735658 721.1754609288619 599.8522115930391 329.78006788747734 3.160973179489665 3.6653508965525474 -1876.1295219581282 0.04411263069627787 21.699680936742357 -4115.4695874324725 1.8488110099026833e-05 0.004402074729165922 0.16154875398760282
-5.3386678603401965 -0.1748128916741278 4.478925490851927 620.808954087528 720.9097785630656 600.100536693295 341.0103217140713 3.160973179489665 3.6653508965525474 -1876.1295219581282 0.04411263069627787 21.699680936742357 -4115.4695874324725 1.8488110099026833e-05 0.004402074729165922 0.16154875398760282
-5.316079677708145 -0.17579498657117368 4.423152342773945 620.6484989783912 720.4600221588698 602.6391628175188 351.20181736079394 3.160973179489665 3.6653508965525474 -1876.1295219581282 0.04411263069627787 21.699680936742357 -4115.4695874324725 1.8488110099026833e-05 0.004402074729165922 0.16154875398760282
-5.29938406445837 -0.17579498657117368 4.367379194695962 620.5319332130039 719.8726157626079 607.0268979295361 360.47683800617233 3.160973179489665 3.6653508965525474 -1876.1295219581282 0.04411263069627787 21.699680936742357 -4115.4695874324725 1.8488110099026833e-05 0.004402074729165922 0.16154875398760282
-5.283670546105641 -0.1748128916741278 4.31160604661798 620.4494432418142 719.1900320037239 612.8242357644194 368.92806405955344 3.160973179489665 3.6653508965525474 -1876.1295219581282 0.04411263069627787 21.699680936742357 -4115.4695874324725 1.8488110099026833e-05 0.004402074729165922 0.16154875398760282
-5.27188540734109 -0.17284870188003604 4.255832898539997 620.3921580988463 718.4507920947508 619.593355828838 376.6185731605219 3.160973179489665 3.6653508965525474 -1876.1295219581282 0.04411263069627787 21.699680936742357 -4115.4695874324725 1.8488110099026833e-05 0.004402074729165922 0.16154875398760282
-5.260100268576544 -0.1708845120859454 4.200059750462015 620.3521494017168 717.689465831405 626.8981234007806 383.5818401784345 3.160973179489665 3.6653508965525474 -1876.1295219581282 0.04411263069627787 21.699680936742357 -4115.4695874324725 1.8488110099026833e-05 0.004402074729165922 0.16154875398760282
-5.250279319606083 -0.16892032229185475 4.144286602384033 620.3224313516257 716.9366715925498 634.3040895298764 389.82173721384606 3.160973179489665 3.6653508965525474 -1876.1295219581282 0.04411263069627787 21.699680936742357 -4115.4695874324725 1.8488110099026833e-05 0.004402074729165922 0.16154875398760282
-5.24242256042972 -0.16793822739480888 4.0885134543060495 620.2969607333489 716.2190763402177 641.378491036914 395.31253359708353 3.160973179489665 3.6653508965525474 -1876.1295219581282 0.04411263069627787 21.699680936742357 -4115.4695874324725 1.8488110099026833e-05 0.004402074729165922 0.16154875398760282
-5.236529991047447 -0.16793822739480888 4.032740306228067 620.2706369152656 715.5593956194862 647.6902505142498 399.9988958889153 3.160973179489665 3.6653508965525474 -1876.1295219581282 0.04411263069627787 21.699680936742357 -4115.4695874324725 1.8488110099026833e-05 0.004402074729165922 0.16154875398760282
-5.2326016114592635 -0.1699024171888995 3.9769671581500843 620.2393018493349 714.976393558718 652.809976325836 403.79588788060937 3.160973179489665 3.6653508965525474 -1876.1295219581282 0.04411263069627787 21.699680936742357 -4115.4695874324725 1.8488110099026833e-05 0.004402074729165922 0.16154875398760282
-5.2306374216651745 -0.17186660698299128 3.921194010072102 620.199740071088 714.4848828692702 656.3099626069306 406.58897059364244 3.160973179489665 3.6653508965525474 -1876.1295219581282 0.04411263069627787 21.699680936742357 -4115.4695874324725 1.8488110099026833e-05 0.004402074729165922 0.16154875398760282
-5.22867323187108 -0.17383079677708305 3.8654208619941195 620.1496786996668 714.0957248457489 657.764189264024 408.234002279758 3.160973179489665 3.6653508965525474 -1876.1295219581282 0.04411263069627787 21.699680936742357 -4115.4695874324725 1.8488110099026833e-05 0.004402074729165922 0.16154875398760282
-5.226709042076986 -0.17579498657117482 3.809647713916137 620.0877874377784 713.8158293658562 656.7483219754504 408.55723842134466 3.160973179489665 3.6653508965525474 -1876.1295219581282 0.04411263069627787 21.699680936742357 -4115.4695874324725 1.8488110099026833e-05 0.004402074729165922 0.16154875398760282
-5.226709042076986 -0.17775917636526656 3.7538745658381543 620.0136785717186 713.6481548904412 652.8397121906164 407.355331730505 3.160973179489665 3.6653508965525474 -1876.1295219581282 0.04411263069627787 21.699680936742357 -4115.4695874324725 1.8488110099026833e-05 0.004402074729165922 0.16154875398760282
-5.226709042076986 -0.17972336615935833 3.6981014177601716 619.9279069713739 713.5917084635075 645.6173971307726 404.3953321503359 3.160973179489665 3.6653508965525474 -1876.1295219581282 0.04411263069627787 21.699680936742357 -4115.4695874324725 1.8488110099026833e-05 0.004402074729165922 0.16154875398760282
-5.228673231871076 -0.18168755595344788 3.6423282696821895 619.8319700902193 713.6415457121766 634.6620997880818 399.4146868539974 3.160973179489665 3.6653508965525474 -1876.1295219581282 0.04411263069627787 21.699680936742357 -4115.4695874324725 1.8488110099026833e-05 0.004402074729165922 0.16154875398760282
-5.230637421665165 -0.18365174574753962 3.5865551216042064 619.7283079653134 713.7887708467606 619.556228926609 392.1212402450037 3.160973179489665 3.6653508965525474 -1876.1295219581282 0.04411263069627787 21.699680936742357 -4115.4695874324725 1.8488110099026833e-05 0.004402074729165922 0.16154875398760282
-5.232601611459255 -0.1856159355416314 3.5307819735262242 619.6203032172925 714.020536660646 599.8838790816953 382.1932339570485 3.160973179489665 3.6653508965525474 -1876.1295219581282 0.04411263069627787 21.699680936742357 -4115.4695874324725 1.8488110099026833e-05 0.004402074729165922 0.16154875398760282
-5.234565801253349 -0.18659803043867615 3.4750088254482416 619.512281050389 714.3200445304392 575.2308305600454 369.27930685444153 3.160973179489665 3.6653508965525474 -1876.1295219581282 0.04411263069627787 21.699680936742357 -4115.4695874324725 1.8488110099026833e-05 0.004402074729165922 0.16154875398760282
-5.234565801253349 -0.18561593554163028 3.419235677370259 619.4095092524185 714.666544415777 545.1845494399313 352.9984950317303 3.160973179489665 3.6653508965525474 -1876.1295219581282 0.04411263069627787 21.699680936742357 -4115.4695874324725 1.8488110099026833e-05 0.004402074729165922 0.16154875398760282
-5.232601611459259 -0.18561593554162917 3.3634625292922764 619.3181981947746 715.0353348595818 509.3341875709448 332.94023181381635 3.160973179489665 3.6653508965525474 -1876.1295219581282 0.04411263069627787 21.699680936742357 -4115.4695874324725 1.8488110099026833e-05 0.004402074729165922 0.16154875398760282
-5.2306374216651745 -0.18561593554162917 3.307689381214294 619.2455008324487 715.3977629877918 467.27058257424505 308.6643477555481 3.160973179489665 3.6653508965525474 -1876.1295219581282 0.04411263069627787 21.699680936742357 -4115.4695874324725 1.8488110099026833e-05 0.004402074729165922 0.16154875398760282
-5.22867323187108 -0.1856159355416314 3.2519162331363116 619.19951270401 715.7212245095943 418.58625784225296 279.70107064270996 3.160973179489665 3.6653508965525474 -1876.1295219581282 0.04411263069627787 21.699680936742357 -4115.4695874324725 1.8488110099026833e-05 0.004402074729165922 0.16154875398760282
-5.22670904207699 -0.1856159355416314 3.1961430850583286 619.1892719316165 715.9691637172 362.87542253910215 245.55102549126605 3.160973179489665 3.6653508965525474 -1876.1295219581282 0.04411263069627787 21.699680936742357 -4115.4695874324725 1.8488110099026833e-05 0.004402074729165922 0.16154875398760282
-5.224744852282897 -0.1856159355416314 3.1403699369803464 619.2247592210133 716.1010734860683 299.7339715999842 205.68523454727256 3.142301582643142 3.6654030386477574 -1869.4432170017453 3.142940327659168e-15 21.647935823822635 -4070.486437187631 1.1667150195306461e-18 0.0043993208448616355 0.17279060795534068
-5.222780662488807 -0.1856159355416314 3.0845967889023638 619.3168978615249 716.072495274755 228.7594857319782 159.54511728713987 3.142301582643142 3.6654030386477574 -1869.4432170017453 3.142940327659168e-15 21.647935823822635 -4070.486437187631 1.1667150195306461e-18 0.0043993208448616355 0.17279060795534068
-5.220816472694722 -0.1856159355416314 3.028823640824381 619.4775537260684 715.835019124941 149.5512314132502 106.54249041801086 3.142301582643142 3.6654030386477574 -1869.4432170017453 3.142940327659168e-15 21.647935823822635 -4070.486437187631 1.1667150195306461e-18 0.0043993208448616355 0.17279060795534068
-5.218852282900624 -0.1856159355416314 2.973050492746399 619.7195352711424 715.3362836615051 61.710160893489956 46.059567876771325 3.142301582643142 3.6654030386477574 -1869.4432170017453 3.142940327659168e-15 21.647935823822635 -4070.486437187631 1.1667150195306461e-18 0.0043993208448616355 0.17279060795534068
-5.216888093106534 -0.1856159355416314 2.917277344668416 620.0565935368359 714.5199760924079 -35.16108780603099 -22.551039168873103 3.142301582643142 3.6654030386477574 -1869.4432170017453 3.142940327659168e-15 21.647935823822635 -4070.486437187631 1.1667150195306461e-18 0.0043993208448616355 0.17279060795534068
-5.214923903312449 -0.1875801253357209 2.8615041965904338 620.5034221468213 713.3258322087568 -141.45819089267752 -99.96632232092088 3.142301582643142 3.6654030386477574 -1869.4432170017453 3.142940327659168e-15 21.647935823822635 -4070.486437187631 1.1667150195306461e-18 0.0043993208448616355 0.17279060795534068
-5.214923903312449 -0.18856222023276567 2.8057310485124507 621.0756573083509 711.689636384901 -257.5751388025237 -186.89287595145288 3.142301582643142 3.6654030386477574 -1869.4432170017453 3.142940327659168e-15 21.647935823822635 -4070.486437187631 1.1667150195306461e-18 0.0043993208448616355 0.17279060795534068
-5.214923903312449 -0.18954431512981046 2.7499579004344685 626.1628297111856 712.5978583714659 543.2994685289741 534.4174178153044 3.142301582643142 3.6654030386477574 -1869.4432170017453 3.142940327659168e-15 21.647935823822635 -4070.486437187631 1.1667150195306461e-18 0.0043993208448616355 0.17279060795534068
-5.214923903312449 -0.19052641002685633 2.6941847523564864 623.705122303094 713.2246587675854 543.9794979839353 504.7333812158322 3.142301582643142 3.6654030386477574 -1869.4432170017453 3.142940327659168e-15 21.647935823822635 -4070.486437187631 1.1667150195306461e-18 0.0043993208448616355 0.17279060795534068
-5.214923903312449 -0.1915085049239022 2.6384116042785033 621.5941112107721 713.8274222723139 546.060178145126 477.34914101159666 3.142301582643142 3.6654030386477574 -1869.4432170017453 3.142940327659168e-15 21.647935823822635 -4070.486437187631 1.1667150195306461e-18 0.0043993208448616355 0.17279060795534068
-5.214923903312449 -0.1924905998209481 2.5826384562005207 619.8112747483319 714.3980245442563 549.4110689099471 452.14731194797787 3.142301582643142 3.6654030386477574 -1869.4432170017453 3.142940327659168e-15 21.647935823822635 -4070.486437187631 1.1667150195306461e-18 0.0043993208448616355 0.17279060795534068
-5.214923903312449 -0.19347269471799397 2.526865308122538 618.3384388088562 714.9287476998834 553.9057368472277 429.01326301615336 3.142301582643142 3.6654030386477574 -1869.4432170017453 3.142940327659168e-15 21.647935823822635 -4070.486437187631 1.1667150195306461e-18 0.0043993208448616355 0.17279060795534068
-5.214923903312449 -0.19445478961503984 2.4710921600445555 617.1577768643474 715.4122803135415 559.4217551967304 407.8351174532436 3.142301582643142 3.6654030386477574 -1869.4432170017453 3.142940327659168e-15 21.647935823822635 -4070.486437187631 1.1667150195306461e-18 0.0043993208448616355 0.17279060795534068
-5.214923903312449 -0.19445478961504098 2.415319011966573 616.2518099657937 715.8417174173774 565.8407038694131 388.5037527422828 3.142301582643142 3.6654030386477574 -1869.4432170017453 3.142940327659168e-15 21.647935823822635 -4070.486437187631 1.1667150195306461e-18 0.0043993208448616355 0.17279060795534068
-5.214923903312449 -0.19445478961504098 2.3595458638885907 615.6034067430846 716.2105605014531 573.0481694473419 370.9128006120154 3.142301582643142 3.6654030386477574 -1869.4432170017453 3.142940327659168e-15 21.647935823822635 -4070.486437187631 1.1667150195306461e-18 0.0043993208448616355 0.17279060795534068
-5.214923903312449 -0.19347269471799622 2.303772715810608 615.1957834051209 716.5127175136404 580.9337451838364 354.958647037216 3.142301582643142 3.6654030386477574 -1869.4432170017453 3.142940327659168e-15 21.647935823822635 -4070.486437187631 1.1667150195306461e-18 0.0043993208448616355 0.17279060795534068
-5.214923903312449 -0.19249059982095143 2.2479995677326254 615.0125037396974 716.7425028596936 589.391031003237 340.54043223842746 3.142301582643142 3.6654030386477574 -1869.4432170017453 3.142940327659168e-15 21.647935823822635 -4070.486437187631 1.1667150195306461e-18 0.0043993208448616355 0.17279060795534068
-5.214923903312449 -0.19150850492390445 2.192226419654643 615.0374791136092 716.8946374032148 598.3176335010794 327.5600506819901 3.142301582643142 3.6654030386477574 -1869.4432170017453 3.142940327659168e-15 21.647935823822635 -4070.486437187631 1.1667150195306461e-18 0.0043993208448616355 0.17279060795534068
-5.214923903312449 -0.1905264100268597 2.13645327157666 615.2549684725564 716.9642484656488 607.6151659442112 315.9221510802745 3.142301582643142 3.6654030386477574 -1869.4432170017453 3.142940327659168e-15 21.647935823822635 -4070.486437187631 1.1667150195306461e-18 0.0043993208448616355 0.17279060795534068
-5.214923903312449 -0.18954431512981268 2.0806801234986776 615.6495783412065 716.9468698263245 617.1892482701805 305.53413639141945 3.142301582643142 3.6654030386477574 -1869.4432170017453 3.142940327659168e-15 21.647935823822635 -4070.486437187631 1.1667150195306461e-18 0.0043993208448616355 0.17279060795534068
-5.214923903312449 -0.18856222023276792 2.0249069754206954 616.2062628232125 716.8384417223879 626.949507088284 296.30616381936125 3.142301582643142 3.6654030386477574 -1869.4432170017453 3.142940327659168e-15 21.647935823822635 -4070.486437187631 1.1667150195306461e-18 0.0043993208448616355 0.17279060795534068
-5.214923903312449 -0.18758012533572316 1.9691338273427128 616.9103236011215 716.635310848862 636.809575678606 288.15114481397904 3.142301582643142 3.6654030386477574 -1869.4432170017453 3.142940327659168e-15 21.647935823822635 -4070.486437187631 1.1667150195306461e-18 0.0043993208448616355 0.17279060795534068
-5.214923903312449 -0.18659803043867615 1.9133606792647302 617.747409936459 716.3342303586287 646.6870939921937 280.98474507115316 3.142301582643142 3.6654030386477574 -1869.4432170017453 3.142940327659168e-15 21.647935823822635 -4070.486437187631 1.1667150195306461e-18 0.0043993208448616355 0.17279060795534068
-5.214923903312449 -0.18659803043867615 1.8575875311867476 618.703518669714 715.9323598624051 656.5037086516968 274.72538453227025 3.142301582643142 3.6654030386477574 -1869.4432170017453 3.142940327659168e-15 21.647935823822635 -4070.486437187631 1.1667150195306461e-18 0.0043993208448616355 0.17279060795534068
-5.214923903312449 -0.18659803043867615 1.801814383108765 619.7649942202988 715.4272654287943 666.1850729506405 269.29423738489277 3.142301582643142 3.6654030386477574 -1869.4432170017453 3.142940327659168e-15 21.647935823822635 -4070.486437187631 1.1667150195306461e-18 0.0043993208448616355 0.17279060795534068
-5.214923903312449 -0.18659803043867615 1.7460412350307823 620.918528586586 714.8169195842165 675.6608468538325 264.6152320623805 3.142301582643142 3.6654030386477574 -1869.4432170017453 3.142940327659168e-15 21.647935823822635 -4070.486437187631 1.1667150195306461e-18 0.0043993208448616355 0.17279060795534068
-5.214923903312449 -0.18659803043867615 1.6902680869528002 622.151161345897 714.099701312989 684.8646969970723 260.61505124380346 3.142301582643142 3.6654030386477574 -1869.4432170017453 3.142940327659168e-15 21.647935823822635 -4070.486437187631 1.1667150195306461e-18 0.0043993208448616355 0.17279060795534068
-5.214923903312449 -0.18659803043867615 1.6344949388748176 623.4502796545312 713.2743960572407 693.7342966874421 257.22313185431994 3.142301582643142 3.6654030386477574 -1869.4432170017453 3.142940327659168e-15 21.647935823822635 -4070.486437187631 1.1667150195306461e-18 0.0043993208448616355 0.17279060795534068
-5.214923903312449 -0.18659803043867615 1.578721790796835 624.8036182476972 712.3401957169826 702.2113259029575 254.37166506479844 3.142301582643142 3.6654030386477574 -1869.4432170017453 3.142940327659168e-15 21.647935823822635 -4070.486437187631 1.1667150195306461e-18 0.0043993208448616355 0.17279060795534068
-5.214923903312449 -0.18659803043867615 1.5229486427188523 626.1992594395706 711.2966986500796 710.2414712930913 251.99559629199211 3.142301582643142 3.6654030386477574 -1869.4432170017453 3.142940327659168e-15 21.647935823822635 -4070.486437187631 1.1667150195306461e-18 0.0043993208448616355 0.17279060795534068
-5.214923903312449 -0.18659803043867615 1.4671754946408697 627.6256331232798 710.143909672237 717.7744261783082 250.03262519850978 3.142301582643142 3.6654030386477574 -1869.4432170017453 3.142940327659168e-15 21.647935823822635 -4070.486437187631 1.1667150195306461e-18 0.0043993208448616355 0.17279060795534068
-5.214923903312449 -0.18659803043867615 1.411402346562887 629.0715167709168 708.882240057037 724.7638905501517 248.42320569296135 3.142301582643142 3.6654030386477574 -1869.4432170017453 3.142940327659168e-15 21.647935823822635 -4070.486437187631 1.1667150195306461e-18 0.0043993208448616355 0.17279060795534068
-5.214923903312449 -0.18659803043867615 1.355629198484905 630.5260354334969 707.5125075358901 731.167571071448 247.11054592952132 3.142301582643142 3.6654030386477574 -1869.4432170017453 3.142940327659168e-15 21.647935823822635 -4070.486437187631 1.1667150195306461e-18 0.0043993208448616355 0.17279060795534068
-5.155016114592665 -0.16892032229185364 1.2998560504069223 631.9786617410027 706.0359362980907 736.9471810761024 246.04060830862727 3.142301582643142 3.6654030386477574 -1869.4432170017453 3.142940327659168e-15 21.647935823822635 -4070.486437187631 1.1667150195306461e-18 0.0043993208448616355 0.17279060795534068
-5.073502238137878 -0.13945747538048278 1.2440829023289397 633.4192159023551 704.4541569907542 742.0684405691864 245.16210947619402 3.142301582643142 3.6654030386477574 -1869.4432170017453 3.142940327659168e-15 21.647935823822635 -4070.486437187631 1.1667150195306461e-18 0.0043993208448616355 0.17279060795534068
-4.988059982094907 -0.10508415398388475 1.1883097542509569 634.83786570546 702.7692067188837 746.5010762267339 244.42652032428305 3.142301582643142 3.6654030386477574 -1869.4432170017453 3.142940327659168e-15 21.647935823822635 -4070.486437187631 1.1667150195306461e-18 0.0043993208448616355 0.17279060795534068
-4.900653536257843 -0.06874664279319719 1.1768032915226798 636.225126517118 700.9835290453157 750.2188213964982 243.7880659905204 3.142301582643142 3.6654030386477574 -1869.4432170017453 3.142940327659168e-15 21.647935823822635 -4070.486437187631 1.1667150195306461e-18 0.0043993208448616355 0.17279060795534068
-4.815211280214872 -0.032409131602507385 1.168682311143122 637.5718612831224 699.0999739907584 753.1994160965551 243.20372585891164 3.142301582643142 3.6654030386477574 -1869.4432170017453 3.142940327659168e-15 21.647935823822635 -4070.486437187631 1.1667150195306461e-18 0.0043993208448616355 0.17279060795534068
-4.7297690241718975 0.0019641897940906464 1.1883097542509748 638.8692805282226 697.1217980337588 755.4246070167283 242.6332335586194 3.142301582643142 3.6654030386477574 -1869.4432170017453 3.142940327659168e-15 21.647935823822635 -4070.486437187631 1.1667150195306461e-18 0.0043993208448616355 0.17279060795534068
-4.646290957923016 0.03437332139659803 1.2004728970921148 640.1089423560661 695.0526641107299 756.8801475178625 242.03907696521492 3.142301582643142 3.6654030386477574 -1869.4432170017453 3.142940327659168e-15 21.647935823822635 -4070.486437187631 1.1667150195306461e-18 0.0043993208448616355 0.17279060795534068
-4.564777081468221 0.06580035810205954 1.2028153906499333 641.2827524493187 692.8966416159419 757.5557976319105 241.38649820003775 3.142301582643142 3.6654030386477574 -1869.4432170017453 3.142940327659168e-15 21.647935823822635 -4070.486437187631 1.1667150195306461e-18 0.0043993208448616355 0.17279060795534068
-4.485227394807523 0.0982094897045658 1.1945543161575267 642.3829640695403 690.6582064015001 757.4453240617877 240.64349363005022 3.142301582643142 3.6654030386477574 -1869.4432170017453 3.142940327659168e-15 21.647935823822635 -4070.486437187631 1.1667150195306461e-18 0.0043993208448616355 0.17279060795534068
-4.40764189794092 0.1296365264100262 1.1968544068111449 643.4021780572803 688.3422407773869 756.546500181983 239.78081386830308 3.142301582643142 3.6654030386477574 -1869.4432170017453 3.142940327659168e-15 21.647935823822635 -4070.486437187631 1.1667150195306461e-18 0.0043993208448616355 0.17279060795534068
-4.3899641897941 0.14338585496866518 0.9453112865556123 644.3333428320257 685.9540335114252 754.8611060378025 238.77196377376094 3.142301582643142 3.6654030386477574 -1869.4432170017453 3.142940327659168e-15 21.647935823822635 -4070.486437187631 1.1667150195306461e-18 0.0043993208448616355 0.17279060795534068
-4.393892569382285 0.14436794986571108 3.141592653589793 645.1697543921837 683.499279829306 752.3949283456604 237.59320245092385 3.142301582643142 3.6654030386477574 -1869.4432170017453 3.142940327659168e-15 21.647935823822635 -4070.486437187631 1.1667150195306461e-18 0.0043993208448616355 0.17279060795534068
-4.403713518352741 0.14043957027752754 4.2487413713838835 645.9050563151795 680.9840814145628 749.1577604933409 236.22354325052584 3.149120521211893 3.693459770661435 -1879.5090521709483 2.372585956793911e-15 21.72505386859108 -4095.07628450636 8.807109520794937e-19 0.004421476123847895 0.16657136379036935
-4.415498657117287 0.13454700089525337 4.184314531958236 646.5332397573111 678.4149464085967 745.1634025396488 234.6447537689528 3.149120521211893 3.693459770661435 -1879.5090521709483 2.372585956793911e-15 21.72505386859108 -4095.07628450636 8.807109520794937e-19 0.004421476123847895 0.16657136379036935
-4.4253196060877436 0.1286544315129781 4.101663015995451 647.048643453898 675.7987894106591 740.4296612146718 232.84135584841715 3.149120521211893 3.693459770661435 -1879.5090521709483 2.372585956793911e-15 21.72505386859108 -4095.07628450636 8.807109520794937e-19 0.004421476123847895 0.16657136379036935
-4.4351405550582 0.12472605192479568 4.2487413713838835 647.4459537191578 673.1429314778379 734.9783499193436 230.80062557719066 3.149120521211893 3.693459770661435 -1879.5090521709483 2.372585956793911e-15 21.72505386859108 -4095.07628450636 8.807109520794937e-19 0.004421476123847895 0.16657136379036935
-4.4429973142345585 0.12276186213070503 4.353618310113868 647.7202044462938 670.4551001251075 728.8352887260844 228.51259328931337 3.149120521211893 3.693459770661435 -1879.5090521709483 2.372585956793911e-15 21.72505386859108 -4095.07628450636 8.807109520794937e-19 0.004421476123847895 0.16657136379036935
-4.446925693822746 0.12177976723365914 4.248741371384338 647.8667771074179 667.74342932527 722.0303043783933 225.97004356456455 3.149120521211893 3.693459770661435 -1879.5090521709483 2.372585956793911e-15 21.72505386859108 -4095.07628450636 8.807109520794937e-19 0.004421476123847895 0.16657136379036935
-4.4488898836168405 0.11981557743956962 3.9269908169883783 647.8814007536348 665.0164595089973 714.5972302904702 223.16851522872457 3.149120521211893 3.693459770661435 -1879.5090521709483 2.372585956793911e-15 21.72505386859108 -4095.07628450636 8.807109520794937e-19 0.004421476123847895 0.16657136379036935
-4.4488898836168405 0.11883348254252261 3.141592653589793 647.7601520149947 662.2831375648348 706.5739065484959 220.10630135357496 3.149120521211893 3.693459770661435 -1879.5090521709483 2.372585956793911e-15 21.72505386859108 -4095.07628450636 8.807109520794937e-19 0.004421476123847895 0.16657136379036935
-4.4488898836168405 0.11785138764547785 3.141592653589793 647.4994551004856 659.5528168391083 698.0021799091774 216.7844492562872 3.149120521211893 3.693459770661435 -1879.5090521709483 2.372585956793911e-15 21.72505386859108 -4095.07628450636 8.807109520794937e-19 0.004421476123847895 0.16657136379036935
-4.4488898836168405 0.11883348254252374 -0.0 647.0960817980231 656.8352571361193 688.9279038003879 213.2067605003831 3.149120521211893 3.693459770661435 -1879.5090521709483 2.372585956793911e-15 21.72505386859108 -4095.07628450636 8.807109520794937e-19 0.004421476123847895 0.16657136379036935
-4.446925693822751 0.11981557743956962 1.1071487177936357 646.5471514745186 654.1406247179038 679.4009383213706 209.37979089512373 3.149120521211893 3.693459770661435 -1879.5090521709483 2.372585956793911e-15 21.72505386859108 -4095.07628450636 8.807109520794937e-19 0.004421476123847895 0.16657136379036935
-4.289790510295441 0.10115577439570234 1.6889928156753211 645.8501310758074 651.4794923044319 669.4751502423896 205.31285049536382 3.149120521211893 3.693459770661435 -1879.5090521709483 2.372585956793911e-15 21.72505386859108 -4095.07628450636 8.807109520794937e-19 0.004421476123847895 0.16657136379036935
-4.0845326768128976 0.07169292748433148 1.7133631736632713 645.0028351266847 648.8628390734902 659.2084130051371 201.01800360219204 3.149120521211893 3.693459770661435 -1879.5090521709483 2.372585956793911e-15 21.72505386859108 -4095.07628450636 8.807109520794937e-19 0.004421476123847895 0.16657136379036935
-3.8733822739480765 0.04026589077887109 1.718548877260648 644.0034257308944 646.3020506607318 648.6626067218604 196.51006876240717 3.149120521211893 3.693459770661435 -1879.5090521709483 2.372585956793911e-15 21.72505386859108 -4095.07628450636 8.807109520794937e-19 0.004421476123847895 0.16657136379036935
-3.674017009847815 0.0088388540734107 1.727145231356305 642.8504125711152 643.8089191596846 637.9036181767297 191.8066187685181 3.149120521211893 3.693459770661435 -1879.5090521709483 2.372585956793911e-15 21.72505386859108 -4095.07628450636 8.807109520794937e-19 0.004421476123847895 0.16657136379036935
-3.4893831692032293 -0.019641897940913162 1.7238453354246723 641.5426529090219 641.395643121683 627.0013408242376 186.927980659093 3.149120521211893 3.693459770661435 -1879.5090521709483 2.372585956793911e-15 21.72505386859108 -4095.07628450636 8.807109520794937e-19 0.004421476123847895 0.16657136379036935
-3.318498657117284 -0.045176365264100495 1.7191241609166619 640.0793515851801 639.0748275559708 616.0296747907705 181.89723571873037 3.149120521211893 3.693459770661435 -1879.5090521709483 2.372585956793911e-15 21.72505386859108 -4095.07628450636 8.807109520794937e-19 0.004421476123847895 0.16657136379036935
-3.15841718889884 -0.06874664279319719 1.7169852005410755 638.4600610191264 636.859483929602 605.0665268731827 176.74021947733127 3.149120521211893 3.693459770661435 -1879.5090521709483 2.372585956793911e-15 21.72505386859108 -4095.07628450636 8.807109520794937e-19 0.004421476123847895 0.16657136379036935
-3.008156669650857 -0.0893706356311551 1.7071989311958407 636.6846812094045 634.7630301675126 594.1938105399895 171.48552171108895 3.149120521211893 3.693459770661435 -1879.5090521709483 2.372585956793911e-15 21.72505386859108 -4095.07628450636 8.807109520794937e-19 0.004421476123847895 0.16657136379036935
-2.868699194270371 -0.11097672336615892 1.724503855853368 634.7534597334088 632.7992906524923 583.4974459309014 166.1644864421687 3.149120521211893 3.693459770661435 -1879.5090521709483 2.372585956793911e-15 21.72505386859108 -4095.07628450636 8.807109520794937e-19 0.004421476123847895 0.16657136379036935
-2.7361163831692115 -0.13454700089525448 1.7467359522474286 632.6669917475701 630.9824962251696 573.0673598561843 160.81121193809668 3.149120521211893 3.693459770661435 -1879.5090521709483 2.372585956793911e-15 21.72505386859108 -4095.07628450636 8.807109520794937e-19 0.004421476123847895 0.16657136379036935
-2.766561324977626 -0.13945747538048278 4.552475857226465 630.4262199872137 629.3272841840553 562.9974857978523 155.46255071280757 3.149120521211893 3.693459770661435 -1879.5090521709483 2.372585956793911e-15 21.72505386859108 -4095.07628450636 8.807109520794937e-19 0.004421476123847895 0.16657136379036935
-2.8480752014324175 -0.13847538048343913 4.7244365902388505 628.0324347666538 627.8486982854738 553.3857639087655 150.15810952574247 3.149120521211893 3.693459770661435 -1879.5090521709483 2.372585956793911e-15 21.72505386859108 -4095.07628450636 8.807109520794937e-19 0.004421476123847895 0.16657136379036935
-2.9423563115488 -0.139457475380485 4.701972690453718 625.4872739791062 626.5621887436464 544.3341410130379 144.9402493822563 3.149120521211893 3.693459770661435 -1879.5090521709483 2.372585956793911e-15 21.72505386859108 -4095.07628450636 8.807109520794937e-19 0.004421476123847895 0.16657136379036935
-3.0327090420769984 -0.14142166517457566 4.690653273542904 622.792723096798 625.4836122306169 535.9485706058622 139.85408553370507 3.149120521211893 3.693459770661435 -1879.5090521709483 2.372585956793911e-15 21.72505386859108 -4095.07628450636 8.807109520794937e-19 0.004421476123847895 0.16657136379036935
-3.1122587287376957 -0.15222470904207813 4.577412230530761 619.9511151708903 624.629231876308 528.3390128537139 134.94748747724225 3.149120521211893 3.693459770661435 -1879.5090521709483 2.372585956793911e-15 21.72505386859108 -4095.07628450636 8.807109520794937e-19 0.004421476123847895 0.16657136379036935
-3.1829695613249815 -0.16892032229185475 4.48052431953529 616.9651308314424 624.0157172684849 521.6194345938857 130.27107895584777 3.149120521211893 3.693459770661435 -1879.5090521709483 2.372585956793911e-15 21.72505386859108 -4095.07628450636 8.807109520794937e-19 0.004421476123847895 0.16657136379036935
-3.2458236347359044 -0.19445478961504098 4.326506310986633 613.83779828755 623.6601444527696 515.9078093353892 125.8782379583281 3.149120521211893 3.693459770661435 -1879.5090521709483 2.372585956793911e-15 21.72505386859108 -4095.07628450636 8.807109520794937e-19 0.004421476123847895 0.16657136379036935
-3.3027851387645546 -0.22784601611459424 4.182173207608061 610.5724933271595 623.5799959326469 511.32611725776223 121.82509671954904 3.149120521211893 3.693459770661435 -1879.5090521709483 2.372585956793911e-15 21.72505386859108 -4095.07628450636 8.807109520794937e-19 0.004421476123847895 0.16657136379036935
-3.3538540734109312 -0.26712981199642055 4.056693354143179 607.1729393172864 623.7931606694383 508.0003452121746 118.17054171999916 3.149120521211893 3.693459770661435 -1879.5090521709483 2.372585956793911e-15 21.72505386859108 -4095.07628450636 8.807109520794937e-19 0.004421476123847895 0.16657136379036935
-3.4078692927484426 -0.3083777976723364 4.060217568627641 603.6432072037751 624.3179340823572 506.06048672058387 114.9762136861682 3.149120521211893 3.693459770661435 -1879.5090521709483 2.372585956793911e-15 21.72505386859108 -4095.07628450636 8.807109520794937e-19 0.004421476123847895 0.16657136379036935
-3.4559919427036805 -0.35355416293643804 3.958559273475014 599.9877155114918 625.1730180484064 505.64054197628866 112.30650759028504 3.149120521211893 3.693459770661435 -1879.5090521709483 2.372585956793911e-15 21.72505386859108 -4095.07628450636 8.807109520794937e-19 0.004421476123847895 0.16657136379036935
-3.515899731423465 -0.3987305282005374 4.06627007652409 596.2112303442773 626.3775209025134 506.878517843812 110.22857265052153 3.149120521211893 3.693459770661435 -1879.5090521709483 2.372585956793911e-15 21.72505386859108 -4095.07628450636 8.807109520794937e-19 0.004421476123847895 0.16657136379036935
-3.5728612354521103 -0.44587108325873076 4.021052051615186 592.3188653848556 627.950957437417 509.9164278585231 108.81231233105063 3.149120521211893 3.693459770661435 -1879.5090521709483 2.372585956793911e-15 21.72505386859108 -4095.07628450636 8.807109520794937e-19 0.004421476123847895 0.16657136379036935
-3.6200017905103037 -0.4979221128021491 3.8775262483856836 588.3160818949109 629.9132489037365 514.9002922273357 108.13038434178452 3.149120521211893 3.693459770661435 -1879.5090521709483 2.372585956793911e-15 21.72505386859108 -4095.07628450636 8.807109520794937e-19 0.004421476123847895 0.16657136379036935
-3.6671423455684926 -0.5489910474485227 3.8870121298639293 584.2086887151199 632.2847230099323 521.9801378278644 108.25820063828724 3.149120521211893 3.693459770661435 -1879.5090521709483 2.372585956793911e-15 21.72505386859108 -4095.07628450636 8.807109520794937e-19 0.004421476123847895 0.16657136379036935
-3.7093724261414533 -0.6030062667860339 3.805148379967293 580.0028422651048 635.0861139223234 531.3099982093845 109.273927422415 3.149120521211893 3.693459770661435 -1879.5090521709483 2.372585956793911e-15 21.72505386859108 -4095.07628450636 8.807109520794937e-19 0.004421476123847895 0.16657136379036935
-3.7535666965085124 -0.6560393912265002 3.836330929786538 575.7050465433749 638.3385622650767 543.0479135920177 111.25848514147219 3.149120521211893 3.693459770661435 -1879.5090521709483 2.372585956793911e-15 21.72505386859108 -4095.07628450636 8.807109520794937e-19 0.004421476123847895 0.16657136379036935
-3.7938325872873833 -0.706126230975829 3.8187202261267723 571.3221531274648 642.0636151202107 557.3559308667318 114.29554848902626 3.149120521211893 3.693459770661435 -1879.5090521709483 2.372585956793911e-15 21.72505386859108 -4095.07628450636 8.807109520794937e-19 0.004421476123847895 0.16657136379036935
-3.829188003581031 -0.7503205013428825 3.8631017619576236 566.861361173851 646.2832260276173 574.4001035964466 118.47154640412191 3.149120521211893 3.693459770661435 -1879.5090521709483 2.372585956793911e-15 21.72505386859108 -4095.07628450636 8.807109520794937e-19 0.004421476123847895 0.16657136379036935
-3.8547224709042167 -0.788622202327663 3.907483297788475 562.3302174179225 651.0197549850454 594.3504920142295 123.87566207180498 3.149120521211893 3.693459770661435 -1879.5090521709483 2.372585956793911e-15 21.72505386859108 -4095.07628450636 8.807109520794937e-19 0.004421476123847895 0.16657136379036935
-3.8782927484333136 -0.8220134288272163 3.9518648336193265 557.7366161739992 656.2959684480647 617.3811630253622 130.59983292306424 3.149120521211893 3.693459770661435 -1879.5090521709483 2.372585956793911e-15 21.72505386859108 -4095.07628450636 8.807109520794937e-19 0.004421476123847895 0.16657136379036935
-3.8851674127126317 -0.8485299910474495 3.9962463694501777 553.0887993354227 662.1350393301582 643.6701902054483 138.7387506349478 3.149120521211893 3.693459770661435 -1879.5090521709483 2.372585956793911e-15 21.72505386859108 -4095.07628450636 8.807109520794937e-19 0.004421476123847895 0.16657136379036935
-3.88811369740377 -0.8681718889883626 4.040627905281029 548.3953563744835 668.5605470026039 673.3996538014617 148.38986112966086 3.149120521211893 3.693459770661435 -1879.5090521709483 2.372585956793911e-15 21.72505386859108 -4095.07628450636 8.807109520794937e-19 0.004421476123847895 0.16657136379036935
-3.8930241718889897 -0.8809391226499558 4.085009441111881 543.6652243423341 675.596477294559 706.7556407317752 159.65336457599187 3.149120521211893 3.693459770661435 -1879.5090521709483 2.372585956793911e-15 21.72505386859108 -4095.07628450636 8.807109520794937e-19 0.004421476123847895 0.16657136379036935
