20 -0.10311996418979856 -1.3002936436884522 1.8200484681801063 0.23668487018799825 -2.0781128021486137
-0.10311996418979856 -1.3002936436884522 1.8200484681801063 514.217288017273 518.7044688761234 605.6291952133179 178.74200677871704 3.135305682244237 3.657913044571187 -1861.681161256285 -0.04498435445531542 21.81942828068493 -4119.262385021982 -1.8853459537013975e-05 0.004415366610318925 0.17006177615761656
-0.05205102954342613 -1.3189534467323194 1.9211105390303063 543.7894062995911 514.5327314808965 682.424129486084 210.31886053085327 3.135305682244237 3.657913044571187 -1861.681161256285 -0.04498435445531542 21.81942828068493 -4119.262385021982 -1.8853459537013975e-05 0.004415366610318925 0.17006177615761656
-0.000982094897053697 -1.3435058191584621 2.0189413018707176 560.0323133468628 511.357682749629 734.8510885238647 230.73344373703003 3.135305682244237 3.657913044571187 -1861.681161256285 -0.04498435445531542 21.81942828068493 -4119.262385021982 -1.8853459537013975e-05 0.004415366610318925 0.17006177615761656
0.0500868397493232 -1.3759149507609671 2.1362802149496756 566.0142941474915 509.04714896529913 766.5292520523071 242.72554063796997 3.135305682244237 3.657913044571187 -1861.681161256285 -0.04498435445531542 21.81942828068493 -4119.262385021982 -1.8853459537013975e-05 0.004415366610318925 0.17006177615761656
0.09428111011637781 -1.4132345568487017 2.2720562496611683 564.4670429229736 507.47525154054165 780.8473410606384 248.73233366012573 3.135305682244237 3.657913044571187 -1861.681161256285 -0.04498435445531542 21.81942828068493 -4119.262385021982 -1.8853459537013975e-05 0.004415366610318925 0.17006177615761656
0.1345470008952489 -1.4515362578334834 2.3311996965734476 557.7856574058533 506.52240707725286 780.9636430740356 250.88840341567993 3.135305682244237 3.657913044571187 -1861.681161256285 -0.04498435445531542 21.81942828068493 -4119.262385021982 -1.8853459537013975e-05 0.004415366610318925 0.17006177615761656
0.16695613249775293 -1.4937663384064472 2.4870218862664495 548.0286383628845 506.0753272548318 769.8059854507446 251.02571535110474 3.135305682244237 3.657913044571187 -1861.681161256285 -0.04498435445531542 21.81942828068493 -4119.262385021982 -1.8853459537013975e-05 0.004415366610318925 0.17006177615761656
0.1885622202327601 -1.537960608773503 2.686873378768785 536.9178915023804 506.02701894938946 750.0717549324036 250.67363739013672 3.135305682244237 3.657913044571187 -1861.681161256285 -0.04498435445531542 21.81942828068493 -4119.262385021982 -1.8853459537013975e-05 0.004415366610318925 0.17006177615761656
0.20329364368844496 -1.5811727842435106 2.8130394830383327 525.8387274742126 506.2767841592431 724.2278828620911 251.05892276763916 3.135305682244237 3.657913044571187 -1861.681161256285 -0.04498435445531542 21.81942828068493 -4119.262385021982 -1.8853459537013975e-05 0.004415366610318925 0.17006177615761656
0.20034735899731068 -1.620456580125337 3.216452501300492 515.8398609161377 506.73021997511387 694.5108585357666 253.10572719573975 3.135305682244237 3.657913044571187 -1861.681161256285 -0.04498435445531542 21.81942828068493 -4119.262385021982 -1.8853459537013975e-05 0.004415366610318925 0.17006177615761656
0.1934726947179884 -1.6597403760071634 3.3148383200422242 507.633412361145 507.2992187589407 662.9267172813416 257.43559741973877 3.135305682244237 3.657913044571187 -1861.681161256285 -0.04498435445531542 21.81942828068493 -4119.262385021982 -1.8853459537013975e-05 0.004415366610318925 0.17006177615761656
0.1856159355416258 -1.6990241718889896 3.3389882134396083 501.5949010848999 507.90196792036295 631.2510533332825 264.3674702644348 3.135305682244237 3.657913044571187 -1861.681161256285 -0.04498435445531542 21.81942828068493 -4119.262385021982 -1.8853459537013975e-05 0.004415366610318925 0.17006177615761656
0.1738307967770797 -1.7392900626678618 3.426323092112463 497.76326179504395 508.4629499465227 601.0290055274963 273.9176859855652 3.135305682244237 3.657913044571187 -1861.681161256285 -0.04498435445531542 21.81942828068493 -4119.262385021982 -1.8853459537013975e-05 0.004415366610318925 0.17006177615761656
0.1620456580125336 -1.778573858549687 3.433049448067626 495.84082555770874 508.9129426702857 573.5752687454224 285.79996728897095 3.135305682244237 3.657913044571187 -1861.681161256285 -0.04498435445531542 21.81942828068493 -4119.262385021982 -1.8853459537013975e-05 0.004415366610318925 0.17006177615761656
0.15418889883616207 -1.8168755595344686 3.3439142819682486 495.19332456588745 509.18901884555817 549.9740872383118 299.4254388809204 3.135305682244237 3.657913044571187 -1861.681161256285 -0.04498435445531542 21.81942828068493 -4119.262385021982 -1.8853459537013975e-05 0.004415366610318925 0.17006177615761656
0.15418889883616207 -1.8581235452103855 3.141592653589793 494.8499050140381 509.2345465198159 531.0792579650879 313.9026141166687 3.135305682244237 3.657913044571187 -1861.681161256285 -0.04498435445531542 21.81942828068493 -4119.262385021982 -1.8853459537013975e-05 0.004415366610318925 0.17006177615761656
0.16204565801252466 -1.9003536257833495 2.957649197052682 493.50310802459717 508.99918881058693 517.5141286849976 328.0374059677124 3.135305682244237 3.657913044571187 -1861.681161256285 -0.04498435445531542 21.81942828068493 -4119.262385021982 -1.8853459537013975e-05 0.004415366610318925 0.17006177615761656
0.17383079677707522 -1.9425837063563123 2.8694467630585443 489.50889015197754 508.43890404701233 509.6715998649597 340.3331160545349 3.135305682244237 3.657913044571187 -1861.681161256285 -0.04498435445531542 21.81942828068493 -4119.262385021982 -1.8853459537013975e-05 0.004415366610318925 0.17006177615761656
0.19249059982094363 -1.986777976723367 2.7420771595904014 480.8866009712219 507.5159455910325 507.71412467956543 348.99044704437256 3.135305682244237 3.657913044571187 -1861.681161256285 -0.04498435445531542 21.81942828068493 -4119.262385021982 -1.8853459537013975e-05 0.004415366610318925 0.17006177615761656
0.21115040286481201 -2.0309722470904217 2.7420771595904014 465.31900215148926 506.1988620236516 511.5737056732178 351.90748596191406 3.135305682244237 3.657913044571187 -1861.681161256285 -0.04498435445531542 21.81942828068493 -4119.262385021982 -1.8853459537013975e-05 0.004415366610318925 0.17006177615761656
0.23668487018799825 -2.0781128021486137 2.645169900184932 479.36391995102167 506.7430159342475 494.02763394266367 298.0839196704328 3.135305682244237 3.657913044571187 -1861.681161256285 -0.04498435445531542 21.81942828068493 -4119.262385021982 -1.8853459537013975e-05 0.004415366610318925 0.17006177615761656
0.2592730528200457 -2.1262354521038507 2.702733354626331 474.5212261117995 505.9693801442627 481.0693569034338 310.1437187679112 3.135305682244237 3.657913044571187 -1861.681161256285 -0.04498435445531542 21.81942828068493 -4119.262385021982 -1.8853459537013975e-05 0.004415366610318925 0.17006177615761656
0.28578961504028116 -2.1704297224709057 2.6011731533191647 470.089563366957 505.17458977759816 470.1300225928426 320.5090937130153 3.135305682244237 3.657913044571187 -1861.681161256285 -0.04498435445531542 21.81942828068493 -4119.262385021982 -1.8853459537013975e-05 0.004415366610318925 0.17006177615761656
0.31230617726051213 -2.2126598030438696 2.580905658607025 466.0534440372139 504.3628178338986 461.08502242714167 329.28055998682976 3.135305682244237 3.657913044571187 -1861.681161256285 -0.04498435445531542 21.81942828068493 -4119.262385021982 -1.8853459537013975e-05 0.004415366610318925 0.17006177615761656
0.3388227394807476 -2.256854073410923 2.6011731533191536 462.39768638880923 503.53813371574506 453.8129540011287 336.55604269355536 3.135305682244237 3.657913044571187 -1861.681161256285 -0.04498435445531542 21.81942828068493 -4119.262385021982 -1.8853459537013975e-05 0.004415366610318925 0.17006177615761656
0.3614109221127995 -2.298102059086841 2.640579266786175 459.1074146484025 502.70450322749093 448.1956211924553 342.43087681382895 3.135305682244237 3.657913044571187 -1861.681161256285 -0.04498435445531542 21.81942828068493 -4119.262385021982 -1.8853459537013975e-05 0.004415366610318925 0.17006177615761656
0.3673034914950726 -2.3373858549686664 2.7467551223257534 456.1680589937605 501.8657885801513 444.11803414672613 346.99780694395304 3.135305682244237 3.657913044571187 -1861.681161256285 -0.04498435445531542 21.81942828068493 -4119.262385021982 -1.8853459537013975e-05 0.004415366610318925 0.17006177615761656
0.38105282005371266 -2.373723366159356 2.8529309778653316 453.56535554723814 501.0257483853493 441.4684093594551 350.3469874560833 3.135305682244237 3.657913044571187 -1861.681161256285 -0.04498435445531542 21.81942828068493 -4119.262385021982 -1.8853459537013975e-05 0.004415366610318925 0.17006177615761656
0.395784243509402 -2.409078782453 2.9591068334049098 451.28534639487043 500.18803766113706 440.13816944509745 352.5659824386239 3.135305682244237 3.657913044571187 -1861.681161256285 -0.04498435445531542 21.81942828068493 -4119.262385021982 -1.8853459537013975e-05 0.004415366610318925 0.17006177615761656
0.4105156669650824 -2.442470008952553 3.0652826889444884 449.31437956914306 499.3562078261748 440.02194341272116 353.739765714854 3.135305682244237 3.657913044571187 -1861.681161256285 -0.04498435445531542 21.81942828068493 -4119.262385021982 -1.8853459537013975e-05 0.004415366610318925 0.17006177615761656
0.4213187108325882 -2.473897045658014 3.1714585444840666 447.63910905551165 498.53370670531876 441.0175664499402 353.95072082802653 4.091874046886609 4.752973360285557 -2430.2631390010592 4.6290609876226866e-15 24.50095645871797 -3400.887194477629 1.935081581464193e-18 0.005731381353454977 0.20444814126032598
0.43703222918531787 -2.5023777976723363 3.277634400023645 446.24649479193613 497.72387852333486 443.0260800421238 353.27864103764296 4.091874046886609 4.752973360285557 -2430.2631390010592 4.6290609876226866e-15 24.50095645871797 -3400.887194477629 1.935081581464193e-18 0.005731381353454977 0.20444814126032598
0.454709937332137 -2.5328227394807543 3.383810255563223 445.12380267167464 496.92996391211636 445.9517319574952 351.80072934925556 4.091874046886609 4.752973360285557 -2430.2631390010592 4.6290609876226866e-15 24.50095645871797 -3400.887194477629 1.935081581464193e-18 0.005731381353454977 0.20444814126032598
0.4743518352730502 -2.5593393017009873 3.4899861111028017 444.25860453723 496.15509990626015 449.7019761800766 349.5915985032916 4.091874046886609 4.752973360285557 -2430.2631390010592 4.6290609876226866e-15 24.50095645871797 -3400.887194477629 1.935081581464193e-18 0.005731381353454977 0.20444814126032598
0.49006535362577536 -2.5799632945389455 3.59616196664238 443.6387781854719 495.4023199430667 454.18747302144766 346.72327092289925 4.091874046886609 4.752973360285557 -2430.2631390010592 4.6290609876226866e-15 24.50095645871797 -3400.887194477629 1.935081581464193e-18 0.005731381353454977 0.20444814126032598
0.5057788719785095 -2.5976410026857657 3.702337822181958 443.2525073629804 494.6745538634714 459.32208901643753 343.2651788145304 4.091874046886609 4.752973360285557 -2430.2631390010592 4.6290609876226866e-15 24.50095645871797 -3400.887194477629 1.935081581464193e-18 0.005731381353454977 0.20444814126032598
0.5342596239928344 -2.61040823634736 3.8085136777215363 443.0882817739621 493.97462791297585 465.02289697527885 339.2841641008854 4.091874046886609 4.752973360285557 -2430.2631390010592 4.6290609876226866e-15 24.50095645871797 -3400.887194477629 1.935081581464193e-18 0.005731381353454977 0.20444814126032598
0.5529194270367028 -2.619247090420772 3.9146895332611145 443.13489707000554 493.3052647395525 471.21017595380545 334.84447836503386 4.091874046886609 4.752973360285557 -2430.2631390010592 4.6290609876226866e-15 24.50095645871797 -3400.887194477629 1.935081581464193e-18 0.005731381353454977 0.20444814126032598
0.5686329453894369 -2.6241575649059987 4.020865388800693 443.3814548617229 492.6690833941102 477.8074113279581 330.0077830180526 4.091874046886609 4.752973360285557 -2430.2631390010592 4.6290609876226866e-15 24.50095645871797 -3400.887194477629 1.935081581464193e-18 0.005731381353454977 0.20444814126032598
0.5823822739480771 -2.626121754700091 4.127041244340271 443.81736270477995 492.06859933328815 484.74129466712475 324.8331491611898 4.091874046886609 4.752973360285557 -2430.2631390010592 4.6290609876226866e-15 24.50095645871797 -3400.887194477629 1.935081581464193e-18 0.005731381353454977 0.20444814126032598
0.5931853178155784 -2.623175470008953 4.23321709987985 444.4323341087438 491.5062244150322 491.9417238906026 319.37705754861236 4.091874046886609 4.752973360285557 -2430.2631390010592 4.6290609876226866e-15 24.50095645871797 -3400.887194477629 1.935081581464193e-18 0.005731381353454977 0.20444814126032598
0.5990778871978515 -2.616300805729634 4.339392955419427 445.2163885431364 490.98426690278575 499.3418031260371 313.69339878857136 4.091874046886609 4.752973360285557 -2430.2631390010592 4.6290609876226866e-15 24.50095645871797 -3400.887194477629 1.935081581464193e-18 0.005731381353454977 0.20444814126032598
0.601042076991941 -2.6045156669650855 4.445568810959006 446.15985141927376 490.504931461066 506.877842746675 307.83347314223647 4.091874046886609 4.752973360285557 -2430.2631390010592 4.6290609876226866e-15 24.50095645871797 -3400.887194477629 1.935081581464193e-18 0.005731381353454977 0.20444814126032598
0.6039883616830797 -2.5907663384064468 4.551744666498585 447.253354110755 490.0703191610519 514.4893594160676 301.84599059075117 4.091874046886609 4.752973360285557 -2430.2631390010592 4.6290609876226866e-15 24.50095645871797 -3400.887194477629 1.935081581464193e-18 0.005731381353454977 0.20444814126032598
0.606934646374214 -2.5721065353625794 4.657920522038163 448.4878339385614 489.68242747476324 522.1190761178732 295.7770708538592 4.091874046886609 4.752973360285557 -2430.2631390010592 4.6290609876226866e-15 24.50095645871797 -3400.887194477629 1.935081581464193e-18 0.005731381353454977 0.20444814126032598
0.6069346463742185 -2.5475541629364367 4.764096377577741 449.85453417524695 489.34315027925186 529.7129219993949 289.67024344205856 4.091874046886609 4.752973360285557 -2430.2631390010592 4.6290609876226866e-15 24.50095645871797 -3400.887194477629 1.935081581464193e-18 0.005731381353454977 0.20444814126032598
0.6049704565801245 -2.5190734109221142 4.870272233117319 451.3450040463358 489.0542778542731 537.2200325578451 283.56644747778773 4.091874046886609 4.752973360285557 -2430.2631390010592 4.6290609876226866e-15 24.50095645871797 -3400.887194477629 1.935081581464193e-18 0.005731381353454977 0.20444814126032598
0.6020241718889857 -2.4866642793196077 4.976448088656897 452.95109873684123 488.8174968836829 544.5927495211363 277.5040318854153 4.091874046886609 4.752973360285557 -2430.2631390010592 4.6290609876226866e-15 24.50095645871797 -3400.887194477629 1.935081581464193e-18 0.005731381353454977 0.20444814126032598
0.5941674127126232 -2.451308863025964 5.082623944196476 454.66497937683016 488.63439045473933 551.7866208329797 271.51875534653664 4.091874046886609 4.752973360285557 -2430.2631390010592 4.6290609876226866e-15 24.50095645871797 -3400.887194477629 1.935081581464193e-18 0.005731381353454977 0.20444814126032598
0.5912211280214844 -2.4139892569382284 5.188799799736054 456.4791130456142 488.50643805833533 558.7604008316994 265.64378617331386 4.091874046886609 4.752973360285557 -2430.2631390010592 4.6290609876226866e-15 24.50095645871797 -3400.887194477629 1.935081581464193e-18 0.005731381353454977 0.20444814126032598
0.5882748433303456 -2.3756875559534487 5.294975655275632 458.3862727866508 488.43501558876596 565.4760499820113 259.9097024835646 4.091874046886609 4.752973360285557 -2430.2631390010592 4.6290609876226866e-15 24.50095645871797 -3400.887194477629 1.935081581464193e-18 0.005731381353454977 0.20444814126032598
0.5823822739480725 -2.3373858549686664 5.401151510815211 460.3795375870541 488.42139534349553 571.8987351208925 254.34449209272861 4.091874046886609 4.752973360285557 -2430.2631390010592 4.6290609876226866e-15 24.50095645871797 -3400.887194477629 1.935081581464193e-18 0.005731381353454977 0.20444814126032598
0.5804180841539875 -2.29810205908684 5.507327366354788 462.45229238737375 488.4667460238561 577.9968292862177 248.97355253994465 4.091874046886609 4.752973360285557 -2430.2631390010592 4.6290609876226866e-15 24.50095645871797 -3400.887194477629 1.935081581464193e-18 0.005731381353454977 0.20444814126032598
0.5755076096687592 -2.256854073410924 5.6135032218943675 464.5982280848548 488.5721327352803 583.741911791265 243.81969111785293 4.091874046886609 4.752973360285557 -2430.2631390010592 4.6290609876226866e-15 24.50095645871797 -3400.887194477629 1.935081581464193e-18 0.005731381353454977 0.20444814126032598
0.5676508504923922 -2.2175702775290955 5.719679077433945 466.8113415292464 488.7385169849731 589.1087681874633 238.9031248241663 4.091874046886609 4.752973360285557 -2430.2631390010592 4.6290609876226866e-15 24.50095645871797 -3400.887194477629 1.935081581464193e-18 0.005731381353454977 0.20444814126032598
0.5597940913160251 -2.180250671441362 5.825854932973524 469.08593551116064 488.9667566868011 594.0753903985023 234.24148036912084 4.091874046886609 4.752973360285557 -2430.2631390010592 4.6290609876226866e-15 24.50095645871797 -3400.887194477629 1.935081581464193e-18 0.005731381353454977 0.20444814126032598
0.5509552372426133 -2.1448952551477194 5.932030788513102 471.41661879373714 489.2576061543077 598.6229764819145 229.8497942313552 4.091874046886609 4.752973360285557 -2430.2631390010592 4.6290609876226866e-15 24.50095645871797 -3400.887194477629 1.935081581464193e-18 0.005731381353454977 0.20444814126032598
0.5430984780662462 -2.113468218442257 6.03820664405268 473.79830607865006 489.6117161081638 602.7359308674932 225.74051260203123 4.091874046886609 4.752973360285557 -2430.2631390010592 4.6290609876226866e-15 24.50095645871797 -3400.887194477629 1.935081581464193e-18 0.005731381353454977 0.20444814126032598
0.5352417188898837 -2.0810590868397503 6.045349379722211 476.2262180172838 490.02963366988115 606.401864208281 221.9234913699329 4.091874046886609 4.752973360285557 -2430.2631390010592 4.6290609876226866e-15 24.50095645871797 -3400.887194477629 1.935081581464193e-18 0.005731381353454977 0.20444814126032598
0.5224744852282883 -2.0525783348254265 5.861766100291727 478.6958812265657 490.51180236646906 609.6115933284163 218.4059961810708 4.091874046886609 4.752973360285557 -2430.2631390010592 4.6290609876226866e-15 24.50095645871797 -3400.887194477629 1.935081581464193e-18 0.005731381353454977 0.20444814126032598
0.5097072515666975 -2.0240975828111027 5.861766100291858 481.2031282694079 491.0585621264763 612.3591415137053 215.19270243495703 4.091874046886609 4.752973360285557 -2430.2631390010592 4.6290609876226866e-15 24.50095645871797 -3400.887194477629 1.935081581464193e-18 0.005731381353454977 0.20444814126032598
0.49988630259624084 -1.9965989256938235 5.940161366758891 483.74409765703604 491.6701492841821 614.6417381390929 212.28569515421987 4.091874046886609 4.752973360285557 -2430.2631390010592 4.6290609876226866e-15 24.50095645871797 -3400.887194477629 1.935081581464193e-18 0.005731381353454977 0.20444814126032598
0.48417278424351123 -1.9661539838854079 5.806717887705906 486.31523385690525 492.3466965763364 616.4598189592361 209.68446922674775 4.091874046886609 4.752973360285557 -2430.2631390010592 4.6290609876226866e-15 24.50095645871797 -3400.887194477629 1.935081581464193e-18 0.005731381353454977 0.20444814126032598
0.4684592658907816 -1.9376732318710852 5.779019345700437 488.9132872913033 493.0882331421599 617.81702593714 207.38592919707298 4.091874046886609 4.752973360285557 -2430.2631390010592 4.6290609876226866e-15 24.50095645871797 -3400.887194477629 1.935081581464193e-18 0.005731381353454977 0.20444814126032598
0.4556920322291907 -1.9082103849597143 5.874277478228751 491.5353143350221 493.8946845259052 618.7202072888613 205.38438929989934 4.091874046886609 4.752973360285557 -2430.2631390010592 4.6290609876226866e-15 24.50095645871797 -3400.887194477629 1.935081581464193e-18 0.005731381353454977 0.20444814126032598
0.44292479856759537 -1.8797296329453905 5.861766100291727 494.17867730977014 494.76587267545983 619.1794175133109 203.67157355323434 4.091874046886609 4.752973360285557 -2430.2631390010592 4.6290609876226866e-15 24.50095645871797 -3400.887194477629 1.935081581464193e-18 0.005731381353454977 0.20444814126032598
0.43015756490600005 -1.8512488809310654 5.861766100291741 496.84104449721053 495.7015159409493 619.2079174220562 202.2366157323122 4.091874046886609 4.752973360285557 -2430.2631390010592 4.6290609876226866e-15 24.50095645871797 -3400.887194477629 1.935081581464193e-18 0.005731381353454977 0.20444814126032598
0.41739033124440467 -1.8227681289167417 5.861766100291727 499.52039012359455 496.701229077531 618.8221740052104 201.06605924665928 4.091874046886609 4.752973360285557 -2430.2631390010592 4.6290609876226866e-15 24.50095645871797 -3400.887194477629 1.935081581464193e-18 0.005731381353454977 0.20444814126032598
0.4075693822739481 -1.7972336615935542 5.91601147336137 502.2149943737313 497.7645232421346 618.0418606102467 200.14385729655623 4.091874046886609 4.752973360285557 -2430.2631390010592 4.6290609876226866e-15 24.50095645871797 -3400.887194477629 1.935081581464193e-18 0.005731381353454977 0.20444814126032598
0.393820053715308 -1.7697350044762763 5.819537698178747 504.9234433840029 498.89080599765293 616.8898567631841 199.45137279853225 4.091874046886609 4.752973360285557 -2430.2631390010592 4.6290609876226866e-15 24.50095645871797 -3400.887194477629 1.935081581464193e-18 0.005731381353454977 0.20444814126032598
0.3781065353625784 -1.7422363473589983 5.7640391929330805 507.644629241433 500.0793813080527 615.3922483250499 198.96737841516733 4.091874046886609 4.752973360285557 -2430.2631390010592 4.6290609876226866e-15 24.50095645871797 -3400.887194477629 1.935081581464193e-18 0.005731381353454977 0.20444814126032598
0.3800707251566679 -1.7127735004476285 0.2606023917472561 510.3777499878779 501.32944954233244 613.5783273726702 198.6680564507842 4.091874046886609 4.752973360285557 -2430.2631390010592 4.6290609876226866e-15 24.50095645871797 -3400.887194477629 1.935081581464193e-18 0.005731381353454977 0.20444814126032598
0.37417815577439484 -1.6842927484333048 -0.0 513.1223096167669 502.6401074731257 611.4805922955275 198.52699906378984 4.091874046886609 4.752973360285557 -2430.2631390010592 4.6290609876226866e-15 24.50095645871797 -3400.887194477629 1.935081581464193e-18 0.005731381353454977 0.20444814126032598
0.35355416293643693 -1.6558119964189797 5.805839924805927 515.8781180703081 504.0103482748382 609.1347476691008 198.51520807668567 4.091874046886609 4.752973360285557 -2430.2631390010592 4.6290609876226866e-15 24.50095645871797 -3400.887194477629 1.935081581464193e-18 0.005731381353454977 0.20444814126032598
0.32605550581916115 -1.6253670546105652 5.665993915639249 518.6452912492678 505.4390615269076 606.5797044411302 198.60109497979283 4.091874046886609 4.752973360285557 -2430.2631390010592 4.6290609876226866e-15 24.50095645871797 -3400.887194477629 1.935081581464193e-18 0.005731381353454977 0.20444814126032598
0.2936463742166571 -1.592957923008058 5.597455796273343 521.4242510083131 506.92503321310505 603.8575797453523 198.75048112869263 3.1190656416760474 3.663092234208145 -1854.2259744437656 -0.08952948947184355 21.772629044244862 -4075.6454879056605 -3.752283716338785e-05 0.004414302582913592 0.18090354054525057
0.2573088630259651 -1.557602506714415 5.572275933995949 524.2157251443714 508.4669457189739 601.0136969909072 198.92659747973084 3.1190656416760474 3.663092234208145 -1854.2259744437656 -0.08952948947184355 21.772629044244862 -4075.6454879056605 -3.752283716338785e-05 0.004414302582913592 0.18090354054525057
0.2150787824530045 -1.5183187108325888 5.536728486879202 527.0207474161871 510.06337783439085 598.0965858995914 199.09008476510644 3.1190656416760474 3.663092234208145 -1854.2259744437656 -0.08952948947184355 21.772629044244862 -4075.6454879056605 -3.752283716338785e-05 0.004414302582913592 0.18090354054525057
0.15909937332140375 -1.47510653536258 5.424235853293604 529.8406575354747 511.7128047531005 595.1579823866487 199.19899348914623 3.1190656416760474 3.663092234208145 -1854.2259744437656 -0.08952948947184355 21.772629044244862 -4075.6454879056605 -3.752283716338785e-05 0.004414302582913592 0.18090354054525057
0.09820948970457474 -1.426001790510297 5.441243706837328 532.6771011562087 513.4135980710853 592.2528287246823 199.20878380537033 3.1190656416760474 3.663092234208145 -1854.2259744437656 -0.08952948947184355 21.772629044244862 -4075.6454879056605 -3.752283716338785e-05 0.004414302582913592 0.18090354054525057
0.028480752014329445 -1.3680581915846035 5.449437757130233 535.5320298993029 515.1640257900581 589.4392733424902 199.07232562452555 3.1190656416760474 3.663092234208145 -1854.2259744437656 -0.08952948947184355 21.772629044244862 -4075.6454879056605 -3.752283716338785e-05 0.004414302582913592 0.18090354054525057
-0.06874664279318714 -1.3061862130707276 5.279118197908209 538.4077013269998 516.962252312107 586.778671041131 198.7398985773325 3.1190656416760474 3.663092234208145 -1854.2259744437656 -0.08952948947184355 21.772629044244862 -4075.6454879056605 -3.752283716338785e-05 0.004414302582913592 0.18090354054525057
-0.16204565801252466 -1.2443142345568503 5.297958498709153 541.3066789573058 518.806338447379 584.3355827406049 198.1591920927167 3.1190656416760474 3.663092234208145 -1854.2259744437656 -0.08952948947184355 21.772629044244862 -4075.6454879056605 -3.752283716338785e-05 0.004414302582913592 0.18090354054525057
-0.25043419874663836 -1.1804780662488814 5.337874020623903 544.2318322635256 520.6942414045334 582.1777758449316 197.27530520781875 3.1190656416760474 3.663092234208145 -1854.2259744437656 -0.08952948947184355 21.772629044244862 -4075.6454879056605 -3.752283716338785e-05 0.004414302582913592 0.18090354054525057
-0.3388227394807476 -1.1205702775290973 5.308044495750393 547.1863366705365 522.623814798193 580.3762238174677 196.0307467766106 3.1190656416760474 3.663092234208145 -1854.2259744437656 -0.08952948947184355 21.772629044244862 -4075.6454879056605 -3.752283716338785e-05 0.004414302582913592 0.18090354054525057
-0.42622918531781206 -1.0626266786034024 5.297794187175959 550.1736735515296 524.5928086482454 579.005106523633 194.36543534696102 3.1190656416760474 3.663092234208145 -1854.2259744437656 -0.08952948947184355 21.772629044244862 -4075.6454879056605 -3.752283716338785e-05 0.004414302582913592 0.18090354054525057
-0.5126535362578317 -1.0095935541629373 5.26277492806147 553.1976302345283 526.5988693744875 578.1418100073934 192.21669919416308 3.1190656416760474 3.663092234208145 -1854.2259744437656 -0.08952948947184355 21.772629044244862 -4075.6454879056605 -3.752283716338785e-05 0.004414302582913592 0.18090354054525057
-0.5980957923008022 -0.9595067144136084 5.242604753161331 556.2623000075109 528.6395398036111 577.8669265806675 189.51927633583546 3.1190656416760474 3.663092234208145 -1854.2259744437656 -0.08952948947184355 21.772629044244862 -4075.6454879056605 -3.752283716338785e-05 0.004414302582913592 0.18090354054525057
-0.6737170993733161 -0.913348254252462 5.260412896808981 559.3720820979215 530.7122591631487 578.2642549201846 186.2053145058453 3.1190656416760474 3.663092234208145 -1854.2259744437656 -0.08952948947184355 21.772629044244862 -4075.6454879056605 -3.752283716338785e-05 0.004414302582913592 0.18090354054525057
-0.7444279319606062 -0.8711181736794981 5.25076349373091 562.5316816964187 532.8143630865961 579.4207998290658 182.20437114685774 3.1190656416760474 3.663092234208145 -1854.2259744437656 -0.08952948947184355 21.772629044244862 -4075.6454879056605 -3.752283716338785e-05 0.004414302582913592 0.18090354054525057
-0.808264100268574 -0.8357627573858553 5.218180295979082 565.7461099401116 534.9430836082902 581.4267725124955 177.44341346248984 3.1190656416760474 3.663092234208145 -1854.2259744437656 -0.08952948947184355 21.772629044244862 -4075.6454879056605 -3.752283716338785e-05 0.004414302582913592 0.18090354054525057
-0.8652256042972194 -0.8043357206803948 5.216554941863853 569.0206839214079 537.0955491687637 584.3755903542042 171.84681837633252 3.1190656416760474 3.663092234208145 -1854.2259744437656 -0.08952948947184355 21.772629044244862 -4075.6454879056605 -3.752283716338785e-05 0.004414302582913592 0.18090354054525057
-0.9280796777081425 -0.7729086839749334 5.176036589385496 572.361026682891 539.2687846096233 588.3638769686222 165.3363725170493 3.1190656416760474 3.663092234208145 -1854.2259744437656 -0.08952948947184355 21.772629044244862 -4075.6454879056605 -3.752283716338785e-05 0.004414302582913592 0.18090354054525057
-0.9870053715308819 -0.7385353625783353 5.240463428811049 575.7730672252364 541.4597111796029 593.4914623349905 157.83127226680517 3.1190656416760474 3.663092234208145 -1854.2259744437656 -0.08952948947184355 21.772629044244862 -4075.6454879056605 -3.752283716338785e-05 0.004414302582913592 0.18090354054525057
-1.0459310653536258 -0.7002336615935549 5.2887642009758355 579.2630404918455 543.6651465266477 599.86138266325 149.24812373518944 3.1190656416760474 3.663092234208145 -1854.2259744437656 -0.08952948947184355 21.772629044244862 -4075.6454879056605 -3.752283716338785e-05 0.004414302582913592 0.18090354054525057
-1.1038746642793207 -0.6589856759176368 5.331033331309435 582.8374873884022 545.8818047037348 607.5798803642392 139.5009427294135 3.1190656416760474 3.663092234208145 -1854.2259744437656 -0.08952948947184355 21.772629044244862 -4075.6454879056605 -3.752283716338785e-05 0.004414302582913592 0.18090354054525057
-1.1628003581020556 -0.6147914055505822 5.35589008917801 586.5032547730953 548.1062961700372 616.756404235959 128.50115479528904 3.1190656416760474 3.663092234208145 -1854.2259744437656 -0.08952948947184355 21.772629044244862 -4075.6454879056605 -3.752283716338785e-05 0.004414302582913592 0.18090354054525057
-1.2207439570277503 -0.5715792300805734 5.353172704562188 590.2674954463728 550.3351277841721 627.5036092326045 116.15759525448084 3.1190656416760474 3.663092234208145 -1854.2259744437656 -0.08952948947184355 21.772629044244862 -4075.6454879056605 -3.752283716338785e-05 0.004414302582913592 0.18090354054525057
-1.2806517457475302 -0.5273849597135188 5.347974687209283 594.1376681677066 552.5647028109524 639.9373565986753 102.376509077847 3.1190656416760474 3.663092234208145 -1854.2259744437656 -0.08952948947184355 21.772629044244862 -4075.6454879056605 -3.752283716338785e-05 0.004414302582913592 0.18090354054525057
-1.3405595344673233 -0.4822085944494183 5.358507884245229 598.1215376537293 554.7913209183607 654.1767139136791 87.0615510083735 3.1190656416760474 3.663092234208145 -1854.2259744437656 -0.08952948947184355 21.772629044244862 -4075.6454879056605 -3.752283716338785e-05 0.004414302582913592 0.18090354054525057
-1.4034136078782418 -0.4399785138764555 5.303988690719822 602.227174569387 557.0111781777814 670.3439549207687 70.11378553882241 3.1190656416760474 3.663092234208145 -1854.2259744437656 -0.08952948947184355 21.772629044244862 -4075.6454879056605 -3.752283716338785e-05 0.004414302582913592 0.18090354054525057
-1.472160250671438 -0.39774843330349263 5.263246514916402 606.4629555246793 559.2203670621384 688.564559713006 51.43168682605028 3.1190656416760474 3.663092234208145 -1854.2259744437656 -0.08952948947184355 21.772629044244862 -4075.6454879056605 -3.752283716338785e-05 0.004414302582913592 0.18090354054525057
-1.5369785138764505 -0.3574825425246204 5.268259789538856 610.8375630970113 561.4148764519487 708.9672145619988 30.911138776689768 3.1190656416760474 3.663092234208145 -1854.2259744437656 -0.08952948947184355 21.772629044244862 -4075.6454879056605 -3.752283716338785e-05 0.004414302582913592 0.18090354054525057
-1.5988504923903286 -0.32016293643688587 5.255139478764383 615.3599858074449 563.5905916278716 731.6838121414185 8.445435091853142 3.1190656416760474 3.663092234208145 -1854.2259744437656 -0.08952948947184355 21.772629044244862 -4075.6454879056605 -3.752283716338785e-05 0.004414302582913592 0.18090354054525057
-1.6567940913160188 -0.2867717099373326 5.23517806576513 620.0395181230269 565.7432942755986 756.8494511544704 -16.0747208930552 3.1190656416760474 3.663092234208145 -1854.2259744437656 -0.08952948947184355 21.772629044244862 -4075.6454879056605 -3.752283716338785e-05 0.004414302582913592 0.18090354054525057
