20 -0.7444279319606151 0.6884485228290055 3.463343207986492 -0.7071083258728739 -0.18070546105640198
-0.7444279319606151 0.6884485228290055 3.463343207986492 695.4769687056541 562.9892028272152 518.5221786499023 283.20025634765625 4.0570064765156655 4.756136165368397 -2382.739759945331 -0.11011077808466342 24.13244078364938 -3123.7336371245156 -3.751644909187872e-05 0.0057506093525803445 0.2605199365609059
-0.7542488809310717 0.6629140555058192 3.5087664874080238 693.2792714238167 563.4010399580002 501.44294357299805 281.0212173461914 4.0570064765156655 4.756136165368397 -2382.739759945331 -0.11011077808466342 24.13244078364938 -3123.7336371245156 -3.751644909187872e-05 0.0057506093525803445 0.2605199365609059
-0.7640698299015238 0.6334512085944495 3.463343207986299 690.8270670175552 563.8345304429531 498.460018157959 293.5595703125 4.0570064765156655 4.756136165368397 -2382.739759945331 -0.11011077808466342 24.13244078364938 -3123.7336371245156 -3.751644909187872e-05 0.0057506093525803445 0.2605199365609059
-0.7758549686660698 0.602024171888989 3.5003633238603222 688.1018440127373 564.2661515027285 505.26531982421875 315.8219757080078 4.0570064765156655 4.756136165368397 -2382.739759945331 -0.11011077808466342 24.13244078364938 -3123.7336371245156 -3.751644909187872e-05 0.0057506093525803445 0.2605199365609059
-0.781747538048343 0.5656866606982993 3.302355394215602 685.0933740139008 564.6748116612434 518.1076812744141 343.47667694091797 4.0570064765156655 4.756136165368397 -2382.739759945331 -0.11011077808466342 24.13244078364938 -3123.7336371245156 -3.751644909187872e-05 0.0057506093525803445 0.2605199365609059
-0.7837117278424325 0.52738495971352 3.192829820993167 681.7997111678123 565.0418511629105 533.7927932739258 372.853271484375 4.0570064765156655 4.756136165368397 -2382.739759945331 -0.11011077808466342 24.13244078364938 -3123.7336371245156 -3.751644909187872e-05 0.0057506093525803445 0.2605199365609059
-0.785675917636522 0.4881011638316914 3.1915510493116876 678.2271923422813 565.3510416150093 549.683219909668 400.9429702758789 4.0570064765156655 4.756136165368397 -2382.739759945331 -0.11011077808466342 24.13244078364938 -3123.7336371245156 -3.751644909187872e-05 0.0057506093525803445 0.2605199365609059
-0.7935326768128935 0.4439068934646379 3.3175322790424624 674.3904368877411 565.5885860621929 563.6983604431152 425.3984260559082 4.0570064765156655 4.756136165368397 -2382.739759945331 -0.11011077808466342 24.13244078364938 -3123.7336371245156 -3.751644909187872e-05 0.0057506093525803445 0.2605199365609059
-0.8013894359892562 0.39676633840644565 3.3067413310043623 670.3123467564583 565.743119224906 574.3145027160645 444.53378677368164 4.0570064765156655 4.756136165368397 -2382.739759945331 -0.11011077808466342 24.13244078364938 -3123.7336371245156 -3.751644909187872e-05 0.0057506093525803445 0.2605199365609059
-0.8053178155774396 0.3466794986571157 3.219863794111087 666.0241069793701 565.8057072609663 580.5647621154785 457.3246765136719 4.0570064765156655 4.756136165368397 -2382.739759945331 -0.11011077808466342 24.13244078364938 -3123.7336371245156 -3.751644909187872e-05 0.0057506093525803445 0.2605199365609059
-0.8033536257833457 0.29462846911369633 3.1038747011228773 661.56518471241 565.7698477804661 582.0391387939453 463.40825271606445 4.0570064765156655 4.756136165368397 -2382.739759945331 -0.11011077808466342 24.13244078364938 -3123.7336371245156 -3.751644909187872e-05 0.0057506093525803445 0.2605199365609059
-0.7994252461951621 0.24061324977618512 3.0689931998592823 656.9833299517632 565.6314699202776 578.8844947814941 463.0830993652344 4.0570064765156655 4.756136165368397 -2382.739759945331 -0.11011077808466342 24.13244078364938 -3123.7336371245156 -3.751644909187872e-05 0.0057506093525803445 0.2605199365609059
-0.7954968666069786 0.18659803043867393 3.0689931998592823 652.3345754742622 565.3889343738556 571.8045387268066 457.30936431884766 4.0570064765156655 4.756136165368397 -2382.739759945331 -0.11011077808466342 24.13244078364938 -3123.7336371245156 -3.751644909187872e-05 0.0057506093525803445 0.2605199365609059
-0.7856759176365264 0.1325828111011627 2.961739153797395 647.6832366585732 565.0430331677198 562.0598564147949 447.70865631103516 4.0570064765156655 4.756136165368397 -2382.739759945331 -0.11011077808466342 24.13244078364938 -3123.7336371245156 -3.751644909187872e-05 0.0057506093525803445 0.2605199365609059
-0.7738907788719803 0.08151387645478805 2.9147938055359424 643.1019112467766 564.5969900935888 551.4678916931152 436.5640449523926 4.0570064765156655 4.756136165368397 -2382.739759945331 -0.11011077808466342 24.13244078364938 -3123.7336371245156 -3.751644909187872e-05 0.0057506093525803445 0.2605199365609059
-0.7660340196956088 0.032409131602507385 2.9829373914032606 638.6714798808098 564.0564601421356 542.4029541015625 426.82014083862305 4.0570064765156655 4.756136165368397 -2382.739759945331 -0.11011077808466342 24.13244078364938 -3123.7336371245156 -3.751644909187872e-05 0.0057506093525803445 0.2605199365609059
-0.7562130707251568 -0.016695613249777752 2.9441970937400086 634.4811060428619 563.4295300245285 537.7961730957031 422.0830078125 4.0570064765156655 4.756136165368397 -2382.739759945331 -0.11011077808466342 24.13244078364938 -3123.7336371245156 -3.751644909187872e-05 0.0057506093525803445 0.2605199365609059
-0.7404995523724226 -0.06187197851387713 2.806855816272902 630.6282354593277 562.7267179340124 541.1356201171875 426.6202201843262 4.0570064765156655 4.756136165368397 -2382.739759945331 -0.11011077808466342 24.13244078364938 -3123.7336371245156 -3.751644909187872e-05 0.0057506093525803445 0.2605199365609059
-0.7267502238137825 -0.10311996418979633 2.819842099193143 627.2185966968536 561.9609734416008 556.4661254882812 445.3608512878418 4.0570064765156655 4.756136165368397 -2382.739759945331 -0.11011077808466342 24.13244078364938 -3123.7336371245156 -3.751644909187872e-05 0.0057506093525803445 0.2605199365609059
-0.7149650850492364 -0.14240376007162264 2.8501358591119677 624.366200864315 561.147677809 588.389476776123 483.89543533325195 4.0570064765156655 4.756136165368397 -2382.739759945331 -0.11011077808466342 24.13244078364938 -3123.7336371245156 -3.751644909187872e-05 0.0057506093525803445 0.2605199365609059
-0.7071083258728739 -0.18070546105640198 2.93927102521155 615.715690612793 556.2208824157715 605.4362907409668 529.5444869995117 4.0570064765156655 4.756136165368397 -2382.739759945331 -0.11011077808466342 24.13244078364938 -3123.7336371245156 -3.751644909187872e-05 0.0057506093525803445 0.2605199365609059
-0.7031799462846903 -0.21704297224709065 3.0339027827569462 621.1177406311035 564.6832275390625 577.3150062561035 529.3026123046875 4.0570064765156655 4.756136165368397 -2382.739759945331 -0.11011077808466342 24.13244078364938 -3123.7336371245156 -3.751644909187872e-05 0.0057506093525803445 0.2605199365609059
-0.7051441360787843 -0.2523983885407357 3.1970911588355833 619.1899070739746 566.050422668457 565.3258094787598 510.7217712402344 4.0570064765156655 4.756136165368397 -2382.739759945331 -0.11011077808466342 24.13244078364938 -3123.7336371245156 -3.751644909187872e-05 0.0057506093525803445 0.2605199365609059
-0.7130008952551469 -0.2887358997314244 3.3545310031691233 613.4465827941895 563.7380599975586 564.5245170593262 481.9350891113281 4.0570064765156655 4.756136165368397 -2382.739759945331 -0.11011077808466342 24.13244078364938 -3123.7336371245156 -3.751644909187872e-05 0.0057506093525803445 0.2605199365609059
-0.724786034019693 -0.3240913160250683 3.4633432079863877 606.6277389526367 560.4018402099609 570.7082862854004 449.5923080444336 4.0570064765156655 4.756136165368397 -2382.739759945331 -0.11011077808466342 24.13244078364938 -3123.7336371245156 -3.751644909187872e-05 0.0057506093525803445 0.2605199365609059
-0.7346069829901496 -0.3594467323187122 3.412539503928212 600.6988716125488 557.9372215270996 580.415470123291 418.85985565185547 4.0570064765156655 4.756136165368397 -2382.739759945331 -0.11011077808466342 24.13244078364938 -3123.7336371245156 -3.751644909187872e-05 0.0057506093525803445 0.2605199365609059
-0.7424637421665167 -0.39283795881826433 3.3726833207857423 596.8510322570801 557.4797401428223 590.925838470459 393.42093658447266 4.0570064765156655 4.756136165368397 -2382.739759945331 -0.11011077808466342 24.13244078364938 -3123.7336371245156 -3.751644909187872e-05 0.0057506093525803445 0.2605199365609059
-0.7483563115487941 -0.42328290062667884 3.332777113186926 595.5008583068848 559.4048271179199 600.2604179382324 375.4753189086914 4.0570064765156655 4.756136165368397 -2382.739759945331 -0.11011077808466342 24.13244078364938 -3123.7336371245156 -3.751644909187872e-05 0.0057506093525803445 0.2605199365609059
-0.7542488809310717 -0.45372784243509334 3.332777113186926 596.2905387878418 563.3278694152832 607.181510925293 365.7396697998047 4.0570064765156655 4.756136165368397 -2382.739759945331 -0.11011077808466342 24.13244078364938 -3123.7336371245156 -3.751644909187872e-05 0.0057506093525803445 0.2605199365609059
-0.7621056401074388 -0.484172784243509 3.394146929367906 598.0878448486328 568.1042060852051 611.1928291320801 363.44715881347656 4.0570064765156655 4.756136165368397 -2382.739759945331 -0.11011077808466342 24.13244078364938 -3123.7336371245156 -3.751644909187872e-05 0.0057506093525803445 0.2605199365609059
-0.7719265890778952 -0.5136356311548788 3.4633432079864352 598.9860343933105 571.8290901184082 612.5393180847168 366.3478240966797 4.0570064765156655 4.756136165368397 -2382.739759945331 -0.11011077808466342 24.13244078364938 -3123.7336371245156 -3.751644909187872e-05 0.0057506093525803445 0.2605199365609059
-0.7778191584601684 -0.5440805729632955 3.3327771131867707 596.3039665222168 571.8377456665039 612.207202911377 370.7082061767578 4.0570064765156655 4.756136165368397 -2382.739759945331 -0.11011077808466342 24.13244078364938 -3123.7336371245156 -3.751644909187872e-05 0.0057506093525803445 0.2605199365609059
-0.7778191584601639 -0.5715792300805734 3.141592653589631 586.5860977172852 564.7053527832031 611.9241027832031 371.3117218017578 4.0570064765156655 4.756136165368397 -2382.739759945331 -0.11011077808466342 24.13244078364938 -3123.7336371245156 -3.751644909187872e-05 0.0057506093525803445 0.2605199365609059
-0.7738907788719849 -0.5971136974037596 2.9889433251946596 565.6023750305176 546.2470245361328 614.1588745117188 361.4583511352539 4.0570064765156655 4.756136165368397 -2382.739759945331 -0.11011077808466342 24.13244078364938 -3123.7336371245156 -3.751644909187872e-05 0.0057506093525803445 0.2605199365609059
-0.6933589973142337 -0.5499731423455674 1.8250956254640371 528.3483467102051 511.517765045166 622.1217269897461 332.9649429321289 4.0570064765156655 4.756136165368397 -2382.739759945331 -0.11011077808466342 24.13244078364938 -3123.7336371245156 -3.751644909187872e-05 0.0057506093525803445 0.2605199365609059
-0.6128272157564916 -0.49988630259623973 1.8241577456151519 469.0450782775879 454.8126564025879 639.7641563415527 276.16480255126953 4.0570064765156655 4.756136165368397 -2382.739759945331 -0.11011077808466342 24.13244078364938 -3123.7336371245156 -3.751644909187872e-05 0.0057506093525803445 0.2605199365609059
-0.5362238137869328 -0.44783527305282145 1.8238557806052536 381.13923263549805 369.6665840148926 671.7789649963379 179.90819549560547 4.0570064765156655 4.756136165368397 -2382.739759945331 -0.11011077808466342 24.13244078364938 -3123.7336371245156 -3.751644909187872e-05 0.0057506093525803445 0.2605199365609059
