24 -1.346452103849601 0.47533393017009606 0.9272952180016577 -1.1667287376902435 0.12570814682184492
-1.346452103849601 0.47533393017009606 0.9272952180016577 676.1073021134362 555.0409920066595 658.3479375205934 160.6581940583419 3.2325855598169806 3.7593481604337056 -1945.5095370049798 0.04552165278922532 22.13912157159089 -4271.603110342554 1.9078647438904283e-05 0.004513095408588209 0.12551928423747455
-1.3307385854968712 0.4871190689346433 0.9272952180016122 676.9018769515678 554.5848574712873 655.6600587405264 165.66619034088217 3.2325855598169806 3.7593481604337056 -1945.5095370049798 0.04552165278922532 22.13912157159089 -4271.603110342554 1.9078647438904283e-05 0.004513095408588209 0.12551928423747455
-1.3091324977618686 0.49595792300805625 1.1824776086223219 677.5001976117492 554.0162236765027 652.8339616693556 171.34031617548317 3.2325855598169806 3.7593481604337056 -1945.5095370049798 0.04552165278922532 22.13912157159089 -4271.603110342554 1.9078647438904283e-05 0.004513095408588209 0.12551928423747455
-1.290472694718 0.5008683974932845 1.3134726118238198 677.9068206995726 553.3764568045735 649.8806121200323 177.6907874259632 3.2325855598169806 3.7593481604337056 -1945.5095370049798 0.04552165278922532 22.13912157159089 -4271.603110342554 1.9078647438904283e-05 0.004513095408588209 0.12551928423747455
-1.2718128916741362 0.5028325872873762 1.396124127786554 678.1259319856763 552.7023968100548 646.8095112219453 184.72792877373286 3.2325855598169806 3.7593481604337056 -1945.5095370049798 0.04552165278922532 22.13912157159089 -4271.603110342554 1.9078647438904283e-05 0.004513095408588209 0.12551928423747455
-1.2531530886302633 0.5028325872873762 1.51204050407917 678.161346421577 552.0263575166464 643.6286953240633 192.46217371535022 3.2325855598169806 3.7593481604337056 -1945.5095370049798 0.04552165278922532 22.13912157159089 -4271.603110342554 1.9078647438904283e-05 0.004513095408588209 0.12551928423747455
-1.2335111906893412 0.4998863025962386 1.6814535479687784 678.0165081294253 551.3761264532804 640.3447360396385 200.90406456426717 3.2325855598169806 3.7593481604337056 -1945.5095370049798 0.04552165278922532 22.13912157159089 -4271.603110342554 1.9078647438904283e-05 0.004513095408588209 0.12551928423747455
-1.2109230080572937 0.4949758281110103 1.759017832099665 677.6944904010743 550.7749649733305 636.9627402350307 210.06425245059654 3.2325855598169806 3.7593481604337056 -1945.5095370049798 0.04552165278922532 22.13912157159089 -4271.603110342554 1.9078647438904283e-05 0.004513095408588209 0.12551928423747455
-1.1912811101163805 0.48810116383168917 1.8925468811916526 677.197995708324 550.2416083440185 633.4863500408828 219.9534973204136 3.2497579893847557 3.7682239614020294 -1956.9530183058555 0.09158349037690364 22.239152797401623 -4333.240830617442 3.838369253013562e-05 0.004529335416049745 0.11001126749989244
-1.175567591763651 0.4792623097582807 2.089942441041306 676.5293556945398 549.7902654483914 629.9177428148687 230.58266793598887 3.2497579893847557 3.7682239614020294 -1956.9530183058555 0.09158349037690364 22.239152797401623 -4333.240830617442 3.838369253013562e-05 0.004529335416049745 0.11001126749989244
-1.1657466427931944 0.469441360787823 2.414950312908287 675.690531170927 549.4306191504002 626.2576312273741 241.96274187602103 3.2497579893847557 3.7682239614020294 -1956.9530183058555 0.09158349037690364 22.239152797401623 -4333.240830617442 3.838369253013562e-05 0.004529335416049745 0.11001126749989244
-1.1588719785138721 0.4566741271262299 2.7468015338896885 674.6831121305004 549.1678260117769 622.5052631571889 254.10480553668458 3.2497579893847557 3.7682239614020294 -1956.9530183058555 0.09158349037690364 22.239152797401623 -4333.240830617442 3.838369253013562e-05 0.004529335416049745 0.11001126749989244
-1.154943598925684 0.44096060877350024 3.0090411212929404 673.5083177322522 549.0025163888931 618.6584217362106 267.0200541288359 3.2497579893847557 3.7682239614020294 -1956.9530183058555 0.09158349037690364 22.239152797401623 -4333.240830617442 3.838369253013562e-05 0.004529335416049745 0.11001126749989244
-1.151015219337505 0.4242649955237225 3.0172376590431544 672.1669963151217 548.9307944998145 614.7134253941476 280.71979168220423 3.2497579893847557 3.7682239614020294 -1956.9530183058555 0.09158349037690364 22.239152797401623 -4333.240830617442 3.838369253013562e-05 0.004529335416049745 0.11001126749989244
-1.1470868397493215 0.407569382273947 2.9105019863938364 670.6596253812313 548.9442382976413 610.6651277765632 295.2154310392216 3.2497579893847557 3.7682239614020294 -1956.9530183058555 0.09158349037690364 22.239152797401623 -4333.240830617442 3.838369253013562e-05 0.004529335416049745 0.11001126749989244
-1.1470868397493215 0.3879274843330338 3.141592653589793 668.986311621964 549.029899597168 606.5069177933037 310.5184938617749 3.2497579893847557 3.7682239614020294 -1956.9530183058555 0.09158349037690364 22.239152797401623 -4333.240830617442 3.838369253013562e-05 0.004529335416049745 0.11001126749989244
-1.1539615040286437 0.36435720680393824 3.425386762798228 667.1467908881605 549.1703040078282 602.2307196184993 326.6406106281793 3.2497579893847557 3.7682239614020294 -1956.9530183058555 0.09158349037690364 22.239152797401623 -4333.240830617442 3.838369253013562e-05 0.004529335416049745 0.11001126749989244
-1.160836168307966 0.33784064458370616 3.3952667497285365 665.1404282106087 549.3434508368373 597.8269926682115 343.5935206300346 3.2497579893847557 3.7682239614020294 -1956.9530183058555 0.09158349037690364 22.239152797401623 -4333.240830617442 3.838369253013562e-05 0.004529335416049745 0.11001126749989244
-1.170657117278427 0.31034198746642705 3.4846165940106326 662.9662177879363 549.5228133648634 593.2847316600382 361.3890719785122 3.2497579893847557 3.7682239614020294 -1956.9530183058555 0.09158349037690364 22.239152797401623 -4333.240830617442 3.838369253013562e-05 0.004529335416049745 0.11001126749989244
-1.1775317815577448 0.2828433303491491 3.3865713167165996 660.622783000581 549.6773385480046 588.5914664939046 380.039221600513 3.2497579893847557 3.7682239614020294 -1956.9530183058555 0.09158349037690364 22.239152797401623 -4333.240830617442 3.838369253013562e-05 0.004529335416049745 0.11001126749989244
-1.1785138764547853 0.25239838854073343 3.173839536024871 658.1083763949573 549.7714471891522 583.7332623787224 399.5560352380853 3.2497579893847557 3.7682239614020294 -1956.9530183058555 0.09158349037690364 22.239152797401623 -4333.240830617442 3.838369253013562e-05 0.004529335416049745 0.11001126749989244
-1.175567591763651 0.22195344673231784 3.0451188784072944 655.4208796937019 549.7650338709354 578.6947197541595 419.9516874506371 3.2497579893847557 3.7682239614020294 -1956.9530183058555 0.09158349037690364 22.239152797401623 -4333.240830617442 3.838369253013562e-05 0.004529335416049745 0.11001126749989244
-1.1726213070725122 0.18954431512981268 3.050932766388989 652.557803795673 549.6134670302272 573.4589743576944 441.2384616137715 3.2497579893847557 3.7682239614020294 -1956.9530183058555 0.09158349037690364 22.239152797401623 -4333.240830617442 3.838369253013562e-05 0.004529335416049745 0.11001126749989244
-1.1696750223813779 0.15713518352730418 3.0509327663891352 649.5162887685001 549.2675888389349 568.0076971016824 463.42874992010184 3.2497579893847557 3.7682239614020294 -1956.9530183058555 0.09158349037690364 22.239152797401623 -4333.240830617442 3.838369253013562e-05 0.004529335416049745 0.11001126749989244
-1.1667287376902435 0.12570814682184492 3.048115872431283 660.6456954907626 553.0704447806347 565.38051334396 521.6537543963641 3.2497579893847557 3.7682239614020294 -1956.9530183058555 0.09158349037690364 22.239152797401623 -4333.240830617442 3.838369253013562e-05 0.004529335416049745 0.11001126749989244
-1.156907788719787 0.09526320501342928 2.829550532027262 653.9402662068605 551.8363568307832 558.4681951850653 514.1649321895093 3.2497579893847557 3.7682239614020294 -1956.9530183058555 0.09158349037690364 22.239152797401623 -4333.240830617442 3.838369253013562e-05 0.004529335416049745 0.11001126749989244
-1.1441405550581871 0.06874664279319719 2.692869309578871 647.9246323183179 550.6262806185987 552.6843407079577 506.2757676858455 3.2497579893847557 3.7682239614020294 -1956.9530183058555 0.09158349037690364 22.239152797401623 -4333.240830617442 3.838369253013562e-05 0.004529335416049745 0.11001126749989244
-1.1343196060877305 0.04223008057296397 2.7868870015788585 642.5659133270383 549.4429762861691 547.9694177471101 498.0236201342195 3.2497579893847557 3.7682239614020294 -1956.9530183058555 0.09158349037690364 22.239152797401623 -4333.240830617442 3.838369253013562e-05 0.004529335416049745 0.11001126749989244
-1.1244986571172741 0.015713518352730754 2.7868870015788585 637.8318849094212 548.2890653773211 544.2651787921786 489.4448685850948 3.2497579893847557 3.7682239614020294 -1956.9530183058555 0.09158349037690364 22.239152797401623 -4333.240830617442 3.838369253013562e-05 0.004529335416049745 0.11001126749989244
-1.1176239928379563 -0.009820948970456581 2.8785979219089413 633.6909789126366 547.1670308355242 541.5146611221135 480.5749118756503 3.2497579893847557 3.7682239614020294 -1956.9530183058555 0.09158349037690364 22.239152797401623 -4333.240830617442 3.838369253013562e-05 0.004529335416049745 0.11001126749989244
-1.1107493285586385 -0.03240913160250627 2.84615181644614 630.1122833378613 546.0792169978376 539.6621867157519 471.4481686167419 3.2497579893847557 3.7682239614020294 -1956.9530183058555 0.09158349037690364 22.239152797401623 -4333.240830617442 3.838369253013562e-05 0.004529335416049745 0.11001126749989244
-1.104856759176361 -0.054997314234557074 2.886410262968834 627.0655423607677 545.0278296044562 538.6533622890711 462.0980772282928 3.2497579893847557 3.7682239614020294 -1956.9530183058555 0.09158349037690364 22.239152797401623 -4333.240830617442 3.838369253013562e-05 0.004529335416049745 0.11001126749989244
-1.0920895255147656 -0.07365711727842547 2.541542440187997 624.5211563333869 544.0149357924238 538.4350793100893 452.5570959188044 3.2497579893847557 3.7682239614020294 -1956.9530183058555 0.09158349037690364 22.239152797401623 -4333.240830617442 3.838369253013562e-05 0.004529335416049745 0.11001126749989244
-1.0695013428827136 -0.09035273052820099 2.207304542582791 622.4501817617565 543.0424640965648 538.9555139616132 442.85670265741646 3.2497579893847557 3.7682239614020294 -1956.9530183058555 0.09158349037690364 22.239152797401623 -4333.240830617442 3.838369253013562e-05 0.004529335416049745 0.11001126749989244
-1.0410205908683932 -0.10901253357206828 2.1507991010026295 620.8243313301355 542.1122044529766 540.1641271449625 433.02739524655044 3.2497579893847557 3.7682239614020294 -1956.9530183058555 0.09158349037690364 22.239152797401623 -4333.240830617442 3.838369253013562e-05 0.004529335416049745 0.11001126749989244
-1.0086114592658846 -0.1266902417188908 2.0701430484750194 619.6159738898277 541.2258081932086 542.0116645246744 423.09869125671685 3.2497579893847557 3.7682239614020294 -1956.9530183058555 0.09158349037690364 22.239152797401623 -4333.240830617442 3.838369253013562e-05 0.004529335416049745 0.11001126749989244
-0.966381378692924 -0.1433858549686663 1.9472866612414275 618.7981344442815 540.3847880489193 544.4501564539969 413.09912803582847 3.2497579893847557 3.7682239614020294 -1956.9530183058555 0.09158349037690364 22.239152797401623 -4333.240830617442 3.838369253013562e-05 0.004529335416049745 0.11001126749989244
-0.9172766338406366 -0.15811727842435117 1.8622531212727387 618.344494195655 539.5905181495473 547.432918086648 403.05626272037625 3.2497579893847557 3.7682239614020294 -1956.9530183058555 0.09158349037690364 22.239152797401623 -4333.240830617442 3.838369253013562e-05 0.004529335416049745 0.11001126749989244
-0.8612972247090359 -0.1699024171888995 1.7782925532301133 618.2293904814869 538.8442340269685 550.9145492389798 392.9966722819954 3.2497579893847557 3.7682239614020294 -1956.9530183058555 0.09158349037690364 22.239152797401623 -4333.240830617442 3.838369253013562e-05 0.004529335416049745 0.11001126749989244
-0.8023715308863009 -0.17775917636526434 1.7033478590915732 618.427816838026 538.1470326038543 554.8509345017374 382.9459534417838 3.2497579893847557 3.7682239614020294 -1956.9530183058555 0.09158349037690364 22.239152797401623 -4333.240830617442 3.838369253013562e-05 0.004529335416049745 0.11001126749989244
-0.7463921217547002 -0.18266965085049264 1.6582916675972907 618.9154229369015 537.4998722076416 559.199243158102 372.9287226963788 3.2497579893847557 3.7682239614020294 -1956.9530183058555 0.09158349037690364 22.239152797401623 -4333.240830617442 3.838369253013562e-05 0.004529335416049745 0.11001126749989244
-0.700233661593556 -0.18266965085049264 3.141592653589793 619.6685146447271 536.903572563082 563.9179292619228 362.96861636452377 3.2497579893847557 3.7682239614020294 -1956.9530183058555 0.09158349037690364 22.239152797401623 -4333.240830617442 3.838369253013562e-05 0.004529335416049745 0.11001126749989244
-0.6678245299910475 -0.18070546105640198 1.5102643070128134 620.6640539783984 536.3588147927076 568.9667315855622 353.08829055354 3.2497579893847557 3.7682239614020294 -1956.9530183058555 0.09158349037690364 22.239152797401623 -4333.240830617442 3.838369253013562e-05 0.004529335416049745 0.11001126749989244
-0.6452363473589866 -0.17775917636526434 1.4410937896390161 621.879659127444 535.8661414170638 574.3066736273468 343.30942113883793 3.2497579893847557 3.7682239614020294 -1956.9530183058555 0.09158349037690364 22.239152797401623 -4333.240830617442 3.838369253013562e-05 0.004529335416049745 0.11001126749989244
-0.6285407341092123 -0.17186660698299128 1.2315037123408659 623.2936044633389 535.4259563582018 579.9000636301935 333.65270380117 3.2497579893847557 3.7682239614020294 -1956.9530183058555 0.09158349037690364 22.239152797401623 -4333.240830617442 3.838369253013562e-05 0.004529335416049745 0.11001126749989244
-0.6187197851387557 -0.1620456580125347 0.7853981633974483 624.8848205115646 535.0385249333922 585.7104945406318 324.13785400800407 3.2497579893847557 3.7682239614020294 -1956.9530183058555 0.09158349037690364 22.239152797401623 -4333.240830617442 3.838369253013562e-05 0.004529335416049745 0.11001126749989244
-0.6147914055505767 -0.15026051924798636 0.32175055439635797 626.6328939590603 534.7039738602471 591.7028440497816 314.78360701724887 3.2497579893847557 3.7682239614020294 -1956.9530183058555 0.09158349037690364 22.239152797401623 -4333.240830617442 3.838369253013562e-05 0.004529335416049745 0.11001126749989244
-0.6216660698298989 -0.13258281110116496 5.912294018366784 628.518067676574 534.4222912527621 597.8432746194303 305.60771784745157 3.2497579893847557 3.7682239614020294 -1956.9530183058555 0.09158349037690364 22.239152797401623 -4333.240830617442 3.838369253013562e-05 0.004529335416049745 0.11001126749989244
-0.635415398388539 -0.11195881826320592 5.6951827036319935 630.5212406907231 534.1933266264386 604.0992333963513 296.62696136906743 3.2497579893847557 3.7682239614020294 -1956.9530183058555 0.09158349037690364 22.239152797401623 -4333.240830617442 3.838369253013562e-05 0.004529335416049745 0.11001126749989244
-0.625594449418078 -0.09133482542524575 0.05258306161113015 632.6239682082087 534.0167908945587 610.4394522719085 287.8571321852505 3.2497579893847557 3.7682239614020294 -1956.9530183058555 0.09158349037690364 22.239152797401623 -4333.240830617442 3.838369253013562e-05 0.004529335416049745 0.11001126749989244
-0.6157735004476214 -0.06972873769024084 0.0499583957218974 634.8084615841508 533.8922563684173 616.8339478597045 279.3130447138101 3.2497579893847557 3.7682239614020294 -1956.9530183058555 0.09158349037690364 22.239152797401623 -4333.240830617442 3.838369253013562e-05 0.004529335416049745 0.11001126749989244
-0.601042076991932 -0.049104744852281786 0.3058788714050297 637.057588364929 533.8191567577887 623.2540215104818 271.008533148095 3.2497579893847557 3.7682239614020294 -1956.9530183058555 0.09158349037690364 22.239152797401623 -4333.240830617442 3.838369253013562e-05 0.004529335416049745 0.11001126749989244
-0.5814001790510188 -0.027498657117277978 0.5028432109278259 639.3548722490668 533.7967871692963 629.6722593382001 262.9564515110105 3.2497579893847557 3.7682239614020294 -1956.9530183058555 0.09158349037690364 22.239152797401623 -4333.240830617442 3.838369253013562e-05 0.004529335416049745 0.11001126749989244
-0.5617582811101102 -0.003928379588181293 0.4636476090007648 641.6844931095839 533.8243041131645 636.0625321492553 255.16867354512215 4.260927388697911 4.9444167403366714 -2561.1653585898207 0.06038563896119049 25.15161212487948 -3503.964585154246 2.0574323325788933e-05 0.005963641725181827 0.16642601912556126
-0.5401521933751074 0.022588182632050806 0.47951929199252885 644.0312869846821 533.9007254920434 642.3999954909086 247.65609284676611 4.260927388697911 4.9444167403366714 -2561.1653585898207 0.06038563896119049 25.15161212487948 -3503.964585154246 2.0574323325788933e-05 0.005963641725181827 0.16642601912556126
-0.5185461056401093 0.048122649955237025 0.49642275340479797 646.3807460758835 534.0249306119513 648.6610896550119 240.42862277291715 4.260927388697911 4.9444167403366714 -2561.1653585898207 0.06038563896119049 25.15161212487948 -3503.964585154246 2.0574323325788933e-05 0.005963641725181827 0.16642601912556126
-0.5008683974932856 0.07562130707251612 0.3332443011117012 648.7190187573433 534.1956601759885 654.8235396295786 233.49519646540284 4.260927388697911 4.9444167403366714 -2561.1653585898207 0.06038563896119049 25.15161212487948 -3503.964585154246 2.0574323325788933e-05 0.005963641725181827 0.16642601912556126
-0.4782802148612337 0.10017367949865645 0.546788840889285 651.0329095870256 534.4115162845701 660.8663551844656 226.86376687325537 4.260927388697911 4.9444167403366714 -2561.1653585898207 0.06038563896119049 25.15161212487948 -3503.964585154246 2.0574323325788933e-05 0.005963641725181827 0.16642601912556126
-0.45569203222918175 0.12472605192479791 0.546788840889285 653.3098792675883 534.670962437056 666.7698308080435 220.5413067266345 4.260927388697911 4.9444167403366714 -2561.1653585898207 0.06038563896119049 25.15161212487948 -3503.964585154246 2.0574323325788933e-05 0.005963641725181827 0.16642601912556126
-0.4596204118173653 0.14927842435094046 6.124530044993157 655.5380446687341 534.9723235331476 672.5155456848443 214.53380854055285 4.260927388697911 4.9444167403366714 -2561.1653585898207 0.06038563896119049 25.15161212487948 -3503.964585154246 2.0574323325788933e-05 0.005963641725181827 0.16642601912556126
-0.4635487914055444 0.1748128916741278 6.130535978784459 657.7061788458377 535.3137858691625 678.086363773793 208.84628459997475 4.260927388697911 4.9444167403366714 -2561.1653585898207 0.06038563896119049 25.15161212487948 -3503.964585154246 2.0574323325788933e-05 0.005963641725181827 0.16642601912556126
-0.46354879140554883 0.2013294538943599 6.2831853071794175 659.8037110101432 535.6933971408289 683.4664337262511 203.48276705667377 4.260927388697911 4.9444167403366714 -2561.1653585898207 0.06038563896119049 25.15161212487948 -3503.964585154246 2.0574323325788933e-05 0.005963641725181827 0.16642601912556126
-0.4635487914055444 0.22784601611459313 1.6842494477276165e-13 661.8207265492529 536.1090664416552 688.6411889642477 198.44630776159465 4.260927388697911 4.9444167403366714 -2561.1653585898207 0.06038563896119049 25.15161212487948 -3503.964585154246 2.0574323325788933e-05 0.005963641725181827 0.16642601912556126
-0.46551298119963835 0.25632676812891697 6.214328817878448 663.7479669991881 536.5585642645601 693.5973476208746 193.73897839710116 4.260927388697911 4.9444167403366714 -2561.1653585898207 0.06038563896119049 25.15161212487948 -3503.964585154246 2.0574323325788933e-05 0.005963641725181827 0.16642601912556126
-0.4723876454789562 0.2828433303491502 6.029511211041011 665.5768300984055 537.0395225028042 698.3229125626385 189.36187042109668 4.260927388697911 4.9444167403366714 -2561.1653585898207 0.06038563896119049 25.15161212487948 -3503.964585154246 2.0574323325788933e-05 0.005963641725181827 0.16642601912556126
-0.48122649955237246 0.3113240823634741 5.982265072818987 667.2993697170168 537.5494344437029 702.8071713857353 185.31509510800242 4.260927388697911 4.9444167403366714 -2561.1653585898207 0.06038563896119049 25.15161212487948 -3503.964585154246 2.0574323325788933e-05 0.005963641725181827 0.16642601912556126
-0.4920295434198738 0.3378406445837073 5.896309589448593 668.9082959145308 538.085654777009 707.0406964197755 181.59778350032866 4.260927388697911 4.9444167403366714 -2561.1653585898207 0.06038563896119049 25.15161212487948 -3503.964585154246 2.0574323325788933e-05 0.005963641725181827 0.16642601912556126
-0.5008683974932856 0.36632139659803115 5.98226507281913 670.3969749156386 538.6453995902557 711.0153447426856 178.20808642171323 4.260927388697911 4.9444167403366714 -2561.1653585898207 0.06038563896119049 25.15161212487948 -3503.964585154246 2.0574323325788933e-05 0.005963641725181827 0.16642601912556126
-0.511671441360787 0.39774843330349263 5.952089230475484 671.7594291027635 539.2257463673595 714.7242581322789 175.14317450113595 4.260927388697911 4.9444167403366714 -2561.1653585898207 0.06038563896119049 25.15161212487948 -3503.964585154246 2.0574323325788933e-05 0.005963641725181827 0.16642601912556126
-0.5224744852282839 0.43015756490599893 5.961434752783089 672.990337042138 539.823633992346 718.1618631407619 172.3992381580174 4.260927388697911 4.9444167403366714 -2561.1653585898207 0.06038563896119049 25.15161212487948 -3503.964585154246 2.0574323325788933e-05 0.005963641725181827 0.16642601912556126
-0.540152193375103 0.4625666965085052 5.783838585499514 674.0850334521383 540.4358627481852 721.3238709904253 169.97148759104311 4.260927388697911 4.9444167403366714 -2561.1653585898207 0.06038563896119049 25.15161212487948 -3503.964585154246 2.0574323325788933e-05 0.005963641725181827 0.16642601912556126
-0.5617582811101102 0.4969400179051032 5.722021894891178 675.0395092330873 541.0590943160933 724.2072776816785 167.85415280424058 4.260927388697911 4.9444167403366714 -2561.1653585898207 0.06038563896119049 25.15161212487948 -3503.964585154246 2.0574323325788933e-05 0.005963641725181827 0.16642601912556126
-0.5814001790510234 0.5303312444046554 5.751461239920777 675.8504114337265 541.6898517778609 726.8103639669716 166.040483571589 4.260927388697911 4.9444167403366714 -2561.1653585898207 0.06038563896119049 25.15161212487948 -3503.964585154246 2.0574323325788933e-05 0.005963641725181827 0.16642601912556126
-0.5990778871978469 0.5597940913160251 5.742765806908958 676.5150433052331 542.3245196116623 729.1326952576637 164.5227494481951 4.260927388697911 4.9444167403366714 -2561.1653585898207 0.06038563896119049 25.15161212487948 -3503.964585154246 2.0574323325788933e-05 0.005963641725181827 0.16642601912556126
-0.6138093106535318 0.5863106535362583 5.7760868027872565 677.0313642174006 542.959343692055 731.175121769309 163.29223983362317 4.260927388697911 4.9444167403366714 -2561.1653585898207 0.06038563896119049 25.15161212487948 -3503.964585154246 2.0574323325788933e-05 0.005963641725181827 0.16642601912556126
-0.6265765443151227 0.6069346463742162 5.728877810978109 677.3979897648096 543.590431295801 732.9397784024477 162.33926386013627 4.260927388697911 4.9444167403366714 -2561.1653585898207 0.06038563896119049 25.15161212487948 -3503.964585154246 2.0574323325788933e-05 0.005963641725181827 0.16642601912556126
-0.639343777976718 0.6226481647269482 5.6008687523048115 677.6141916457564 544.2137510960456 734.4300847947598 161.65315044857562 4.260927388697911 4.9444167403366714 -2561.1653585898207 0.06038563896119049 25.15161212487948 -3503.964585154246 2.0574323325788933e-05 0.005963641725181827 0.16642601912556126
-0.6540752014324029 0.6314870188003588 5.252808480655263 677.6798977945 544.8251331653446 735.6507453434169 161.22224836610258 4.260927388697911 4.9444167403366714 -2561.1653585898207 0.06038563896119049 25.15161212487948 -3503.964585154246 2.0574323325788933e-05 0.005963641725181827 0.16642601912556126
-0.6707708146821818 0.6314870188003588 3.141592653589793 677.5956922639161 545.4202689782251 736.607749171555 161.03392611071467 4.260927388697911 4.9444167403366714 -2561.1653585898207 0.06038563896119049 25.15161212487948 -3503.964585154246 2.0574323325788933e-05 0.005963641725181827 0.16642601912556126
-0.6913948075201442 0.6265765443151305 4.478645799515827 677.3628152888268 545.9947113986127 737.3083701096475 161.07457199133933 4.260927388697911 4.9444167403366714 -2561.1653585898207 0.06038563896119049 25.15161212487948 -3503.964585154246 2.0574323325788933e-05 0.005963641725181827 0.16642601912556126
-0.7080904207699186 0.6147914055505822 4.097726028462455 676.9831632822752 546.5438747007865 737.7611667215824 161.32959411293268 4.260927388697911 4.9444167403366714 -2561.1653585898207 0.06038563896119049 25.15161212487948 -3503.964585154246 2.0574323325788933e-05 0.005963641725181827 0.16642601912556126
-0.7267502238137825 0.595149507609669 3.9013554084654682 676.4592888206244 547.0630345477257 737.9759823232889 161.78342037834227 4.260927388697911 4.9444167403366714 -2561.1653585898207 0.06038563896119049 25.15161212487948 -3503.964585154246 2.0574323325788933e-05 0.005963641725181827 0.16642601912556126
-0.7473742166517404 0.5705971351835276 3.840252478311235 675.7944006305188 547.5473280090373 737.9639449678361 162.419498430565 4.260927388697911 4.9444167403366714 -2561.1653585898207 0.06038563896119049 25.15161212487948 -3503.964585154246 2.0574323325788933e-05 0.005963641725181827 0.16642601912556126
-0.7679982094896983 0.5411342882721578 3.752318617978981 674.9923636149615 547.9917535437271 737.7374674119055 163.2202957663685 4.260927388697911 4.9444167403366714 -2561.1653585898207 0.06038563896119049 25.15161212487948 -3503.964585154246 2.0574323325788933e-05 0.005963641725181827 0.16642601912556126
-0.7886222023276563 0.5087251566696516 3.708321871113286 674.0576988719404 548.3911710153334 737.3102471418679 164.16729963570833 4.260927388697911 4.9444167403366714 -2561.1653585898207 0.06038563896119049 25.15161212487948 -3503.964585154246 2.0574323325788933e-05 0.005963641725181827 0.16642601912556126
-0.8072820053715203 0.47336974037600765 3.62721474688718 672.9955836422741 548.7403016870376 736.6972664296627 165.24101708456874 4.260927388697911 4.9444167403366714 -2561.1653585898207 0.06038563896119049 25.15161212487948 -3503.964585154246 2.0574323325788933e-05 0.005963641725181827 0.16642601912556126
-0.82004923903312 0.43703222918531787 3.4794708418302207 671.8118513245136 549.0337282186374 735.9147922061384 166.420974932611 4.260927388697911 4.9444167403366714 -2561.1653585898207 0.06038563896119049 25.15161212487948 -3503.964585154246 2.0574323325788933e-05 0.005963641725181827 0.16642601912556126
-0.8279059982094871 0.4006947179946292 3.354531003169241 670.512991508469 549.2658946670126 734.9803761839867 167.68571984022856 4.260927388697911 4.9444167403366714 -2561.1653585898207 0.06038563896119049 25.15161212487948 -3503.964585154246 2.0574323325788933e-05 0.005963641725181827 0.16642601912556126
-0.8318343777976707 0.3633751119068935 3.246469592320049 669.1061499416828 549.4311064896174 733.912854809314 169.01281819678843 4.260927388697911 4.9444167403366714 -2561.1653585898207 0.06038563896119049 25.15161212487948 -3503.964585154246 2.0574323325788933e-05 0.005963641725181827 0.16642601912556126
-0.829870188003581 0.3270376007162037 3.0875911532138747 667.5991285406053 549.5235305414535 732.7323492057621 170.378856215626 4.260927388697911 4.9444167403366714 -2561.1653585898207 0.06038563896119049 25.15161212487948 -3503.964585154246 2.0574323325788933e-05 0.005963641725181827 0.16642601912556126
-0.8229955237242632 0.29266427931960565 2.9441970937399624 666.0003853850067 549.537195077166 731.4602652862668 171.75943988375366 4.260927388697911 4.9444167403366714 -2561.1653585898207 0.06038563896119049 25.15161212487948 -3503.964585154246 2.0574323325788933e-05 0.005963641725181827 0.16642601912556126
-0.8082641002685694 0.25730886302596284 2.7468015338898075 664.3190347291529 549.465989749413 730.1192936636508 173.1291949953884 4.260927388697911 4.9444167403366714 -2561.1653585898207 0.06038563896119049 25.15161212487948 -3503.964585154246 2.0574323325788933e-05 0.005963641725181827 0.16642601912556126
-0.7876401074306115 0.22391763652641072 2.588298328267517 662.56484699063 549.303665607702 728.7334097102284 174.46176711283624 4.260927388697911 4.9444167403366714 -2561.1653585898207 0.06038563896119049 25.15161212487948 -3503.964585154246 2.0574323325788933e-05 0.005963641725181827 0.16642601912556126
-0.7650519247985641 0.19150850492390445 2.532903346262431 660.7482487577945 549.0438351023477 727.3278735131025 175.72982160560787 4.260927388697911 4.9444167403366714 -2561.1653585898207 0.06038563896119049 25.15161212487948 -3503.964585154246 2.0574323325788933e-05 0.005963641725181827 0.16642601912556126
-0.7709444941808417 0.16400984780662647 2.9584818363273047 658.880322786048 548.6799720828421 725.9292298853397 176.9050436411053 4.260927388697911 4.9444167403366714 -2561.1653585898207 0.06038563896119049 25.15161212487948 -3503.964585154246 2.0574323325788933e-05 0.005963641725181827 0.16642601912556126
-0.7748728737690296 0.1404395702775298 2.8461518164461537 656.9728080052882 548.2054117962252 724.5653083696961 177.95813812315464 4.260927388697911 4.9444167403366714 -2561.1653585898207 0.06038563896119049 25.15161212487948 -3503.964585154246 2.0574323325788933e-05 0.005963641725181827 0.16642601912556126
-0.7768370635631235 0.12079767233661662 2.6992184306130045 655.038099495694 547.6133508868515 723.265223249793 178.85882981866598 4.260927388697911 4.9444167403366714 -2561.1653585898207 0.06038563896119049 25.15161212487948 -3503.964585154246 2.0574323325788933e-05 0.005963641725181827 0.16642601912556126
-0.7778191584601684 0.10410205908683998 2.5829933382462373 653.0892485212535 546.8968473973218 722.0593735575676 179.57586323656142 4.260927388697911 4.9444167403366714 -2561.1653585898207 0.06038563896119049 25.15161212487948 -3503.964585154246 2.0574323325788933e-05 0.005963641725181827 0.16642601912556126
-0.7758549686660744 0.09133482542524575 2.316215803069004 651.1399625185877 546.0488207731396 720.9794430285692 180.07700268365443 3.227921843258359 3.775459662234067 -1947.469216524751 0.04554594637887311 22.23178958847638 -4301.292688010464 1.9088829161304816e-05 0.004539753539397552 0.1179724411844137
-0.7719265890778908 0.08053178155774442 2.1587989303424115 649.2046050708741 545.0620518524665 720.058400131762 180.32903225533664 3.227921843258359 3.775459662234067 -1947.469216524751 0.04554594637887311 22.23178958847638 -4301.292688010464 1.9088829161304816e-05 0.004539753539397552 0.1179724411844137
-0.7670161145926625 0.0707108325872867 2.083185787105702 647.2981959469616 543.9291828768328 719.3304981030524 180.29775585606694 3.227921843258359 3.775459662234067 -1947.469216524751 0.04554594637887311 22.23178958847638 -4301.292688010464 1.9088829161304816e-05 0.004539753539397552 0.1179724411844137
-0.763087735004479 0.06285407341092189 2.0074234866084004 645.4364110771567 542.6427174829878 718.8312748409808 179.9479971677065 3.227921843258359 3.775459662234067 -1947.469216524751 0.04554594637887311 22.23178958847638 -4301.292688010464 1.9088829161304816e-05 0.004539753539397552 0.1179724411844137
-0.7562130707251612 0.05696150402864661 1.841743177133415 643.6355825569481 541.1950207096525 718.5975530594587 179.243599627167 3.227921843258359 3.775459662234067 -1947.469216524751 0.04554594637887311 22.23178958847638 -4301.292688010464 1.9088829161304816e-05 0.004539753539397552 0.1179724411844137
-0.7444279319606151 0.05401521933751231 1.6575346654707963 641.9126986470073 539.5783189905342 718.6674401499331 178.14742652326822 3.227921843258359 3.775459662234067 -1947.469216524751 0.04554594637887311 22.23178958847638 -4301.292688010464 1.9088829161304816e-05 0.004539753539397552 0.1179724411844137
-0.6972873769024217 0.05008683974932767 1.653937558683377 640.2854037955403 537.7847001599148 719.0803282372653 176.62136090174317 3.227921843258359 3.775459662234067 -1947.469216524751 0.04554594637887311 22.23178958847638 -4301.292688010464 1.9088829161304816e-05 0.004539753539397552 0.1179724411844137
-0.6501468218442283 0.04714055505819002 1.6332151367908658 638.7719986028969 535.8061134517193 719.8768942020833 174.6263055820018 3.227921843258359 3.775459662234067 -1947.469216524751 0.04554594637887311 22.23178958847638 -4301.292688010464 1.9088829161304816e-05 0.004539753539397552 0.1179724411844137
-0.6020241718889947 0.042230080572962854 1.6724851785579582 637.3914398383349 533.6343694927637 721.0990996174514 172.1221832036972 3.227921843258359 3.775459662234067 -1947.469216524751 0.04554594637887311 22.23178958847638 -4301.292688010464 1.9088829161304816e-05 0.004539753539397552 0.1179724411844137
-0.5548836168308058 0.03633751119068979 1.6951513213416465 636.1633404307067 531.2611403174233 722.7901908643544 169.0679361820221 3.227921843258359 3.775459662234067 -1947.469216524751 0.04554594637887311 22.23178958847638 -4301.292688010464 1.9088829161304816e-05 0.004539753539397552 0.1179724411844137
-0.5067609668755676 0.029462846911368627 1.7126933813990897 635.1079695019871 528.6779593511019 724.9946989789605 165.4215267263353 3.227921843258359 3.775459662234067 -1947.469216524751 0.04554594637887311 22.23178958847638 -4301.292688010464 1.9088829161304816e-05 0.004539753539397552 0.1179724411844137
-0.4556920322291907 0.01865980304386728 1.779261545174857 634.2462523188442 525.876221423503 727.7584397532046 161.13993681780994 3.227921843258359 3.775459662234067 -1947.469216524751 0.04554594637887311 22.23178958847638 -4301.292688010464 1.9088829161304816e-05 0.004539753539397552 0.1179724411844137
-0.40756938227395256 0.007856759176364818 1.7916250965242455 633.5997703187168 522.8471827555913 731.1285137198865 156.17916825599968 3.227921843258359 3.775459662234067 -1947.469216524751 0.04554594637887311 22.23178958847638 -4301.292688010464 1.9088829161304816e-05 0.004539753539397552 0.1179724411844137
-0.36239301700985765 -0.0009820948970447648 1.7640078106426964 633.1907611191273 519.5819609747268 735.1533061042428 150.4942426159978 3.227921843258359 3.775459662234067 -1947.469216524751 0.04554594637887311 22.23178958847638 -4301.292688010464 1.9088829161304816e-05 0.004539753539397552 0.1179724411844137
-0.32114503133393735 -0.009820948970455464 1.7818896600176246 633.0421184990555 516.0715351016261 739.8824869580567 144.03920123539865 3.227921843258359 3.775459662234067 -1947.469216524751 0.04554594637887311 22.23178958847638 -4301.292688010464 1.9088829161304816e-05 0.004539753539397552 0.1179724411844137
