31 -0.12276186213071619 1.6784001790510306 5.8671208014556635 -0.11588719785139391 3.812492390331244
-0.12276186213071619 1.6784001790510306 5.8671208014556635 769.7859525046952 526.5925184001171 712.1713853428446 271.3987371333933 3.257656864550483 3.8576741246846056 -2082.3709055965123 -0.0485534131306499 22.823172173916358 -4842.257863244471 -2.0349293013683888e-05 0.004639650644356598 0.019688132075373763
-0.14927842435094718 1.7186660698299017 5.700832361035624 771.9228971489792 527.8398352346776 724.7706481899077 295.3702867759275 3.257656864550483 3.8576741246846056 -2082.3709055965123 -0.0485534131306499 22.823172173916358 -4842.257863244471 -2.0349293013683888e-05 0.004639650644356598 0.019688132075373763
-0.17481289167412892 1.7618782452999104 5.749477115540414 775.022368932754 528.7709749294299 736.7013313465286 315.8569018059061 3.257656864550483 3.8576741246846056 -2082.3709055965123 -0.0485534131306499 22.823172173916358 -4842.257863244471 -2.0349293013683888e-05 0.004639650644356598 0.019688132075373763
-0.19347269471799733 1.8139292748433298 5.938966624197101 778.9415124607185 529.4309626779868 748.0191162205083 333.14871021491126 3.257656864550483 3.8576741246846056 -2082.3709055965123 -0.0485534131306499 22.823172173916358 -4842.257863244471 -2.0349293013683888e-05 0.004639650644356598 0.019688132075373763
-0.21213249776187018 1.8708907788719786 5.966616053567101 783.5466441788594 529.86177541902 758.7782222719434 347.52921073467587 3.257656864550483 3.8576741246846056 -2082.3709055965123 -0.0485534131306499 22.823172173916358 -4842.257863244471 -2.0349293013683888e-05 0.004639650644356598 0.019688132075373763
-0.22293554162936707 1.932762757385856 6.110324700392527 788.7132523747568 530.1023418362238 769.0314070129789 359.27527283731615 3.257656864550483 3.8576741246846056 -2082.3709055965123 -0.0485534131306499 22.823172173916358 -4842.257863244471 -2.0349293013683888e-05 0.004639650644356598 0.019688132075373763
-0.2386490599820967 1.99954521038496 6.0520946399837 794.3259971770021 530.1885423583881 778.8299660079683 368.6571367350116 3.257656864550483 3.8576741246846056 -2082.3709055965123 -0.0485534131306499 22.823172173916358 -4842.257863244471 -2.0349293013683888e-05 0.004639650644356598 0.019688132075373763
-0.24650581915846376 2.0732023276633846 6.176920444288483 800.2787105559983 530.1532091593836 788.2237328734627 375.9384133803251 3.257656864550483 3.8576741246846056 -2082.3709055965123 -0.0485534131306499 22.823172173916358 -4842.257863244471 -2.0349293013683888e-05 0.004639650644356598 0.019688132075373763
-0.2504341987466473 2.1498057296329454 6.231948139776155 806.4743963231158 530.026126158089 797.2610792781525 381.3760844661738 3.257656864550483 3.8576741246846056 -2082.3709055965123 -0.0485534131306499 22.823172173916358 -4842.257863244471 -2.0349293013683888e-05 0.004639650644356598 0.019688132075373763
-0.243559534467325 2.231319606087737 0.08413824053120175 812.8252301313478 529.8340290185297 805.9889149429 385.2205024254217 3.257656864550483 3.8576741246846056 -2082.3709055965123 -0.0485534131306499 22.823172173916358 -4842.257863244471 -2.0349293013683888e-05 0.004639650644356598 0.019688132075373763
-0.23275649059982365 2.318726051924799 0.12297186956428895 819.2525594750332 529.6006051496952 814.4526876407253 387.71539043143275 3.257656864550483 3.8576741246846056 -2082.3709055965123 -0.0485534131306499 22.823172173916358 -4842.257863244471 -2.0349293013683888e-05 0.004639650644356598 0.019688132075373763
-0.21507878245300002 2.4100608773500447 0.1911844595970342 825.6869036897988 529.3464937057361 822.6963831968278 389.09784239780856 3.257656864550483 3.8576741246846056 -2082.3709055965123 -0.0485534131306499 22.823172173916358 -4842.257863244471 -2.0349293013683888e-05 0.004639650644356598 0.019688132075373763
-0.20034735899731515 2.5013957027752904 0.15991312315822004 832.0679539527191 529.0892855857674 830.762525488597 389.59832297827234 3.257656864550483 3.8576741246846056 -2082.3709055965123 -0.0485534131306499 22.823172173916358 -4842.257863244471 -2.0349293013683888e-05 0.004639650644356598 0.019688132075373763
-0.18266965085049597 2.5897842435093996 0.1973955598498516 838.3445732822729 528.8435234340723 838.6921764455183 389.44066756710527 3.257656864550483 3.8576741246846056 -2082.3709055965123 -0.0485534131306499 22.823172173916358 -4842.257863244471 -2.0349293013683888e-05 0.004639650644356598 0.019688132075373763
-0.1718666069829991 2.6732623097582806 0.128696501277951 844.4747965382703 528.6207016399276 846.524936049329 388.84208229833166 3.257656864550483 3.8576741246846056 -2082.3709055965123 -0.0485534131306499 22.823172173916358 -4842.257863244471 -2.0349293013683888e-05 0.004639650644356598 0.019688132075373763
-0.17186660698299464 2.7508478066248863 5.756295580841417e-14 850.425830421751 528.4292663376909 854.2989423339095 388.0131440467085 3.257656864550483 3.8576741246846056 -2082.3709055965123 -0.0485534131306499 22.823172173916358 -4842.257863244471 -2.0349293013683888e-05 0.004639650644356598 0.019688132075373763
-0.16400984780662758 2.8264691136974025 0.10352467451056711 856.1740534754208 528.2746154068082 862.0508713852687 387.1578004269395 3.257656864550483 3.8576741246846056 -2082.3709055965123 -0.0485534131306499 22.823172173916358 -4842.257863244471 -2.0349293013683888e-05 0.004639650644356598 0.019688132075373763
-0.16008146821844405 2.898162041181735 0.054739780049893466 861.7050160832296 528.1590984717332 869.8159373416274 386.47336979417014 3.257656864550483 3.8576741246846056 -2082.3709055965123 -0.0485534131306499 22.823172173916358 -4842.257863244471 -2.0349293013683888e-05 0.004639650644356598 0.019688132075373763
-0.156153088630265 2.9688728737690226 0.055498505245666116 867.0134404704004 528.0820169020517 877.627892393346 386.15054124378366 3.257656864550483 3.8576741246846056 -2082.3709055965123 -0.0485534131306499 22.823172173916358 -4842.257863244471 -2.0349293013683888e-05 0.004639650644356598 0.019688132075373763
-0.156153088630265 3.035655326768129 -0.0 872.1032207037642 528.0396238123576 885.5190267829603 386.3733746112266 3.257656864550483 3.8576741246846056 -2082.3709055965123 -0.0485534131306499 22.823172173916358 -4842.257863244471 -2.0349293013683888e-05 0.004639650644356598 0.019688132075373763
-0.16008146821844405 3.0965452103849582 6.218758467754089 876.9874226911634 528.0251240623402 893.5201688051857 387.3193004724162 3.257656864550483 3.8576741246846056 -2082.3709055965123 -0.0485534131306499 22.823172173916358 -4842.257863244471 -2.0349293013683888e-05 0.004639650644356598 0.019688132075373763
-0.16400984780663205 3.156452999104745 6.217705282256034 881.6882841822517 528.0286742567405 901.6606848068914 389.1591201434494 3.257656864550483 3.8576741246846056 -2082.3709055965123 -0.0485534131306499 22.823172173916358 -4842.257863244471 -2.0349293013683888e-05 0.004639650644356598 0.019688132075373763
-0.1649919427036768 3.2143965980304396 6.266237777373197 886.2372147677524 528.0373827453805 909.9684791871405 392.05700568060274 3.257656864550483 3.8576741246846056 -2082.3709055965123 -0.0485534131306499 22.823172173916358 -4842.257863244471 -2.0349293013683888e-05 0.004639650644356598 0.019688132075373763
-0.17284870188004386 3.2703760071620427 6.143745250088219 890.6747958798805 528.0353096231338 918.4699943971464 396.17049988059443 3.257656864550483 3.8576741246846056 -2082.3709055965123 -0.0485534131306499 22.823172173916358 -4842.257863244471 -2.0349293013683888e-05 0.004639650644356598 0.019688132075373763
-0.1728487018800394 3.328319606087733 7.707582218415122e-14 895.0507807922259 528.0034667299042 927.1902109402399 401.6505162801477 3.257656864550483 3.8576741246846056 -2082.3709055965123 -0.0485534131306499 22.823172173916358 -4842.257863244471 -2.0349293013683888e-05 0.004639650644356598 0.019688132075373763
-0.16597403760072157 3.388227394807519 0.11425432796140757 899.4240946196951 527.9198176507198 936.1526473720114 408.6413391563983 3.257656864550483 3.8576741246846056 -2082.3709055965123 -0.0485534131306499 22.823172173916358 -4842.257863244471 -2.0349293013683888e-05 0.004639650644356598 0.019688132075373763
-0.15517099373321577 3.453045658012532 0.1651486774146827 903.8628343185846 527.7592777156169 945.3793603001723 417.28062352666166 3.257656864550483 3.8576741246846056 -2082.3709055965123 -0.0485534131306499 22.823172173916358 -4842.257863244471 -2.0349293013683888e-05 0.004639650644356598 0.019688132075373763
-0.14436794986571888 3.5198281110116363 0.16037544397587358 908.444268686726 527.4937139997564 954.8909443845878 427.69939514866564 3.257656864550483 3.8576741246846056 -2082.3709055965123 -0.0485534131306499 22.823172173916358 -4842.257863244471 -2.0349293013683888e-05 0.004639650644356598 0.019688132075373763
-0.13356490599821308 3.5895568487018794 0.15370752905852614 913.2548383631802 527.0919453233219 964.7065323373099 440.02205052028876 3.257656864550483 3.8576741246846056 -2082.3709055965123 -0.0485534131306499 22.823172173916358 -4842.257863244471 -2.0349293013683888e-05 0.004639650644356598 0.019688132075373763
-0.12669024171889526 3.661249776186214 0.09559811866381332 918.3901558281359 526.5197422515557 974.8437949225627 454.3663568793854 3.257656864550483 3.8576741246846056 -2082.3709055965123 -0.0485534131306499 22.823172173916358 -4842.257863244471 -2.0349293013683888e-05 0.004639650644356598 0.019688132075373763
-0.11981557743957744 3.7368710832587277 0.09065988720072381 923.95500540387 525.7398270948033 985.3189409567167 470.8434522046882 3.244936377004976 3.8104531183809955 -2062.3467717769195 -0.048800136734539167 22.669013270175917 -4805.875165532513 -2.045269770936246e-05 0.004578805871503483 0.03337030098374887
-0.11588719785139391 3.812492390331244 0.05190139845818443 928.5663654976524 525.9149229622444 1021.4326375667006 485.14542073523626 3.244936377004976 3.8104531183809955 -2062.3467717769195 -0.048800136734539167 22.669013270175917 -4805.875165532513 -2.045269770936246e-05 0.004578805871503483 0.03337030098374887
-0.11195881826321485 3.8890957923008047 0.05123716740337259 934.8202735649393 525.9058706138903 924.3665875252336 444.6235777246766 3.244936377004976 3.8104531183809955 -2062.3467717769195 -0.048800136734539167 22.669013270175917 -4805.875165532513 -2.045269770936246e-05 0.004578805871503483 0.03337030098374887
-0.11195881826321485 3.9666812891674126 -0.0 940.7715713036159 525.9538259497795 853.5273468755186 411.46339779160917 3.244936377004976 3.8104531183809955 -2062.3467717769195 -0.048800136734539167 22.669013270175917 -4805.875165532513 -2.045269770936246e-05 0.004578805871503483 0.03337030098374887
-0.11981557743957744 4.042302596239929 6.179660632669077 946.4543500762084 526.0613657358927 805.1535846469924 384.72729576122947 3.244936377004976 3.8104531183809955 -2062.3467717769195 -0.048800136734539167 22.669013270175917 -4805.875165532513 -2.045269770936246e-05 0.004578805871503483 0.03337030098374887
-0.13160071620412353 4.115959713518351 6.124530044993204 951.9009918105658 526.2306669904237 775.7183137461543 363.5340372866485 3.244936377004976 3.8104531183809955 -2062.3467717769195 -0.048800136734539167 22.669013270175917 -4805.875165532513 -2.045269770936246e-05 0.004578805871503483 0.03337030098374887
-0.1473142345568532 4.184706356311547 6.058474138764955 957.1421689996059 526.4635069838123 761.9288909761235 347.0587388481945 3.244936377004976 3.8104531183809955 -2062.3467717769195 -0.048800136734539167 22.669013270175917 -4805.875165532513 -2.045269770936246e-05 0.004578805871503483 0.03337030098374887
-0.15909937332139928 4.252470904207699 6.110994492656675 962.2068447015772 526.7612632387436 760.7270170273259 334.5328677527141 3.244936377004976 3.8104531183809955 -2062.3467717769195 -0.048800136734539167 22.669013270175917 -4805.875165532513 -2.045269770936246e-05 0.004578805871503483 0.03337030098374887
-0.17383079677708416 4.315324977618621 6.052965719902746 967.1222725398256 527.1249135301232 769.2887364849448 325.244242134504 3.244936377004976 3.8104531183809955 -2062.3467717769195 -0.048800136734539167 22.669013270175917 -4805.875165532513 -2.045269770936246e-05 0.004578805871503483 0.03337030098374887
-0.1885622202327735 4.375232766338406 6.042067628728044 971.9139967030205 527.5550358851115 785.0244378009811 318.5370309557766 3.244936377004976 3.8104531183809955 -2062.3467717769195 -0.048800136734539167 22.669013270175917 -4805.875165532513 -2.045269770936246e-05 0.004578805871503483 0.03337030098374887
-0.20722202327664635 4.4331763652641 5.971638480276819 976.6058519449361 528.0518085830909 805.5788533464074 313.81175400689244 3.244936377004976 3.8104531183809955 -2062.3467717769195 -0.048800136734539167 22.669013270175917 -4805.875165532513 -2.045269770936246e-05 0.004578805871503483 0.03337030098374887
-0.22981020590868936 4.490137869292748 5.905655111756154 981.2199635845536 528.6150101556896 828.8310593636706 310.525281901937 3.244936377004976 3.8104531183809955 -2062.3467717769195 -0.048800136734539167 22.669013270175917 -4805.875165532513 -2.045269770936246e-05 0.004578805871503483 0.03337030098374887
-0.25632676812892036 4.544153088630259 5.826836838622504 985.7767475061992 529.2440193867687 852.8944759834558 308.1908360859379 3.244936377004976 3.8104531183809955 -2062.3467717769195 -0.048800136734539167 22.669013270175917 -4805.875165532513 -2.045269770936246e-05 0.004578805871503483 0.03337030098374887
-0.28186123545210656 4.597186213070726 5.834461963168885 990.2949101592021 529.9378153124208 876.1168672330678 306.3779888302088 3.244936377004976 3.8104531183809955 -2062.3467717769195 -0.048800136734539167 22.669013270175917 -4805.875165532513 -2.045269770936246e-05 0.004578805871503483 0.03337030098374887
-0.3034673231871137 4.649237242614145 5.889734669250604 994.791448558266 530.6949772209873 897.0803410289809 304.7126632332802 3.244936377004976 3.8104531183809955 -2062.3467717769195 -0.048800136734539167 22.669013270175917 -4805.875165532513 -2.045269770936246e-05 0.004578805871503483 0.03337030098374887
-0.32900179051030437 4.702270367054612 5.834461963168817 999.2816502831993 531.513684653045 914.6013491675258 302.8771332188044 3.244936377004976 3.8104531183809955 -2062.3467717769195 -0.048800136734539167 22.669013270175917 -4805.875165532513 -2.045269770936246e-05 0.004578805871503483 0.03337030098374887
-0.3584646374216741 4.754321396598031 5.768112490160801 1003.7790934790391 532.3917174013868 927.7306873463094 300.6100235430058 3.244936377004976 3.8104531183809955 -2062.3467717769195 -0.048800136734539167 22.669013270175917 -4805.875165532513 -2.045269770936246e-05 0.004578805871503483 0.03337030098374887
-0.3948021486123617 4.804408236347359 5.655555881378107 1008.2956468560733 533.32645551107 935.7534951390699 297.70630978094414 3.244936377004976 3.8104531183809955 -2062.3467717769195 -0.048800136734539167 22.669013270175917 -4805.875165532513 -2.045269770936246e-05 0.004578805871503483 0.03337030098374887
-0.4321217547000985 4.854495076096686 5.642828842108712 1012.8414696897598 534.3148792793827 938.1892560264096 294.01731834583916 3.244936377004976 3.8104531183809955 -2062.3467717769195 -0.048800136734539167 22.669013270175917 -4805.875165532513 -2.045269770936246e-05 0.004578805871503483 0.03337030098374887
-0.47238764547896955 4.906546105640106 5.6247599333962235 1017.4250118207274 535.3535692558316 934.7917973520234 289.4507264678832 3.244936377004976 3.8104531183809955 -2062.3467717769195 -0.048800136734539167 22.669013270175917 -4805.875165532513 -2.045269770936246e-05 0.004578805871503483 0.03337030098374887
-0.5155998209489749 4.955650850492391 5.561530456314888 1022.0530136548623 536.4387062421765 925.5492903729901 283.9705622114707 3.244936377004976 3.8104531183809955 -2062.3467717769195 -0.048800136734539167 22.669013270175917 -4805.875165532513 -2.045269770936246e-05 0.004578805871503483 0.03337030098374887
-0.5558657117278505 5.004755595344674 5.596367657420897 1026.7305061632724 537.5660712924173 910.684250228107 277.59720446378924 3.244936377004976 3.8104531183809955 -2062.3467717769195 -0.048800136734539167 22.669013270175917 -4805.875165532513 -2.045269770936246e-05 0.004578805871503483 0.03337030098374887
-0.5951495076096723 5.054842435093999 5.618082620710117 1031.4608108822285 538.731045712776 890.6535359369591 270.4073829439003 3.244936377004976 3.8104531183809955 -2062.3467717769195 -0.048800136734539167 22.669013270175917 -4805.875165532513 -2.045269770936246e-05 0.004578805871503483 0.03337030098374887
-0.6383616830796867 5.101982990152193 5.541238039173626 1036.2455399132014 539.9286110617222 866.14835041482 262.53417819272727 3.244936377004976 3.8104531183809955 -2062.3467717769195 -0.048800136734539167 22.669013270175917 -4805.875165532513 -2.045269770936246e-05 0.004578805871503483 0.03337030098374887
-0.6855022381378756 5.149123545210384 5.497787143782162 1041.08459592289 541.1533491499567 838.0942404670641 254.16702158376575 3.244936377004976 3.8104531183809955 -2062.3467717769195 -0.048800136734539167 22.669013270175917 -4805.875165532513 -2.045269770936246e-05 0.004578805871503483 0.03337030098374887
-0.7316606982990197 5.199210384959711 5.538580826650014 1045.976172143215 542.3994420404188 807.651096791029 245.55169531400315 3.244936377004976 3.8104531183809955 -2062.3467717769195 -0.048800136734539167 22.669013270175917 -4805.875165532513 -2.045269770936246e-05 0.004578805871503483 0.03337030098374887
-0.7778191584601684 5.252243509400178 5.5669834224007 1050.9167523712385 543.6606720482841 776.2131539583206 236.99033241020516 3.244936377004976 3.8104531183809955 -2062.3467717769195 -0.048800136734539167 22.669013270175917 -4805.875165532513 -2.045269770936246e-05 0.004578805871503483 0.03337030098374887
-0.8210313339301782 5.307240823634736 5.617216069800478 1055.9011109693165 544.9304217409835 745.4089904529974 228.84141672449186 3.244936377004976 3.8104531183809955 -2062.3467717769195 -0.048800136734539167 22.669013270175917 -4805.875165532513 -2.045269770936246e-05 0.004578805871503483 0.03337030098374887
-0.8632614145031389 5.364202327663384 5.6452243079101025 1060.9223128649828 546.2016739381424 717.1015286305919 221.51978293573484 3.244936377004976 3.8104531183809955 -2062.3467717769195 -0.048800136734539167 22.669013270175917 -4805.875165532513 -2.045269770936246e-05 0.004578805871503483 0.03337030098374887
-0.9054914950761039 5.41919964189794 5.628353238581737 1065.9717135509345 547.4670117116611 693.3880347339436 215.49661655444652 3.244936377004976 3.8104531183809955 -2062.3467717769195 -0.048800136734539167 22.669013270175917 -4805.875165532513 -2.045269770936246e-05 0.004578805871503483 0.03337030098374887
-0.947721575649069 5.475179051029545 5.636883085264212 1071.0389590850464 548.7186183856675 676.6001189071685 211.29945391323417 3.244936377004976 3.8104531183809955 -2062.3467717769195 -0.048800136734539167 22.669013270175917 -4805.875165532513 -2.045269770936246e-05 0.004578805871503483 0.03337030098374887
-0.9928979409131684 5.527230080572962 5.568376733600996 1076.111986090611 549.948277536515 669.3037351798266 209.51218217262067 3.244936377004976 3.8104531183809955 -2062.3467717769195 -0.048800136734539167 22.669013270175917 -4805.875165532513 -2.045269770936246e-05 0.004578805871503483 0.03337030098374887
-1.0380743061772677 5.577316920322292 5.549287954733386 1081.177021755815 551.147372992792 674.2991814613342 210.77503932570107 3.244936377004976 3.8104531183809955 -2062.3467717769195 -0.048800136734539167 22.669013270175917 -4805.875165532513 -2.045269770936246e-05 0.004578805871503483 0.03337030098374887
-1.0763760071620447 5.627403760071622 5.630338676078869 1086.2185838342484 552.3068888353564 694.6210995633155 215.78461418650113 3.244936377004976 3.8104531183809955 -2062.3467717769195 -0.048800136734539167 22.669013270175917 -4805.875165532513 -2.045269770936246e-05 0.004578805871503483 0.03337030098374887
-1.113695613249777 5.674544315129813 5.613546361502979 1091.219480644737 553.4174093972679 733.5384751772508 225.2938463992905 3.244936377004976 3.8104531183809955 -2062.3467717769195 -0.048800136734539167 22.669013270175917 -4805.875165532513 -2.045269770936246e-05 0.004578805871503483 0.03337030098374887
-1.1519973142345632 5.717756490599823 5.557955394937088 1096.1608110711531 554.4691192638284 794.5546378865838 240.1120264355559 3.244936377004976 3.8104531183809955 -2062.3467717769195 -0.048800136734539167 22.669013270175917 -4805.875165532513 -2.045269770936246e-05 0.004578805871503483 0.03337030098374887
-1.1893169203222955 5.757040286481647 5.523422552303823 1101.0219645627076 555.4518032725873 881.4072611629963 261.1047955933027 3.244936377004976 3.8104531183809955 -2062.3467717769195 -0.048800136734539167 22.669013270175917 -4805.875165532513 -2.045269770936246e-05 0.004578805871503483 0.03337030098374887
