29 -2.4532730528200513 -4.001054610564012 1.5948301597486485 -1.5350143240823655 -3.8802569382273955
-2.4532730528200513 -4.001054610564012 1.5948301597486485 303.84308448433876 601.401618719101 406.04196882247925 139.21003651618958 3.4065087042265727 3.9807187458278146 -2255.430172509605 0.0515597191300819 23.48606233895117 -5397.588334224547 2.1609270381425802e-05 0.004768301886925946 -0.10025124667678595
-2.237212175470011 -4.005965085049239 1.5937280860913725 307.50979685783386 596.0539571046829 449.60829973220825 166.68210887908936 3.4065087042265727 3.9807187458278146 -2255.430172509605 0.0515597191300819 23.48606233895117 -5397.588334224547 2.1609270381425802e-05 0.004768301886925946 -0.10025124667678595
-2.0152587287376886 -4.009893464637423 1.5886515719344505 310.4554114341736 591.9163205623627 483.21656107902527 194.02558422088623 3.4065087042265727 3.9807187458278146 -2255.430172509605 0.0515597191300819 23.48606233895117 -5397.588334224547 2.1609270381425802e-05 0.004768301886925946 -0.10025124667678595
-1.9268701880035795 -3.9981083258728742 1.4352686128093937 312.8027590215206 588.7940981984138 508.09577536582947 220.79422807693481 3.4065087042265727 3.9807187458278146 -2255.430172509605 0.0515597191300819 23.48606233895117 -5397.588334224547 2.1609270381425802e-05 0.004768301886925946 -0.10025124667678595
-1.885622202327659 -3.9882873769024187 1.3258176636680592 314.6645005643368 586.5080696344376 525.3984332084656 246.59513306617737 3.4065087042265727 3.9807187458278146 -2255.430172509605 0.0515597191300819 23.48606233895117 -5397.588334224547 2.1609270381425802e-05 0.004768301886925946 -0.10025124667678595
-1.8561593554162938 -3.981412712623099 1.3258176636679944 316.1431259214878 584.8944069743156 536.2004985809326 271.0887117385864 3.4065087042265727 3.9807187458278146 -2255.430172509605 0.0515597191300819 23.48606233895117 -5397.588334224547 2.1609270381425802e-05 0.004768301886925946 -0.10025124667678595
-1.8433921217546985 -3.97453804834378 1.0768549578754145 317.330953925848 583.8046743869781 541.501412153244 293.98870038986206 3.4065087042265727 3.9807187458278146 -2255.430172509605 0.0515597191300819 23.48606233895117 -5397.588334224547 2.1609270381425802e-05 0.004768301886925946 -0.10025124667678595
-1.8374995523724253 -3.9686454789615055 0.7853981633973536 318.3101332783699 583.1058266162872 542.2240836620331 315.0621585845947 3.4065087042265727 3.9807187458278146 -2255.430172509605 0.0515597191300819 23.48606233895117 -5397.588334224547 2.1609270381425802e-05 0.004768301886925946 -0.10025124667678595
-1.828660698299009 -3.96766338406446 1.460139105621105 319.15264174342155 582.6802113652229 539.2148993015289 334.1294677257538 3.4065087042265727 3.9807187458278146 -2255.430172509605 0.0515597191300819 23.48606233895117 -5397.588334224547 2.1609270381425802e-05 0.004768301886925946 -0.10025124667678595
-1.8247323187108255 -3.9598066248880937 0.4636476090008345 319.9202863574028 582.4255670905113 533.2437174320221 351.064334154129 3.4065087042265727 3.9807187458278146 -2255.430172509605 0.0515597191300819 23.48606233895117 -5397.588334224547 2.1609270381425802e-05 0.004768301886925946 -0.10025124667678595
-1.820803939122642 -3.949003581020592 0.34877100358399 320.664703220129 582.2550245523453 525.0038690567017 365.7937824726105 3.4065087042265727 3.9807187458278146 -2255.430172509605 0.0515597191300819 23.48606233895117 -5397.588334224547 2.1609270381425802e-05 0.004768301886925946 -0.10025124667678595
-1.8149113697403734 -3.9372184422560443 0.4636476090004461 321.4273579418659 582.0971058011055 515.1121573448181 378.2981653213501 3.4065087042265727 3.9807187458278146 -2255.430172509605 0.0515597191300819 23.48606233895117 -5397.588334224547 2.1609270381425802e-05 0.004768301886925946 -0.10025124667678595
-1.8080367054610467 -3.9264153983885417 0.5667292175239678 322.2395459115505 581.895724773407 504.10886335372925 388.6111559867859 3.4065087042265727 3.9807187458278146 -2255.430172509605 0.0515597191300819 23.48606233895117 -5397.588334224547 2.1609270381425802e-05 0.004768301886925946 -0.10025124667678595
-1.7913410922112813 -3.9165944494180853 1.0390722595358104 323.1223908960819 581.6101874709129 492.45773339271545 396.8197491168976 3.4065087042265727 3.9807187458278146 -2255.430172509605 0.0515597191300819 23.48606233895117 -5397.588334224547 2.1609270381425802e-05 0.004768301886925946 -0.10025124667678595
-1.7687529095792294 -3.9067735004476285 1.1606689862534345 324.08684661984444 581.2151908278465 480.54599618911743 403.0642640590668 3.4065087042265727 3.9807187458278146 -2255.430172509605 0.0515597191300819 23.48606233895117 -5397.588334224547 2.1609270381425802e-05 0.004768301886925946 -0.10025124667678595
-1.7392900626678596 -3.8989167412712633 1.310193935047552 325.1336960196495 580.7008240818977 468.6843481063843 407.53834223747253 3.4065087042265727 3.9807187458278146 -2255.430172509605 0.0515597191300819 23.48606233895117 -5397.588334224547 2.1609270381425802e-05 0.004768301886925946 -0.10025124667678595
-1.697059982094899 -3.893024171888989 1.4321565896607247 326.25355088710785 580.0725684165955 457.1069574356079 410.4889485836029 3.4065087042265727 3.9807187458278146 -2255.430172509605 0.0515597191300819 23.48606233895117 -5397.588334224547 2.1609270381425802e-05 0.004768301886925946 -0.10025124667678595
-1.6479552372426116 -3.887131602506715 1.4513674007765645 327.42685303092003 579.3512956500053 445.97147035598755 412.21636939048767 3.4065087042265727 3.9807187458278146 -2255.430172509605 0.0515597191300819 23.48606233895117 -5397.588334224547 2.1609270381425802e-05 0.004768301886925946 -0.10025124667678595
-1.5949221128021451 -3.880256938227396 1.4418855551109198 328.6238728761673 578.5732706189156 435.359002828598 413.07421493530273 3.4065087042265727 3.9807187458278146 -2255.430172509605 0.0515597191300819 23.48606233895117 -5397.588334224547 2.1609270381425802e-05 0.004768301886925946 -0.10025124667678595
-1.5222470904207657 -3.882221128021487 1.5978167759821595 329.8047106266022 577.7901487350464 425.27414536476135 413.4694187641144 3.4065087042265727 3.9807187458278146 -2255.430172509605 0.0515597191300819 23.48606233895117 -5397.588334224547 2.1609270381425802e-05 0.004768301886925946 -0.10025124667678595
-1.5261754700089447 -3.8724001790510307 5.902678930067535 330.91929537057877 577.0689780712128 415.64496207237244 413.86223554611206 3.4065087042265727 3.9807187458278146 -2255.430172509605 0.0515597191300819 23.48606233895117 -5397.588334224547 2.1609270381425802e-05 0.004768301886925946 -0.10025124667678595
-1.5634950760966815 -3.8576687555953457 5.088349934255978 331.9073857367039 576.4921974539757 406.3229901790619 414.7662441730499 3.4065087042265727 3.9807187458278146 -2255.430172509605 0.0515597191300819 23.48606233895117 -5397.588334224547 2.1609270381425802e-05 0.004768301886925946 -0.10025124667678595
-1.6135819158460092 -3.841955237242615 5.016389919724843 332.69857010245323 576.1576385498047 397.0832381248474 416.74834537506104 3.4065087042265727 3.9807187458278146 -2255.430172509605 0.0515597191300819 23.48606233895117 -5397.588334224547 2.1609270381425802e-05 0.004768301886925946 -0.10025124667678595
-1.6617045658012473 -3.8291880035810224 4.97172072478535 333.2122650742531 576.1785236597061 387.62419080734253 420.4287643432617 3.4065087042265727 3.9807187458278146 -2255.430172509605 0.0515597191300819 23.48606233895117 -5397.588334224547 2.1609270381425802e-05 0.004768301886925946 -0.10025124667678595
-1.702952551477163 -3.8193670546105656 4.946132161253601 333.35771745443344 576.6834676861763 377.5678029060364 426.48104548454285 3.4065087042265727 3.9807187458278146 -2255.430172509605 0.0515597191300819 23.48606233895117 -5397.588334224547 2.1609270381425802e-05 0.004768301886925946 -0.10025124667678595
-1.7422363473589895 -3.8105282005371546 4.9337034227324885 333.03400310873985 577.8164764642715 366.4595048427582 435.6320607662201 3.4065087042265727 3.9807187458278146 -2255.430172509605 0.0515597191300819 23.48606233895117 -5397.588334224547 2.1609270381425802e-05 0.004768301886925946 -0.10025124667678595
-1.708845120859445 -3.8213312444046568 1.8836975546753576 332.1300269663334 579.736947953701 353.76820063591003 448.66200256347656 3.4065087042265727 3.9807187458278146 -2255.430172509605 0.0515597191300819 23.48606233895117 -5397.588334224547 2.1609270381425802e-05 0.004768301886925946 -0.10025124667678595
-1.6430447627573879 -3.844901521933752 1.914765446518256 330.5245233774185 582.6196718811989 338.8862633705139 466.4043834209442 3.4065087042265727 3.9807187458278146 -2255.430172509605 0.0515597191300819 23.48606233895117 -5397.588334224547 2.1609270381425802e-05 0.004768301886925946 -0.10025124667678595
-1.5772444046553304 -3.8655255147717105 1.8745308126374867 328.0860562324524 586.6548297405243 321.129545211792 489.74604511260986 3.4065087042265727 3.9807187458278146 -2255.430172509605 0.0515597191300819 23.48606233895117 -5397.588334224547 2.1609270381425802e-05 0.004768301886925946 -0.10025124667678595
-1.5350143240823655 -3.8802569382273955 1.9064348771224928 334.6019498258829 570.1379077676684 271.5636453330517 480.3023801147938 3.4065087042265727 3.9807187458278146 -2255.430172509605 0.0515597191300819 23.48606233895117 -5397.588334224547 2.1609270381425802e-05 0.004768301886925946 -0.10025124667678595
-1.4544825425246188 -3.8390089525514783 1.0974402849600018 343.40224036574364 568.2778533315286 282.0713645517826 456.66048358380795 3.4065087042265727 3.9807187458278146 -2255.430172509605 0.0515597191300819 23.48606233895117 -5397.588334224547 2.1609270381425802e-05 0.004768301886925946 -0.10025124667678595
-1.3562730528200528 -3.7663339301700995 0.9337259975192108 351.42090783268213 566.5051003257977 293.81468373537064 435.05058450996876 3.4065087042265727 3.9807187458278146 -2255.430172509605 0.0515597191300819 23.48606233895117 -5397.588334224547 2.1609270381425802e-05 0.004768301886925946 -0.10025124667678595
-1.2452963294538963 -3.6789274843330366 0.9036556725365203 358.7042670994997 564.8197768183891 306.6555007994175 415.3601557761431 3.4065087042265727 3.9807187458278146 -2255.430172509605 0.0515597191300819 23.48606233895117 -5397.588334224547 2.1609270381425802e-05 0.004768301886925946 -0.10025124667678595
-1.140212175470008 -3.583664279319607 0.834378564321186 365.2974088564515 563.221982254996 320.46012789011 397.4794881641865 3.4065087042265727 3.9807187458278146 -2255.430172509605 0.0515597191300819 23.48606233895117 -5397.588334224547 2.1609270381425802e-05 0.004768301886925946 -0.10025124667678595
-1.0410205908683976 -3.489383169203224 0.810773426243407 371.2441995292902 561.711787457345 335.0992913246155 381.30169039964676 3.4065087042265727 3.9807187458278146 -2255.430172509605 0.0515597191300819 23.48606233895117 -5397.588334224547 2.1609270381425802e-05 0.004768301886925946 -0.10025124667678595
-0.9045094001790502 -3.4108155774395708 1.0485566415972905 376.5872813090682 560.2892346261069 350.44813144207 366.7226892262697 3.4065087042265727 3.9807187458278146 -2255.430172509605 0.0515597191300819 23.48606233895117 -5397.588334224547 2.1609270381425802e-05 0.004768301886925946 -0.10025124667678595
-0.8318343777976661 -3.322427036705462 0.6881449651459218 381.36807215213776 558.9543373377528 366.3862028121948 353.6412291973829 3.4065087042265727 3.9807187458278146 -2255.430172509605 0.0515597191300819 23.48606233895117 -5397.588334224547 2.1609270381425802e-05 0.004768301886925946 -0.10025124667678595
-0.787640107430616 -3.232074306177261 0.45491420659233767 385.6267658099532 557.7070805459516 382.7974738776684 341.9588727504015 3.4065087042265727 3.9807187458278146 -2255.430172509605 0.0515597191300819 23.48606233895117 -5397.588334224547 2.1609270381425802e-05 0.004768301886925946 -0.10025124667678595
-0.787640107430616 -3.1348469113697424 -0.0 389.40233175456524 556.5474205833161 399.57032760977745 331.5800002962351 3.4065087042265727 3.9807187458278146 -2255.430172509605 0.0515597191300819 23.48606233895117 -5397.588334224547 2.1609270381425802e-05 0.004768301886925946 -0.10025124667678595
-0.7945147717099338 -3.0356553267681305 6.213989028561022 392.7325152903795 555.4752851579105 416.5975606739521 322.4118101596832 3.4065087042265727 3.9807187458278146 -2255.430172509605 0.0515597191300819 23.48606233895117 -5397.588334224547 2.1609270381425802e-05 0.004768301886925946 -0.10025124667678595
-0.7630877350044746 -3.007174574753807 0.8345388978134441 395.65383740514517 554.4905733565101 433.77638414502144 314.36431865394115 3.4065087042265727 3.9807187458278146 -2255.430172509605 0.0515597191300819 23.48606233895117 -5397.588334224547 2.1609270381425802e-05 0.004768301886925946 -0.10025124667678595
-0.7296965085049213 -3.0140492390331266 1.7628443440356198 398.2015949189663 553.5931556418072 451.00842303037643 307.3503598123789 3.4065087042265727 3.9807187458278146 -2255.430172509605 0.0515597191300819 23.48606233895117 -5397.588334224547 2.1609270381425802e-05 0.004768301886925946 -0.10025124667678595
-0.700233661593556 -3.0366374216651764 2.1939956567289802 400.40986040979624 552.7828738546232 468.1997165083885 301.2855858504772 3.4065087042265727 3.9807187458278146 -2255.430172509605 0.0515597191300819 23.48606233895117 -5397.588334224547 2.1609270381425802e-05 0.004768301886925946 -0.10025124667678595
-0.669788719785137 -3.0621718889883627 2.2381024617732073 402.3114821538329 552.0595412126277 485.26071801781654 296.08846662938595 3.4065087042265727 3.9807187458278146 -2255.430172509605 0.0515597191300819 23.48606233895117 -5397.588334224547 2.1609270381425802e-05 0.004768301886925946 -0.10025124667678595
-0.6472005371530896 -3.081813786929276 2.2455372690184494 403.93808430433273 551.4229423117358 502.106294721365 291.6802900582552 3.4065087042265727 3.9807187458278146 -2255.430172509605 0.0515597191300819 23.48606233895117 -5397.588334224547 2.1609270381425802e-05 0.004768301886925946 -0.10025124667678595
-0.6707708146821818 -3.0788675022381393 4.847916694370181 405.3200667053461 550.8728331231978 518.6557284891605 287.9851620346308 3.4472186652837946 3.99833785334069 -2285.50369947843 0.10403150239809751 23.674380933786892 -5497.255053959909 4.360079731688914e-05 0.004808059052842899 -0.12533658323642835
-0.7120188003581022 -3.058243509400179 5.195835981951915 406.48660496622324 550.408940997324 534.8327148258686 284.9300062507391 3.4472186652837946 3.99833785334069 -2285.50369947843 0.10403150239809751 23.674380933786892 -5497.255053959909 4.360079731688914e-05 0.004808059052842899 -0.12533658323642835
-0.7601414503133402 -3.025834377797673 5.324541477329739 407.4656505137682 550.0309646617388 550.5653634369373 282.4445644021034 3.4472186652837946 3.99833785334069 -2285.50369947843 0.10403150239809751 23.674380933786892 -5497.255053959909 4.360079731688914e-05 0.004808059052842899 -0.12533658323642835
-0.7758549686660788 -3.0012820053715323 5.772696985262625 408.28393050283194 549.7385742192855 565.7861983180046 280.4613959938288 3.4472186652837946 3.99833785334069 -2285.50369947843 0.10403150239809751 23.674380933786892 -5497.255053959909 4.360079731688914e-05 0.004808059052842899 -0.12533658323642835
-0.7876401074306205 -2.9786938227394817 5.873057966638273 408.96694788336754 549.5314111529151 580.4321574270725 278.91587859392166 3.4472186652837946 3.99833785334069 -2285.50369947843 0.10403150239809751 23.674380933786892 -5497.255053959909 4.360079731688914e-05 0.004808059052842899 -0.12533658323642835
-0.8004073410922158 -2.976729632945391 4.8922424801771225 409.5389813184738 549.4090883202152 594.4445928931236 277.7462075650692 3.4472186652837946 3.99833785334069 -2285.50369947843 0.10403150239809751 23.674380933786892 -5497.255053959909 4.360079731688914e-05 0.004808059052842899 -0.12533658323642835
-0.8112103849597172 -2.9934252461951676 3.715897483764445 410.0230852738023 549.3711899579503 607.7692708969116 276.89339619874954 3.4472186652837946 3.99833785334069 -2285.50369947843 0.10403150239809751 23.674380933786892 -5497.255053959909 4.360079731688914e-05 0.004808059052842899 -0.12533658323642835
-0.8249597135183573 -3.017977618621308 3.6520809755066157 410.4410899952054 549.4172716788016 620.3563719689846 276.30127573013306 3.4472186652837946 3.99833785334069 -2285.50369947843 0.10403150239809751 23.674380933786892 -5497.255053959909 4.360079731688914e-05 0.004808059052842899 -0.12533658323642835
-0.8396911369740376 -3.046458370635632 3.6189380359633443 410.81360144913197 549.5468604740454 632.1604902744293 275.91649539768696 3.4472186652837946 3.99833785334069 -2285.50369947843 0.10403150239809751 23.674380933786892 -5497.255053959909 4.360079731688914e-05 0.004808059052842899 -0.12533658323642835
-0.8534404655326778 -3.0749391226499556 3.5913522666596607 411.16000144928694 549.7594547107583 643.1406347155571 275.68852216005325 3.4472186652837946 3.99833785334069 -2285.50369947843 0.10403150239809751 23.674380933786892 -5497.255053959909 4.360079731688914e-05 0.004808059052842899 -0.12533658323642835
-0.8603151298120045 -3.101455684870189 3.395266749728684 411.49844747781754 550.0545241348445 653.2602278292179 275.56964111328125 3.4472186652837946 3.99833785334069 -2285.50369947843 0.10403150239809751 23.674380933786892 -5497.255053959909 4.360079731688914e-05 0.004808059052842899 -0.12533658323642835
-0.8681718889883671 -3.1250259623992847 3.4633432079863358 411.84587287157774 550.431509868009 662.4871064424515 275.51495507359505 3.4472186652837946 3.99833785334069 -2285.50369947843 0.10403150239809751 23.674380933786892 -5497.255053959909 4.360079731688914e-05 0.004808059052842899 -0.12533658323642835
-0.8760286481647386 -3.1436857654431525 3.5401150992564916 412.2179866284132 550.8898244104348 670.7935215234756 275.4823849052191 3.4472186652837946 3.99833785334069 -2285.50369947843 0.10403150239809751 23.674380933786892 -5497.255053959909 4.360079731688914e-05 0.004808059052842899 -0.12533658323642835
-0.8760286481647386 -3.1593992837958824 3.141592653589793 412.62927367538214 551.4288516385714 678.1561381220818 275.4326693415642 3.4472186652837946 3.99833785334069 -2285.50369947843 0.10403150239809751 23.674380933786892 -5497.255053959909 4.360079731688914e-05 0.004808059052842899 -0.12533658323642835
-0.8730823634735999 -3.1760948970456586 2.9669204545814485 413.0929944962263 552.0479468072299 684.5560353398323 275.3293649703264 3.4472186652837946 3.99833785334069 -2285.50369947843 0.10403150239809751 23.674380933786892 -5497.255053959909 4.360079731688914e-05 0.004808059052842899 -0.12533658323642835
-0.8760286481647341 -3.1682381378692934 5.924414636909318 413.6211855337024 552.7464365471387 689.9787063896656 275.13884645700455 3.4472186652837946 3.99833785334069 -2285.50369947843 0.10403150239809751 23.674380933786892 -5497.255053959909 4.360079731688914e-05 0.004808059052842899 -0.12533658323642835
-0.8868316920322356 -3.1436857654431525 5.868678432594822 414.2246589064598 553.5236188677372 694.4140589237213 274.83030615746975 3.4472186652837946 3.99833785334069 -2285.50369947843 0.10403150239809751 23.674380933786892 -5497.255053959909 4.360079731688914e-05 0.004808059052842899 -0.12533658323642835
-0.9005810205908712 -3.1034198746642807 5.954135612339324 414.91300248354673 554.3787631543819 697.8564142286777 274.3757546246052 3.4472186652837946 3.99833785334069 -2285.50369947843 0.10403150239809751 23.674380933786892 -5497.255053959909 4.360079731688914e-05 0.004808059052842899 -0.12533658323642835
-0.9212050134288335 -3.0543151298119966 5.885557315657403 415.69457995146513 555.3111101702088 700.3045080602169 273.7500201314688 3.4472186652837946 3.99833785334069 -2285.50369947843 0.10403150239809751 23.674380933786892 -5497.255053959909 4.360079731688914e-05 0.004808059052842899 -0.12533658323642835
-0.9487036705461137 -3.0061924798567596 5.7640391929330335 416.57653073221445 556.3198720568325 701.7614900767803 272.9307488799095 3.4472186652837946 3.99833785334069 -2285.50369947843 0.10403150239809751 23.674380933786892 -5497.255053959909 4.360079731688914e-05 0.004808059052842899 -0.12533658323642835
-0.9870053715308953 -2.9610161145926592 5.579954666143829 417.5647699981928 557.4042323312024 702.23492410779 271.89840503036976 3.4472186652837946 3.99833785334069 -2285.50369947843 0.10403150239809751 23.674380933786892 -5497.255053959909 4.360079731688914e-05 0.004808059052842899 -0.12533658323642835
-1.0321817367949946 -2.9178039391226505 5.475568578455426 418.6639887318015 558.5633458888624 701.7367882430553 270.6362706720829 3.4472186652837946 3.99833785334069 -2285.50369947843 0.10403150239809751 23.674380933786892 -5497.255053959909 4.360079731688914e-05 0.004808059052842899 -0.12533658323642835
-1.084232766338412 -2.8765559534467333 5.382511017811203 419.87765365093946 559.7963390019722 700.2834743857384 269.1304457336664 3.4472186652837946 3.99833785334069 -2285.50369947843 0.10403150239809751 23.674380933786892 -5497.255053959909 4.360079731688914e-05 0.004808059052842899 -0.12533658323642835
-1.1392300805729678 -2.8333437779767245 5.378358217763805 421.20800726115704 561.1023093196563 697.8957889974117 267.3698481172323 3.4472186652837946 3.99833785334069 -2285.50369947843 0.10403150239809751 23.674380933786892 -5497.255053959909 4.360079731688914e-05 0.004808059052842899 -0.12533658323642835
-1.1981557743957074 -2.7871853178155783 5.376884379479451 422.65606785565615 562.480325869401 694.5989522337914 265.3462137579918 3.4472186652837946 3.99833785334069 -2285.50369947843 0.10403150239809751 23.674380933786892 -5497.255053959909 4.360079731688914e-05 0.004808059052842899 -0.12533658323642835
-1.2531530886302678 -2.7390626678603414 5.43121898000628 424.22162937372923 563.9294290548423 690.4225985705853 263.05409625172615 3.4472186652837946 3.99833785334069 -2285.50369947843 0.10403150239809751 23.674380933786892 -5497.255053959909 4.360079731688914e-05 0.004808059052842899 -0.12533658323642835
-1.2973473589973223 -2.686029543419876 5.588447030982881 425.903261706233 565.4486306582112 685.4007765352726 260.4908673763275 3.4472186652837946 3.99833785334069 -2285.50369947843 0.10403150239809751 23.674380933786892 -5497.255053959909 4.360079731688914e-05 0.004808059052842899 -0.12533658323642835
-1.341541629364377 -2.635942703670547 5.560205953778097 427.69831036776304 567.036913837539 679.5719488561153 257.65671660006046 3.4472186652837946 3.99833785334069 -2285.50369947843 0.10403150239809751 23.674380933786892 -5497.255053959909 4.360079731688914e-05 0.004808059052842899 -0.12533658323642835
-1.3857358997314315 -2.5907663384064468 5.508775712464874 429.60289669036865 568.6932331289863 672.9789922833443 254.55465142428875 3.4472186652837946 3.99833785334069 -2285.50369947843 0.10403150239809751 23.674380933786892 -5497.255053959909 4.360079731688914e-05 0.004808059052842899 -0.12533658323642835
-1.4230555058191638 -2.547554162936439 5.570827709085277 431.6119177415967 570.4165144460276 665.6691976189613 251.190497264266 3.4472186652837946 3.99833785334069 -2285.50369947843 0.10403150239809751 23.674380933786892 -5497.255053959909 4.360079731688914e-05 0.004808059052842899 -0.12533658323642835
-1.4633213965980394 -2.507288272157566 5.49778714378211 433.7190464437008 572.2056550785201 657.6942701041698 247.5728974044323 3.4472186652837946 3.99833785334069 -2285.50369947843 0.10403150239809751 23.674380933786892 -5497.255053959909 4.360079731688914e-05 0.004808059052842899 -0.12533658323642835
-1.499658907788727 -2.4719328558639218 5.4840893704093 435.91673136502504 574.0595236953814 649.1103286147118 243.71331311762333 3.4472186652837946 3.99833785334069 -2285.50369947843 0.10403150239809751 23.674380933786892 -5497.255053959909 4.360079731688914e-05 0.004808059052842899 -0.12533658323642835
-1.5389427036705534 -2.437559534467325 5.431218980006298 438.1961969435215 575.9769603405148 639.977906525135 239.62602350115776 3.4472186652837946 3.99833785334069 -2285.50369947843 0.10403150239809751 23.674380933786892 -5497.255053959909 4.360079731688914e-05 0.004808059052842899 -0.12533658323642835
-1.581172784243514 -2.407114592658908 5.337024403156354 440.54744333028793 577.956776436884 630.3619512617588 235.32812571525574 3.4472186652837946 3.99833785334069 -2285.50369947843 0.10403150239809751 23.674380933786892 -5497.255053959909 4.360079731688914e-05 0.004808059052842899 -0.12533658323642835
-1.6292954341987476 -2.373723366159356 5.318994088979248 442.95924642682076 579.9977547833696 620.3318242132664 230.83953468501568 3.4472186652837946 3.99833785334069 -2285.50369947843 0.10403150239809751 23.674380933786892 -5497.255053959909 4.360079731688914e-05 0.004808059052842899 -0.12533658323642835
-1.6842927484333081 -2.344260519247986 5.204198156373361 445.4191579371691 582.0986495576799 609.9613010287285 226.1829832792282 3.4472186652837946 3.99833785334069 -2285.50369947843 0.10403150239809751 23.674380933786892 -5497.255053959909 4.360079731688914e-05 0.004808059052842899 -0.12533658323642835
-1.7481289167412715 -2.3147976723366166 5.144796755955254 447.9135053381324 584.2581863135565 599.3285712897778 221.3840223699808 3.4472186652837946 3.99833785334069 -2285.50369947843 0.10403150239809751 23.674380933786892 -5497.255053959909 4.360079731688914e-05 0.004808059052842899 -0.12533658323642835
-1.8217860340197003 -2.2872990152193386 5.069697663392764 450.42739184200764 586.4750619821716 588.5162390470505 216.4710206091404 3.4472186652837946 3.99833785334069 -2285.50369947843 0.10403150239809751 23.674380933786892 -5497.255053959909 4.360079731688914e-05 0.004808059052842899 -0.12533658323642835
-1.9032999104744917 -2.258818263205015 5.048527031170249 452.94469647854567 588.7479448725935 577.6113220155239 211.47516477108002 3.4472186652837946 3.99833785334069 -2285.50369947843 0.10403150239809751 23.674380933786892 -5497.255053959909 4.360079731688914e-05 0.004808059052842899 -0.12533658323642835
-1.993652641002695 -2.2254270367054625 5.066386417216574 455.4480739533901 591.0754746702733 566.705252379179 206.4304593205452 3.4472186652837946 3.99833785334069 -2285.50369947843 0.10403150239809751 23.674380933786892 -5497.255053959909 4.360079731688914e-05 0.004808059052842899 -0.12533658323642835
-2.094808415398395 -2.1871253357206824 5.074347737622426 457.9189547970891 593.4562624389073 555.8938763141632 201.37372674047947 3.4472186652837946 3.99833785334069 -2285.50369947843 0.10403150239809751 23.674380933786892 -5497.255053959909 4.360079731688914e-05 0.004808059052842899 -0.12533658323642835
-2.2048030438675115 -2.1429310653536273 5.0867225963922635 460.33754535764456 595.8888906184584 545.2774541676044 196.3446074873209 3.4472186652837946 3.99833785334069 -2285.50369947843 0.10403150239809751 23.674380933786892 -5497.255053959909 4.360079731688914e-05 0.004808059052842899 -0.12533658323642835
-2.310869292748444 -2.1016830796777093 5.075212313371782 462.6828276440501 598.3719130271347 534.9606601595879 191.385559797287 3.4472186652837946 3.99833785334069 -2285.50369947843 0.10403150239809751 23.674380933786892 -5497.255053959909 4.360079731688914e-05 0.004808059052842899 -0.12533658323642835
-2.4169355416293725 -2.063381378692928 5.050712602893963 464.9325594827533 600.9038548596436 525.0525829494 186.54186004400253 3.4472186652837946 3.99833785334069 -2285.50369947843 0.10403150239809751 23.674380933786892 -5497.255053959909 4.360079731688914e-05 0.004808059052842899 -0.12533658323642835
-2.521037600716216 -2.031954341987466 4.996907464692679 467.06327452510595 603.4832126884721 515.6667251288891 181.86160215735435 3.4472186652837946 3.99833785334069 -2285.50369947843 0.10403150239809751 23.674380933786892 -5497.255053959909 4.360079731688914e-05 0.004808059052842899 -0.12533658323642835
-2.624157564906001 -2.0034735899731437 4.972991372132048 469.0502820536494 606.1084544630721 506.9210033118725 177.39569839835167 3.4441947863573277 4.0351974143811535 -2294.1102009311944 0.1082992844475831 23.773123325128545 -5534.509679406004 4.5389473783563755e-05 0.004835281432399323 -0.13491754439374762
-2.7184386750223877 -1.9808854073410929 4.937665759598741 470.8676672503352 608.7780195102096 498.93774873018265 173.197878703475 3.4441947863573277 4.0351974143811535 -2294.1102009311944 0.1082992844475831 23.773123325128545 -5534.509679406004 4.5389473783563755e-05 0.004835281432399323 -0.13491754439374762
-2.808791405550591 -1.9632076991942715 4.895110541146787 472.4882909953594 611.4903185340809 491.8437060713768 169.32469087839127 3.4441947863573277 4.0351974143811535 -2294.1102009311944 0.1082992844475831 23.773123325128545 -5534.509679406004 4.5389473783563755e-05 0.004835281432399323 -0.13491754439374762
-2.8922694717994677 -1.9484762757385876 4.87562926316952 473.8837899416685 614.2437336159637 485.77003452181816 165.83550077676773 3.4441947863573277 4.0351974143811535 -2294.1102009311944 0.1082992844475831 23.773123325128545 -5534.509679406004 4.5389473783563755e-05 0.004835281432399323 -0.13491754439374762
-2.971819158460165 -1.938655326768131 4.823046201558584 475.02457650750875 617.0366182141006 480.85230734944344 162.79249215126038 3.4441947863573277 4.0351974143811535 -2294.1102009311944 0.1082992844475831 23.773123325128545 -5534.509679406004 4.5389473783563755e-05 0.004835281432399323 -0.13491754439374762
-3.0444941808415447 -1.932762757385857 4.779854004906594 475.8798388838768 619.8672971653286 477.2305117845535 160.2606666535139 3.4441947863573277 4.0351974143811535 -2294.1102009311944 0.1082992844475831 23.773123325128545 -5534.509679406004 4.5389473783563755e-05 0.004835281432399323 -0.13491754439374762
-3.11422291853179 -1.9337448522829017 4.698305404561843 476.4175410568714 622.73406668182 475.0490493774414 158.30784392356873 3.4441947863573277 4.0351974143811535 -2294.1102009311944 0.1082992844475831 23.773123325128545 -5534.509679406004 4.5389473783563755e-05 0.004835281432399323 -0.13491754439374762
-3.180023276633847 -1.9366911369740394 4.667642748930063 476.6044227182865 625.6351943549234 474.45673552155495 157.00466123223305 3.4441947863573277 4.0351974143811535 -2294.1102009311944 0.1082992844475831 23.773123325128545 -5534.509679406004 4.5389473783563755e-05 0.004835281432399323 -0.13491754439374762
-3.24287735004477 -1.939637421665176 4.665548267468727 476.4059993773699 628.5689191514393 475.6068000495434 156.42457415163517 3.4441947863573277 4.0351974143811535 -2294.1102009311944 0.1082992844475831 23.773123325128545 -5534.509679406004 4.5389473783563755e-05 0.004835281432399323 -0.13491754439374762
-3.3057314234556934 -1.9425837063563123 4.665548267468727 475.7865623012185 631.533451417461 478.65688678622246 156.6438558548689 3.4441947863573277 4.0351974143811535 -2294.1102009311944 0.1082992844475831 23.773123325128545 -5534.509679406004 4.5389473783563755e-05 0.004835281432399323 -0.13491754439374762
-3.3676034019695713 -1.9455299910474488 4.664805877107715 474.7091785147786 634.5269728739513 483.76905354857445 157.74159780144691 3.4441947863573277 4.0351974143811535 -2294.1102009311944 0.1082992844475831 23.773123325128545 -5534.509679406004 4.5389473783563755e-05 0.004835281432399323 -0.13491754439374762
-3.4373321396598167 -1.9484762757385865 4.67016057827168 473.13569074869156 637.5476366212824 491.10977241396904 159.79970894753933 3.4441947863573277 4.0351974143811535 -2294.1102009311944 0.1082992844475831 23.773123325128545 -5534.509679406004 4.5389473783563755e-05 0.004835281432399323 -0.13491754439374762
-3.510989256938237 -1.9504404655326784 4.685728632010084 471.0267176628113 640.5935671353946 500.84992948174477 162.90291634202003 3.4441947863573277 4.0351974143811535 -2294.1102009311944 0.1082992844475831 23.773123325128545 -5534.509679406004 4.5389473783563755e-05 0.004835281432399323 -0.13491754439374762
-3.5925031333930235 -1.9563330349149513 4.640225351425041 468.3416535407305 643.6628602716373 513.1648249924183 167.1387649923563 3.4441947863573277 4.0351974143811535 -2294.1102009311944 0.1082992844475831 23.773123325128545 -5534.509679406004 4.5389473783563755e-05 0.004835281432399323 -0.13491754439374762
-3.6730349149507657 -1.9641897940913173 4.615135782133113 465.03866846859455 646.7535832601134 528.2341733276844 172.59761781990528 3.4441947863573277 4.0351974143811535 -2294.1102009311944 0.1082992844475831 23.773123325128545 -5534.509679406004 4.5389473783563755e-05 0.004835281432399323 -0.13491754439374762
-3.7506204118173736 -1.9749928379588197 4.574038010207563 461.07470827549696 649.863774710102 546.24210318923 179.37265576422215 3.4441947863573277 4.0351974143811535 -2294.1102009311944 0.1082992844475831 23.773123325128545 -5534.509679406004 4.5389473783563755e-05 0.004835281432399323 -0.13491754439374762
-3.8242775290957978 -1.9897242614145045 4.514993420534809 456.40549463778734 652.9914446072653 567.3771567046642 187.55987732112408 3.4441947863573277 4.0351974143811535 -2294.1102009311944 0.1082992844475831 23.773123325128545 -5534.509679406004 4.5389473783563755e-05 0.004835281432399323 -0.13491754439374762
-3.900880931065361 -2.0093661593554177 4.46138629374166 450.9855249300599 656.134574314463 591.8322910964489 197.2580992281437 3.4441947863573277 4.0351974143811535 -2294.1102009311944 0.1082992844475831 23.773123325128545 -5534.509679406004 4.5389473783563755e-05 0.004835281432399323 -0.13491754439374762
-3.976502238137875 -2.033918531781559 4.398450767048142 444.7680722847581 659.2911165723344 619.8048769533634 208.56895612180233 3.4441947863573277 4.0351974143811535 -2294.1102009311944 0.1082992844475831 23.773123325128545 -5534.509679406004 4.5389473783563755e-05 0.004835281432399323 -0.13491754439374762
-4.044266786034027 -2.068291853178156 4.24296108894024 437.70518562942743 662.4589954988332 651.4966993629932 221.59690043330193 3.4441947863573277 4.0351974143811535 -2294.1102009311944 0.1082992844475831 23.773123325128545 -5534.509679406004 4.5389473783563755e-05 0.004835281432399323 -0.13491754439374762
-4.109085049239039 -2.109539838854074 4.145659762861172 429.74768970161676 665.6361065886449 687.1139572262764 236.449202388525 3.4441947863573277 4.0351974143811535 -2294.1102009311944 0.1082992844475831 23.773123325128545 -5534.509679406004 4.5389473783563755e-05 0.004835281432399323 -0.13491754439374762
-4.1689928379588235 -2.158644583706358 4.025767409054886 420.84518494457006 668.820316713769 726.8672637045383 253.23595057427883 3.4441947863573277 4.0351974143811535 -2294.1102009311944 0.1082992844475831 23.773123325128545 -5534.509679406004 4.5389473783563755e-05 0.004835281432399323 -0.13491754439374762
