24 -1.6076893464637494 -2.548536257833484 2.096862745791689 -0.32605550581916565 -2.4562193375111923
-1.6076893464637494 -2.548536257833484 2.096862745791689 422.0011137127876 561.0734222233295 584.4134897664189 252.05863225460052 3.2550798239577476 3.792606354626382 -1973.7235888525747 0.1376598905938892 22.32134297548201 -4389.575526235211 5.769484098654202e-05 0.0045402514797507265 0.09586012471630118
-1.5733160250671514 -2.5652318710832596 2.0229501890806563 421.13214060664177 559.9367536082864 574.5395967401564 279.7017080783844 3.2550798239577476 3.792606354626382 -1973.7235888525747 0.1376598905938892 22.32134297548201 -4389.575526235211 5.769484098654202e-05 0.0045402514797507265 0.09586012471630118
-1.5291217547001013 -2.581927484333036 1.9320000822886205 420.270270049572 558.6580022722483 565.0662511065602 301.82809042930603 3.2550798239577476 3.792606354626382 -1973.7235888525747 0.1376598905938892 22.32134297548201 -4389.575526235211 5.769484098654202e-05 0.0045402514797507265 0.09586012471630118
-1.4849274843330467 -2.5976410026857666 1.9124118174427083 419.46993976831436 557.2604539096355 555.9456774070859 319.176140666008 3.2550798239577476 3.792606354626382 -1973.7235888525747 0.1376598905938892 22.32134297548201 -4389.575526235211 5.769484098654202e-05 0.0045402514797507265 0.09586012471630118
-1.4377869292748533 -2.6133545210384965 1.8925468811915105 418.778770506382 555.7656088247895 547.1310294158757 332.4443607330322 3.2550798239577476 3.792606354626382 -1973.7235888525747 0.1376598905938892 22.32134297548201 -4389.575526235211 5.769484098654202e-05 0.0045402514797507265 0.09586012471630118
-1.3877000895255167 -2.6271038495971353 1.8387067492181912 418.237565100193 554.1931818202138 538.5763901174068 342.2913967370987 3.2550798239577476 3.792606354626382 -1973.7235888525747 0.1376598905938892 22.32134297548201 -4389.575526235211 5.769484098654202e-05 0.0045402514797507265 0.09586012471630118
-1.3405595344673278 -2.637906893464638 1.7960731060089687 417.8803090751171 552.5611023157835 530.2367716543376 349.3360364437103 3.2550798239577476 3.792606354626382 -1973.7235888525747 0.1376598905938892 22.32134297548201 -4389.575526235211 5.769484098654202e-05 0.0045402514797507265 0.09586012471630118
-1.289490599820951 -2.645763652641004 1.7234456551901667 417.7341706454754 550.8855142965913 522.0681154355407 354.1572104692459 3.2550798239577476 3.792606354626382 -1973.7235888525747 0.1376598905938892 22.32134297548201 -4389.575526235211 5.769484098654202e-05 0.0045402514797507265 0.09586012471630118
-1.2354753804834442 -2.652638316920323 1.697388454074867 417.8194999396801 549.1807762905955 514.0272920057178 357.29399132728577 3.2550798239577476 3.792606354626382 -1973.7235888525747 0.1376598905938892 22.32134297548201 -4389.575526235211 5.769484098654202e-05 0.0045402514797507265 0.09586012471630118
-1.1775317815577448 -2.658530886302597 1.672142830060559 418.14983010292053 547.4594614952803 506.0721011906862 359.2455949783325 3.2550798239577476 3.792606354626382 -1973.7235888525747 0.1376598905938892 22.32134297548201 -4389.575526235211 5.769484098654202e-05 0.0045402514797507265 0.09586012471630118
-1.1225344673231934 -2.6604950760966886 1.6064954394742321 418.7318765223026 545.7323575541377 498.1612719334662 360.4713784456253 3.2550798239577476 3.792606354626382 -1973.7235888525747 0.1376598905938892 22.32134297548201 -4389.575526235211 5.769484098654202e-05 0.0045402514797507265 0.09586012471630118
-1.063608773500454 -2.658530886302597 1.5374753309166418 419.56553715467453 544.0084666833282 490.2544624209404 361.39084255695343 3.2550798239577476 3.792606354626382 -1973.7235888525747 0.1376598905938892 22.32134297548201 -4389.575526235211 5.769484098654202e-05 0.0045402514797507265 0.09586012471630118
-1.0046830796777189 -2.6536204118173687 1.487655094906449 420.643892377615 542.2950057387352 482.3122600764036 362.38363111019135 3.2550798239577476 3.792606354626382 -1973.7235888525747 0.1376598905938892 22.32134297548201 -4389.575526235211 5.769484098654202e-05 0.0045402514797507265 0.09586012471630118
-0.9487036705461183 -2.645763652641004 1.4313562697035622 421.95320495963097 540.5974061265588 474.2961814664304 363.78952836990356 3.2550798239577476 3.792606354626382 -1973.7235888525747 0.1376598905938892 22.32134297548201 -4389.575526235211 5.769484098654202e-05 0.0045402514797507265 0.09586012471630118
-0.8917421665174683 -2.635942703670547 1.400061115319619 423.47292026877403 538.9193138256669 466.1686723828316 365.9084634780884 3.2550798239577476 3.792606354626382 -1973.7235888525747 0.1376598905938892 22.32134297548201 -4389.575526235211 5.769484098654202e-05 0.0045402514797507265 0.09586012471630118
-0.8377269471799526 -2.621211280214862 1.3045442776439922 425.17566630244255 537.2625893428922 457.89310785010457 369.0005053281784 3.2550798239577476 3.792606354626382 -1973.7235888525747 0.1376598905938892 22.32134297548201 -4389.575526235211 5.769484098654202e-05 0.0045402514797507265 0.09586012471630118
-0.7866580125335713 -2.6045156669650855 1.2548260548419496 427.0272532105446 535.6273077949882 449.43379206210375 373.2858681678772 3.2550798239577476 3.792606354626382 -1973.7235888525747 0.1376598905938892 22.32134297548201 -4389.575526235211 5.769484098654202e-05 0.0045402514797507265 0.09586012471630118
-0.7326427931960601 -2.5858558639212186 1.238176635220988 428.98667401075363 534.0117588564754 440.75595838576555 378.9449073076248 3.2550798239577476 3.792606354626382 -1973.7235888525747 0.1376598905938892 22.32134297548201 -4389.575526235211 5.769484098654202e-05 0.0045402514797507265 0.09586012471630118
-0.6776454789615041 -2.567196060877351 1.2436982297891024 431.0061039030552 532.4124467298388 431.8257694877684 386.11812126636505 3.2550798239577476 3.792606354626382 -1973.7235888525747 0.1376598905938892 22.32134297548201 -4389.575526235211 5.769484098654202e-05 0.0045402514797507265 0.09586012471630118
-0.618719785138769 -2.5495183527305296 1.2793395323170156 433.03090056777 530.8240902796388 422.6103171221912 394.90614902973175 3.2550798239577476 3.792606354626382 -1973.7235888525747 0.1376598905938892 22.32134297548201 -4389.575526235211 5.769484098654202e-05 0.0045402514797507265 0.09586012471630118
-0.5627403760071639 -2.5357690241718895 1.329949871553481 434.99960428476334 529.2396228462458 413.0776223279536 405.36977553367615 3.2550798239577476 3.792606354626382 -1973.7235888525747 0.1376598905938892 22.32134297548201 -4389.575526235211 5.769484098654202e-05 0.0045402514797507265 0.09586012471630118
-0.5106893464637466 -2.522019695613251 1.3125441069838493 436.84393787384033 527.6501924321055 403.19663531705737 417.5299241542816 3.2550798239577476 3.792606354626382 -1973.7235888525747 0.1376598905938892 22.32134297548201 -4389.575526235211 5.769484098654202e-05 0.0045402514797507265 0.09586012471630118
-0.45078155774395795 -2.505324082363475 1.299004168120223 438.4888065159321 526.0451614707708 392.93723551928997 431.3676643371582 3.2550798239577476 3.792606354626382 -1973.7235888525747 0.1376598905938892 22.32134297548201 -4389.575526235211 5.769484098654202e-05 0.0045402514797507265 0.09586012471630118
-0.38694538943599466 -2.48371799462847 1.2444375100881064 439.8522979617119 524.4121071100235 382.2702315337956 446.8242074251175 3.2550798239577476 3.792606354626382 -1973.7235888525747 0.1376598905938892 22.32134297548201 -4389.575526235211 5.769484098654202e-05 0.0045402514797507265 0.09586012471630118
-0.32605550581916565 -2.4562193375111923 1.1466019188911252 465.5316353440285 469.8895089328289 313.61595837026834 525.4035514593124 3.2550798239577476 3.792606354626382 -1973.7235888525747 0.1376598905938892 22.32134297548201 -4389.575526235211 5.769484098654202e-05 0.0045402514797507265 0.09586012471630118
-0.2661477170993814 -2.4277385854968685 1.1270136540452527 478.71124905347824 493.7915384694934 345.6570028141141 480.6504100561142 3.2550798239577476 3.792606354626382 -1973.7235888525747 0.1376598905938892 22.32134297548201 -4389.575526235211 5.769484098654202e-05 0.0045402514797507265 0.09586012471630118
-0.20231154879140914 -2.396311548791407 1.1133214788988937 489.0605437755585 515.9951553493738 375.7193403914571 439.816573292017 3.2550798239577476 3.792606354626382 -1973.7235888525747 0.1376598905938892 22.32134297548201 -4389.575526235211 5.769484098654202e-05 0.0045402514797507265 0.09586012471630118
-0.152224709042077 -2.362920322291855 0.982793723247365 496.79375702142715 536.576029472053 403.88112062960863 402.69014459848404 3.2550798239577476 3.792606354626382 -1973.7235888525747 0.1376598905938892 22.32134297548201 -4389.575526235211 5.769484098654202e-05 0.0045402514797507265 0.09586012471630118
-0.1050841539838881 -2.3246186213070743 0.8884797719201236 502.1190110743046 555.6082318276167 430.218959890306 369.06458762288094 3.2550798239577476 3.792606354626382 -1973.7235888525747 0.1376598905938892 22.32134297548201 -4389.575526235211 5.769484098654202e-05 0.0045402514797507265 0.09586012471630118
-0.5116714413607959 -2.1232891674127132 5.172164391894597 505.2383131980896 573.1642343476415 454.80794133245945 338.7387253344059 3.2550798239577476 3.792606354626382 -1973.7235888525747 0.1376598905938892 22.32134297548201 -4389.575526235211 5.769484098654202e-05 0.0045402514797507265 0.09586012471630118
-1.0253070725156723 -1.856159355416295 5.191968473448793 506.3475551009178 589.3149097338319 477.72161488234997 311.51674112677574 3.2550798239577476 3.792606354626382 -1973.7235888525747 0.1376598905938892 22.32134297548201 -4389.575526235211 5.769484098654202e-05 0.0045402514797507265 0.09586012471630118
-1.5713518352730573 -1.5615308863025974 5.207187982027103 505.636513620615 604.1295318603516 499.0319972783327 287.20817774534225 3.2550798239577476 3.792606354626382 -1973.7235888525747 0.1376598905938892 22.32134297548201 -4389.575526235211 5.769484098654202e-05 0.0045402514797507265 0.09586012471630118
-2.1380205908684005 -1.2639561324977624 5.195937873742456 503.2888499200344 617.6757753863931 518.8095720931888 265.6279381811619 3.2550798239577476 3.792606354626382 -1973.7235888525747 0.1376598905938892 22.32134297548201 -4389.575526235211 5.769484098654202e-05 0.0045402514797507265 0.09586012471630118
-2.6997788719785194 -0.9771844225604309 5.184392940836928 499.48211029171944 630.0197159945965 537.1232897266746 246.59628516435623 3.2550798239577476 3.792606354626382 -1973.7235888525747 0.1376598905938892 22.32134297548201 -4389.575526235211 5.769484098654202e-05 0.0045402514797507265 0.09586012471630118
-3.249752014324088 -0.7071083258728739 5.167428480633424 494.3877256810665 641.2258302941918 554.0405673235655 229.93884074687958 3.2550798239577476 3.792606354626382 -1973.7235888525747 0.1376598905938892 22.32134297548201 -4389.575526235211 5.769484098654202e-05 0.0045402514797507265 0.09586012471630118
-3.7938325872873833 -0.44979946284691097 5.152666119056958 488.17101177573204 651.3569957464933 569.6272889226675 215.4865879714489 3.2550798239577476 3.792606354626382 -1973.7235888525747 0.1376598905938892 22.32134297548201 -4389.575526235211 5.769484098654202e-05 0.0045402514797507265 0.09586012471630118
-4.333984780662496 -0.2052578334825423 5.135998650025503 480.9911689758301 660.4744909480214 583.947805300355 203.07586860656738 3.2550798239577476 3.792606354626382 -1973.7235888525747 0.1376598905938892 22.32134297548201 -4389.575526235211 5.769484098654202e-05 0.0045402514797507265 0.09586012471630118
-4.862351835273056 0.027498657117279095 5.125774080542846 473.00128254294395 668.6379952728748 597.0649340227246 192.54838499426842 3.2550798239577476 3.792606354626382 -1973.7235888525747 0.1376598905938892 22.32134297548201 -4389.575526235211 5.769484098654202e-05 0.0045402514797507265 0.09586012471630118
-5.385808415398395 0.2504341987466417 5.113425036174075 464.34832245111465 675.9055890887976 609.0399595424533 183.75119897723198 3.2216332907589056 3.783667767969024 -1955.8162946906657 0.04537887699522412 22.22742684837768 -4299.955427056205 1.9018808464050446e-05 0.004538503756396793 0.11830026863411457
-5.443752014324094 -0.05597940913160296 3.327904923440885 455.1731435060501 682.333753734827 619.9326331019402 176.53673222661018 3.2216332907589056 3.783667767969024 -1955.8162946906657 0.04537887699522412 22.22742684837768 -4299.955427056205 1.9018808464050446e-05 0.004538503756396793 0.11830026863411457
-5.387772605192493 -0.6452363473589989 3.047033565994043 445.61048528552055 687.9773714765906 629.8011726662517 170.7627666592598 3.2216332907589056 3.783667767969024 -1955.8162946906657 0.04537887699522412 22.22742684837768 -4299.955427056205 1.9018808464050446e-05 0.004538503756396793 0.11830026863411457
-5.302330349149518 -1.3700223813786943 3.0244053975996743 435.7889719903469 692.8897255137563 638.702263109386 166.29244330525398 3.2216332907589056 3.783667767969024 -1955.8162946906657 0.04537887699522412 22.22742684837768 -4299.955427056205 1.9018808464050446e-05 0.004538503756396793 0.11830026863411457
-5.214923903312453 -2.133110116383171 3.027691895630882 425.83111277222633 697.1225000172853 646.6910560429096 162.99426391720772 3.2216332907589056 3.783667767969024 -1955.8162946906657 0.04537887699522412 22.22742684837768 -4299.955427056205 1.9018808464050446e-05 0.004538503756396793 0.11830026863411457
-5.135374216651756 -2.881466427931962 3.035828887886916 415.853301435709 700.7257800549269 653.8211699575186 160.7420896589756 3.2216332907589056 3.783667767969024 -1955.8162946906657 0.04537887699522412 22.22742684837768 -4299.955427056205 1.9018808464050446e-05 0.004538503756396793 0.11830026863411457
-5.071538048343788 -3.5885747538048354 3.0515589403836016 405.96581640839577 703.7480516880751 660.1446900889277 159.41514137387276 3.2216332907589056 3.783667767969024 -1955.8162946906657 0.04537887699522412 22.22742684837768 -4299.955427056205 1.9018808464050446e-05 0.004538503756396793 0.11830026863411457
-5.016540734109228 -4.250506714413609 3.0586970012641896 396.27282133698463 706.2362018749118 665.7121684700251 158.89800024032593 3.2216332907589056 3.783667767969024 -1955.8162946906657 0.04537887699522412 22.22742684837768 -4299.955427056205 1.9018808464050446e-05 0.004538503756396793 0.11830026863411457
-4.969400179051039 -4.873154879140556 3.0660270343525515 386.87236419320107 708.2355185747147 670.5726240202785 159.08060666918755 3.2216332907589056 3.783667767969024 -1955.8162946906657 0.04537887699522412 22.22742684837768 -4299.955427056205 1.9018808464050446e-05 0.004538503756396793 0.11830026863411457
-4.932080572963302 -5.458483437779769 3.077920449639789 377.8563778102398 709.7896906211972 674.7735424041748 159.85826143622398 3.2216332907589056 3.783667767969024 -1955.8162946906657 0.04537887699522412 22.22742684837768 -4299.955427056205 1.9018808464050446e-05 0.004538503756396793 0.11830026863411457
-4.902617726051933 -6.018277529095793 3.0890095919788516 369.3106800317764 710.9408078417182 678.3608760759234 161.13162496685982 3.2216332907589056 3.783667767969024 -1955.8162946906657 0.04537887699522412 22.22742684837768 -4299.955427056205 1.9018808464050446e-05 0.004538503756396793 0.11830026863411457
-4.913420769919433 -5.842482542524621 6.221809975065774 361.3149730861187 711.7293610423803 681.3790444135666 162.8067175745964 3.2216332907589056 3.783667767969024 -1955.8162946906657 0.04537887699522412 22.22742684837768 -4299.955427056205 1.9018808464050446e-05 0.004538503756396793 0.11830026863411457
-4.9330626678603515 -5.237512085944496 6.25072917595056 353.9428443610668 712.1942418441176 683.870933406055 164.7949194908142 3.2216332907589056 3.783667767969024 -1955.8162946906657 0.04537887699522412 22.22742684837768 -4299.955427056205 1.9018808464050446e-05 0.004538503756396793 0.11830026863411457
-4.958597135183537 -4.426301700984782 6.251718699242661 347.26176565885544 712.3727429434657 685.8778960332274 167.01297068595886 3.2216332907589056 3.783667767969024 -1955.8162946906657 0.04537887699522412 22.22742684837768 -4299.955427056205 1.9018808464050446e-05 0.004538503756396793 0.11830026863411457
-4.983149507609679 -3.553219337511192 6.255071231841043 341.33309373259544 712.3005579486489 687.4397520124912 169.38297101855278 3.2216332907589056 3.783667767969024 -1955.8162946906657 0.04537887699522412 22.22742684837768 -4299.955427056205 1.9018808464050446e-05 0.004538503756396793 0.11830026863411457
-5.012612354521049 -2.7017430617726057 6.248597030873766 336.21207016706467 712.0117813199759 688.594787850976 171.83237996697426 3.2216332907589056 3.783667767969024 -1955.8162946906657 0.04537887699522412 22.22742684837768 -4299.955427056205 1.9018808464050446e-05 0.004538503756396793 0.11830026863411457
-5.046003581020602 -1.9121387645478967 6.240921931471662 331.9478211402893 711.5389086380601 689.3797568827868 174.2940173447132 3.2216332907589056 3.783667767969024 -1955.8162946906657 0.04537887699522412 22.22742684837768 -4299.955427056205 1.9018808464050446e-05 0.004538503756396793 0.11830026863411457
-5.085287376902424 -1.204048343777977 6.227763618649042 328.58335760235786 710.912836253643 689.8298792243004 176.70606273412704 3.2216332907589056 3.783667767969024 -1955.8162946906657 0.04537887699522412 22.22742684837768 -4299.955427056205 1.9018808464050446e-05 0.004538503756396793 0.11830026863411457
-5.122606982990161 -0.5656866606982993 6.224790234808962 326.1555754840374 710.1628615781665 689.9788418486714 179.01205509901047 3.2216332907589056 3.783667767969024 -1955.8162946906657 0.04537887699522412 22.22742684837768 -4299.955427056205 1.9018808464050446e-05 0.004538503756396793 0.11830026863411457
-5.159926589077893 0.017677708146822516 6.219299300583946 324.69525530934334 709.3166828975081 689.858798533678 181.16089355945587 3.2216332907589056 3.783667767969024 -1955.8162946906657 0.04537887699522412 22.22742684837768 -4299.955427056205 1.9018808464050446e-05 0.004538503756396793 0.11830026863411457
-5.193317815577455 0.5617582811101168 6.2218903447662015 324.22706240415573 708.4003994390368 689.500369772315 183.10683718323708 3.2216332907589056 3.783667767969024 -1955.8162946906657 0.04537887699522412 22.22742684837768 -4299.955427056205 1.9018808464050446e-05 0.004538503756396793 0.11830026863411457
-5.1844789615040385 0.40462309758281156 3.085401867388522 324.76954677700996 707.4385114386678 688.9326430037618 184.80950498580933 3.2216332907589056 3.783667767969024 -1955.8162946906657 0.04537887699522412 22.22742684837768 -4299.955427056205 1.9018808464050446e-05 0.004538503756396793 0.11830026863411457
-5.166801253357216 -0.16106356311548883 3.110352820159522 326.335143327713 706.4539200440049 688.1831723898649 186.2338752746582 3.2216332907589056 3.783667767969024 -1955.8162946906657 0.04537887699522412 22.22742684837768 -4299.955427056205 1.9018808464050446e-05 0.004538503756396793 0.11830026863411457
-5.145195165622212 -0.9221871083258738 3.113213178163216 328.9301717877388 705.4679273217916 687.2779788523912 187.3502868115902 3.2216332907589056 3.783667767969024 -1955.8162946906657 0.04537887699522412 22.22742684837768 -4299.955427056205 1.9018808464050446e-05 0.004538503756396793 0.11830026863411457
-5.125553267681299 -1.7422363473589983 3.1176451366675857 332.554836332798 704.500236287713 686.241550244391 188.13443791866302 3.2216332907589056 3.783667767969024 -1955.8162946906657 0.04537887699522412 22.22742684837768 -4299.955427056205 1.9018808464050446e-05 0.004538503756396793 0.11830026863411457
-5.1019829901522025 -2.5436257833482556 3.112189365385787 337.2032263278961 703.5689509734511 685.0968411788344 188.56738689541817 3.2216332907589056 3.783667767969024 -1955.8162946906657 0.04537887699522412 22.22742684837768 -4299.955427056205 1.9018808464050446e-05 0.004538503756396793 0.11830026863411457
-5.072520143240838 -3.290017905102955 3.10213945249276 342.8633155822754 702.6905762404203 683.8652730435133 188.63555151224136 3.2216332907589056 3.783667767969024 -1955.8162946906657 0.04537887699522412 22.22742684837768 -4299.955427056205 1.9018808464050446e-05 0.004538503756396793 0.11830026863411457
-5.03912891674128 -3.9598066248880945 3.091780520847639 349.5169626772404 701.880017966032 682.5667340159416 188.33071011304855 3.2216332907589056 3.783667767969024 -1955.8162946906657 0.04537887699522412 22.22742684837768 -4299.955427056205 1.9018808464050446e-05 0.004538503756396793 0.11830026863411457
-5.00770188003582 -4.5657591763652645 3.0897752234753604 357.13991129398346 701.1505829915404 681.219579167664 187.65000036358833 3.2216332907589056 3.783667767969024 -1955.8162946906657 0.04537887699522412 22.22742684837768 -4299.955427056205 1.9018808464050446e-05 0.004538503756396793 0.11830026863411457
-4.9743106535362624 -5.124571172784244 3.081909665177029 365.7017895281315 700.5139790177345 679.8406302928925 186.5959197282791 3.2216332907589056 3.783667767969024 -1955.8162946906657 0.04537887699522412 22.22742684837768 -4299.955427056205 1.9018808464050446e-05 0.004538503756396793 0.11830026863411457
-4.940919427036714 -5.6529382273948094 3.07847955997478 375.1661104261875 699.9803147539496 678.445176012814 185.17632591724396 3.2216332907589056 3.783667767969024 -1955.8162946906657 0.04537887699522412 22.22742684837768 -4299.955427056205 1.9018808464050446e-05 0.004538503756396793 0.11830026863411457
-4.941901521933759 -5.501695613249777 6.276691891951367 385.490271538496 699.5580998435616 677.0469718575478 183.40443614125252 3.2216332907589056 3.783667767969024 -1955.8162946906657 0.04537887699522412 22.22742684837768 -4299.955427056205 1.9018808464050446e-05 0.004538503756396793 0.11830026863411457
-4.937973142345575 -4.9438657117278435 0.007042137108313785 396.6255556643009 699.2542449012399 675.6582399755716 181.29882767796516 3.2216332907589056 3.783667767969024 -1955.8162946906657 0.04537887699522412 22.22742684837768 -4299.955427056205 1.9018808464050446e-05 0.004538503756396793 0.11830026863411457
-4.931098478066253 -4.188634735899733 0.009102479415207615 408.51712983846664 699.0740613639355 674.2896694913507 178.88343757390976 3.2216332907589056 3.783667767969024 -1955.8162946906657 0.04537887699522412 22.22742684837768 -4299.955427056205 1.9018808464050446e-05 0.004538503756396793 0.11830026863411457
-4.920295434198752 -3.371531781557745 0.013220383579180123 421.1040463745594 699.0212618112564 672.9504162967205 176.1875625550747 3.2216332907589056 3.783667767969024 -1955.8162946906657 0.04537887699522412 22.22742684837768 -4299.955427056205 1.9018808464050446e-05 0.004538503756396793 0.11830026863411457
-4.926188003581024 -2.582909579230082 6.27571346615497 434.3192418515682 699.0979595631361 671.6481029614806 173.2458594739437 3.2216332907589056 3.783667767969024 -1955.8162946906657 0.04537887699522412 22.22742684837768 -4299.955427056205 1.9018808464050446e-05 0.004538503756396793 0.11830026863411457
-4.939937332139665 -1.8522309758281115 6.264370323383699 448.08953794837 699.3046690374613 670.3888190686703 170.09834492206573 3.2216332907589056 3.783667767969024 -1955.8162946906657 0.04537887699522412 22.22742684837768 -4299.955427056205 1.9018808464050446e-05 0.004538503756396793 0.11830026863411457
-4.953686660698304 -1.1902990152193391 6.262416780383108 462.3356410264969 699.6403055489063 669.1771208420396 166.79039561748505 3.2216332907589056 3.783667767969024 -1955.8162946906657 0.04537887699522412 22.22742684837768 -4299.955427056205 1.9018808464050446e-05 0.004538503756396793 0.11830026863411457
-4.981185317815585 -0.589256938227396 6.237465555783295 476.97214221954346 700.1021852567792 668.016031421721 163.3727474808693 3.2216332907589056 3.783667767969024 -1955.8162946906657 0.04537887699522412 22.22742684837768 -4299.955427056205 1.9018808464050446e-05 0.004538503756396793 0.11830026863411457
-5.012612354521049 -0.03633751119068979 6.226408030252388 491.90751725435257 700.6860254108906 666.9070406630635 159.90149688720703 3.2216332907589056 3.783667767969024 -1955.8162946906657 0.04537887699522412 22.22742684837768 -4299.955427056205 1.9018808464050446e-05 0.004538503756396793 0.11830026863411457
-5.047967770814692 0.48613697403759965 6.215619139743089 507.04412695765495 701.3859441950917 665.850105330348 156.43809968233109 3.2216332907589056 3.783667767969024 -1955.8162946906657 0.04537887699522412 22.22742684837768 -4299.955427056205 1.9018808464050446e-05 0.004538503756396793 0.11830026863411457
-5.013594449418093 0.6501468218442261 0.17879305480292 522.2782166898251 702.1944605857134 664.8436489328742 153.04937174916267 3.2216332907589056 3.783667767969024 -1955.8162946906657 0.04537887699522412 22.22742684837768 -4299.955427056205 1.9018808464050446e-05 0.004538503756396793 0.11830026863411457
-4.990024171889006 0.6010420769919421 2.784972517638511 537.4999166727066 703.1024946421385 663.884561792016 149.80748891830444 3.2216332907589056 3.783667767969024 -1955.8162946906657 0.04537887699522412 22.22742684837768 -4299.955427056205 1.9018808464050446e-05 0.004538503756396793 0.11830026863411457
-4.9713643688451326 0.4468531781557744 3.05321586744491 552.5932416021824 704.099367402494 662.9682009965181 146.78998684883118 3.2216332907589056 3.783667767969024 -1955.8162946906657 0.04537887699522412 22.22742684837768 -4299.955427056205 1.9018808464050446e-05 0.004538503756396793 0.11830026863411457
-4.95466875559535 0.2592730528200524 3.0791738435937983 567.4360916614532 705.1728006899357 662.0883905515075 144.07976078987122 3.2216332907589056 3.783667767969024 -1955.8162946906657 0.04537887699522412 22.22742684837768 -4299.955427056205 1.9018808464050446e-05 0.004538503756396793 0.11830026863411457
-4.921277529095792 0.09428111011638228 2.971650149043167 581.900250852108 706.3089173510671 661.2374211773276 141.7650660276413 3.4540845357986183 4.0015113820358525 -2073.7541446168493 0.004677178151798965 22.557022870202907 -3921.168072113866 8.337215956860752e-06 0.004809325985428126 0.16104832147314607
-4.880029543419876 -0.0353554162936428 2.8702580560819797 595.8513888120651 707.4922412037849 660.4060504734516 139.9395174086094 3.4540845357986183 4.0015113820358525 -2073.7541446168493 0.004677178151798965 22.557022870202907 -3921.168072113866 8.337215956860752e-06 0.004809325985428126 0.16104832147314607
-4.82601432408237 -0.12177976723366027 2.629736811158012 609.1490591466427 708.7056970521808 659.5835027247667 138.70209056138992 3.4540845357986183 4.0015113820358525 -2073.7541446168493 0.004677178151798965 22.557022870202907 -3921.168072113866 8.337215956860752e-06 0.004809325985428126 0.16104832147314607
-4.755303491495083 -0.16892032229185364 2.202249825734017 621.6467009186745 709.9306104853749 658.7574691921473 138.15711972117424 3.4540845357986183 4.0015113820358525 -2073.7541446168493 0.004677178151798965 22.557022870202907 -3921.168072113866 8.337215956860752e-06 0.004809325985428126 0.16104832147314607
-4.68066427931961 -0.1875801253357209 2.16262638195143 633.1916377544403 711.1467081829906 657.9141077697277 138.41429987549782 3.4540845357986183 4.0015113820358525 -2073.7541446168493 0.004677178151798965 22.557022870202907 -3921.168072113866 8.337215956860752e-06 0.004809325985428126 0.16104832147314607
-4.612899731423458 -0.19150850492390334 2.1230029381688436 643.6250776648521 712.3321177512407 657.0380432903767 139.58868530392647 3.4540845357986183 4.0015113820358525 -2073.7541446168493 0.004677178151798965 22.557022870202907 -3921.168072113866 8.337215956860752e-06 0.004809325985428126 0.16104832147314607
-4.607989256938235 -0.18659803043867504 2.0833794943862567 652.7821137607098 713.4633676037192 656.1123673468828 141.8006907105446 3.4540845357986183 4.0015113820358525 -2073.7541446168493 0.004677178151798965 22.557022870202907 -3921.168072113866 8.337215956860752e-06 0.004809325985428126 0.16104832147314607
-4.606025067144145 -0.179723366159355 2.0437560506036703 660.4917242228985 714.515387289226 655.1186383217573 145.1760900914669 3.4540845357986183 4.0015113820358525 -2073.7541446168493 0.004677178151798965 22.557022870202907 -3921.168072113866 8.337215956860752e-06 0.004809325985428126 0.16104832147314607
-4.604060877350052 -0.17186660698298906 2.0041326068210834 666.5767713487148 715.4615072384477 654.0368814766407 149.84601745009422 3.4540845357986183 4.0015113820358525 -2073.7541446168493 0.004677178151798965 22.557022870202907 -3921.168072113866 8.337215956860752e-06 0.004809325985428126 0.16104832147314607
-4.602096687555962 -0.164991942703669 1.9645091630384968 670.8540024757385 716.273458711803 652.8455887660384 155.94696709513664 3.4540845357986183 4.0015113820358525 -2073.7541446168493 0.004677178151798965 22.557022870202907 -3921.168072113866 8.337215956860752e-06 0.004809325985428126 0.16104832147314607
-4.600132497761868 -0.16008146821844182 1.9248857192559101 673.1340500116348 716.9213740229607 651.5217190682888 163.62079241871834 3.4540845357986183 4.0015113820358525 -2073.7541446168493 0.004677178151798965 22.557022870202907 -3921.168072113866 8.337215956860752e-06 0.004809325985428126 0.16104832147314607
-4.600132497761863 -0.15615308863025942 1.8852622754733233 673.2214306890965 717.3737864345312 650.0406979322433 173.0147072672844 3.4540845357986183 4.0015113820358525 -2073.7541446168493 0.004677178151798965 22.557022870202907 -3921.168072113866 8.337215956860752e-06 0.004809325985428126 0.16104832147314607
-4.610935541629369 -0.15811727842435006 1.8456388316907368 670.9145461320877 717.5976301729679 648.3764178976417 184.2812850177288 3.4540845357986183 4.0015113820358525 -2073.7541446168493 0.004677178151798965 22.557022870202907 -3921.168072113866 8.337215956860752e-06 0.004809325985428126 0.16104832147314607
-4.624684870188009 -0.164991942703669 1.80601538790815 666.0056829750538 717.5582402572036 646.501238130033 197.57845917344093 3.4540845357986183 4.0015113820358525 -2073.7541446168493 0.004677178151798965 22.557022870202907 -3921.168072113866 8.337215956860752e-06 0.004809325985428126 0.16104832147314607
-4.640398388540739 -0.1738307967770797 1.7663919441255633 658.2810123562813 717.2193528264761 644.3859847635031 213.0695228278637 3.4540845357986183 4.0015113820358525 -2073.7541446168493 0.004677178151798965 22.557022870202907 -3921.168072113866 8.337215956860752e-06 0.004809325985428126 0.16104832147314607
-4.647273052820057 -0.178741271262308 1.7267685003429767 647.5205900669098 716.5431048944592 641.9999505952001 230.92312887310982 3.4540845357986183 4.0015113820358525 -2073.7541446168493 0.004677178151798965 22.557022870202907 -3921.168072113866 8.337215956860752e-06 0.004809325985428126 0.16104832147314607
-4.651201432408236 -0.18070546105639976 1.68714505656039 633.4983569085598 715.490034379065 639.3108953014016 251.31329050660133 3.4540845357986183 4.0015113820358525 -2073.7541446168493 0.004677178151798965 22.557022870202907 -3921.168072113866 8.337215956860752e-06 0.004809325985428126 0.16104832147314607
-4.653165622202326 -0.179723366159355 1.6475216127778034 615.9821384549141 714.0190802142024 636.2850454077125 274.4193802475929 3.4540845357986183 4.0015113820358525 -2073.7541446168493 0.004677178151798965 22.557022870202907 -3921.168072113866 8.337215956860752e-06 0.004809325985428126 0.16104832147314607
-4.6551298119964235 -0.1787412712623102 1.6078981689952165 594.733645170927 712.0875822305679 632.8870941251516 300.4261308014393 3.4540845357986183 4.0015113820358525 -2073.7541446168493 0.004677178151798965 22.557022870202907 -3921.168072113866 8.337215956860752e-06 0.004809325985428126 0.16104832147314607
-4.657094001790513 -0.17677708146821847 1.56827472521263 569.5084717571735 709.6512812450528 629.0802016183734 329.52363458275795 3.4540845357986183 4.0015113820358525 -2073.7541446168493 0.004677178151798965 22.557022870202907 -3921.168072113866 8.337215956860752e-06 0.004809325985428126 0.16104832147314607
-4.626649059982099 -0.15811727842435006 1.5286512814300433 540.0560981333256 706.6643189266324 624.8259947225451 361.9073438644409 3.4540845357986183 4.0015113820358525 -2073.7541446168493 0.004677178151798965 22.557022870202907 -3921.168072113866 8.337215956860752e-06 0.004809325985428126 0.16104832147314607
-4.585401074306183 -0.13061862130707208 1.4890278376474566 506.11988911032677 703.079238012433 620.0845672190189 397.7780711054802 3.4540845357986183 4.0015113820358525 -2073.7541446168493 0.004677178151798965 22.557022870202907 -3921.168072113866 8.337215956860752e-06 0.004809325985428126 0.16104832147314607
