24 -5.169747538048336 -0.07169292748433372 1.7921587620720738 -1.9946347358997307 -0.9978084153983888
-5.169747538048336 -0.07169292748433372 1.7921587620720738 636.0910067558289 717.3662314414978 569.8584161400795 263.53122425079346 3.092661591406408 3.6134544580257693 -1821.0278016583125 -0.04330131922225825 21.437340929200218 -3932.503399381878 -1.8148080143444425e-05 0.004350792682889964 0.20537989763119413
-5.171711727842426 -0.06972873769024195 1.789625305164094 632.898544549942 710.5507111549377 565.8664230704308 265.87280082702637 3.092661591406408 3.6134544580257693 -1821.0278016583125 -0.04330131922225825 21.437340929200218 -3932.503399381878 -1.8148080143444425e-05 0.004350792682889964 0.20537989763119413
-5.173675917636524 -0.0677645478961513 1.7870918482561142 631.9531593322754 708.4666447639465 561.2135603427887 275.9573726654053 3.092661591406408 3.6134544580257693 -1821.0278016583125 -0.04330131922225825 21.437340929200218 -3932.503399381878 -1.8148080143444425e-05 0.004350792682889964 0.20537989763119413
-5.177604297224694 -0.06678245299910542 1.7845583913481347 632.4793241024017 709.4927353858948 556.0707409381866 291.6753816604614 3.092661591406408 3.6134544580257693 -1821.0278016583125 -0.04330131922225825 21.437340929200218 -3932.503399381878 -1.8148080143444425e-05 0.004350792682889964 0.20537989763119413
-5.181532676812882 -0.0638361683079689 1.7820249344401549 633.7899405956268 712.1964645385742 550.5910826921463 311.1332507133484 3.092661591406408 3.6134544580257693 -1821.0278016583125 -0.04330131922225825 21.437340929200218 -3932.503399381878 -1.8148080143444425e-05 0.004350792682889964 0.20537989763119413
-5.185461056401062 -0.06088988361683236 1.779491477532175 635.2863321304321 715.3340892791748 544.9099072813988 332.6533942222595 3.092661591406408 3.6134544580257693 -1821.0278016583125 -0.04330131922225825 21.437340929200218 -3932.503399381878 -1.8148080143444425e-05 0.004350792682889964 0.20537989763119413
-5.1874252461951595 -0.059907788719786484 1.7769580206241953 636.458249092102 717.8506565093994 539.1447410583496 354.77420711517334 3.092661591406408 3.6134544580257693 -1821.0278016583125 -0.04330131922225825 21.437340929200218 -3932.503399381878 -1.8148080143444425e-05 0.004350792682889964 0.20537989763119413
-5.189389435989249 -0.06088988361683236 1.7744245637162157 636.8838646411896 718.8799929618835 533.3953148722649 376.25006771087646 3.092661591406408 3.6134544580257693 -1821.0278016583125 -0.04330131922225825 21.437340929200218 -3932.503399381878 -1.8148080143444425e-05 0.004350792682889964 0.20537989763119413
-5.193317815577428 -0.06187197851387825 1.771891106808236 636.2297773361206 717.7447018623352 527.7435631752014 396.05134201049805 3.092661591406408 3.6134544580257693 -1821.0278016583125 -0.04330131922225825 21.437340929200218 -3932.503399381878 -1.8148080143444425e-05 0.004350792682889964 0.20537989763119413
-5.19921038495971 -0.07267502238138071 1.7693576499002561 634.2510089874268 713.9561777114868 522.2536259293556 413.36437368392944 3.092661591406408 3.6134544580257693 -1821.0278016583125 -0.04330131922225825 21.437340929200218 -3932.503399381878 -1.8148080143444425e-05 0.004350792682889964 0.20537989763119413
-5.205102954341988 -0.08838854073411147 1.7668241929922766 630.7910084724426 707.2145848274231 516.9718465805054 427.59149837493896 3.092661591406408 3.6134544580257693 -1821.0278016583125 -0.04330131922225825 21.437340929200218 -3932.503399381878 -1.8148080143444425e-05 0.004350792682889964 0.20537989763119413
-4.914402864816474 -0.14535004476275917 1.7642907360842968 625.7816476821899 697.4088826179504 511.92677330970764 438.35103034973145 3.092661591406408 3.6134544580257693 -1821.0278016583125 -0.04330131922225825 21.437340929200218 -3932.503399381878 -1.8148080143444425e-05 0.004350792682889964 0.20537989763119413
-4.49603043867502 -0.23177439570277664 1.774503795607172 619.2432217597961 684.616801738739 507.12915885448456 445.4772686958313 3.092661591406408 3.6134544580257693 -1821.0278016583125 -0.04330131922225825 21.437340929200218 -3932.503399381878 -1.8148080143444425e-05 0.004350792682889964 0.20537989763119413
-4.038374216651745 -0.33587645478961553 1.7944584222758233 611.2844552993774 669.1048564910889 502.57195967435837 449.0205006599426 3.092661591406408 3.6134544580257693 -1821.0278016583125 -0.04330131922225825 21.437340929200218 -3932.503399381878 -1.8148080143444425e-05 0.004350792682889964 0.20537989763119413
-3.5738433303491464 -0.4497994628469121 1.8112929482216478 602.1024901866913 651.3283467292786 498.230337202549 449.2469940185547 3.092661591406408 3.6134544580257693 -1821.0278016583125 -0.04330131922225825 21.437340929200218 -3932.503399381878 -1.8148080143444425e-05 0.004350792682889964 0.20537989763119413
-3.1161871083258705 -0.5705971351835287 1.8288592960404448 591.9828991889954 631.9313535690308 494.06165701150894 446.63900566101074 3.1450702059900757 3.643474958663753 -1853.8096689637005 0.043529238415787666 21.62621850175859 -4033.75125982902 1.8243603694797736e-05 0.004395957656889502 0.1765440708881296
-2.6654055505819123 -0.6972873769024184 1.8447744915265065 581.2996768951416 611.7467374801636 490.0054888725281 441.89476251602173 3.1450702059900757 3.643474958663753 -1853.8096689637005 0.043529238415787666 21.62621850175859 -4033.75125982902 1.8243603694797736e-05 0.004395957656889502 0.1765440708881296
-2.207749328558637 -0.8288880931065363 1.8507957008770437 570.515242099762 591.796139717102 485.98360735177994 435.92849588394165 3.1450702059900757 3.643474958663753 -1853.8096689637005 0.043529238415787666 21.62621850175859 -4033.75125982902 1.8243603694797736e-05 0.004395957656889502 0.1765440708881296
-1.7500931065353609 -0.9634350940017908 1.8567315840117493 560.1804401874542 573.2899899482727 481.8999910354614 429.87040662765503 3.1450702059900757 3.643474958663753 -1853.8096689637005 0.043529238415787666 21.62621850175859 -4033.75125982902 1.8243603694797736e-05 0.004395957656889502 0.1765440708881296
-1.2855622202327672 -1.0920895255147733 1.8409797352487067 550.9345395565033 557.627489566803 477.64082312583923 425.06668424606323 3.1450702059900757 3.643474958663753 -1853.8096689637005 0.043529238415787666 21.62621850175859 -4033.75125982902 1.8243603694797736e-05 0.004395957656889502 0.1765440708881296
-0.8121924798567575 -1.219761862130709 1.8342374205946603 543.5052330493927 546.3966283798218 473.07449078559875 423.07950830459595 3.1450702059900757 3.643474958663753 -1853.8096689637005 0.043529238415787666 21.62621850175859 -4033.75125982902 1.8243603694797736e-05 0.004395957656889502 0.1765440708881296
-0.8396911369740376 -1.246278424350941 3.9451706320602646 538.7086391448975 541.3741798400879 468.05158603191376 425.6870288848877 3.1450702059900757 3.643474958663753 -1853.8096689637005 0.043529238415787666 21.62621850175859 -4033.75125982902 1.8243603694797736e-05 0.004395957656889502 0.1765440708881296
-1.0567341092211273 -1.2168155774395712 4.847310878612317 537.4492995738983 544.5256934165955 462.4049048423767 434.88339376449585 3.1450702059900757 3.643474958663753 -1853.8096689637005 0.043529238415787666 21.62621850175859 -4033.75125982902 1.8243603694797736e-05 0.004395957656889502 0.1765440708881296
-1.4967126230975794 -1.1225344673231878 4.923482313607438 540.7201817035675 558.0055022239685 455.9494481086731 452.87872648239136 3.1450702059900757 3.643474958663753 -1853.8096689637005 0.043529238415787666 21.62621850175859 -4033.75125982902 1.8243603694797736e-05 0.004395957656889502 0.1765440708881296
-1.9946347358997307 -0.9978084153983888 4.957831680601216 623.4210587907583 686.6606105044484 444.2479001544416 457.63976944983006 3.1450702059900757 3.643474958663753 -1853.8096689637005 0.043529238415787666 21.62621850175859 -4033.75125982902 1.8243603694797736e-05 0.004395957656889502 0.1765440708881296
-2.4964852282900565 -0.8573688451208613 4.985252503449191 613.58667964302 677.1177588105202 447.31842712219805 433.5494509860873 3.1450702059900757 3.643474958663753 -1853.8096689637005 0.043529238415787666 21.62621850175859 -4033.75125982902 1.8243603694797736e-05 0.004395957656889502 0.1765440708881296
-2.989496866606975 -0.7100546105640125 5.002748883163535 604.321278648451 667.3843109458685 450.13455578591675 411.3447701931 3.1450702059900757 3.643474958663753 -1853.8096689637005 0.043529238415787666 21.62621850175859 -4033.75125982902 1.8243603694797736e-05 0.004395957656889502 0.1765440708881296
-3.4844726947179923 -0.5607761862130721 5.005301377910211 595.6224324461073 657.536982409656 452.710250640288 390.92657424509525 3.1450702059900757 3.643474958663753 -1853.8096689637005 0.043529238415787666 21.62621850175859 -4033.75125982902 1.8243603694797736e-05 0.004395957656889502 0.1765440708881296
-3.975520143240826 -0.4223008057296341 4.98725131818386 587.4871254339814 647.6491226628423 455.05912195239216 372.1982091218233 3.1450702059900757 3.643474958663753 -1853.8096689637005 0.043529238415787666 21.62621850175859 -4033.75125982902 1.8243603694797736e-05 0.004395957656889502 0.1765440708881296
-4.46558549686661 -0.28971799462847025 4.97660506356694 579.9117497839034 637.7907155305147 457.19442572351545 355.0655198842287 3.1450702059900757 3.643474958663753 -1853.8096689637005 0.043529238415787666 21.62621850175859 -4033.75125982902 1.8243603694797736e-05 0.004395957656889502 0.1765440708881296
-4.95761504028648 -0.15909937332139817 4.97187294337009 572.8921054154634 628.0283789038658 459.12906371522695 339.4368502870202 3.1450702059900757 3.643474958663753 -1853.8096689637005 0.043529238415787666 21.62621850175859 -4033.75125982902 1.8243603694797736e-05 0.004395957656889502 0.1765440708881296
-4.879047448522822 -0.1856159355416314 1.8962921820313625 566.4233999978751 618.4253647476435 460.8755834605545 325.2230431586504 3.1450702059900757 3.643474958663753 -1853.8096689637005 0.043529238415787666 21.62621850175859 -4033.75125982902 1.8243603694797736e-05 0.004395957656889502 0.1765440708881296
-4.564777081468212 -0.30739570277529166 1.9404806155901944 560.5002489630133 609.041559368372 462.4461782267317 312.33744020015 3.1450702059900757 3.643474958663753 -1853.8096689637005 0.043529238415787666 21.62621850175859 -4033.75125982902 1.8243603694797736e-05 0.004395957656889502 0.1765440708881296
-4.008911369740375 -0.5097072515666986 1.919851018314461 555.1166755165905 599.9334830194712 463.8526870524511 300.69588190317154 3.1450702059900757 3.643474958663753 -1853.8096689637005 0.043529238415787666 21.62621850175859 -4033.75125982902 1.8243603694797736e-05 0.004395957656889502 0.1765440708881296
-3.39019158460161 -0.7404995523724283 1.92782635478513 550.2661106102169 591.1542902886868 465.1065947143361 290.2167077437043 3.1450702059900757 3.643474958663753 -1853.8096689637005 0.043529238415787666 21.62621850175859 -4033.75125982902 1.8243603694797736e-05 0.004395957656889502 0.1765440708881296
-2.7645971351835232 -0.9742381378692933 1.928362178371324 545.9413929507136 582.753769852221 466.2190317530185 280.82075622677803 3.1450702059900757 3.643474958663753 -1853.8096689637005 0.043529238415787666 21.62621850175859 -4033.75125982902 1.8243603694797736e-05 0.004395957656889502 0.1765440708881296
-2.1488236347359018 -1.197173679498658 1.918157978333068 542.1347690038383 574.7783445119858 467.2007744833827 272.4313645064831 3.1450702059900757 3.643474958663753 -1853.8096689637005 0.043529238415787666 21.62621850175859 -4033.75125982902 1.8243603694797736e-05 0.004395957656889502 0.1765440708881296
-1.5418889883616786 -1.405377797672337 1.9012591486533301 538.8378930073231 567.2710713371634 468.0622449433431 264.97436893731356 3.1450702059900757 3.643474958663753 -1853.8096689637005 0.043529238415787666 21.62621850175859 -4033.75125982902 1.8243603694797736e-05 0.004395957656889502 0.1765440708881296
-0.9418290062667826 -1.586083258728739 1.8633038564009397 536.0418269466609 560.2716413140297 468.81351094599813 258.3781045079231 3.1450702059900757 3.643474958663753 -1853.8096689637005 0.043529238415787666 21.62621850175859 -4033.75125982902 1.8243603694797736e-05 0.004395957656889502 0.1765440708881296
-0.35355416293643693 -1.7432184422560442 1.8318143029338982 533.737040553242 553.8163798972964 469.46428605820984 252.5734052732587 3.1450702059900757 3.643474958663753 -1853.8096689637005 0.043529238415787666 21.62621850175859 -4033.75125982902 1.8243603694797736e-05 0.004395957656889502 0.1765440708881296
0.22588182632050582 -1.8856222023276648 1.811782995159336 531.9134113360196 547.93824647367 470.02392959501594 247.49360413849354 3.1450702059900757 3.643474958663753 -1853.8096689637005 0.043529238415787666 21.62621850175859 -4033.75125982902 1.8243603694797736e-05 0.004395957656889502 0.1765440708881296
0.43605013428827755 -1.9219597135183533 1.7420009483436625 530.5602245572954 542.6668347343802 470.50144663546234 243.0745329707861 3.1450702059900757 3.643474958663753 -1853.8096689637005 0.043529238415787666 21.62621850175859 -4033.75125982902 1.8243603694797736e-05 0.004395957656889502 0.1765440708881296
0.4723876454789651 -1.8826759176365282 0.7464568203003987 529.6661732364446 538.0283724218607 470.9054880058393 239.2545224800706 3.1450702059900757 3.643474958663753 -1853.8096689637005 0.043529238415787666 21.62621850175859 -4033.75125982902 1.8243603694797736e-05 0.004395957656889502 0.1765440708881296
0.45078155774395795 -1.8041083258728754 6.014819096273648 529.2193581480533 534.0457214489579 471.2443502936512 235.9744022935629 3.1450702059900757 3.643474958663753 -1853.8096689637005 0.043529238415787666 21.62621850175859 -4033.75125982902 1.8243603694797736e-05 0.004395957656889502 0.1765440708881296
0.41739033124440916 -1.7137555953446757 5.9291878703477225 529.2072878237814 530.7383778840303 471.52597583830357 233.1775009855628 3.1450702059900757 3.643474958663753 -1853.8096689637005 0.043529238415787666 21.62621850175859 -4033.75125982902 1.8243603694797736e-05 0.004395957656889502 0.1765440708881296
0.3879274843330394 -1.6253670546105652 5.961434752782948 529.6168785654008 528.122472062707 471.757952734828 230.80964600294828 3.1450702059900757 3.643474958663753 -1853.8096689637005 0.043529238415787666 21.62621850175859 -4033.75125982902 1.8243603694797736e-05 0.004395957656889502 0.1765440708881296
0.3623930170098532 -1.5418889883616844 5.986340633803193 530.4344544187188 526.2107683047652 471.9475148357451 228.81916366517544 3.1450702059900757 3.643474958663753 -1853.8096689637005 0.043529238415787666 21.62621850175859 -4033.75125982902 1.8243603694797736e-05 0.004395957656889502 0.1765440708881296
0.3368585496866625 -1.4662676812891682 5.957543721836259 531.6457471996546 525.0126652270555 472.1015417538583 227.15687929093838 3.1450702059900757 3.643474958663753 -1853.8096689637005 0.043529238415787666 21.62621850175859 -4033.75125982902 1.8243603694797736e-05 0.004395957656889502 0.1765440708881296
0.3113240823634763 -1.4004673231871088 5.9130144793373836 533.2358964681625 524.5341955572367 472.2265588454902 225.77611701190472 3.1450702059900757 3.643474958663753 -1853.8096689637005 0.043529238415787666 21.62621850175859 -4033.75125982902 1.8243603694797736e-05 0.004395957656889502 0.1765440708881296
0.2897179946284736 -1.343505819158461 5.920641069915104 535.1894495580345 524.7780261263251 472.32873723004013 224.63269994407892 3.1450702059900757 3.643474958663753 -1853.8096689637005 0.043529238415787666 21.62621850175859 -4033.75125982902 1.8243603694797736e-05 0.004395957656889502 0.1765440708881296
0.27204028648164996 -1.2904726947179956 5.961434752782912 537.4903615508229 525.7434580102563 472.41389378067106 223.68495006859303 3.1450702059900757 3.643474958663753 -1853.8096689637005 0.043529238415787666 21.62621850175859 -4033.75125982902 1.8243603694797736e-05 0.004395957656889502 0.1765440708881296
0.2533804834377816 -1.2443142345568503 5.899015942786965 540.1219952907413 527.426426358521 472.4874911243096 222.89368823170662 3.1450702059900757 3.643474958663753 -1853.8096689637005 0.043529238415787666 21.62621850175859 -4033.75125982902 1.8243603694797736e-05 0.004395957656889502 0.1765440708881296
0.23472068039391317 -1.2050304386750241 5.839736970759829 543.0671213828027 529.8195006027818 472.5546376509592 222.22223422676325 3.1450702059900757 3.643474958663753 -1853.8096689637005 0.043529238415787666 21.62621850175859 -4033.75125982902 1.8243603694797736e-05 0.004395957656889502 0.1765440708881296
0.21606087735004478 -1.171639212175472 5.773593042370637 546.3079181816429 532.911884188652 472.6200874969363 221.63640684634447 3.1450702059900757 3.643474958663753 -1853.8096689637005 0.043529238415787666 21.62621850175859 -4033.75125982902 1.8243603694797736e-05 0.004395957656889502 0.1765440708881296
0.19740107430617637 -1.1431584601611469 5.703182532971898 549.8259718026966 536.6894148215652 472.6882405523211 221.10452359169722 3.1450702059900757 3.643474958663753 -1853.8096689637005 0.043529238415787666 21.62621850175859 -4033.75125982902 1.8243603694797736e-05 0.004395957656889502 0.1765440708881296
0.178741271262308 -1.1205702775290962 5.592738850124885 553.6022761333734 541.1345643028617 472.7631424739957 220.5974010527134 3.1450702059900757 3.643474958663753 -1853.8096689637005 0.043529238415787666 21.62621850175859 -4033.75125982902 1.8243603694797736e-05 0.004395957656889502 0.1765440708881296
0.16400984780662312 -1.1058388540734112 5.569094608567532 557.6172327958047 546.2264386042953 472.84848466329277 220.08835466951132 3.1450702059900757 3.643474958663753 -1853.8096689637005 0.043529238415787666 21.62621850175859 -4033.75125982902 1.8243603694797736e-05 0.004395957656889502 0.1765440708881296
0.15320680393912176 -1.0960179051029546 5.55037020539328 561.8506511952728 551.9407778382301 472.94760428741574 219.55319867283106 3.1450702059900757 3.643474958663753 -1853.8096689637005 0.043529238415787666 21.62621850175859 -4033.75125982902 1.8243603694797736e-05 0.004395957656889502 0.1765440708881296
0.1453500447627547 -1.0901253357206804 5.497787143782233 566.2817484680563 558.2499563992023 473.06348425522447 218.9702463746071 3.1450702059900757 3.643474958663753 -1853.8096689637005 0.043529238415787666 21.62621850175859 -4033.75125982902 1.8243603694797736e-05 0.004395957656889502 0.1765440708881296
-0.2995389435989302 -1.0145040286481655 4.881490206386064 570.8891495410353 565.1229826360941 473.1987532405183 218.32030990719795 3.1450702059900757 3.643474958663753 -1853.8096689637005 0.043529238415787666 21.62621850175859 -4033.75125982902 1.8243603694797736e-05 0.004395957656889502 0.1765440708881296
-0.8534404655326867 -0.9153124440465549 4.890206142139716 575.650887068361 572.5254992246628 473.3556856755167 217.5867002606392 3.1163007558912788 3.6151924932340207 -1831.9604320076169 9.743827019790311e-16 21.450496370600717 -3950.0149771768843 3.617121100868777e-19 0.0043573964580988405 0.1976045228222421
-1.428948075201437 -0.8043357206803948 4.903520197515565 580.5444014817476 580.4197828918695 473.5362017415464 216.755227483809 3.1163007558912788 3.6151924932340207 -1831.9604320076169 9.743827019790311e-16 21.450496370600717 -3950.0149771768843 3.617121100868777e-19 0.0043573964580988405 0.1976045228222421
-2.02213339301702 -0.6963052820053713 4.893119416520631 585.5465409588069 588.7647445723414 473.7418673671782 215.814200386405 3.1163007558912788 3.6151924932340207 -1831.9604320076169 9.743827019790311e-16 21.450496370600717 -3950.0149771768843 3.617121100868777e-19 0.0043573964580988405 0.1976045228222421
-2.6143366159355446 -0.5931853178155795 4.885352103958597 590.633561450988 597.5159294009209 473.9738942598924 214.75442672520876 3.1163007558912788 3.6151924932340207 -1831.9604320076169 9.743827019790311e-16 21.450496370600717 -3950.0149771768843 3.617121100868777e-19 0.0043573964580988405 0.1976045228222421
-3.1986830796777066 -0.4949758281110137 4.879451269460209 595.7811266556382 606.6255165189505 474.2331398576498 213.56921316683292 3.1163007558912788 3.6151924932340207 -1831.9604320076169 9.743827019790311e-16 21.450496370600717 -3950.0149771768843 3.617121100868777e-19 0.0043573964580988405 0.1976045228222421
-3.77615487914056 -0.380070725156669 4.909456348582425 600.9643080215901 616.0423194095492 474.5201073763892 212.25436532497406 3.1163007558912788 3.6151924932340207 -1831.9604320076169 9.743827019790311e-16 21.450496370600717 -3950.0149771768843 3.617121100868777e-19 0.0043573964580988405 0.1976045228222421
-4.346752014324091 -0.25534467323187 4.927592683882217 606.1575847864151 625.7117855846882 474.83494576532394 210.80818764865398 3.1163007558912788 3.6151924932340207 -1831.9604320076169 9.743827019790311e-16 21.450496370600717 -3950.0149771768843 3.617121100868777e-19 0.0043573964580988405 0.1976045228222421
-4.909492390331255 -0.12669024171888968 4.937147535426789 611.3348439149559 635.5759967789054 475.1774497348815 209.23148358613253 3.1163007558912788 3.6151924932340207 -1831.9604320076169 9.743827019790311e-16 21.450496370600717 -3950.0149771768843 3.617121100868777e-19 0.0043573964580988405 0.1976045228222421
-5.46732229185319 0.0019641897940906464 4.939059244152282 616.4693801365793 645.5736688449979 475.54705977160484 207.52755538374186 3.1163007558912788 3.6151924932340207 -1831.9604320076169 9.743827019790311e-16 21.450496370600717 -3950.0149771768843 3.617121100868777e-19 0.0043573964580988405 0.1976045228222421
-5.580263205013436 0.054997314234554846 5.151393691590887 621.5338959526271 655.6401518508792 475.942862091586 205.7022042348981 3.1163007558912788 3.6151924932340207 -1831.9604320076169 9.743827019790311e-16 21.450496370600717 -3950.0149771768843 3.617121100868777e-19 0.0043573964580988405 0.1976045228222421
-5.5802632050134315 0.07758549686660676 1.9771623951583833e-13 626.5005016028881 665.7074298858643 476.3635886767879 203.76373027265072 3.1163007558912788 3.6151924932340207 -1831.9604320076169 9.743827019790311e-16 21.450496370600717 -3950.0149771768843 3.617121100868777e-19 0.0043573964580988405 0.1976045228222421
-5.55276454789616 0.08544225604297158 1.2924966677897316 631.3407151065767 675.7041213959455 476.8076172657311 201.7229325324297 3.1163007558912788 3.6151924932340207 -1831.9604320076169 9.743827019790311e-16 21.450496370600717 -3950.0149771768843 3.617121100868777e-19 0.0043573964580988405 0.1976045228222421
-5.505623992837967 0.09428111011638228 1.3854483767992134 636.0254622269422 685.5554787814617 477.272971351631 199.5931088924408 3.1163007558912788 3.6151924932340207 -1831.9604320076169 9.743827019790311e-16 21.450496370600717 -3950.0149771768843 3.617121100868777e-19 0.0043573964580988405 0.1976045228222421
-5.457501342882729 0.1070483437779765 1.3114645823942033 640.5250764805824 695.1833887919784 477.75732017867267 197.39005625247955 3.1163007558912788 3.6151924932340207 -1831.9604320076169 9.743827019790311e-16 21.450496370600717 -3950.0149771768843 3.617121100868777e-19 0.0043573964580988405 0.1976045228222421
-5.415271262309768 0.12472605192479791 1.1743550435764416 644.8092991635203 704.5063722282648 478.2579787503928 195.13207031786442 3.1163007558912788 3.6151924932340207 -1831.9604320076169 9.743827019790311e-16 21.450496370600717 -3950.0149771768843 3.617121100868777e-19 0.0043573964580988405 0.1976045228222421
-5.379915846016126 0.12669024171888968 1.5152978215491657 648.8472793195397 713.4395840242505 478.77190782222897 192.83994568139315 3.1163007558912788 3.6151924932340207 -1831.9604320076169 9.743827019790311e-16 21.450496370600717 -3950.0149771768843 3.617121100868777e-19 0.0043573964580988405 0.1976045228222421
-5.349470904207703 0.12079767233661438 1.7619807863919041 652.6075737345964 721.8948132917285 479.2957139182836 190.53697592020035 3.1163007558912788 3.6151924932340207 -1831.9604320076169 9.743827019790311e-16 21.450496370600717 -3950.0149771768843 3.617121100868777e-19 0.0043573964580988405 0.1976045228222421
-5.326882721575659 0.11195881826320368 1.9437840485950564 656.0581469796598 729.7804834023118 479.8256492950022 188.24895352870226 3.1163007558912788 3.6151924932340207 -1831.9604320076169 9.743827019790311e-16 21.450496370600717 -3950.0149771768843 3.617121100868777e-19 0.0043573964580988405 0.1976045228222421
-5.309205013428835 0.10311996418979298 2.034443935795652 659.1663713604212 737.0016517341137 480.35761198122054 186.00416979938745 3.1163007558912788 3.6151924932340207 -1831.9604320076169 9.743827019790311e-16 21.450496370600717 -3950.0149771768843 3.617121100868777e-19 0.0043573964580988405 0.1976045228222421
-5.293491495076101 0.09526320501342705 2.034443935795646 661.8990269545466 743.4600098654628 480.88714576419443 183.833415068686 3.1163007558912788 3.6151924932340207 -1831.9604320076169 9.743827019790311e-16 21.450496370600717 -3950.0149771768843 3.617121100868777e-19 0.0043573964580988405 0.1976045228222421
-5.281706356311555 0.08937063563115287 2.0344439357957786 664.2223016042262 749.0538836047053 481.40944017097354 181.76997845619917 3.1163007558912788 3.6151924932340207 -1831.9604320076169 9.743827019790311e-16 21.450496370600717 -3950.0149771768843 3.617121100868777e-19 0.0043573964580988405 0.1976045228222421
-5.271885407341099 0.08446016114592458 2.0344439357957027 666.1017908956856 753.6782328560948 481.9193304916844 179.8496481180191 3.1163007558912788 3.6151924932340207 -1831.9604320076169 9.743827019790311e-16 21.450496370600717 -3950.0149771768843 3.617121100868777e-19 0.0043573964580988405 0.1976045228222421
-5.264028648164732 0.08151387645478805 1.9295669970653442 667.5024981703609 757.2246516942978 482.4112977795303 178.1107108965516 3.1163007558912788 3.6151924932340207 -1831.9604320076169 9.743827019790311e-16 21.450496370600717 -3950.0149771768843 3.617121100868777e-19 0.0043573964580988405 0.1976045228222421
-5.258136078782459 0.0795496866606963 1.8925468811916526 668.3888345398009 759.5813683494925 482.8794688247144 176.59395283460617 3.1163007558912788 3.6151924932340207 -1831.9604320076169 9.743827019790311e-16 21.450496370600717 -3950.0149771768843 3.617121100868777e-19 0.0043573964580988405 0.1976045228222421
-5.254207699194275 0.07856759176365041 1.8157749899217608 668.7246188782156 760.633245177567 483.31761619169265 175.34265863150358 3.1163007558912788 3.6151924932340207 -1831.9604320076169 9.743827019790311e-16 21.450496370600717 -3950.0149771768843 3.617121100868777e-19 0.0043573964580988405 0.1976045228222421
-5.250279319606096 0.0795496866606963 1.325817663667765 668.4730778131634 760.261778742075 483.7191581996158 174.40261210501194 3.1163007558912788 3.6151924932340207 -1831.9604320076169 9.743827019790311e-16 21.450496370600717 -3950.0149771768843 3.617121100868777e-19 0.0043573964580988405 0.1976045228222421
-5.248315129812002 0.08053178155774218 1.1071487177945452 667.5968457087874 758.3450997918844 484.0771588999778 173.82209572941065 3.1163007558912788 3.6151924932340207 -1831.9604320076169 9.743827019790311e-16 21.450496370600717 -3950.0149771768843 3.617121100868777e-19 0.0043573964580988405 0.1976045228222421
-5.2463509400179085 0.08151387645478805 1.1071487177945452 666.0579647161067 754.7579730972648 484.38432812690735 173.65189111232758 3.1163007558912788 3.6151924932340207 -1831.9604320076169 9.743827019790311e-16 21.450496370600717 -3950.0149771768843 3.617121100868777e-19 0.0043573964580988405 0.1976045228222421
-5.244386750223819 0.08249597135183394 1.1071487177936357 663.817884746939 749.3717978075147 484.6330214580521 173.94527864456177 3.1163007558912788 3.6151924932340207 -1831.9604320076169 9.743827019790311e-16 21.450496370600717 -3950.0149771768843 3.617121100868777e-19 0.0043573964580988405 0.1976045228222421
-5.244386750223819 0.08347806624887982 -0.0 660.8374634403735 742.0546069517732 484.8152402257547 174.75803765654564 3.1163007558912788 3.6151924932340207 -1831.9604320076169 9.743827019790311e-16 21.450496370600717 -3950.0149771768843 3.617121100868777e-19 0.0043573964580988405 0.1976045228222421
-5.244386750223819 0.08446016114592571 -0.0 657.0769662093371 732.6710679829121 484.9226315189153 176.14844639599323 3.1163007558912788 3.6151924932340207 -1831.9604320076169 9.743827019790311e-16 21.450496370600717 -3950.0149771768843 3.617121100868777e-19 0.0043573964580988405 0.1976045228222421
-5.244386750223819 0.08544225604297158 -0.0 652.4960662480444 721.0824823081493 484.94648817554116 178.17728198319674 3.1163007558912788 3.6151924932340207 -1831.9604320076169 9.743827019790311e-16 21.450496370600717 -3950.0149771768843 3.617121100868777e-19 0.0043573964580988405 0.1976045228222421
-5.244386750223819 0.08642435094001635 -0.0 647.0538444779813 707.1467855721712 484.8777488078922 180.90782053023577 3.1163007558912788 3.6151924932340207 -1831.9604320076169 9.743827019790311e-16 21.450496370600717 -3950.0149771768843 3.617121100868777e-19 0.0043573964580988405 0.1976045228222421
-5.244386750223819 0.08740644583706222 -0.0 640.7087895907462 690.7185476347804 484.7069977670908 184.4058369398117 3.1163007558912788 3.6151924932340207 -1831.9604320076169 9.743827019790311e-16 21.450496370600717 -3950.0149771768843 3.617121100868777e-19 0.0043573964580988405 0.1976045228222421
-5.244386750223819 0.08838854073410811 -0.0 633.4187980350107 671.6489724442363 484.42446515802294 188.73960502445698 3.1163007558912788 3.6151924932340207 -1831.9604320076169 9.743827019790311e-16 21.450496370600717 -3950.0149771768843 3.617121100868777e-19 0.0043573964580988405 0.1976045228222421
-5.244386750223819 0.06580035810205842 3.141592653589793 625.1411740090698 649.7858980968595 484.0200268542394 193.97989765554667 3.1163007558912788 3.6151924932340207 -1831.9604320076169 9.743827019790311e-16 21.450496370600717 -3950.0149771768843 3.617121100868777e-19 0.0043573964580988405 0.1976045228222421
-5.2463509400179085 0.02848075201432386 3.1941757152006875 615.8326294906437 624.9737968891859 483.4832044746727 200.1999864950776 3.1163007558912788 3.6151924932340207 -1831.9604320076169 9.743827019790311e-16 21.450496370600717 -3950.0149771768843 3.617121100868777e-19 0.0043573964580988405 0.1976045228222421
