29 -3.0405658012533654 -0.2465058191584593 1.3473197256542435 -2.582909579230072 -0.021606087735004924
-3.0405658012533654 -0.2465058191584593 1.3473197256542435 613.9878446380608 614.927405446535 642.7994471322745 291.20181155763566 3.148862222571283 3.6693855371886253 -1858.493060267472 1.8049471805090704e-16 21.698658375572137 -4043.2605893998584 6.700108353381818e-20 0.0044138917193544715 0.17752912987304664
-2.9973536257833513 -0.23570277529095907 1.3258176636681054 614.7507032793947 613.4764802567661 624.1941288784146 304.94336662068963 3.148862222571283 3.6693855371886253 -1858.493060267472 1.8049471805090704e-16 21.698658375572137 -4043.2605893998584 6.700108353381818e-20 0.0044138917193544715 0.17752912987304664
-2.959051924798565 -0.22391763652641072 1.272297395208746 616.0112917122897 611.9079089170555 611.1143494490534 318.2844767505303 3.148862222571283 3.6693855371886253 -1858.493060267472 1.8049471805090704e-16 21.698658375572137 -4043.2605893998584 6.700108353381818e-20 0.0044138917193544715 0.17752912987304664
-2.920750223813788 -0.20820411817367995 1.181479604961718 617.6501322155818 610.269405315863 602.8155228346586 331.0102204121649 3.148862222571283 3.6693855371886253 -1858.493060267472 1.8049471805090704e-16 21.698658375572137 -4043.2605893998584 6.700108353381818e-20 0.0044138917193544715 0.17752912987304664
-2.8795022381378765 -0.19052641002685855 1.1659045405097674 619.5577819007449 608.604271960794 598.5996846761554 342.93643753696233 3.148862222571283 3.6693855371886253 -1858.493060267472 1.8049471805090704e-16 21.698658375572137 -4043.2605893998584 6.700108353381818e-20 0.0044138917193544715 0.17752912987304664
-2.8382542524619563 -0.1708845120859454 1.126377116893823 621.6348327135202 606.951399973128 597.815492298454 353.9097295012325 3.148862222571283 3.6693855371886253 -1858.493060267472 1.8049471805090704e-16 21.698658375572137 -4043.2605893998584 6.700108353381818e-20 0.0044138917193544715 0.17752912987304664
-2.7960241718889955 -0.1482963294538946 1.0796327285085974 623.7919114308897 605.3452690937556 599.8582246880978 363.80745913553983 3.148862222571283 3.6693855371886253 -1858.493060267472 1.8049471805090704e-16 21.698658375572137 -4043.2605893998584 6.700108353381818e-20 0.0044138917193544715 0.17752912987304664
-2.753794091316031 -0.12374395702775315 1.0441690553611644 625.9496796596795 603.8159476794535 604.1697824951261 372.5377507209778 3.148862222571283 3.6693855371886253 -1858.493060267472 1.8049471805090704e-16 21.698658375572137 -4043.2605893998584 6.700108353381818e-20 0.0044138917193544715 0.17752912987304664
-2.7135282005371595 -0.09919158460161169 1.0595610463548413 628.038833843777 602.3890927049797 610.2386880367994 380.03948998916894 3.148862222571283 3.6693855371886253 -1858.493060267472 1.8049471805090704e-16 21.698658375572137 -4043.2605893998584 6.700108353381818e-20 0.0044138917193544715 0.17752912987304664
-2.6791548791405617 -0.076603401969562 1.0749530373485183 630.0001052534208 601.0859497613274 617.6000852994621 386.2823241315782 3.148862222571283 3.6693855371886253 -1858.493060267472 1.8049471805090704e-16 21.698658375572137 -4043.2605893998584 6.700108353381818e-20 0.0044138917193544715 0.17752912987304664
-2.6477278424351023 -0.05597940913160184 1.0903450283421952 631.7842599954456 599.9233530552592 625.835739934817 391.2666617790237 3.148862222571283 3.6693855371886253 -1858.493060267472 1.8049471805090704e-16 21.698658375572137 -4043.2605893998584 6.700108353381818e-20 0.0044138917193544715 0.17752912987304664
-2.619247090420777 -0.037319606087736795 1.105737019335872 633.3520990065299 598.9137254131492 634.5740392748266 395.0236730305478 3.148862222571283 3.6693855371886253 -1858.493060267472 1.8049471805090704e-16 21.698658375572137 -4043.2605893998584 6.700108353381818e-20 0.0044138917193544715 0.17752912987304664
-2.593712623097591 -0.02160608773500604 1.121129010329549 634.6744580566883 598.0650782760931 643.4899923019111 397.61528942361474 3.148862222571283 3.6693855371886253 -1858.493060267472 1.8049471805090704e-16 21.698658375572137 -4043.2605893998584 6.700108353381818e-20 0.0044138917193544715 0.17752912987304664
-2.5760349149507586 -0.010803043867502462 1.1365210013232259 635.7322077469435 597.3810117040994 652.3052296657115 399.13420395273715 3.148862222571283 3.6693855371886253 -1858.493060267472 1.8049471805090704e-16 21.698658375572137 -4043.2605893998584 6.700108353381818e-20 0.0044138917193544715 0.17752912987304664
-2.5662139659803063 -0.002946284691137644 1.1519129923169027 636.5162535130512 596.8607143716654 660.7880036942661 399.70387106668204 3.148862222571283 3.6693855371886253 -1858.493060267472 1.8049471805090704e-16 21.698658375572137 -4043.2605893998584 6.700108353381818e-20 0.0044138917193544715 0.17752912987304664
-2.55933930170098 0.0019641897940906464 1.1673049833105795 637.0275356187485 596.4989635732491 668.7531883772463 399.47850666567683 3.153700819752234 3.6404200486359852 -1850.9896963567612 0.04403351864604622 21.60152036242285 -4040.828503836868 1.8454953330279197e-05 0.0043738962723233596 0.1782619609500664
-2.558357206803935 0.0009820948970447648 1.1826969743042566 637.2770291632041 596.2861252168659 676.0622793789953 398.6430880976841 3.153700819752234 3.6404200486359852 -1850.9896963567612 0.04403351864604622 21.60152036242285 -4040.828503836868 1.8454953330279197e-05 0.0043738962723233596 0.1782619609500664
-2.562285586392114 -0.0029462846911387608 1.1980889652979334 637.285744076129 596.2081538313068 682.6233940143138 397.4133541705087 3.153700819752234 3.6404200486359852 -1850.9896963567612 0.04403351864604622 21.60152036242285 -4040.828503836868 1.8454953330279197e-05 0.0043738962723233596 0.1782619609500664
-2.5691602506714317 -0.00785675917636705 1.2134809562916102 637.0847251208033 596.2465925586876 688.3912712763995 396.03580513130873 3.153700819752234 3.6404200486359852 -1850.9896963567612 0.04403351864604622 21.60152036242285 -4040.828503836868 1.8454953330279197e-05 0.0043738962723233596 0.1782619609500664
-2.5730886302596154 -0.012767233661594225 1.228872947285287 636.7150518917479 596.3785731620155 693.3672718256712 394.7877026954666 3.153700819752234 3.6404200486359852 -1850.9896963567612 0.04403351864604622 21.60152036242285 -4040.828503836868 1.8454953330279197e-05 0.0043738962723233596 0.1782619609500664
-2.5770170098477987 -0.016695613249777752 1.2442649382789641 636.2278388156556 596.5768160166917 697.5993779879063 393.97707002051175 3.153700819752234 3.6404200486359852 -1850.9896963567612 0.04403351864604622 21.60152036242285 -4040.828503836868 1.8454953330279197e-05 0.0043738962723233596 0.1782619609500664
-2.5799632945389375 -0.02062399283796016 1.259656929272641 635.6842351497617 596.8096301186597 701.1821937654167 393.9426917163655 3.153700819752234 3.6404200486359852 -1850.9896963567612 0.04403351864604622 21.60152036242285 -4040.828503836868 1.8454953330279197e-05 0.0043738962723233596 0.1782619609500664
-2.582909579230072 -0.023570277529097804 1.2750489202663178 635.1554249874316 597.0409130799817 704.2569448072463 395.0541138499975 3.153700819752234 3.6404200486359852 -1850.9896963567612 0.04403351864604622 21.60152036242285 -4040.828503836868 1.8454953330279197e-05 0.0043738962723233596 0.1782619609500664
-2.582909579230072 -0.025534467323189567 1.2904409112599948 634.7226272521075 597.2301511293044 707.011478446424 397.7116439351812 3.153700819752234 3.6404200486359852 -1850.9896963567612 0.04403351864604622 21.60152036242285 -4040.828503836868 1.8454953330279197e-05 0.0043738962723233596 0.1782619609500664
-2.582909579230072 -0.027498657117280213 1.3058329022536717 634.4770956963766 597.3324191119755 709.680263672024 402.34635094180703 3.153700819752234 3.6404200486359852 -1850.9896963567612 0.04403351864604622 21.60152036242285 -4040.828503836868 1.8454953330279197e-05 0.0043738962723233596 0.1782619609500664
-2.582909579230072 -0.029462846911371975 1.3212248932473485 634.5201189103536 597.2983804908581 712.5443911571056 409.4200652902946 3.153700819752234 3.6404200486359852 -1850.9896963567612 0.04403351864604622 21.60152036242285 -4040.828503836868 1.8454953330279197e-05 0.0043738962723233596 0.1782619609500664
-2.582909579230072 -0.027498657117280213 1.3366168842410255 634.9630203128327 597.0742873451672 715.9315732251853 419.4253788487986 3.153700819752234 3.6404200486359852 -1850.9896963567612 0.04403351864604622 21.60152036242285 -4040.828503836868 1.8454953330279197e-05 0.0043738962723233596 0.1782619609500664
-2.582909579230072 -0.02553446732318845 1.3520088752347024 635.9271581557114 596.6019803724485 720.2161438800395 432.88564494717866 3.153700819752234 3.6404200486359852 -1850.9896963567612 0.04403351864604622 21.60152036242285 -4040.828503836868 1.8454953330279197e-05 0.0043738962723233596 0.1782619609500664
-2.582909579230072 -0.023570277529096687 1.3674008662283792 637.5439255225938 595.8188888867153 725.8190587740391 450.35497835837305 3.153700819752234 3.6404200486359852 -1850.9896963567612 0.04403351864604622 21.60152036242285 -4040.828503836868 1.8454953330279197e-05 0.0043738962723233596 0.1782619609500664
-2.582909579230072 -0.021606087735004924 1.3827928572220562 635.6643313637182 597.2030532929193 744.1705755715957 464.8415902837296 3.153700819752234 3.6404200486359852 -1850.9896963567612 0.04403351864604622 21.60152036242285 -4040.828503836868 1.8454953330279197e-05 0.0043738962723233596 0.1782619609500664
-2.582909579230072 -0.019641897940913162 1.398184848215733 635.6341802423226 597.1319435986143 741.4596149263089 442.3839591772994 3.153700819752234 3.6404200486359852 -1850.9896963567612 0.04403351864604622 21.60152036242285 -4040.828503836868 1.8454953330279197e-05 0.0043738962723233596 0.1782619609500664
-2.582909579230072 -0.0176777081468214 1.41357683920941 635.6089217187623 597.0704366558421 739.2812734452309 421.28224743244937 3.153700819752234 3.6404200486359852 -1850.9896963567612 0.04403351864604622 21.60152036242285 -4040.828503836868 1.8454953330279197e-05 0.0043738962723233596 0.1782619609500664
-2.582909579230072 -0.015713518352730754 1.428968830203087 635.5882616831077 597.0180220359234 737.5967091732891 401.48465802369174 3.153700819752234 3.6404200486359852 -1850.9896963567612 0.04403351864604622 21.60152036242285 -4040.828503836868 1.8454953330279197e-05 0.0043738962723233596 0.1782619609500664
-2.582909579230072 -0.013749328558638989 1.4443608211967638 635.571913307143 596.9742007579207 736.3681654796237 382.9402704946697 3.153700819752234 3.6404200486359852 -1850.9896963567612 0.04403351864604622 21.60152036242285 -4040.828503836868 1.8454953330279197e-05 0.0043738962723233596 0.1782619609500664
-2.582909579230072 -0.011785138764547226 1.4597528121904406 635.559597044376 596.9384852886506 735.5589710584609 365.5990409582737 3.153700819752234 3.6404200486359852 -1850.9896963567612 0.04403351864604622 21.60152036242285 -4040.828503836868 1.8454953330279197e-05 0.0043738962723233596 0.1782619609500664
-2.582909579230072 -0.011785138764548344 1.4751448031841174 635.5510406300332 596.9103995426722 735.1335399285308 349.41180209669983 3.153700819752234 3.6404200486359852 -1850.9896963567612 0.04403351864604622 21.60152036242285 -4040.828503836868 1.8454953330279197e-05 0.0043738962723233596 0.1782619609500664
-2.582909579230072 -0.013749328558640106 1.4905367941777943 635.5459790810587 596.889478882289 735.0573714341153 334.3302631615661 3.153700819752234 3.6404200486359852 -1850.9896963567612 0.04403351864604622 21.60152036242285 -4040.828503836868 1.8454953330279197e-05 0.0043738962723233596 0.1782619609500664
-2.582909579230072 -0.01571351835273187 1.5059287851714713 635.5441546961142 596.875270117559 735.2970502435346 320.30700997350505 3.153700819752234 3.6404200486359852 -1850.9896963567612 0.04403351864604622 21.60152036242285 -4040.828503836868 1.8454953330279197e-05 0.0043738962723233596 0.1782619609500664
-2.582909579230072 -0.017677708146822516 1.5213207761651482 635.5453170555852 596.8673315062842 735.8202463501366 307.29550492280396 3.153700819752234 3.6404200486359852 -1850.9896963567612 0.04403351864604622 21.60152036242285 -4040.828503836868 1.8454953330279197e-05 0.0043738962723233596 0.1782619609500664
-2.582909579230072 -0.01964189794091428 1.536712767158825 635.549223021575 596.865232754013 736.5957150726463 295.25008696882287 3.153700819752234 3.6404200486359852 -1850.9896963567612 0.04403351864604622 21.60152036242285 -4040.828503836868 1.8454953330279197e-05 0.0043738962723233596 0.1782619609500664
-2.582909579230072 -0.02160608773500604 1.552104758152502 635.5556367379018 596.8685550140517 737.5932970535359 284.12597164022736 3.153700819752234 3.6404200486359852 -1850.9896963567612 0.04403351864604622 21.60152036242285 -4040.828503836868 1.8454953330279197e-05 0.0043738962723233596 0.1782619609500664
-2.582909579230072 -0.023570277529097804 1.5674967491461789 635.5643296301087 596.8768908874399 738.7839182611788 273.87925103510497 3.153700819752234 3.6404200486359852 -1850.9896963567612 0.04403351864604622 21.60152036242285 -4040.828503836868 1.8454953330279197e-05 0.0043738962723233596 0.1782619609500664
-2.582909579230072 -0.025534467323189567 1.5828887401398557 635.5750804054546 596.8898444229699 740.1395899882773 264.4668938203831 3.153700819752234 3.6404200486359852 -1850.9896963567612 0.04403351864604622 21.60152036242285 -4040.828503836868 1.8454953330279197e-05 0.0043738962723233596 0.1782619609500664
-2.582909579230072 -0.02553446732318845 1.5982807311335328 635.5876750529196 596.90703111719 741.633408852038 255.8467452332261 3.153700819752234 3.6404200486359852 -1850.9896963567612 0.04403351864604622 21.60152036242285 -4040.828503836868 1.8454953330279197e-05 0.0043738962723233596 0.1782619609500664
-2.582909579230072 -0.02553446732318845 1.6136727221272096 635.6019068432024 596.9280779143783 743.2395567950443 247.9775270789396 3.153700819752234 3.6404200486359852 -1850.9896963567612 0.04403351864604622 21.60152036242285 -4040.828503836868 1.8454953330279197e-05 0.0043738962723233596 0.1782619609500664
-2.582909579230072 -0.023570277529096687 1.6290647131208864 635.6175763287224 596.9526232065809 744.9333010845585 240.81883773312438 3.153700819752234 3.6404200486359852 -1850.9896963567612 0.04403351864604622 21.60152036242285 -4040.828503836868 1.8454953330279197e-05 0.0043738962723233596 0.1782619609500664
-2.582909579230072 -0.021606087735004924 1.6444567041145635 635.6344913436133 596.9803168335784 746.6909943124629 234.33115213998826 3.153700819752234 3.6404200486359852 -1850.9896963567612 0.04403351864604622 21.60152036242285 -4040.828503836868 1.8454953330279197e-05 0.0043738962723233596 0.1782619609500664
-2.582909579230072 -0.019641897940913162 1.6598486951082403 635.6524670037343 597.0108200828981 748.4900743953185 228.47582181339385 3.153700819752234 3.6404200486359852 -1850.9896963567612 0.04403351864604622 21.60152036242285 -4040.828503836868 1.8454953330279197e-05 0.0043738962723233596 0.1782619609500664
-2.582909579230072 -0.0176777081468214 1.6752406861019171 635.671325706659 597.0438056898265 750.3090645754128 223.21507483616006 3.153700819752234 3.6404200486359852 -1850.9896963567612 0.04403351864604622 21.60152036242285 -4040.828503836868 1.8454953330279197e-05 0.0043738962723233596 0.1782619609500664
-2.582909579230072 -0.015713518352730754 1.6906326770955942 635.690897131683 597.0789578373888 752.1275734186056 218.51201586110983 3.153700819752234 3.6404200486359852 -1850.9896963567612 0.04403351864604622 21.60152036242285 -4040.828503836868 1.8454953330279197e-05 0.0043738962723233596 0.1782619609500664
-2.582909579230072 -0.013749328558638989 1.7060246680892708 635.7110182398201 597.1159721563554 753.9262948164833 214.33062610920751 3.153700819752234 3.6404200486359852 -1850.9896963567612 0.04403351864604622 21.60152036242285 -4040.828503836868 1.8454953330279197e-05 0.0043738962723233596 0.1782619609500664
-2.582909579230072 -0.011785138764547226 1.7214166590829478 635.7315332738026 597.1545557252557 755.687007985136 210.63576337182894 3.153700819752234 3.6404200486359852 -1850.9896963567612 0.04403351864604622 21.60152036242285 -4040.828503836868 1.8454953330279197e-05 0.0043738962723233596 0.1782619609500664
-2.582909579230072 -0.009820948970456581 1.7368086500766247 635.7522937580843 597.1944270703552 757.3925774653326 207.39316200918984 3.153700819752234 3.6404200486359852 -1850.9896963567612 0.04403351864604622 21.60152036242285 -4040.828503836868 1.8454953330279197e-05 0.0043738962723233596 0.1782619609500664
-2.582909579230072 -0.009820948970456581 1.7522006410703015 635.773158498836 597.2353161656702 759.0269531228696 204.56943295052042 3.153700819752234 3.6404200486359852 -1850.9896963567612 0.04403351864604622 21.60152036242285 -4040.828503836868 1.8454953330279197e-05 0.0043738962723233596 0.1782619609500664
-2.582909579230072 -0.009820948970456581 1.7675926320639785 635.7939935839499 597.2769644329655 760.5751701479894 202.13206369488034 3.153700819752234 3.6404200486359852 -1850.9896963567612 0.04403351864604622 21.60152036242285 -4040.828503836868 1.8454953330279197e-05 0.0043738962723233596 0.1782619609500664
-2.582909579230072 -0.009820948970456581 1.7829846230576554 635.8146723830373 597.3191247417626 762.0233490566025 200.04941831028555 3.153700819752234 3.6404200486359852 -1850.9896963567612 0.04403351864604622 21.60152036242285 -4040.828503836868 1.8454953330279197e-05 0.0043738962723233596 0.1782619609500664
-2.5848737690241657 -0.0088388540734107 1.7983766140513322 635.8350755474239 597.3615614093087 763.3586956885993 198.29073743423214 3.153700819752234 3.6404200486359852 -1850.9896963567612 0.04403351864604622 21.60152036242285 -4040.828503836868 1.8454953330279197e-05 0.0043738962723233596 0.1782619609500664
-2.58683795881826 -0.007856759176364818 1.8137686050450093 635.8550910101603 597.4040502006255 764.5695012090728 196.82613827299792 3.153700819752234 3.6404200486359852 -1850.9896963567612 0.04403351864604622 21.60152036242285 -4040.828503836868 1.8454953330279197e-05 0.0043738962723233596 0.1782619609500664
-2.588802148612354 -0.006874664279318937 1.829160596038686 635.8746139860164 597.4463783284591 765.6451421076199 195.62661460298114 3.153700819752234 3.6404200486359852 -1850.9896963567612 0.04403351864604622 21.60152036242285 -4040.828503836868 1.8454953330279197e-05 0.0043738962723233596 0.1782619609500664
-2.5907663384064477 -0.0058925693822730555 1.844552587032363 635.8935469714743 597.4883444533152 766.576080199331 194.6640367694199 3.153700819752234 3.6404200486359852 -1850.9896963567612 0.04403351864604622 21.60152036242285 -4040.828503836868 1.8454953330279197e-05 0.0043738962723233596 0.1782619609500664
-2.5927305282005375 -0.0049104744852282904 1.85994457802604 635.9117997447461 597.5297586834467 767.3538626233931 193.91115168685792 3.166253059442391 3.6850655469692737 -1871.251271839071 0.04417386059519326 21.775737282031287 -4096.138445385682 1.85137722528051e-05 0.004423919610266533 0.1642781187713561
-2.5946947179946314 -0.003928379588182409 1.8753365690197168 635.9292893657525 597.5704425748536 767.9711218437878 193.34158283891156 3.166253059442391 3.6850655469692737 -1871.251271839071 0.04417386059519326 21.775737282031287 -4096.138445385682 1.85137722528051e-05 0.004423919610266533 0.1642781187713561
-2.5966589077887208 -0.002946284691137644 1.8907285600133936 635.9459401761405 597.6102291312773 768.4215756502817 192.92983027885202 3.166253059442391 3.6850655469692737 -1871.251271839071 0.04417386059519326 21.775737282031287 -4096.138445385682 1.85137722528051e-05 0.004423919610266533 0.1642781187713561
-2.5986230975828106 -0.0019641897940917627 1.9061205510070707 635.9616837992749 597.6489628042164 768.700027156272 192.65127062925603 3.166253059442391 3.6850655469692737 -1871.251271839071 0.04417386059519326 21.775737282031287 -4096.138445385682 1.85137722528051e-05 0.004423919610266533 0.1642781187713561
-2.6005872873769045 -0.0009820948970458813 1.9215125420007475 635.97645914024 597.6864994929083 768.8023648006492 192.48215708159842 3.166253059442391 3.6850655469692737 -1871.251271839071 0.04417386059519326 21.775737282031287 -4096.138445385682 1.85137722528051e-05 0.004423919610266533 0.1642781187713561
-2.602551477170994 0.0 1.9369045329944243 635.9902123858355 597.7227065443494 768.7255623469246 192.39961939741625 3.166253059442391 3.6850655469692737 -1871.251271839071 0.04417386059519326 21.775737282031287 -4096.138445385682 1.85137722528051e-05 0.004423919610266533 0.1642781187713561
-2.602551477170994 0.0 1.9522965239881014 636.0028970045851 597.7574627532695 768.4676788838697 192.3816639064462 3.166253059442391 3.6850655469692737 -1871.251271839071 0.04417386059519326 21.775737282031287 -4096.138445385682 1.85137722528051e-05 0.004423919610266533 0.1642781187713561
-2.602551477170994 0.0 1.967688514981778 636.0144737467276 597.7906583621589 768.0278588240617 192.4071735086036 3.166253059442391 3.6850655469692737 -1871.251271839071 0.04417386059519326 21.775737282031287 -4096.138445385682 1.85137722528051e-05 0.004423919610266533 0.1642781187713561
-2.602551477170994 0.0 1.983080505975455 636.0249106442275 597.8221950612442 767.4063319056877 192.45590767258545 3.166253059442391 3.6850655469692737 -1871.251271839071 0.04417386059519326 21.775737282031287 -4096.138445385682 1.85137722528051e-05 0.004423919610266533 0.1642781187713561
-2.602551477170994 0.0 1.998472496969132 636.03418301076 597.85198598851 766.6044131919625 192.50850243715104 3.166253059442391 3.6850655469692737 -1871.251271839071 0.04417386059519326 21.775737282031287 -4096.138445385682 1.85137722528051e-05 0.004423919610266533 0.1642781187713561
-2.602551477170994 0.0 2.0138644879628087 636.0422734417266 597.8799557296807 765.6245030697901 192.54647040902637 3.166253059442391 3.6850655469692737 -1871.251271839071 0.04417386059519326 21.775737282031287 -4096.138445385682 1.85137722528051e-05 0.004423919610266533 0.1642781187713561
-2.602551477170994 0.0 2.0292564789564858 636.049171814243 597.9060403182348 764.4700872524409 192.55220076540718 3.166253059442391 3.6850655469692737 -1871.251271839071 0.04417386059519326 21.775737282031287 -4096.138445385682 1.85137722528051e-05 0.004423919610266533 0.1642781187713561
-2.602551477170994 0.0 2.044648469950163 636.0548752871473 597.9301872353917 763.145736776758 192.5089592524455 3.166253059442391 3.6850655469692737 -1871.251271839071 0.04417386059519326 21.775737282031287 -4096.138445385682 1.85137722528051e-05 0.004423919610266533 0.1642781187713561
-2.602551477170994 0.0 2.0600404609438394 636.0593883009992 597.9523554101197 761.6571080051363 192.40088818536606 3.166253059442391 3.6850655469692737 -1871.251271839071 0.04417386059519326 21.775737282031287 -4096.138445385682 1.85137722528051e-05 0.004423919610266533 0.1642781187713561
-2.602551477170994 0.0 2.0754324519375165 636.062722578069 597.9725152191468 760.010942624067 192.213006448932 3.166253059442391 3.6850655469692737 -1871.251271839071 0.04417386059519326 21.775737282031287 -4096.138445385682 1.85137722528051e-05 0.004423919610266533 0.1642781187713561
-2.602551477170994 0.0 2.0908244429311935 636.064897122355 597.9906484869316 758.2150676455931 191.93120949715376 3.166253059442391 3.6850655469692737 -1871.251271839071 0.04417386059519326 21.775737282031287 -4096.138445385682 1.85137722528051e-05 0.004423919610266533 0.1642781187713561
-2.602551477170994 0.0 2.10621643392487 636.0659382195695 598.0067484856845 756.278395406378 191.54226935305633 3.166253059442391 3.6850655469692737 -1871.251271839071 0.04417386059519326 21.775737282031287 -4096.138445385682 1.85137722528051e-05 0.004423919610266533 0.1642781187713561
-2.602551477170994 0.0 2.121608424918547 636.0658794371502 598.020819935372 754.2109235673561 191.03383460937766 3.166253059442391 3.6850655469692737 -1871.251271839071 0.04417386059519326 21.775737282031287 -4096.138445385682 1.85137722528051e-05 0.004423919610266533 0.1642781187713561
-2.602551477170994 0.0 2.1370004159122242 636.0647616242436 598.0328790037038 752.0237351153628 190.39443042787025 3.166253059442391 3.6850655469692737 -1871.251271839071 0.04417386059519326 21.775737282031287 -4096.138445385682 1.85137722528051e-05 0.004423919610266533 0.1642781187713561
-2.602551477170994 0.0 2.152392406905901 636.0626329117272 598.0429533061306 749.7289983606897 189.61345853988314 3.166253059442391 3.6850655469692737 -1871.251271839071 0.04417386059519326 21.775737282031287 -4096.138445385682 1.85137722528051e-05 0.004423919610266533 0.1642781187713561
-2.602551477170994 0.0 2.167784397899578 636.0595487121877 598.0510819058618 747.3399669399369 188.68119724543067 3.166253059442391 3.6850655469692737 -1871.251271839071 0.04417386059519326 21.775737282031287 -4096.138445385682 1.85137722528051e-05 0.004423919610266533 0.1642781187713561
-2.602551477170994 0.0 2.183176388893255 636.0555717199372 598.0573153138484 744.870979813335 187.5888014146476 3.166253059442391 3.6850655469692737 -1871.251271839071 0.04417386059519326 21.775737282031287 -4096.138445385682 1.85137722528051e-05 0.004423919610266533 0.1642781187713561
-2.602551477170994 0.0 2.1985683798869315 636.0507719110055 598.0617154887841 742.3374612662592 186.32830248610117 3.166253059442391 3.6850655469692737 -1871.251271839071 0.04417386059519326 21.775737282031287 -4096.138445385682 1.85137722528051e-05 0.004423919610266533 0.1642781187713561
-2.602551477170994 0.0 2.213960370880608 636.045226543144 598.0643558371221 739.7559209091123 184.89260846877005 3.166253059442391 3.6850655469692737 -1871.251271839071 0.04417386059519326 21.775737282031287 -4096.138445385682 1.85137722528051e-05 0.004423919610266533 0.1642781187713561
-2.602551477170994 0.0 2.2293523618742856 636.0390201558157 598.0653212130546 737.1439536769176 183.27550393971615 3.166253059442391 3.6850655469692737 -1871.251271839071 0.04417386059519326 21.775737282031287 -4096.138445385682 1.85137722528051e-05 0.004423919610266533 0.1642781187713561
-2.602551477170994 0.0 2.2447443528679623 636.0322445702113 598.0647079185219 734.5202398301335 181.4716500460636 3.166253059442391 3.6850655469692737 -1871.251271839071 0.04417386059519326 21.775737282031287 -4096.138445385682 1.85137722528051e-05 0.004423919610266533 0.1642781187713561
-2.602551477170994 0.0 2.260136343861639 636.024998889236 598.0626237032156 731.9045449527912 179.47658450365998 3.166253059442391 3.6850655469692737 -1871.251271839071 0.04417386059519326 21.775737282031287 -4096.138445385682 1.85137722528051e-05 0.004423919610266533 0.1642781187713561
-2.602551477170994 0.0 2.2755283348553164 636.0173894975173 598.0591877645775 729.3177199548809 177.28672159841517 3.166253059442391 3.6850655469692737 -1871.251271839071 0.04417386059519326 21.775737282031287 -4096.138445385682 1.85137722528051e-05 0.004423919610266533 0.1642781187713561
-2.602551477170994 0.0 2.290920325848993 636.0095300613971 598.0545307477869 726.7817010707222 174.8993521850207 3.166253059442391 3.6850655469692737 -1871.251271839071 0.04417386059519326 21.775737282031287 -4096.138445385682 1.85137722528051e-05 0.004423919610266533 0.1642781187713561
-2.602551477170994 0.0 2.3063123168426696 636.0015415289417 598.0487947457777 724.3195098595461 172.31264368753182 3.166253059442391 3.6850655469692737 -1871.251271839071 0.04417386059519326 21.775737282031287 -4096.138445385682 1.85137722528051e-05 0.004423919610266533 0.1642781187713561
-2.602551477170994 0.0 2.3217043078363466 635.9935521299371 598.0421332992337 721.9552532050875 169.52564009901835 3.166253059442391 3.6850655469692737 -1871.251271839071 0.04417386059519326 21.775737282031287 -4096.138445385682 1.85137722528051e-05 0.004423919610266533 0.1642781187713561
-2.602551477170994 0.0 2.3370962988300237 635.985697375881 598.0347113965754 719.714123316633 166.53826198237948 3.166253059442391 3.6850655469692737 -1871.251271839071 0.04417386059519326 21.775737282031287 -4096.138445385682 1.85137722528051e-05 0.004423919610266533 0.1642781187713561
-2.602551477170994 0.0 2.3524882898237003 635.9781200599996 598.0267054739843 717.6223977275076 163.35130646970356 3.166253059442391 3.6850655469692737 -1871.251271839071 0.04417386059519326 21.775737282031287 -4096.138445385682 1.85137722528051e-05 0.004423919610266533 0.1642781187713561
-2.602551477170994 0.0 2.3678802808173773 635.9709702572309 598.0183034153852 715.7074392961804 159.9664472619188 3.166253059442391 3.6850655469692737 -1871.251271839071 0.04417386059519326 21.775737282031287 -4096.138445385682 1.85137722528051e-05 0.004423919610266533 0.1642781187713561
-2.602551477170994 0.0 2.3832722718110544 635.9644053242378 598.0097045524471 713.9976962062647 156.3862346300739 3.166253059442391 3.6850655469692737 -1871.251271839071 0.04417386059519326 21.775737282031287 -4096.138445385682 1.85137722528051e-05 0.004423919610266533 0.1642781187713561
-2.602551477170994 0.0 2.398664262804731 635.9585898993992 598.0011196645846 712.5227019657032 152.61409541324247 3.166253059442391 3.6850655469692737 -1871.251271839071 0.04417386059519326 21.775737282031287 -4096.138445385682 1.85137722528051e-05 0.004423919610266533 0.1642781187713561
-2.602551477170994 0.0 2.414056253798408 635.9536959028133 597.9927709789745 711.3130754075246 148.65433302137535 3.166253059442391 3.6850655469692737 -1871.251271839071 0.04417386059519326 21.775737282031287 -4096.138445385682 1.85137722528051e-05 0.004423919610266533 0.1642781187713561
-2.602551477170994 0.0 2.429448244792085 635.9499025362998 597.984892170517 710.4005206892616 144.51212743239012 3.166253059442391 3.6850655469692737 -1871.251271839071 0.04417386059519326 21.775737282031287 -4096.138445385682 1.85137722528051e-05 0.004423919610266533 0.1642781187713561
-2.602551477170994 0.0 2.4448402357857617 635.947396283394 597.9777283618869 709.8178272937075 140.19353519380093 3.166253059442391 3.6850655469692737 -1871.251271839071 0.04417386059519326 21.775737282031287 -4096.138445385682 1.85137722528051e-05 0.004423919610266533 0.1642781187713561
-2.602551477170994 0.0 2.4602322267794388 635.9463709093543 597.971536123483 709.5988700281596 135.70548942289315 3.166253059442391 3.6850655469692737 -1871.251271839071 0.04417386059519326 21.775737282031287 -4096.138445385682 1.85137722528051e-05 0.004423919610266533 0.1642781187713561
-2.602551477170994 0.0 2.475624217773116 635.9470274611549 597.9665834734678 709.7786090245936 131.0557998061995 3.166253059442391 3.6850655469692737 -1871.251271839071 0.04417386059519326 21.775737282031287 -4096.138445385682 1.85137722528051e-05 0.004423919610266533 0.1642781187713561
-2.602551477170994 -0.0009820948970458813 2.4910162087667924 635.949574267494 597.9631498777444 710.3930897406535 126.25315259897616 3.166253059442391 3.6850655469692737 -1871.251271839071 0.04417386059519326 21.775737282031287 -4096.138445385682 1.85137722528051e-05 0.004423919610266533 0.1642781187713561
-2.602551477170994 -0.0019641897940917627 2.5064081997604695 635.9542269387844 597.9615262499647 711.479442957323 121.30711062607588 3.166253059442391 3.6850655469692737 -1871.251271839071 0.04417386059519326 21.775737282031287 -4096.138445385682 1.85137722528051e-05 0.004423919610266533 0.1642781187713561
-2.602551477170994 -0.002946284691137644 2.5218001907541465 635.9612083671595 597.9620149515331 713.0758847822435 116.22811328218086 3.166253059442391 3.6850655469692737 -1871.251271839071 0.04417386059519326 21.775737282031287 -4096.138445385682 1.85137722528051e-05 0.004423919610266533 0.1642781187713561
-2.602551477170994 -0.003928379588182409 2.537192181747823 635.9707487264714 597.9649297915857 715.2217166463379 111.02747652982362 3.166253059442391 3.6850655469692737 -1871.251271839071 0.04417386059519326 21.775737282031287 -4096.138445385682 1.85137722528051e-05 0.004423919610266533 0.1642781187713561
-2.602551477170994 -0.004910474485229407 2.5525841727415 635.9830854722927 597.9705960270294 717.9573253059061 105.71739290287951 3.1499511868432966 3.6503936393215293 -1851.8729026795265 0.04409396980555515 21.676655836110744 -4064.64860732702 1.848028910542959e-05 0.004395448188332556 0.17225397157279504
-2.602551477170994 -0.005892569382274172 2.5679761637351772 635.9984633419149 597.9793503624987 721.3241828421596 100.31093150231754 3.1499511868432966 3.6503936393215293 -1851.8729026795265 0.04409396980555515 21.676655836110744 -4064.64860732702 1.848028910542959e-05 0.004395448188332556 0.17225397157279504
-2.602551477170994 -0.0068746642793211694 2.583368154728854 636.017134354348 597.991540950391 725.3648466609302 94.82203800044954 3.1499511868432966 3.6503936393215293 -1851.8729026795265 0.04409396980555515 21.676655836110744 -4064.64860732702 1.848028910542959e-05 0.004395448188332556 0.17225397157279504
-2.602551477170994 -0.007856759176365935 2.598760145722531 636.0393578103217 598.0075273908396 730.1229594937176 89.26553463755408 3.1499511868432966 3.6503936393215293 -1851.8729026795265 0.04409396980555515 21.676655836110744 -4064.64860732702 1.848028910542959e-05 0.004395448188332556 0.17225397157279504
-2.602551477170994 -0.008838854073411817 2.614152136716208 636.0654002922861 598.0276807317305 735.6432493948378 83.65712022298248 3.1499511868432966 3.6503936393215293 -1851.8729026795265 0.04409396980555515 21.676655836110744 -4064.64860732702 1.848028910542959e-05 0.004395448188332556 0.17225397157279504
-2.602551477170994 -0.009820948970457698 2.6295441277098845 636.095535664409 598.0523834686983 741.9715297454386 78.013370136905 3.1499511868432966 3.6503936393215293 -1851.8729026795265 0.04409396980555515 21.676655836110744 -4064.64860732702 1.848028910542959e-05 0.004395448188332556 0.17225397157279504
-2.602551477170994 -0.009820948970457698 2.6449361187035616 636.1300450725803 598.0820295451231 749.1546992509393 72.35173632722581 3.1499511868432966 3.6503936393215293 -1851.8729026795265 0.04409396980555515 21.676655836110744 -4064.64860732702 1.848028910542959e-05 0.004395448188332556 0.17225397157279504
