29 -0.5322954341987538 2.4817538048343772 0.5207283914070693 0.7002336615935515 3.244841539838854
-0.5322954341987538 2.4817538048343772 0.5207283914070693 837.5711547397077 544.2843169525731 524.3595326840878 227.87313230521977 3.334352785373746 3.90838040162891 -2141.1348324701908 0.04862635820842168 22.95870604996289 -4942.701599052325 2.0379865133454102e-05 0.004684986468193126 -0.012701040479535176
-0.5047967770814781 2.5495183527305287 0.3854938669292907 840.3471856024116 543.192770242109 541.2055447101593 239.00070128496736 3.334352785373746 3.90838040162891 -2141.1348324701908 0.04862635820842168 22.95870604996289 -4942.701599052325 2.0379865133454102e-05 0.004684986468193126 -0.012701040479535176
-0.491047448522838 2.61040823634736 0.22208190190549254 843.044542491436 542.0882949356455 557.8536678850651 250.25524902623147 3.334352785373746 3.90838040162891 -2141.1348324701908 0.04862635820842168 22.95870604996289 -4942.701599052325 2.0379865133454102e-05 0.004684986468193126 -0.012701040479535176
-0.48417278424352017 2.666387645478961 0.12219517069132747 845.6603118814528 540.9719014002476 574.2411227822304 261.5889203781262 3.334352785373746 3.90838040162891 -2141.1348324701908 0.04862635820842168 22.95870604996289 -4942.701599052325 2.0379865133454102e-05 0.004684986468193126 -0.012701040479535176
-0.47729811996419785 2.719420769919427 0.12891077168403897 848.1919247824699 539.8445768710226 590.3088501393795 272.95378635264933 3.334352785373746 3.90838040162891 -2141.1348324701908 0.04862635820842168 22.95870604996289 -4942.701599052325 2.0379865133454102e-05 0.004684986468193126 -0.012701040479535176
-0.46649507609669655 2.76852551477171 0.21655030497607192 850.6371567845345 538.7072854542639 606.0015114843845 284.3018441144377 3.334352785373746 3.90838040162891 -2141.1348324701908 0.04862635820842168 22.95870604996289 -4942.701599052325 2.0379865133454102e-05 0.004684986468193126 -0.012701040479535176
-0.44881736794987287 2.8156660698299034 0.358770670270593 852.9941280148923 537.5609681247734 621.2674889564514 295.5850169900805 3.334352785373746 3.90838040162891 -2141.1348324701908 0.04862635820842168 22.95870604996289 -4942.701599052325 2.0379865133454102e-05 0.004684986468193126 -0.012701040479535176
-0.42721128021486576 2.8618245299910474 0.43779130364160884 855.261303184554 536.4065427292371 636.058885037899 306.7551544625312 3.334352785373746 3.90838040162891 -2141.1348324701908 0.04862635820842168 22.95870604996289 -4942.701599052325 2.0379865133454102e-05 0.004684986468193126 -0.012701040479535176
-0.401676812891684 2.905036705461055 0.5337081916391833 857.4374915603548 535.2449039822677 650.3315228223801 317.7640321739018 3.334352785373746 3.90838040162891 -2141.1348324701908 0.04862635820842168 22.95870604996289 -4942.701599052325 2.0379865133454102e-05 0.004684986468193126 -0.012701040479535176
-0.3761423455684978 2.9462846911369733 0.5543074962015307 859.5218470003456 534.0769234687323 664.0449461936951 328.5633519217372 3.334352785373746 3.90838040162891 -2141.1348324701908 0.04862635820842168 22.95870604996289 -4942.701599052325 2.0379865133454102e-05 0.004684986468193126 -0.012701040479535176
-0.35060787824531153 2.9855684870187993 0.5763752205911677 861.5138678718358 532.9034496442182 677.1624191403389 339.1047416627407 3.334352785373746 3.90838040162891 -2141.1348324701908 0.04862635820842168 22.95870604996289 -4942.701599052325 2.0379865133454102e-05 0.004684986468193126 -0.012701040479535176
-0.3250734109221253 3.0209239033124446 0.6254850402391945 863.4133971557021 531.7253078325884 689.6509265303612 349.33975551556796 3.334352785373746 3.90838040162891 -2141.1348324701908 0.04862635820842168 22.95870604996289 -4942.701599052325 2.0379865133454102e-05 0.004684986468193126 -0.012701040479535176
-0.2887358997314333 3.053333034914951 0.8424789458037564 865.220622362569 530.5433002295904 701.4811737835407 359.21987375058234 3.334352785373746 3.90838040162891 -2141.1348324701908 0.04862635820842168 22.95870604996289 -4942.701599052325 2.0379865133454102e-05 0.004684986468193126 -0.012701040479535176
-0.24847000895255775 3.082795881826318 0.9391056924560057 866.9360755831003 529.3582058995962 712.627586722374 368.69650279916823 3.334352785373746 3.90838040162891 -2141.1348324701908 0.04862635820842168 22.95870604996289 -4942.701599052325 2.0379865133454102e-05 0.004684986468193126 -0.012701040479535176
-0.20034735899731962 3.105384064458368 1.131937027831405 868.560633463785 528.1707807760686 723.0683117508888 377.72097525186837 3.334352785373746 3.90838040162891 -2141.1348324701908 0.04862635820842168 22.95870604996289 -4942.701599052325 2.0379865133454102e-05 0.004684986468193126 -0.012701040479535176
-0.1532068039391307 3.1250259623992833 1.1760052070950746 870.0955172274262 526.981757665053 732.7852158844471 386.24454985465854 3.334352785373746 3.90838040162891 -2141.1348324701908 0.04862635820842168 22.95870604996289 -4942.701599052325 2.0379865133454102e-05 0.004684986468193126 -0.012701040479535176
-0.1050841539838881 3.1397573858549683 1.273732114453885 871.5422926470637 525.7918462391244 741.7638866901398 394.2184115126729 3.334352785373746 3.90838040162891 -2141.1348324701908 0.04862635820842168 22.95870604996289 -4942.701599052325 2.0379865133454102e-05 0.004684986468193126 -0.012701040479535176
-0.05696150402865442 3.1495783348254247 1.3694792184202413 872.9028700459749 524.6017330433242 749.9936323165894 401.5936712920666 3.334352785373746 3.90838040162891 -2141.1348324701908 0.04862635820842168 22.95870604996289 -4942.701599052325 2.0379865133454102e-05 0.004684986468193126 -0.012701040479535176
-0.008838854073416282 3.1564529991047428 1.4288992721907716 874.1795043405145 523.4120814907365 757.4674811661243 408.32136641070247 3.334352785373746 3.90838040162891 -2141.1348324701908 0.04862635820842168 22.95870604996289 -4942.701599052325 2.0379865133454102e-05 0.004684986468193126 -0.012701040479535176
0.04321217547000538 3.1593992837958815 1.514252889850047 875.3747949898243 522.2235318656312 764.1821827590466 414.3524602493271 3.334352785373746 3.90838040162891 -2141.1348324701908 0.04862635820842168 22.95870604996289 -4942.701599052325 2.0379865133454102e-05 0.004684986468193126 -0.012701040479535176
0.1031199641897941 3.1603813786929282 1.55440435248687 876.4916860442609 521.036701321369 770.1382065415382 419.63784234505147 3.334352785373746 3.90838040162891 -2141.1348324701908 0.04862635820842168 22.95870604996289 -4942.701599052325 2.0379865133454102e-05 0.004684986468193126 -0.012701040479535176
0.17088451208594094 3.1584171888988366 1.5997737206464662 877.5334660653025 519.8521838814486 775.339742988348 424.1283283941448 3.334352785373746 3.90838040162891 -2141.1348324701908 0.04862635820842168 22.95870604996289 -4942.701599052325 2.0379865133454102e-05 0.004684986468193126 -0.012701040479535176
0.2357027752909535 3.1584171888988366 3.141592653589793 878.5037682186812 518.6705504393904 779.7947029769421 427.77466024644673 3.334352785373746 3.90838040162891 -2141.1348324701908 0.04862635820842168 22.95870604996289 -4942.701599052325 2.0379865133454102e-05 0.004684986468193126 -0.012701040479535176
0.3005210384959705 3.160381378692926 1.5405025668761507 879.406570225954 517.4923487573396 783.5147177577019 430.52750591840595 3.334352785373746 3.90838040162891 -2141.1348324701908 0.04862635820842168 22.95870604996289 -4942.701599052325 2.0379865133454102e-05 0.004684986468193126 -0.012701040479535176
0.36533930170097856 3.1672560429722485 1.4651307446949913 880.2461943719536 516.3181034693262 786.515139311552 432.33745957538486 3.334352785373746 3.90838040162891 -2141.1348324701908 0.04862635820842168 22.95870604996289 -4942.701599052325 2.0379865133454102e-05 0.004684986468193126 -0.012701040479535176
0.4311396598030403 3.176094897045658 1.4372672777030506 881.0273075010628 515.1483160773059 788.8150402605534 433.1550415465608 3.334352785373746 3.90838040162891 -2141.1348324701908 0.04862635820842168 22.95870604996289 -4942.701599052325 2.0379865133454102e-05 0.004684986468193126 -0.012701040479535176
0.4969400179050976 3.188862130707251 1.379147830108221 881.7549210134894 513.9834649555851 790.4372134506702 432.9306983165443 3.334352785373746 3.90838040162891 -2141.1348324701908 0.04862635820842168 22.95870604996289 -4942.701599052325 2.0379865133454102e-05 0.004684986468193126 -0.012701040479535176
0.56470456580124 3.2055577439570277 1.329230619699537 882.4343908708543 512.8240053447662 791.4081726074219 431.61480252910405 3.334352785373746 3.90838040162891 -2141.1348324701908 0.04862635820842168 22.95870604996289 -4942.701599052325 2.0379865133454102e-05 0.004684986468193126 -0.012701040479535176
0.6324691136973913 3.224217547000894 1.3020933021597474 883.0714176334441 511.6703693588497 791.7581519186497 429.15765298437327 3.334352785373746 3.90838040162891 -2141.1348324701908 0.04862635820842168 22.95870604996289 -4942.701599052325 2.0379865133454102e-05 0.004684986468193126 -0.012701040479535176
0.7002336615935515 3.244841539838854 1.275355489651199 883.6720463838428 510.5229659805773 791.5211061239243 425.5094746481627 3.334352785373746 3.90838040162891 -2141.1348324701908 0.04862635820842168 22.95870604996289 -4942.701599052325 2.0379865133454102e-05 0.004684986468193126 -0.012701040479535176
0.7640698299015148 3.2684118173679484 1.2170931807137706 884.2426667511463 509.3821810618974 790.7347099483013 420.62041862960905 3.328474333265253 3.8742578497728264 -2125.7343325471156 0.04852878490422334 22.8402501067526 -4902.559667616945 2.0338971041166503e-05 0.004650928178476265 -0.002377273853400324
0.8161208594449365 3.2929641897940902 1.1300454790154877 884.7900129947811 508.2483773234999 789.440359801054 414.44056220632046 3.328474333265253 3.8742578497728264 -2125.7343325471156 0.04852878490422334 22.8402501067526 -4902.559667616945 2.0338971041166503e-05 0.004650928178476265 -0.002377273853400324
0.8603151298119955 3.3165344673231867 1.0808390005411945 885.3211639095098 507.12189435737673 787.683171838522 406.9199088104069 3.328474333265253 3.8742578497728264 -2125.7343325471156 0.04852878490422334 22.8402501067526 -4902.559667616945 2.0338971041166503e-05 0.004650928178476265 -0.002377273853400324
0.9045094001790457 3.3391226499552364 1.0982993912777999 885.8435428328812 506.0030486246105 785.5119831860065 398.00838803499937 3.328474333265253 3.8742578497728264 -2125.7343325471156 0.04852878490422334 22.8402501067526 -4902.559667616945 2.0338971041166503e-05 0.004650928178476265 -0.002377273853400324
0.9447752909579168 3.362692927484333 1.0412067280127941 886.3649176880717 504.8921334579354 782.9793510437012 387.65585562959313 3.328474333265253 3.8742578497728264 -2125.7343325471156 0.04852878490422334 22.8402501067526 -4902.559667616945 2.0338971041166503e-05 0.004650928178476265 -0.002377273853400324
0.9771844225604208 3.3852811101163827 0.9621070194674554 886.8934009391814 503.7894190584775 780.141553491354 375.81209350191057 3.328474333265253 3.8742578497728264 -2125.7343325471156 0.04852878490422334 22.8402501067526 -4902.559667616945 2.0338971041166503e-05 0.004650928178476265 -0.002377273853400324
0.9978084153983833 3.405905102954341 0.7853981633975566 887.4374496266246 502.6951524980832 777.05858913064 362.42680971696973 3.328474333265253 3.8742578497728264 -2125.7343325471156 0.04852878490422334 22.8402501067526 -4902.559667616945 2.0338971041166503e-05 0.004650928178476265 -0.002377273853400324
1.0095935541629337 3.425547000895254 0.5404195002706844 888.0058653522283 501.6095577176893 773.7941769957542 347.449638498947 3.328474333265253 3.8742578497728264 -2125.7343325471156 0.04852878490422334 22.8402501067526 -4902.559667616945 2.0338971041166503e-05 0.004650928178476265 -0.002377273853400324
1.017450313339301 3.4481351835273037 0.33473683731689136 888.6077942792326 500.5328355282545 770.4157565832138 330.83014022838324 3.328474333265253 3.8742578497728264 -2125.7343325471156 0.04852878490422334 22.8402501067526 -4902.559667616945 2.0338971041166503e-05 0.004650928178476265 -0.002377273853400324
1.0213786929274844 3.4726875559534474 0.15865526218642267 889.2527271416038 499.4651636106428 766.9944883584976 312.51780144590884 3.328474333265253 3.8742578497728264 -2125.7343325471156 0.04852878490422334 22.8402501067526 -4902.559667616945 2.0338971041166503e-05 0.004650928178476265 -0.002377273853400324
1.0302175470008919 3.5001862130707253 0.31099828060542795 889.9504992198199 498.4066965156235 763.6052530705929 292.462034846656 3.328474333265253 3.8742578497728264 -2125.7343325471156 0.04852878490422334 22.8402501067526 -4902.559667616945 2.0338971041166503e-05 0.004650928178476265 -0.002377273853400324
1.0469131602506663 3.5316132497761865 0.4883339510563553 890.7112903706729 497.357565664337 760.3266517817974 270.6121792886406 3.328474333265253 3.8742578497728264 -2125.7343325471156 0.04852878490422334 22.8402501067526 -4902.559667616945 2.0338971041166503e-05 0.004650928178476265 -0.002377273853400324
1.059680393912257 3.563040286481646 0.3858826693980204 891.5456250328571 496.31787934643216 757.2410064637661 246.91749978251755 3.328474333265253 3.8742578497728264 -2125.7343325471156 0.04852878490422334 22.8402501067526 -4902.559667616945 2.0338971041166503e-05 0.004650928178476265 -0.002377273853400324
1.0685192479856689 3.5954494180841543 0.26625204915093703 892.4643721673638 495.2877227223944 754.4343596994877 221.3271875018254 3.328474333265253 3.8742578497728264 -2125.7343325471156 0.04852878490422334 22.8402501067526 -4902.559667616945 2.0338971041166503e-05 0.004650928178476265 -0.002377273853400324
1.0685192479856644 3.6268764547896137 6.283185307179444 893.4787453394383 494.2671578224981 751.9964742958546 193.7903597727418 3.328474333265253 3.8742578497728264 -2125.7343325471156 0.04852878490422334 22.8402501067526 -4902.559667616945 2.0338971041166503e-05 0.004650928178476265 -0.002377273853400324
