25 0.9231692032229231 1.5880474485228284 0.21866894587399546 1.864998209489701 3.1328827215756494
0.9231692032229231 1.5880474485228284 0.21866894587399546 756.3725925915351 489.1025356219616 561.6937333643436 216.81702341139317 3.1934439404769472 3.7197422596856424 -1890.136815688803 0.04456271995859581 21.945551456023704 -4128.254837616453 1.8676747677533803e-05 0.004472744358724268 0.15503141048217975
0.9467394807520197 1.6234028648164736 0.5880026035475675 758.1651529786031 487.79364301497117 639.3015536665916 249.0118207409978 3.1934439404769472 3.7197422596856424 -1890.136815688803 0.04456271995859581 21.945551456023704 -4128.254837616453 1.8676747677533803e-05 0.004472744358724268 0.15503141048217975
0.986023276633846 1.660722470904207 0.8110335719191467 760.3786167132639 486.3392195140477 683.7980889379978 269.37960041314363 3.1934439404769472 3.7197422596856424 -1890.136815688803 0.04456271995859581 21.945551456023704 -4128.254837616453 1.8676747677533803e-05 0.004472744358724268 0.15503141048217975
1.0537878245299974 1.7009883616830792 1.0346503047826654 762.9816562504711 484.8079616720788 704.0744940638542 281.3189323544502 3.1934439404769472 3.7197422596856424 -1890.136815688803 0.04456271995859581 21.945551456023704 -4128.254837616453 1.8676747677533803e-05 0.004472744358724268 0.15503141048217975
1.1254807520143322 1.7451826320501327 1.0183774024745735 765.9432237651199 483.2597710706759 707.9595936536789 287.79337576031685 3.1934439404769472 3.7197422596856424 -1890.136815688803 0.04456271995859581 21.945551456023704 -4128.254837616453 1.8676747677533803e-05 0.004472744358724268 0.15503141048217975
1.1893169203223 1.7952694717994615 0.905506898964359 769.2325511525996 481.7457543143537 702.2198812961578 291.3314791917801 3.1934439404769472 3.7197422596856424 -1890.136815688803 0.04456271995859581 21.945551456023704 -4128.254837616453 1.8676747677533803e-05 0.004472744358724268 0.15503141048217975
1.2452963294539008 1.8424100268576538 0.8709034570756302 772.8191500287212 480.3082230356522 692.5595195293427 294.02678060531616 3.1934439404769472 3.7197422596856424 -1890.136815688803 0.04456271995859581 21.945551456023704 -4128.254837616453 1.8676747677533803e-05 0.004472744358724268 0.15503141048217975
1.3052041181736849 1.896425246195166 0.8370762478798606 776.6728117291641 478.98069389909506 683.6203403770924 297.53780726343393 3.1934439404769472 3.7197422596856424 -1890.136815688803 0.04456271995859581 21.945551456023704 -4128.254837616453 1.8676747677533803e-05 0.004472744358724268 0.15503141048217975
1.3651119068934736 1.9543688451208585 0.8020632871114304 780.7636073103058 477.78788858884946 678.981844753027 303.0880758687854 3.1934439404769472 3.7197422596856424 -1890.136815688803 0.04456271995859581 21.945551456023704 -4128.254837616453 1.8676747677533803e-05 0.004472744358724268 0.15503141048217975
1.4132345568487072 2.018205013428826 0.6459581063060749 785.0618875484361 476.7457338194363 681.1612030565739 311.466092415154 3.1934439404769472 3.7197422596856424 -1890.136815688803 0.04456271995859581 21.945551456023704 -4128.254837616453 1.8676747677533803e-05 0.004472744358724268 0.15503141048217975
1.4456436884512158 2.083023276633841 0.4636476090008199 789.5382829403534 475.8613613322377 691.6132548451424 323.02535220980644 3.1934439404769472 3.7197422596856424 -1890.136815688803 0.04456271995859581 21.945551456023704 -4128.254837616453 1.8676747677533803e-05 0.004472744358724268 0.15503141048217975
1.4741244404655363 2.1507878245299925 0.3978743576171199 794.1637037031323 475.1331078952644 710.7305085659027 337.68434009701014 3.1934439404769472 3.7197422596856424 -1890.136815688803 0.04456271995859581 21.945551456023704 -4128.254837616453 1.8676747677533803e-05 0.004472744358724268 0.15503141048217975
1.4908200537153107 2.2205165622202307 0.23501221572064301 798.9093397740216 474.5505153015256 737.8431422114372 354.92653016000986 3.1934439404769472 3.7197422596856424 -1890.136815688803 0.04456271995859581 21.945551456023704 -4128.254837616453 1.8676747677533803e-05 0.004472744358724268 0.15503141048217975
1.4868916741271272 2.2882811101163822 6.225279101931466 803.7466608105169 474.09433037717827 771.2190026938915 373.80038572102785 3.1934439404769472 3.7197422596856424 -1890.136815688803 0.04456271995859581 21.945551456023704 -4128.254837616453 1.8676747677533803e-05 0.004472744358724268 0.15503141048217975
1.487873769024172 2.3560456580125337 0.014491739065486653 808.6474161904771 473.7365049654618 808.0636060535908 392.91935977339745 3.1934439404769472 3.7197422596856424 -1890.136815688803 0.04456271995859581 21.945551456023704 -4128.254837616453 1.8676747677533803e-05 0.004472744358724268 0.15503141048217975
1.4967126230975882 2.4238102059086826 0.12970253715599242 813.583635012008 473.4401959441602 844.5201380252838 410.46189437806606 3.1934439404769472 3.7197422596856424 -1890.136815688803 0.04456271995859581 21.945551456023704 -4128.254837616453 1.8676747677533803e-05 0.004472744358724268 0.15503141048217975
1.518318710832591 2.4935389435989257 0.3004771683725522 818.5276260934916 473.15976521512493 875.6694530844688 424.17142102122307 3.1934439404769472 3.7197422596856424 -1890.136815688803 0.04456271995859581 21.945551456023704 -4128.254837616453 1.8676747677533803e-05 0.004472744358724268 0.15503141048217975
1.5438531781557772 2.561303491495077 0.3603579705247772 823.4519779736729 472.8407797086984 895.530074775219 431.3563607186079 3.1934439404769472 3.7197422596856424 -1890.136815688803 0.04456271995859581 21.945551456023704 -4128.254837616453 1.8676747677533803e-05 0.004472744358724268 0.15503141048217975
1.5742981199641917 2.630050134288271 0.41689807040989496 828.3295589113259 472.42001137696207 897.0581961870193 428.89012365043163 3.1934439404769472 3.7197422596856424 -1890.136815688803 0.04456271995859581 21.945551456023704 -4128.254837616453 1.8676747677533803e-05 0.004472744358724268 0.15503141048217975
1.6076893464637405 2.6958504923903313 0.4875951259230052 833.1335168858204 471.8254372077063 872.1476791799068 413.21110939979553 3.1934439404769472 3.7197422596856424 -1890.136815688803 0.04456271995859581 21.945551456023704 -4128.254837616453 1.8676747677533803e-05 0.004472744358724268 0.15503141048217975
1.6538478066248847 2.7645971351835286 0.607801996113972 837.8372795965406 470.97623920836486 811.6300554871559 380.32270700484514 3.1934439404769472 3.7197422596856424 -1890.136815688803 0.04456271995859581 21.945551456023704 -4128.254837616453 1.8676747677533803e-05 0.004472744358724268 0.15503141048217975
1.7000062667860287 2.8323616830796787 0.6146629519221866 842.4145544632192 469.7828044134658 705.2745252549648 325.793294750154 3.1934439404769472 3.7197422596856424 -1890.136815688803 0.04456271995859581 21.945551456023704 -4128.254837616453 1.8676747677533803e-05 0.004472744358724268 0.15503141048217975
1.746164726947173 2.905036705461057 0.5816534825135681 846.8393286259816 468.14672489021905 541.7879582345486 244.7562402933836 3.1934439404769472 3.7197422596856424 -1890.136815688803 0.04456271995859581 21.945551456023704 -4128.254837616453 1.8676747677533803e-05 0.004472744358724268 0.15503141048217975
1.7893769024171828 2.9796759176365266 0.5404195002705842 851.0858689449815 465.9607977261767 308.814893245697 131.90990073233843 3.123540979685525 3.6449162141251485 -1837.6580054174076 -0.044457343669333946 21.701208333225686 -4023.553161771311 -1.8632583264599227e-05 0.004396704397910851 0.1883926330733604
1.8266965085049196 3.0552972247090437 0.4741184305055051 855.1287220010563 463.1090250387788 -7.06246143579483 -18.48237755149603 3.123540979685525 3.6449162141251485 -1837.6580054174076 -0.044457343669333946 21.701208333225686 -4023.553161771311 -1.8632583264599227e-05 0.004396704397910851 0.1883926330733604
1.864998209489701 3.1328827215756494 0.47385133649476274 862.1795204568189 465.3169682978187 936.9375410452485 456.34979433752596 3.123540979685525 3.6449162141251485 -1837.6580054174076 -0.044457343669333946 21.701208333225686 -4023.553161771311 -1.8632583264599227e-05 0.004396704397910851 0.1883926330733604
1.8993715308863037 3.2134145031333925 0.41822432957927075 867.3815103212837 463.90648126846645 933.6366849392653 439.14155492186546 3.123540979685525 3.6449162141251485 -1837.6580054174076 -0.044457343669333946 21.701208333225686 -4023.553161771311 -1.8632583264599227e-05 0.004396704397910851 0.1883926330733604
1.9347269471799464 3.2959104744852277 0.41934164755001374 872.7134493235499 462.71009823004715 922.2291689887643 421.40952260419726 3.123540979685525 3.6449162141251485 -1837.6580054174076 -0.044457343669333946 21.701208333225686 -4023.553161771311 -1.8632583264599227e-05 0.004396704397910851 0.1883926330733604
1.965171888988352 3.3764422560429708 0.3762420106373092 878.1049547947478 461.6826467362698 904.7914507612586 403.57230569422245 3.123540979685525 3.6449162141251485 -1837.6580054174076 -0.044457343669333946 21.701208333225686 -4023.553161771311 -1.8632583264599227e-05 0.004396704397910851 0.1883926330733604
2.0093661593554066 3.456974037600715 0.501906443051991 883.4905613129959 460.7825111984275 883.2085547745228 386.0045723617077 3.123540979685525 3.6449162141251485 -1837.6580054174076 -0.044457343669333946 21.701208333225686 -4023.553161771311 -1.8632583264599227e-05 0.004396704397910851 0.1883926330733604
2.0525783348254207 3.537505819158462 0.4924857658719628 888.8097206999082 459.9716328843497 859.1740727126598 369.0370506197214 3.123540979685525 3.6449162141251485 -1837.6580054174076 -0.044457343669333946 21.701208333225686 -4023.553161771311 -1.8632583264599227e-05 0.004396704397910851 0.1883926330733604
2.0967726051924758 3.619019695613249 0.4968108015033847 894.0068020180333 459.2155099201482 834.1901632919908 352.95652831345797 3.123540979685525 3.6449162141251485 -1837.6580054174076 -0.044457343669333946 21.701208333225686 -4023.553161771311 -1.8632583264599227e-05 0.004396704397910851 0.1883926330733604
2.1409668755595304 3.696605192479857 0.5177818586126816 899.0310915773734 458.48319728684146 809.5675522536039 338.00585314817727 3.123540979685525 3.6449162141251485 -1837.6580054174076 -0.044457343669333946 21.701208333225686 -4023.553161771311 -1.8632583264599227e-05 0.004396704397910851 0.1883926330733604
2.1802506714413563 3.771244404655326 0.48447792903702813 903.836792929098 457.7473068224499 786.4255324751139 324.3839326687157 3.123540979685525 3.6449162141251485 -1837.6580054174076 -0.044457343669333946 21.701208333225686 -4023.553161771311 -1.8632583264599227e-05 0.004396704397910851 0.1883926330733604
2.2156060877349995 3.840973142345569 0.4692655274257435 908.3830268681049 456.98400722281076 765.6919638589025 312.2457342594862 3.123540979685525 3.6449162141251485 -1837.6580054174076 -0.044457343669333946 21.701208333225686 -4023.553161771311 -1.8632583264599227e-05 0.004396704397910851 0.1883926330733604
2.247033124440463 3.9057914055505836 0.4514530915525797 912.633831432322 456.1730240401812 748.103273421526 301.7022851612419 3.123540979685525 3.6449162141251485 -1837.6580054174076 -0.044457343669333946 21.701208333225686 -4023.553161771311 -1.8632583264599227e-05 0.004396704397910851 0.1883926330733604
2.2784601611459223 3.9676633840644597 0.46997663841698795 916.558161905501 455.2976396831218 734.2044551670551 292.82067245058715 3.123540979685525 3.6449162141251485 -1837.6580054174076 -0.044457343669333946 21.701208333225686 -4023.553161771311 -1.8632583264599227e-05 0.004396704397910851 0.1883926330733604
2.3147976723366144 4.024624888093105 0.5678440442634947 920.1298908134922 454.34469341824297 724.3490702733397 285.6240430511534 3.123540979685525 3.6449162141251485 -1837.6580054174076 -0.044457343669333946 21.701208333225686 -4023.553161771311 -1.8632583264599227e-05 0.004396704397910851 0.1883926330733604
2.3550635631154853 4.077658012533569 0.6494007453600659 923.32780792634 453.3045813678764 718.6992468610406 280.0916037335992 3.123540979685525 3.6449162141251485 -1837.6580054174076 -0.044457343669333946 21.701208333225686 -4023.553161771311 -1.8632583264599227e-05 0.004396704397910851 0.1883926330733604
2.4002399283795848 4.128726947179945 0.724250000748133 926.135620256653 452.1712565107737 717.2256802543998 276.15862111374736 3.123540979685525 3.6449162141251485 -1837.6580054174076 -0.044457343669333946 21.701208333225686 -4023.553161771311 -1.8632583264599227e-05 0.004396704397910851 0.1883926330733604
2.4562193375111856 4.173903312444043 0.8917910180963465 928.5419520619325 450.9422286838526 719.7076327204704 273.71642165258527 3.123540979685525 3.6449162141251485 -1837.6580054174076 -0.044457343669333946 21.701208333225686 -4023.553161771311 -1.8632583264599227e-05 0.004396704397910851 0.1883926330733604
2.5121987466427864 4.213187108325872 0.9588938923601882 930.5403448429424 449.618564579403 725.7329336628318 272.61239165626466 3.123540979685525 3.6449162141251485 -1837.6580054174076 -0.044457343669333946 21.701208333225686 -4023.553161771311 -1.8632583264599227e-05 0.004396704397910851 0.1883926330733604
2.5770170098477987 4.247560429722473 1.0832012008718503 932.1292573427781 448.20488774753176 734.6979795619845 272.6499772667885 3.123540979685525 3.6449162141251485 -1837.6580054174076 -0.044457343669333946 21.701208333225686 -4023.553161771311 -1.8632583264599227e-05 0.004396704397910851 0.1883926330733604
2.6516562220232722 4.276041181736795 1.2062703243879938 933.3120655491948 446.7093785953475 745.8077338933945 273.5886844880879 3.123540979685525 3.6449162141251485 -1837.6580054174076 -0.044457343669333946 21.701208333225686 -4023.553161771311 -1.8632583264599227e-05 0.004396704397910851 0.1883926330733604
2.736116383169198 4.303539838854073 1.2560386654035893 934.097062695073 445.1437743852148 758.0757273361087 275.144079150632 3.123540979685525 3.6449162141251485 -1837.6580054174076 -0.044457343669333946 21.701208333225686 -4023.553161771311 -1.8632583264599227e-05 0.004396704397910851 0.1883926330733604
2.8205765443151236 4.32711011638317 1.2986504362636968 934.4974592546932 443.52336923906114 770.3240574672818 276.9877869542688 3.123540979685525 3.6449162141251485 -1837.6580054174076 -0.044457343669333946 21.701208333225686 -4023.553161771311 -1.8632583264599227e-05 0.004396704397910851 0.1883926330733604
2.9050367054610495 4.343805729632944 1.3756378996782448 934.5313829465304 441.8670141323237 781.1833890527487 278.7474934235215 3.123540979685525 3.6449162141251485 -1837.6580054174076 -0.044457343669333946 21.701208333225686 -4023.553161771311 -1.8632583264599227e-05 0.004396704397910851 0.1883926330733604
2.9855684870187917 4.355590868397493 1.425486316159186 934.2218787330203 440.1971169000026 789.0929538756609 280.0069439243525 3.123540979685525 3.6449162141251485 -1837.6580054174076 -0.044457343669333946 21.701208333225686 -4023.553161771311 -1.8632583264599227e-05 0.004396704397910851 0.1883926330733604
3.0670823634735784 4.360501342882721 1.5106280756398849 933.5969088186976 438.5396422323538 792.3005508109927 280.3059436902404 3.123540979685525 3.6449162141251485 -1837.6580054174076 -0.044457343669333946 21.701208333225686 -4023.553161771311 -1.8632583264599227e-05 0.004396704397910851 0.1883926330733604
3.139757385854958 4.362465532676812 1.543775877607626 932.6893526550848 436.92411167616956 788.8625457882881 279.1403577774763 3.123540979685525 3.6449162141251485 -1837.6580054174076 -0.044457343669333946 21.701208333225686 -4023.553161771311 -1.8632583264599227e-05 0.004396704397910851 0.1883926330733604
3.197700984780653 4.356572963294539 1.6721428300605476 931.5370069339406 435.3836036371067 776.6438717767596 275.9621111061424 3.123540979685525 3.6449162141251485 -1837.6580054174076 -0.044457343669333946 21.701208333225686 -4023.553161771311 -1.8632583264599227e-05 0.004396704397910851 0.1883926330733604
3.2556445837063475 4.346752014324083 1.7386922500452686 930.1825855930801 433.9547533749137 753.3180289044976 270.1791884191334 3.123540979685525 3.6449162141251485 -1837.6580054174076 -0.044457343669333946 21.701208333225686 -4023.553161771311 -1.8632583264599227e-05 0.004396704397910851 0.1883926330733604
3.3047493285586307 4.3310384959713515 1.8804992713373776 928.6737198119517 432.67775300785434 716.3670842722058 261.15563433617353 3.123540979685525 3.6449162141251485 -1837.6580054174076 -0.044457343669333946 21.701208333225686 -4023.553161771311 -1.8632583264599227e-05 0.004396704397910851 0.1883926330733604
