34 -0.9428111011638407 1.6086714413607874 3.7123059137791685 -2.9796759176365364 -1.1186060877350044
-0.9428111011638407 1.6086714413607874 3.7123059137791685 767.6757366989041 547.3520595467999 461.08204461220885 256.77172357589006 3.4249080598518233 3.973731401082069 -2031.0294891916135 -0.0023112605281778195 22.47298371899307 -3878.772448841712 -4.119893989622297e-06 0.004800950115854943 0.17279383718712762
-0.9938800358102131 1.5291217547000913 3.7123059137791476 761.676893537282 548.6758725974651 458.21748687227955 286.3482941426337 3.4249080598518233 3.973731401082069 -2031.0294891916135 -0.0023112605281778195 22.47298371899307 -3878.772448841712 -4.119893989622297e-06 0.004800950115854943 0.17279383718712762
-1.0498594449418184 1.447607878245301 3.74336849081798 755.7942582764663 550.0384790129028 455.535726385162 310.87646439112723 3.4249080598518233 3.973731401082069 -2031.0294891916135 -0.0023112605281778195 22.47298371899307 -3878.772448841712 -4.119893989622297e-06 0.004800950115854943 0.17279383718712762
-1.0970000000000073 1.3690402864816482 3.682012153860352 749.9879869043361 551.4328590857331 453.0193317991798 330.91926580201834 3.4249080598518233 3.973731401082069 -2031.0294891916135 -0.0023112605281778195 22.47298371899307 -3878.772448841712 -4.119893989622297e-06 0.004800950115854943 0.17279383718712762
-1.1353017009847843 1.294401074306177 3.615711084095251 744.2213561990066 552.8528741322225 450.65161639396683 347.0142087545246 3.4249080598518233 3.973731401082069 -2031.0294891916135 -0.0023112605281778195 22.47298371899307 -3878.772448841712 -4.119893989622297e-06 0.004800950115854943 0.17279383718712762
-1.1716392121754764 1.224672336615936 3.6219984701728722 738.4607637329027 554.2932664916734 448.41663808297017 359.673282536678 3.4249080598518233 3.973731401082069 -2031.0294891916135 -0.0023112605281778195 22.47298371899307 -3878.772448841712 -4.119893989622297e-06 0.004800950115854943 0.17279383718712762
-1.2069946284691146 1.155925693822739 3.6166034098548216 732.6757278720615 555.7496595271223 446.29919941176195 369.3829553714022 3.4249080598518233 3.973731401082069 -2031.0294891916135 -0.0023112605281778195 22.47298371899307 -3878.772448841712 -4.119893989622297e-06 0.004800950115854943 0.17279383718712762
-1.2364574753804844 1.087179051029544 3.5464844398748823 726.8388877767138 557.2185576246702 444.28484755856334 376.6041743988171 3.4249080598518233 3.973731401082069 -2031.0294891916135 -0.0023112605281778195 22.47298371899307 -3878.772448841712 -4.119893989622297e-06 0.004800950115854943 0.17279383718712762
-1.268866606982993 1.019414503133395 3.587698202533226 720.9260033986066 558.6973461940652 442.3598743342445 381.77236566506326 3.4249080598518233 3.973731401082069 -2031.0294891916135 -0.0023112605281778195 22.47298371899307 -3878.772448841712 -4.119893989622297e-06 0.004800950115854943 0.17279383718712762
-1.3042220232766402 0.9487036705461059 3.605240262590631 714.9159554846119 560.18429166844 440.5113161827321 385.2974341455847 3.4249080598518233 3.973731401082069 -2031.0294891916135 -0.0023112605281778195 22.47298371899307 -3878.772448841712 -4.119893989622297e-06 0.004800950115854943 0.17279383718712762
-1.3444879140555113 0.8779928379588192 3.659241762966562 708.7907455747481 561.6785415041668 438.7269541802234 387.563763727434 3.4249080598518233 3.973731401082069 -2031.0294891916135 -0.0023112605281778195 22.47298371899307 -3878.772448841712 -4.119893989622297e-06 0.004800950115854943 0.17279383718712762
-1.4102882721575731 0.7994252461951677 3.827322164496105 702.5354960011318 563.1801241813228 436.9953140360012 388.9302172185853 3.4249080598518233 3.973731401082069 -2031.0294891916135 -0.0023112605281778195 22.47298371899307 -3878.772448841712 -4.119893989622297e-06 0.004800950115854943 0.17279383718712762
-1.4711781557744021 0.7198755595344669 3.7809785592759324 696.1384498917032 564.6899492028751 435.30566609153175 389.7301363395527 3.4249080598518233 3.973731401082069 -2031.0294891916135 -0.0023112605281778195 22.47298371899307 -3878.772448841712 -4.119893989622297e-06 0.004800950115854943 0.17279383718712762
-1.5350143240823744 0.6363974932855849 3.7811798880431526 689.5909711654531 566.2098070957873 433.6480253211921 390.2713417354971 3.4249080598518233 3.973731401082069 -2031.0294891916135 -0.0023112605281778195 22.47298371899307 -3878.772448841712 -4.119893989622297e-06 0.004800950115854943 0.17279383718712762
-1.6017967770814763 0.5509552372426133 3.792669375034281 682.8875445361482 567.7423694097961 432.0131513320375 390.83613296970725 3.4249080598518233 3.973731401082069 -2031.0294891916135 -0.0023112605281778195 22.47298371899307 -3878.772448841712 -4.119893989622297e-06 0.004800950115854943 0.17279383718712762
-1.674471799462856 0.4625666965085052 3.8191307913151613 676.025775511167 569.2911887188384 430.39254836383043 391.6812885198742 3.13603672630474 3.6722504880781512 -1864.4139267874375 -0.0447275559599051 21.84427033619833 -4134.188025972561 -1.8745832338602414e-05 0.004437780197487785 0.1637108724201239
-1.748128916741276 0.3722139659803031 3.814961854561242 669.0063903897535 570.8606986193045 428.77846528892405 393.03806577809155 3.13603672630474 3.6722504880781512 -1864.4139267874375 -0.0447275559599051 21.84427033619833 -4134.188025972561 -1.8745832338602414e-05 0.004437780197487785 0.1637108724201239
-1.8237502238137941 0.2818612354521032 3.828544657774622 661.8332362665096 572.456213731668 427.16389561246615 395.1122010592371 3.13603672630474 3.6722504880781512 -1864.4139267874375 -0.0447275559599051 21.84427033619833 -4134.188025972561 -1.8745832338602414e-05 0.004437780197487785 0.1637108724201239
-1.8993715308863126 0.1915085049239022 3.828544657774622 654.5132810284849 574.0839296996419 425.54257747196243 398.08390959724784 3.13603672630474 3.6722504880781512 -1864.4139267874375 -0.0447275559599051 21.84427033619833 -4134.188025972561 -1.8745832338602414e-05 0.004437780197487785 0.1637108724201239
-1.9730286481647326 0.10213786929274822 3.8204772185071936 647.0566133563407 575.7509231903532 423.9089936380915 402.10788553766906 3.13603672630474 3.6722504880781512 -1864.4139267874375 -0.0447275559599051 21.84427033619833 -4134.188025972561 -1.8745832338602414e-05 0.004437780197487785 0.1637108724201239
-2.041775290957933 0.011785138764548344 3.7796786528586797 639.4764427233022 577.4651518940518 422.2583715140063 407.31330195907503 3.13603672630474 3.6722504880781512 -1864.4139267874375 -0.0447275559599051 21.84427033619833 -4134.188025972561 -1.8745832338602414e-05 0.004437780197487785 0.1637108724201239
-2.0879337511190728 -0.07365711727842436 3.6369038846661543 631.7890993985347 579.2354545246344 420.58668313513044 413.8038108339533 3.13603672630474 3.6722504880781512 -1864.4139267874375 -0.0447275559599051 21.84427033619833 -4134.188025972561 -1.8745832338602414e-05 0.004437780197487785 0.1637108724201239
-2.1360564010743106 -0.16008146821844405 3.649655477837509 624.0140344405081 581.0715508194698 418.89064516997314 421.657543072477 3.13603672630474 3.6722504880781512 -1864.4139267874375 -0.0447275559599051 21.84427033619833 -4134.188025972561 -1.8745832338602414e-05 0.004437780197487785 0.1637108724201239
-2.184179051029549 -0.2465058191584604 3.6496554778375256 616.1738197061932 582.9840415391373 417.1677189198381 430.92710849270225 3.13603672630474 3.6722504880781512 -1864.4139267874375 -0.0447275559599051 21.84427033619833 -4134.188025972561 -1.8745832338602414e-05 0.004437780197487785 0.1637108724201239
-2.235247985675926 -0.332930170098479 3.6753008452290743 608.2941478412831 584.9844084678334 415.41611031850334 441.63959583826363 3.13603672630474 3.6722504880781512 -1864.4139267874375 -0.0447275559599051 21.84427033619833 -4134.188025972561 -1.8745832338602414e-05 0.004437780197487785 0.1637108724201239
-2.2823885407341193 -0.4203366159355412 3.6362038147736024 600.4038322883425 587.0850144127035 413.63476993207587 453.7965727634728 3.13603672630474 3.6722504880781512 -1864.4139267874375 -0.0447275559599051 21.84427033619833 -4134.188025972561 -1.8745832338602414e-05 0.004437780197487785 0.1637108724201239
-2.3373858549686752 -0.5057788719785139 3.7135108534510453 592.5348072812194 589.2991032049467 411.823392959981 467.3740858444944 3.13603672630474 3.6722504880781512 -1864.4139267874375 -0.0447275559599051 21.84427033619833 -4134.188025972561 -1.8745832338602414e-05 0.004437780197487785 0.1637108724201239
-2.4061324977618757 -0.5902390331244407 3.824784098880018 584.7221278476063 591.6407996984781 409.9824192340311 482.32266057189554 3.13603672630474 3.6722504880781512 -1864.4139267874375 -0.0447275559599051 21.84427033619833 -4134.188025972561 -1.8745832338602414e-05 0.004437780197487785 0.1637108724201239
-2.479789615040296 -0.6737170993733217 3.8645720069912537 577.0039698109031 594.125109771092 408.11303321874584 498.56730135250837 3.13603672630474 3.6722504880781512 -1864.4139267874375 -0.0447275559599051 21.84427033619833 -4134.188025972561 -1.8745832338602414e-05 0.004437780197487785 0.1637108724201239
-2.5583572068039437 -0.7562130707251579 3.902605407814489 569.4216297832318 596.7679203242005 406.217164010799 516.0074915243313 3.13603672630474 3.6722504880781512 -1864.4139267874375 -0.0447275559599051 21.84427033619833 -4134.188025972561 -1.8745832338602414e-05 0.004437780197487785 0.1637108724201239
-2.6418352730528247 -0.8357627573858564 3.9510825404121612 562.0195251756813 599.585999281524 404.29748534053215 534.5171933313832 3.13603672630474 3.6722504880781512 -1864.4139267874375 -0.0447275559599051 21.84427033619833 -4134.188025972561 -1.8745832338602414e-05 0.004437780197487785 0.1637108724201239
-2.7243312444046563 -0.9104019695613266 3.9769492127091612 554.8451941875974 602.596995591477 402.3574155702081 553.944847933948 3.13603672630474 3.6722504880781512 -1864.4139267874375 -0.0447275559599051 21.84427033619833 -4134.188025972561 -1.8745832338602414e-05 0.004437780197487785 0.1637108724201239
-2.806827215756497 -0.9820948970456592 3.996940202028058 547.9492958162446 605.8194392250734 400.40111769523355 574.1133754123002 3.13603672630474 3.6722504880781512 -1864.4139267874375 -0.0447275559599051 21.84427033619833 -4134.188025972561 -1.8745832338602414e-05 0.004437780197487785 0.1637108724201239
-2.8942336615935615 -1.0508415398388553 4.045923711300235 541.385609848774 609.2727411769447 398.43349934296566 594.8201747760177 3.13603672630474 3.6722504880781512 -1864.4139267874375 -0.0447275559599051 21.84427033619833 -4134.188025972561 -1.8745832338602414e-05 0.004437780197487785 0.1637108724201239
-2.9796759176365364 -1.1186060877350044 4.041867422404165 539.2262241276912 606.4683352902794 463.28175879028277 548.5241208318621 3.13603672630474 3.6722504880781512 -1864.4139267874375 -0.0447275559599051 21.84427033619833 -4134.188025972561 -1.8745832338602414e-05 0.004437780197487785 0.1637108724201239
-3.0680644583706456 -1.1912811101163838 4.024244015238802 529.7259297377896 612.3542971552379 442.2091833188024 552.8286470584571 3.13603672630474 3.6722504880781512 -1864.4139267874375 -0.0447275559599051 21.84427033619833 -4134.188025972561 -1.8745832338602414e-05 0.004437780197487785 0.1637108724201239
-3.1574350940017997 -1.261991942703673 4.04303156623213 520.9121570698917 617.9119336468575 421.11073921676143 553.4194653779268 3.13603672630474 3.6722504880781512 -1864.4139267874375 -0.0447275559599051 21.84427033619833 -4134.188025972561 -1.8745832338602414e-05 0.004437780197487785 0.1637108724201239
-3.2409131602506807 -1.3268102059086855 4.052160807278584 512.7025923477486 623.1521797641326 400.02646626402566 550.6136349607259 3.13603672630474 3.6722504880781512 -1864.4139267874375 -0.0447275559599051 21.84427033619833 -4134.188025972561 -1.8745832338602414e-05 0.004437780197487785 0.1637108724201239
-3.317516562220239 -1.3906463742166522 4.017650704187978 505.01848974777386 628.0858620474173 378.99729510342877 544.7177579021081 3.13603672630474 3.6722504880781512 -1864.4139267874375 -0.0447275559599051 21.84427033619833 -4134.188025972561 -1.8745832338602414e-05 0.004437780197487785 0.1637108724201239
-3.398048343777986 -1.4515362578334834 4.064996840644773 497.7846714039333 632.7236985786003 358.06504724224214 536.0279792100191 3.13603672630474 3.6722504880781512 -1864.4139267874375 -0.0447275559599051 21.84427033619833 -4134.188025972561 -1.8745832338602414e-05 0.004437780197487785 0.1637108724201239
-3.480544315129822 -1.509479856759177 4.100066848157101 490.92952740495093 637.0762989809882 337.27243505086517 524.8299868162721 3.13603672630474 3.6722504880781512 -1864.4139267874375 -0.0447275559599051 21.84427033619833 -4134.188025972561 -1.8745832338602414e-05 0.004437780197487785 0.1637108724201239
-3.566968666069837 -1.5664413607878258 4.1296494861346975 484.38501579267904 641.154164419393 316.66306176381477 511.39901156630367 3.13603672630474 3.6722504880781512 -1864.4139267874375 -0.0447275559599051 21.84427033619833 -4134.188025972561 -1.8745832338602414e-05 0.004437780197487785 0.1637108724201239
-3.660267681289175 -1.6204565801253359 4.187593208734591 478.08666256978177 644.967687600074 296.2814214793325 495.9998272303492 3.13603672630474 3.6722504880781512 -1864.4139267874375 -0.0447275559599051 21.84427033619833 -4134.188025972561 -1.8745832338602414e-05 0.004437780197487785 0.1637108724201239
-3.7565129811996467 -1.6715255147717105 4.224552541725032 471.9735616883263 648.5271527708101 276.1728991595737 478.8867504969239 3.13603672630474 3.6722504880781512 -1864.4139267874375 -0.0447275559599051 21.84427033619833 -4134.188025972561 -1.8745832338602414e-05 0.004437780197487785 0.1637108724201239
-3.8547224709042123 -1.7206302596239935 4.2487413713838835 465.98837505979463 651.8427357205364 256.38377062989457 460.3036409728229 3.13603672630474 3.6722504880781512 -1864.4139267874375 -0.0447275559599051 21.84427033619833 -4134.188025972561 -1.8745832338602414e-05 0.004437780197487785 0.1637108724201239
-3.955878245299917 -1.7667887197851386 4.284299499995353 460.0773325508926 654.924503780232 236.96120258046722 440.4839011821896 3.13603672630474 3.6722504880781512 -1864.4139267874375 -0.0447275559599051 21.84427033619833 -4134.188025972561 -1.8745832338602414e-05 0.004437780197487785 0.1637108724201239
-4.052123545210393 -1.8168755595344674 4.232548454866368 454.1902319814544 657.7824158218427 217.95325256398064 419.65047656930983 3.13603672630474 3.6722504880781512 -1864.4139267874375 -0.0447275559599051 21.84427033619833 -4134.188025972561 -1.8745832338602414e-05 0.004437780197487785 0.1637108724201239
-4.1395299910474534 -1.8777654431512987 4.1039288731449215 448.2804391286336 660.426322258907 199.40886899785255 398.01585550419986 3.13603672630474 3.6722504880781512 -1864.4139267874375 -0.0447275559599051 21.84427033619833 -4134.188025972561 -1.8745832338602414e-05 0.004437780197487785 0.1637108724201239
-4.226936436884518 -1.9416016114592665 4.081591362418447 442.3048877248075 662.8659650465415 181.3778911626432 375.78206926584244 3.13603672630474 3.6722504880781512 -1864.4139267874375 -0.0447275559599051 21.84427033619833 -4134.188025972561 -1.8745832338602414e-05 0.004437780197487785 0.1637108724201239
-4.302557743957036 -2.0093661593554177 3.9817305970371333 436.224079458043 665.1109776811791 163.91104920320504 353.14069205895066 3.13603672630474 3.6722504880781512 -1864.4139267874375 -0.0447275559599051 21.84427033619833 -4134.188025972561 -1.8745832338602414e-05 0.004437780197487785 0.1637108724201239
-4.368358102059089 -2.0800769919427045 3.891035096666599 430.0020839702338 667.1708852008014 147.0599641278095 330.2728410065174 3.13603672630474 3.6722504880781512 -1864.4139267874375 -0.0447275559599051 21.84427033619833 -4134.188025972561 -1.8745832338602414e-05 0.004437780197487785 0.1637108724201239
-4.421391226499555 -2.1498057296329462 3.7918201183382387 423.606538860593 669.0551041848375 130.87714780855458 307.34917615167797 3.13603672630474 3.6722504880781512 -1864.4139267874375 -0.0447275559599051 21.84427033619833 -4134.188025972561 -1.8745832338602414e-05 0.004437780197487785 0.1637108724201239
-4.460675022381381 -2.2214986571172792 3.642856918461378 417.00864968425594 670.7729427542799 115.41600298156845 284.5299004521221 3.13603672630474 3.6722504880781512 -1864.4139267874375 -0.0447275559599051 21.84427033619833 -4134.188025972561 -1.8745832338602414e-05 0.004437780197487785 0.1637108724201239
-4.489155774395711 -2.296137869292749 3.506118655996789 410.18318994739093 672.33360057135 100.73082324623829 261.96475978847593 3.13603672630474 3.6722504880781512 -1864.4139267874375 -0.0447275559599051 21.84427033619833 -4134.188025972561 -1.8745832338602414e-05 0.004437780197487785 0.1637108724201239
-4.510761862130714 -2.3717591763652655 3.419892312594881 403.10850111814216 673.7461688398762 86.87679306609789 239.79304296150804 3.13603672630474 3.6722504880781512 -1864.4139267874375 -0.0447275559599051 21.84427033619833 -4134.188025972561 -1.8745832338602414e-05 0.004437780197487785 0.1637108724201239
-4.523529095792305 -2.4454162936436887 3.31322072197064 395.76649261568673 675.0196303052217 73.90998776827473 218.14358168840408 3.13603672630474 3.6722504880781512 -1864.4139267874375 -0.0447275559599051 21.84427033619833 -4134.188025972561 -1.8745832338602414e-05 0.004437780197487785 0.1637108724201239
-4.529421665174573 -2.514162936436886 3.2553846607334607 388.14264181558974 676.162859254051 61.88737354398472 197.1347506083548 3.13603672630474 3.6722504880781512 -1864.4139267874375 -0.0447275559599051 21.84427033619833 -4134.188025972561 -1.8745832338602414e-05 0.004437780197487785 0.1637108724201239
-4.5353142345568465 -2.574070725156671 3.271995961478955 380.2259940493386 677.1846215145924 50.86680744760088 176.87446727976203 3.13603672630474 3.6722504880781512 -1864.4139267874375 -0.0447275559599051 21.84427033619833 -4134.188025972561 -1.8745832338602414e-05 0.004437780197487785 0.1637108724201239
-4.53924261414503 -2.6290680393912274 3.2483283262389944 372.0091626041103 678.0935744565795 40.90703739816672 157.46019217837602 3.13603672630474 3.6722504880781512 -1864.4139267874375 -0.0447275559599051 21.84427033619833 -4134.188025972561 -1.8745832338602414e-05 0.004437780197487785 0.1637108724201239
-4.537278424350945 -2.6909400179051044 3.141592653589865 363.4883287223056 678.8982669910038 32.067702177373576 138.97892869915813 3.13603672630474 3.6722504880781512 -1864.4139267874375 -0.0447275559599051 21.84427033619833 -4134.188025972561 -1.8745832338602414e-05 0.004437780197487785 0.1637108724201239
-4.530403760071618 -2.7636150402864827 3.074127629067827 354.6632415992208 679.607139570624 24.409331431656028 121.50722315628082 3.1600772117325597 3.669700950772281 -1873.8890698248554 -4.105989895212453e-15 21.774402062312834 -4125.659824148066 -1.5242568569875695e-18 0.004420618931262308 0.1624123651990628
-4.5274574753804835 -2.8480752014324087 3.12996527063342 345.5372183918953 680.228524189457 17.993345670445706 105.11116478871554 3.1600772117325597 3.669700950772281 -1873.8890698248554 -4.105989895212453e-15 21.774402062312834 -4125.659824148066 -1.5242568569875695e-18 0.004420618931262308 0.1624123651990628
-4.526475380483435 -2.9364637421665187 3.15270330748739 336.1171442044433 680.770644382952 12.882056267699227 89.84638574440032 3.1600772117325597 3.669700950772281 -1873.8890698248554 -4.105989895212453e-15 21.774402062312834 -4125.659824148066 -1.5242568569875695e-18 0.004420618931262308 0.1624123651990628
-4.52549328558639 -3.024852282900627 3.1527033074873905 326.4134721038863 681.2416152281221 9.138665460559423 75.75806110072881 3.1600772117325597 3.669700950772281 -1873.8890698248554 -4.105989895212453e-15 21.774402062312834 -4125.659824148066 -1.5242568569875695e-18 0.004420618931262308 0.1624123651990628
-4.52451119068934 -3.113240823634737 3.15270330748739 316.4402231099084 681.6494433435291 6.827266350373975 62.88090884592384 3.1600772117325597 3.669700950772281 -1873.8890698248554 -4.105989895212453e-15 21.774402062312834 -4125.659824148066 -1.5242568569875695e-18 0.004420618931262308 0.1624123651990628
-4.526475380483435 -3.2006472694718004 3.1865062490595926 306.2149861950893 682.0020268889639 6.012842901574913 51.23918989300728 3.1600772117325597 3.669700950772281 -1873.8890698248554 -4.105989895212453e-15 21.774402062312834 -4125.659824148066 -1.5242568569875695e-18 0.004420618931262308 0.1624123651990628
-4.532367949865708 -3.2910000000000017 3.2067178169241686 295.7589182923548 682.3071555659262 6.76126994335209 40.8467080751434 3.1600772117325597 3.669700950772281 -1873.8890698248554 -4.105989895212453e-15 21.774402062312834 -4125.659824148066 -1.5242568569875695e-18 0.004420618931262308 0.1624123651990628
-4.532367949865708 -3.3980483437779783 3.141592653589793 285.09674428519793 682.5725106171158 9.139313167674118 31.706810135394335 3.1600772117325597 3.669700950772281 -1873.8890698248554 -4.105989895212453e-15 21.774402062312834 -4125.659824148066 -1.5242568569875695e-18 0.004420618931262308 0.1624123651990628
-4.54120680393912 -3.503132497761863 3.225507280528993 274.2567570179235 682.8056648268685 13.214629130801768 23.812385754659772 3.1600772117325597 3.669700950772281 -1873.8890698248554 -4.105989895212453e-15 21.774402062312834 -4125.659824148066 -1.5242568569875695e-18 0.004420618931262308 0.1624123651990628
-4.5510277529095715 -3.612145031333931 3.23144019328438 263.2708172830753 683.0140825210692 19.055765252633137 17.14586751163006 3.1600772117325597 3.669700950772281 -1873.8890698248554 -4.105989895212453e-15 21.774402062312834 -4125.659824148066 -1.5242568569875695e-18 0.004420618931262308 0.1624123651990628
-4.561830796777078 -3.720175470008954 3.2412613060809874 252.17435383656994 683.205119566861 26.732159817256615 11.679230918176472 3.1600772117325597 3.669700950772281 -1873.8890698248554 -4.105989895212453e-15 21.774402062312834 -4125.659824148066 -1.5242568569875695e-18 0.004420618931262308 0.1624123651990628
-4.570669650850485 -3.8282059086839757 3.2232289957188307 241.00636338372715 683.386023372921 36.31414197200502 7.373994395136833 3.1600772117325597 3.669700950772281 -1873.8890698248554 -4.105989895212453e-15 21.774402062312834 -4125.659824148066 -1.5242568569875695e-18 0.004420618931262308 0.1624123651990628
-4.579508504923901 -3.9372184422560434 3.2224967527450725 229.80941058904864 683.5639328894176 47.872931727790274 4.1812192955985665 3.1600772117325597 3.669700950772281 -1873.8890698248554 -4.105989895212453e-15 21.774402062312834 -4125.659824148066 -1.5242568569875695e-18 0.004420618931262308 0.1624123651990628
-4.588347358997308 -4.048195165622204 3.221070898197967 218.6296280703973 683.7458786080824 61.480639959991095 2.041509887203574 3.1600772117325597 3.669700950772281 -1873.8890698248554 -4.105989895212453e-15 21.774402062312834 -4125.659824148066 -1.5242568569875695e-18 0.004420618931262308 0.1624123651990628
-4.5952220232766265 -4.161136078782454 3.202387209464566 207.51671640272252 683.938782561876 77.21026840695413 0.8850133437663317 3.1600772117325597 3.669700950772281 -1873.8890698248554 -4.105989895212453e-15 21.774402062312834 -4125.659824148066 -1.5242568569875695e-18 0.004420618931262308 0.1624123651990628
-4.605042972247092 -4.284880035810207 3.2207917245593163 196.52394411340356 684.1494583254098 95.13570967169653 0.6314197815954685 3.1600772117325597 3.669700950772281 -1873.8890698248554 -4.105989895212453e-15 21.774402062312834 -4125.659824148066 -1.5242568569875695e-18 0.004420618931262308 0.1624123651990628
-4.615846016114593 -4.412552372426142 3.2260069592653196 185.70814768900163 684.3846110146696 115.33174722040712 1.1899622129276395 3.1600772117325597 3.669700950772281 -1873.8890698248554 -4.105989895212453e-15 21.774402062312834 -4125.659824148066 -1.5242568569875695e-18 0.004420618931262308 0.1624123651990628
-4.630577439570278 -4.529421665174575 3.2669817739313096 175.1297315703705 684.6508372871904 137.87405538317398 2.4594165915623307 3.1600772117325597 3.669700950772281 -1873.8890698248554 -4.105989895212453e-15 21.774402062312834 -4125.659824148066 -1.5242568569875695e-18 0.004420618931262308 0.1624123651990628
-4.636470008952551 -4.649237242614146 3.190733388005806 164.85266815172508 684.9546253417648 162.83919935385347 4.328101774677634 3.1600772117325597 3.669700950772281 -1873.8890698248554 -4.105989895212453e-15 21.774402062312834 -4125.659824148066 -1.5242568569875695e-18 0.004420618931262308 0.1624123651990628
-4.651201432408231 -4.751375111906895 3.2848356024014365 154.94449778669514 685.3023549189966 190.30463518985198 6.673879540525377 3.1600772117325597 3.669700950772281 -1873.8890698248554 -4.105989895212453e-15 21.774402062312834 -4125.659824148066 -1.5242568569875695e-18 0.004420618931262308 0.1624123651990628
-4.671825425246194 -4.836817367949867 3.378441414536753 145.4763287799433 685.7002973006165 220.34870981272252 9.36415459215641 3.1600772117325597 3.669700950772281 -1873.8890698248554 -4.105989895212453e-15 21.774402062312834 -4125.659824148066 -1.5242568569875695e-18 0.004420618931262308 0.1624123651990628
-4.692449418084152 -4.909492390331246 3.4181066002072544 136.52283739414997 686.1546153099916 253.05066100753902 12.25587454997003 3.1600772117325597 3.669700950772281 -1873.8890698248554 -4.105989895212453e-15 21.774402062312834 -4125.659824148066 -1.5242568569875695e-18 0.004420618931262308 0.1624123651990628
-4.713073410922109 -4.971364368845122 3.4633432079864215 128.16226784721948 686.6713633119361 288.49061742349295 15.195529950782657 3.1600772117325597 3.669700950772281 -1873.8890698248554 -4.105989895212453e-15 21.774402062312834 -4125.659824148066 -1.5242568569875695e-18 0.004420618931262308 0.1624123651990628
-4.733697403760067 -5.023415398388543 3.5188417132321366 120.47643231227994 687.2564872127114 326.74959857303475 18.019154253415763 3.1600772117325597 3.669700950772281 -1873.8890698248554 -4.105989895212453e-15 21.774402062312834 -4125.659824148066 -1.5242568569875695e-18 0.004420618931262308 0.1624123651990628
-4.7543213965980256 -5.070555953446735 3.5540030951871637 113.55071091791615 687.9158244600985 367.90951483255776 20.552323831245303 3.1600772117325597 3.669700950772281 -1873.8890698248554 -4.105989895212453e-15 21.774402062312834 -4125.659824148066 -1.5242568569875695e-18 0.004420618931262308 0.1624123651990628
-4.767088630259616 -5.103947179946287 3.5067941033778927 107.47405174770392 688.6551040430204 412.05316744252923 22.610157990828156 3.1600772117325597 3.669700950772281 -1873.8890698248554 -4.105989895212453e-15 21.774402062312834 -4125.659824148066 -1.5242568569875695e-18 0.004420618931262308 0.1624123651990628
-4.774945389435984 -5.1314458370635645 3.4198923125949685 102.33897084114142 689.4799464924727 459.264248506719 23.99731893837452 3.1600772117325597 3.669700950772281 -1873.8890698248554 -4.105989895212453e-15 21.774402062312834 -4125.659824148066 -1.5242568569875695e-18 0.004420618931262308 0.1624123651990628
-4.78280214861235 -5.151087735004478 3.522099030702236 98.24155219574459 690.3958638803597 509.627340992738 24.50801181793213 3.1600772117325597 3.669700950772281 -1873.8890698248554 -4.105989895212453e-15 21.774402062312834 -4125.659824148066 -1.5242568569875695e-18 0.004420618931262308 0.1624123651990628
-4.790658907788718 -5.165819158460162 3.6315499798436157 95.2814477570355 691.4082598202949 563.2279187325039 23.92598468065262 3.1600772117325597 3.669700950772281 -1873.8890698248554 -4.105989895212453e-15 21.774402062312834 -4125.659824148066 -1.5242568569875695e-18 0.004420618931262308 0.1624123651990628
-4.794587287376901 -5.180550581915849 3.402195045337181 93.56187743414193 692.5224294673244 620.152346421004 22.024528495036066 3.1600772117325597 3.669700950772281 -1873.8890698248554 -4.105989895212453e-15 21.774402062312834 -4125.659824148066 -1.5242568569875695e-18 0.004420618931262308 0.1624123651990628
-4.796551477170991 -5.199210384959715 3.2464695923199334 93.18962908908725 693.7435595179704 680.487879617649 18.56647715996951 3.1600772117325597 3.669700950772281 -1873.8890698248554 -4.105989895212453e-15 21.774402062312834 -4125.659824148066 -1.5242568569875695e-18 0.004420618931262308 0.1624123651990628
-4.798515666965084 -5.222780662488811 3.22473388547835 94.27505853609182 695.0767282102606 744.3226647449483 13.304207487031817 3.1600772117325597 3.669700950772281 -1873.8890698248554 -4.105989895212453e-15 21.774402062312834 -4125.659824148066 -1.5242568569875695e-18 0.004420618931262308 0.1624123651990628
-4.800479856759174 -5.2542076991942706 3.2040114635856938 96.93208954809234 696.5269053235097 811.7457390894997 5.979639206081629 3.1600772117325597 3.669700950772281 -1873.8890698248554 -4.105989895212453e-15 21.774402062312834 -4125.659824148066 -1.5242568569875695e-18 0.004420618931262308 0.1624123651990628
-4.800479856759178 -5.2925094001790525 3.1415926535899095 101.27821385464631 698.0989521785814 882.8470308019314 -3.675765033811331 3.1600772117325597 3.669700950772281 -1873.8890698248554 -4.105989895212453e-15 21.774402062312834 -4125.659824148066 -1.5242568569875695e-18 0.004420618931262308 0.1624123651990628
