56 -4.994934646374207 -0.05794359892569472 3.50488487163487 -4.949758281110117 0.24454162936436863
-4.994934646374207 -0.05794359892569472 3.50488487163487 621.5213569998741 691.790772497654 537.2641466856003 97.46119818091393 3.097697189367842 3.634784983178693 -1829.390709293254 -0.08824304778840988 21.63766227988796 -4040.2741257843372 -3.698367468080892e-05 0.004390627295839621 0.1872168257022383
-4.992970456580117 -0.0589256938227406 3.393768440974617 628.2436674535275 700.3573965132236 551.5207785367966 115.97069323062897 3.097697189367842 3.634784983178693 -1829.390709293254 -0.08824304778840988 21.63766227988796 -4040.2741257843372 -3.698367468080892e-05 0.004390627295839621 0.1872168257022383
-4.991006266786028 -0.05794359892569472 3.2826520103143637 633.3029283583164 706.4707623124123 562.617308974266 134.0435026884079 3.097697189367842 3.634784983178693 -1829.390709293254 -0.08824304778840988 21.63766227988796 -4040.2741257843372 -3.698367468080892e-05 0.004390627295839621 0.1872168257022383
-4.989042076991939 -0.056961504028648836 3.1715355796541105 636.8731746673584 710.3879810869694 570.9494078755379 151.70783850550652 3.097697189367842 3.634784983178693 -1829.390709293254 -0.08824304778840988 21.63766227988796 -4040.2741257843372 -3.698367468080892e-05 0.004390627295839621 0.1872168257022383
-4.989042076991939 -0.05597940913160296 3.0604191489938573 639.1212528049946 712.3555750846863 576.8914368152618 168.988033503294 3.097697189367842 3.634784983178693 -1829.390709293254 -0.08824304778840988 21.63766227988796 -4040.2741257843372 -3.698367468080892e-05 0.004390627295839621 0.1872168257022383
-4.989042076991939 -0.054997314234557074 2.949302718333604 640.2068200707436 712.6094780862331 580.7964455485344 185.90454126894474 3.097697189367842 3.634784983178693 -1829.390709293254 -0.08824304778840988 21.63766227988796 -4040.2741257843372 -3.698367468080892e-05 0.004390627295839621 0.1872168257022383
-4.989042076991939 -0.054015219337511196 2.838186287673351 640.2823454141617 711.3750354349613 582.9961746931076 202.47393608093262 3.097697189367842 3.634784983178693 -1829.390709293254 -0.08824304778840988 21.63766227988796 -4040.2741257843372 -3.698367468080892e-05 0.004390627295839621 0.1872168257022383
-4.989042076991939 -0.05303312444046531 2.727069857013097 639.4931086301804 708.8670038878918 583.8010556697845 218.70891284942627 3.097697189367842 3.634784983178693 -1829.390709293254 -0.08824304778840988 21.63766227988796 -4040.2741257843372 -3.698367468080892e-05 0.004390627295839621 0.1872168257022383
-4.989042076991939 -0.05205102954341943 2.615953426352844 637.9772009253502 705.2895520031452 583.5002090930939 234.618287473917 3.097697189367842 3.634784983178693 -1829.390709293254 -0.08824304778840988 21.63766227988796 -4040.2741257843372 -3.698367468080892e-05 0.004390627295839621 0.1872168257022383
-4.989042076991939 -0.05106893464637355 2.504836995692591 635.865524828434 700.8362593948841 582.3614460229874 250.20699635148048 3.097697189367842 3.634784983178693 -1829.390709293254 -0.08824304778840988 21.63766227988796 -4040.2741257843372 -3.698367468080892e-05 0.004390627295839621 0.1872168257022383
-4.989042076991939 -0.05008683974932767 2.393720565032338 633.2817937731743 695.6901177465916 580.6312675476074 265.4760967195034 3.097697189367842 3.634784983178693 -1829.390709293254 -0.08824304778840988 21.63766227988796 -4040.2741257843372 -3.698367468080892e-05 0.004390627295839621 0.1872168257022383
-4.989042076991939 -0.0491047448522829 2.282604134372084 630.342532902956 690.0235297977924 578.5348642468452 280.4227666705847 3.097697189367842 3.634784983178693 -1829.390709293254 -0.08824304778840988 21.63766227988796 -4040.2741257843372 -3.698367468080892e-05 0.004390627295839621 0.1872168257022383
-4.989042076991939 -0.05008683974932879 2.171487703711831 627.1570780575275 683.9983098208904 576.2761178612709 295.04030479490757 3.097697189367842 3.634784983178693 -1829.390709293254 -0.08824304778840988 21.63766227988796 -4040.2741257843372 -3.698367468080892e-05 0.004390627295839621 0.1872168257022383
-4.989042076991939 -0.051068934646374665 2.0603712730515777 623.8275766968727 677.7656839489937 574.0375995635986 309.3181306272745 3.097697189367842 3.634784983178693 -1829.390709293254 -0.08824304778840988 21.63766227988796 -4040.2741257843372 -3.698367468080892e-05 0.004390627295839621 0.1872168257022383
-4.803426141450313 -0.07267502238137959 1.949254842391325 620.4489873349667 671.4662893116474 571.9805707335472 323.2417843490839 3.097697189367842 3.634784983178693 -1829.390709293254 -0.08824304778840988 21.63766227988796 -4040.2741257843372 -3.698367468080892e-05 0.004390627295839621 0.1872168257022383
-4.552009847806625 -0.1070483437779765 1.8381384117310713 617.1090797185898 665.2301750481129 570.2449825406075 336.79292695224285 3.097697189367842 3.634784983178693 -1829.390709293254 -0.08824304778840988 21.63766227988796 -4040.2741257843372 -3.698367468080892e-05 0.004390627295839621 0.1872168257022383
-4.283897940913163 -0.1492784243509416 1.727021981070818 613.8884348869324 659.1768014431 568.9494771361351 349.94934000074863 3.097697189367842 3.634784983178693 -1829.390709293254 -0.08824304778840988 21.63766227988796 -4040.2741257843372 -3.698367468080892e-05 0.004390627295839621 0.1872168257022383
-4.02167860340197 -0.19543688451208685 1.7450411754017972 610.860445022583 653.4150403738022 568.1913853883743 362.6849260032177 3.097697189367842 3.634784983178693 -1829.390709293254 -0.08824304778840988 21.63766227988796 -4040.2741257843372 -3.698367468080892e-05 0.004390627295839621 0.1872168257022383
-3.7732085944494167 -0.24159534467323213 1.754473235137581 608.0913136005402 648.0431753098965 568.0467291474342 374.96970811486244 3.097697189367842 3.634784983178693 -1829.390709293254 -0.08824304778840988 21.63766227988796 -4040.2741257843372 -3.698367468080892e-05 0.004390627295839621 0.1872168257022383
-3.5355416293643693 -0.28677170993733375 1.758638037207187 605.6400553286076 643.1489011645317 568.5702205300331 386.7698302268982 3.097697189367842 3.634784983178693 -1829.390709293254 -0.08824304778840988 21.63766227988796 -4040.2741257843372 -3.698367468080892e-05 0.004390627295839621 0.1872168257022383
-3.311623992837957 -0.3319480752014331 1.7698782256870766 603.5584959685802 638.8093242943287 569.7952611446381 398.04755695164204 3.097697189367842 3.634784983178693 -1829.390709293254 -0.08824304778840988 21.63766227988796 -4040.2741257843372 -3.698367468080892e-05 0.004390627295839621 0.1872168257022383
-3.0975273052820067 -0.37614234556848775 1.774359209331488 601.8912729918957 635.0909630060196 571.7339429855347 408.7612737119198 3.097697189367842 3.634784983178693 -1829.390709293254 -0.08824304778840988 21.63766227988796 -4040.2741257843372 -3.698367468080892e-05 0.004390627295839621 0.1872168257022383
-2.8912873769024183 -0.42033661593554233 1.7818896600176433 600.6758343577385 632.0497463643551 574.3770478963852 418.8654866218567 3.097697189367842 3.634784983178693 -1829.390709293254 -0.08824304778840988 21.63766227988796 -4040.2741257843372 -3.698367468080892e-05 0.004390627295839621 0.1872168257022383
-2.6978146821844255 -0.4664950760966887 1.8049969641735208 599.9424397647381 629.7310154139996 577.6940479278564 428.31082251667976 3.097697189367842 3.634784983178693 -1829.390709293254 -0.08824304778840988 21.63766227988796 -4040.2741257843372 -3.698367468080892e-05 0.004390627295839621 0.1872168257022383
-2.6958504923903313 -0.4930116383169197 3.0676536159317473 599.714160233736 628.1695225536823 581.6331053376198 437.0440290272236 3.097697189367842 3.634784983178693 -1829.390709293254 -0.08824304778840988 21.63766227988796 -4040.2741257843372 -3.698367468080892e-05 0.004390627295839621 0.1872168257022383
-2.7596866606982946 -0.5097072515666975 4.456580415769277 600.0068776011467 627.3894320130348 586.1210723519325 445.0079745054245 3.097697189367842 3.634784983178693 -1829.390709293254 -0.08824304778840988 21.63766227988796 -4040.2741257843372 -3.698367468080892e-05 0.004390627295839621 0.1872168257022383
-2.8392363473589968 -0.5214923903312446 4.565310624996302 600.8292852044106 627.4043188393116 591.0634914040565 452.14164803922176 3.097697189367842 3.634784983178693 -1829.390709293254 -0.08824304778840988 21.63766227988796 -4040.2741257843372 -3.698367468080892e-05 0.004390627295839621 0.1872168257022383
-2.918786034019694 -0.5322954341987483 4.577412230530748 602.182887583971 628.2171705365181 596.3445944190025 458.3801593929529 3.097697189367842 3.634784983178693 -1829.390709293254 -0.08824304778840988 21.63766227988796 -4040.2741257843372 -3.698367468080892e-05 0.004390627295839621 0.1872168257022383
-2.9845863921217513 -0.547026857654432 4.492140256994011 604.0620002746582 629.820385158062 601.8273047804832 463.65473921597004 3.097697189367842 3.634784983178693 -1829.390709293254 -0.08824304778840988 21.63766227988796 -4040.2741257843372 -3.698367468080892e-05 0.004390627295839621 0.1872168257022383
-3.1868979409131515 -0.5116714413607881 4.885399131061858 606.4537505209446 632.1957729160786 607.3532341122627 467.8927387148142 3.097697189367842 3.634784983178693 -1829.390709293254 -0.08824304778840988 21.63766227988796 -4040.2741257843372 -3.698367468080892e-05 0.004390627295839621 0.1872168257022383
-3.4186723366159306 -0.44783527305282034 4.981149085903407 609.3380761742592 635.3145552873611 612.7426851987839 471.0176299959421 3.097697189367842 3.634784983178693 -1829.390709293254 -0.08824304778840988 21.63766227988796 -4040.2741257843372 -3.698367468080892e-05 0.004390627295839621 0.1872168257022383
-3.65142882721575 -0.3702497761862135 5.034139534781334 612.6877267956734 639.1373651325703 617.7946512699127 472.9490058720112 3.097697189367842 3.634784983178693 -1829.390709293254 -0.08824304778840988 21.63766227988796 -4040.2741257843372 -3.698367468080892e-05 0.004390627295839621 0.1872168257022383
-3.8802569382273897 -0.28480752014324084 5.069747886887297 616.4682629704475 643.6142470538616 622.2868144512177 473.60257978737354 3.097697189367842 3.634784983178693 -1829.390709293254 -0.08824304778840988 21.63766227988796 -4040.2741257843372 -3.698367468080892e-05 0.004390627295839621 0.1872168257022383
-4.094353625783345 -0.19543688451208574 5.107831353655678 620.6380566060543 648.6846570372581 625.9755482077599 472.8901860564947 3.097697189367842 3.634784983178693 -1829.390709293254 -0.08824304778840988 21.63766227988796 -4040.2741257843372 -3.698367468080892e-05 0.004390627295839621 0.1872168257022383
-4.295683079677705 -0.10704834377797763 5.131976945482322 625.1482907831669 654.277462720871 628.5959151387215 470.7197796702385 3.097697189367842 3.634784983178693 -1829.390709293254 -0.08824304778840988 21.63766227988796 -4040.2741257843372 -3.698367468080892e-05 0.004390627295839621 0.1872168257022383
-4.493084153983881 -0.016695613249777752 5.147646653242826 629.9429597854614 660.3109431266785 629.8616684675217 466.99543641507626 3.097697189367842 3.634784983178693 -1829.390709293254 -0.08824304778840988 21.63766227988796 -4040.2741257843372 -3.698367468080892e-05 0.004390627295839621 0.1872168257022383
-4.689503133393013 0.07365711727842324 5.149566195148258 634.9588691592216 666.6927885711193 629.4652509689331 461.617352694273 3.097697189367842 3.634784983178693 -1829.390709293254 -0.08824304778840988 21.63766227988796 -4040.2741257843372 -3.698367468080892e-05 0.004390627295839621 0.1872168257022383
-4.878065353625778 0.16499194270367012 5.169734151824208 640.1256355941296 673.3201010525227 627.0777959227562 454.4818458110094 3.097697189367842 3.634784983178693 -1829.390709293254 -0.08824304778840988 21.63766227988796 -4040.2741257843372 -3.698367468080892e-05 0.004390627295839621 0.1872168257022383
-5.064663384064453 0.2592730528200524 5.121612540465674 645.3656871020794 680.079394698143 622.3491271138191 445.48135364055634 3.121949658425486 3.6515990615535543 -1845.1489101149689 -0.04398653122512887 21.65235878066282 -4058.437191877561 -1.84352603625854e-05 0.004397707811261338 0.17923421676686233
-5.101982990152194 0.30248522829006225 5.073490929107139 650.5942630469799 686.8465939462185 614.9077572822571 434.50443501770496 3.121949658425486 3.6515990615535543 -1845.1489101149689 -0.04398653122512887 21.65235878066282 -4058.437191877561 -1.84352603625854e-05 0.004397707811261338 0.17923421676686233
-5.0941262309758315 0.3162345568487012 5.025369317748605 655.7194136679173 693.4870355129242 604.360889852047 421.4357692748308 3.121949658425486 3.6515990615535543 -1845.1489101149689 -0.04398653122512887 21.65235878066282 -4058.437191877561 -1.84352603625854e-05 0.004397707811261338 0.17923421676686233
-5.075466427931958 0.31525246195165535 4.97724770639007 660.6420007050037 699.8554676771164 590.2944186925888 406.15615667402744 3.121949658425486 3.6515990615535543 -1845.1489101149689 -0.04398653122512887 21.65235878066282 -4058.437191877561 -1.84352603625854e-05 0.004397707811261338 0.17923421676686233
-5.052878245299906 0.30739570277529055 4.929126095031536 665.2556969821453 705.7960498034954 572.2729270458221 388.54251807928085 3.121949658425486 3.6515990615535543 -1845.1489101149689 -0.04398653122512887 21.65235878066282 -4058.437191877561 -1.84352603625854e-05 0.004397707811261338 0.17923421676686233
-5.032254252461944 0.29757475380483284 4.881004483673001 669.4469867050648 711.1423528492451 549.8396887779236 368.4678951948881 3.121949658425486 3.6515990615535543 -1845.1489101149689 -0.04398653122512887 21.65235878066282 -4058.437191877561 -1.84352603625854e-05 0.004397707811261338 0.17923421676686233
-5.018504923903304 0.28971799462846803 4.832882872314466 673.0951653122902 715.7173598110676 522.516667664051 345.8014504313469 3.121949658425486 3.6515990615535543 -1845.1489101149689 -0.04398653122512887 21.65235878066282 -4058.437191877561 -1.84352603625854e-05 0.004397707811261338 0.17923421676686233
-5.008683974932847 0.2828433303491491 4.784761260955931 676.0723392367363 719.333464473486 489.80451768636703 320.4084669202566 3.121949658425486 3.6515990615535543 -1845.1489101149689 -0.04398653122512887 21.65235878066282 -4058.437191877561 -1.84352603625854e-05 0.004397707811261338 0.17923421676686233
-4.9988630259623905 0.2789149507609667 4.736639649597397 678.2434262633324 721.7924724817276 451.1825820207596 292.1503485739231 3.121949658425486 3.6515990615535543 -1845.1489101149689 -0.04398653122512887 21.65235878066282 -4058.437191877561 -1.84352603625854e-05 0.004397707811261338 0.17923421676686233
-4.991006266786028 0.27695076096687493 4.688518038238862 679.4661554396152 722.8856009840965 406.10889542102814 260.8846200108528 3.121949658425486 3.6515990615535543 -1845.1489101149689 -0.04398653122512887 21.65235878066282 -4058.437191877561 -1.84352603625854e-05 0.004397707811261338 0.17923421676686233
-4.983149507609661 0.27498657117278313 4.6403964268803275 679.5910669863224 722.3934785723686 354.02018135786057 226.46492655575275 3.121949658425486 3.6515990615535543 -1845.1489101149689 -0.04398653122512887 21.65235878066282 -4058.437191877561 -1.84352603625854e-05 0.004397707811261338 0.17923421676686233
-4.979221128021487 0.27204028648164663 4.592274815521793 678.4615126550198 720.0861452817917 294.33185464143753 188.74103435873985 3.121949658425486 3.6515990615535543 -1845.1489101149689 -0.04398653122512887 21.65235878066282 -4058.437191877561 -1.84352603625854e-05 0.004397707811261338 0.17923421676686233
-4.977256938227392 0.27007609668755483 4.544153204163258 675.9136548042297 715.723052829504 226.43801897764206 147.55883026123047 3.121949658425486 3.6515990615535543 -1845.1489101149689 -0.04398653122512887 21.65235878066282 -4058.437191877561 -1.84352603625854e-05 0.004397707811261338 0.17923421676686233
-4.9733285586392135 0.2681119068934631 4.496031592804724 671.7764675319195 709.0530642867088 149.71146857738495 102.76032182574272 3.121949658425486 3.6515990615535543 -1845.1489101149689 -0.04398653122512887 21.65235878066282 -4058.437191877561 -1.84352603625854e-05 0.004397707811261338 0.17923421676686233
-4.969400179051026 0.2651656222023266 4.447909981446189 665.8717359304428 699.8144543766975 63.50368821620941 54.18363744020462 3.121949658425486 3.6515990615535543 -1845.1489101149689 -0.04398653122512887 21.65235878066282 -4058.437191877561 -1.84352603625854e-05 0.004397707811261338 0.17923421676686233
-4.965471799462846 0.26123724261414416 4.399788370087655 658.0140564143658 687.7349092066288 -32.85514807701111 1.6630261838436127 3.121949658425486 3.6515990615535543 -1845.1489101149689 -0.04398653122512887 21.65235878066282 -4058.437191877561 -1.84352603625854e-05 0.004397707811261338 0.17923421676686233
-4.959579230080569 0.25632676812891586 4.35166675872912 648.0108367502689 672.5315260887146 -140.05617529153824 -54.97114226222038 3.121949658425486 3.6515990615535543 -1845.1489101149689 -0.04398653122512887 21.65235878066282 -4058.437191877561 -1.84352603625854e-05 0.004397707811261338 0.17923421676686233
-4.953686660698291 0.2504341987466417 4.303545147370586 635.662295550108 653.9108147919178 -258.81183928251266 -115.89237722754478 3.121949658425486 3.6515990615535543 -1845.1489101149689 -0.04398653122512887 21.65235878066282 -4058.437191877561 -1.84352603625854e-05 0.004397707811261338 0.17923421676686233
-4.949758281110117 0.24454162936436863 4.255423536012051 638.2695587538183 694.9774092026637 647.1999584436417 631.5403977781534 3.121949658425486 3.6515990615535543 -1845.1489101149689 -0.04398653122512887 21.65235878066282 -4058.437191877561 -1.84352603625854e-05 0.004397707811261338 0.17923421676686233
-4.945829901521933 0.23864905998209335 4.207301924653516 644.9981682226062 696.255118704983 608.161991238594 572.2412910759449 3.121949658425486 3.6515990615535543 -1845.1489101149689 -0.04398653122512887 21.65235878066282 -4058.437191877561 -1.84352603625854e-05 0.004397707811261338 0.17923421676686233
-4.943865711727839 0.2327564905998203 4.159180313294982 650.8540777415037 697.426122973382 574.2374613285065 517.6584342420101 3.121949658425486 3.6515990615535543 -1845.1489101149689 -0.04398653122512887 21.65235878066282 -4058.437191877561 -1.84352603625854e-05 0.004397707811261338 0.17923421676686233
-4.939937332139656 0.22784601611459201 4.111058701936447 655.8891555443406 698.4926908736234 545.1059929728508 467.56977392733097 3.121949658425486 3.6515990615535543 -1845.1489101149689 -0.04398653122512887 21.65235878066282 -4058.437191877561 -1.84352603625854e-05 0.004397707811261338 0.17923421676686233
-4.936008952551477 0.2219534467323167 4.062937090577912 660.154017765075 699.4570881962427 520.4554488062859 421.75802969932556 3.121949658425486 3.6515990615535543 -1845.1489101149689 -0.04398653122512887 21.65235878066282 -4058.437191877561 -1.84352603625854e-05 0.004397707811261338 0.17923421676686233
-4.934044762757383 0.21606087735004367 4.0148154792193775 663.6980283968151 700.3215776550351 499.9819284379482 380.0106936991215 3.121949658425486 3.6515990615535543 -1845.1489101149689 -0.04398653122512887 21.65235878066282 -4058.437191877561 -1.84352603625854e-05 0.004397707811261338 0.17923421676686233
-4.934044762757378 0.2101683079677695 3.966693867860843 666.569299403578 701.088418887346 483.3897694647312 342.12003068625927 3.121949658425486 3.6515990615535543 -1845.1489101149689 -0.04398653122512887 21.65235878066282 -4058.437191877561 -1.84352603625854e-05 0.004397707811261338 0.17923421676686233
-4.9360089525514725 0.20427573858549755 3.9185722565023084 668.8146905936301 701.7598684550612 470.3915473520756 307.88307827711105 3.121949658425486 3.6515990615535543 -1845.1489101149689 -0.04398653122512887 21.65235878066282 -4058.437191877561 -1.84352603625854e-05 0.004397707811261338 0.17923421676686233
-4.9360089525514725 0.19936526410026925 3.870450645143774 670.4798096641898 702.3381798426853 460.7080747783184 277.10164661705494 3.121949658425486 3.6515990615535543 -1845.1489101149689 -0.04398653122512887 21.65235878066282 -4058.437191877561 -1.84352603625854e-05 0.004397707811261338 0.17923421676686233
-4.934044762757383 0.19445478961503873 3.8223290337852394 671.6090122945607 702.825603459496 454.0684024095535 249.5823185890913 3.121949658425486 3.6515990615535543 -1845.1489101149689 -0.04398653122512887 21.65235878066282 -4058.437191877561 -1.84352603625854e-05 0.004397707811261338 0.17923421676686233
-4.934044762757383 0.18954431512981046 3.774207422426705 672.245401930064 703.2243866380886 450.2098186016083 225.1364498436451 3.121949658425486 3.6515990615535543 -1845.1489101149689 -0.04398653122512887 21.65235878066282 -4058.437191877561 -1.84352603625854e-05 0.004397707811261338 0.17923421676686233
-4.934044762757387 0.18463384064458216 3.7260858110681703 672.4308300502598 703.5367736346088 448.8778493106365 203.58016854524612 3.121949658425486 3.6515990615535543 -1845.1489101149689 -0.04398653122512887 21.65235878066282 -4058.437191877561 -1.84352603625854e-05 0.004397707811261338 0.17923421676686233
-4.932080572963293 0.18070546105639976 3.6779641997096353 672.2058958932757 703.7650056296261 449.826258122921 184.73437575995922 3.121949658425486 3.6515990615535543 -1845.1489101149689 -0.04398653122512887 21.65235878066282 -4058.437191877561 -1.84352603625854e-05 0.004397707811261338 0.17923421676686233
-4.930116383169204 0.17579498657117035 3.6298425883511007 671.609946705401 703.9113207266782 452.81704634428024 168.42474502325058 3.121949658425486 3.6515990615535543 -1845.1489101149689 -0.04398653122512887 21.65235878066282 -4058.437191877561 -1.84352603625854e-05 0.004397707811261338 0.17923421676686233
-4.930116383169204 0.17186660698298906 3.5817209769925666 670.6810776293278 703.9779539534939 457.620453029871 154.48172269761562 3.121949658425486 3.6515990615535543 -1845.1489101149689 -0.04398653122512887 21.65235878066282 -4058.437191877561 -1.84352603625854e-05 0.004397707811261338 0.17923421676686233
-4.930116383169204 0.16793822739480552 3.533599365634031 669.4561316296458 703.9671372615849 464.01495483517647 142.74052774906158 3.121949658425486 3.6515990615535543 -1845.1489101149689 -0.04398653122512887 21.65235878066282 -4058.437191877561 -1.84352603625854e-05 0.004397707811261338 0.17923421676686233
-4.92618800358102 0.16597403760071489 3.485477754275497 667.9706996195018 703.8810995261883 471.78726610541344 133.0411519408226 3.121949658425486 3.6515990615535543 -1845.1489101149689 -0.04398653122512887 21.65235878066282 -4058.437191877561 -1.84352603625854e-05 0.004397707811261338 0.17923421676686233
-4.920295434198742 0.164991942703669 3.437356142916962 666.2591204382479 703.7220665459172 480.7323388159275 125.22835959494114 3.121949658425486 3.6515990615535543 -1845.1489101149689 -0.04398653122512887 21.65235878066282 -4058.437191877561 -1.84352603625854e-05 0.004397707811261338 0.17923421676686233
-4.918331244404653 0.164991942703669 3.3892345315584276 664.3544807545841 703.492261043808 490.65336284041405 119.15168778598309 3.121949658425486 3.6515990615535543 -1845.1489101149689 -0.04398653122512887 21.65235878066282 -4058.437191877561 -1.84352603625854e-05 0.004397707811261338 0.17923421676686233
-4.918331244404658 0.16597403760071489 3.341112920199893 662.2886151447892 703.193902665982 501.3617654442787 114.6654462814331 3.121949658425486 3.6515990615535543 -1845.1489101149689 -0.04398653122512887 21.65235878066282 -4058.437191877561 -1.84352603625854e-05 0.004397707811261338 0.17923421676686233
-4.916367054610563 0.16597403760071489 3.2929913088413585 660.0921061597764 702.8292079828097 512.67721170187 111.62871740758419 3.121949658425486 3.6515990615535543 -1845.1489101149689 -0.04398653122512887 21.65235878066282 -4058.437191877561 -1.84352603625854e-05 0.004397707811261338 0.17923421676686233
-4.91243867502238 0.16597403760071489 3.244869697482824 657.7942841872573 702.4003904882702 524.4276043772697 109.90535642206669 3.121949658425486 3.6515990615535543 -1845.1489101149689 -0.04398653122512887 21.65235878066282 -4058.437191877561 -1.84352603625854e-05 0.004397707811261338 0.17923421676686233
-4.910474485228286 0.16597403760071489 3.1967480861242894 655.4232274927199 701.9096605999512 536.4490838944912 109.36399109661579 3.121949658425486 3.6515990615535543 -1845.1489101149689 -0.04398653122512887 21.65235878066282 -4058.437191877561 -1.84352603625854e-05 0.004397707811261338 0.17923421676686233
-4.910474485228286 0.165974037600716 3.148626474765755 653.0057623013854 701.3592256592237 548.5860282182693 109.8780218064785 3.121949658425486 3.6515990615535543 -1845.1489101149689 -0.04398653122512887 21.65235878066282 -4058.437191877561 -1.84352603625854e-05 0.004397707811261338 0.17923421676686233
-4.908510295434197 0.16400984780662423 3.1005048634072203 650.5674626715481 700.7512899315334 560.6910533905029 111.32562182843685 3.121949658425486 3.6515990615535543 -1845.1489101149689 -0.04398653122512887 21.65235878066282 -4058.437191877561 -1.84352603625854e-05 0.004397707811261338 0.17923421676686233
-4.906546105640107 0.16302775290957947 3.0523832520486853 648.1326506137848 700.0880546055851 572.625012665987 113.58973704278469 3.121949658425486 3.6515990615535543 -1845.1489101149689 -0.04398653122512887 21.65235878066282 -4058.437191877561 -1.84352603625854e-05 0.004397707811261338 0.17923421676686233
-4.904581915846017 0.1620456580125347 3.004261640690151 645.7243960462511 699.3717177942744 584.2569973170757 116.55808587372303 3.121949658425486 3.6515990615535543 -1845.1489101149689 -0.04398653122512887 21.65235878066282 -4058.437191877561 -1.84352603625854e-05 0.004397707811261338 0.17923421676686233
-4.902617726051919 0.16106356311548883 2.9561400293316162 643.3645166829228 698.6044745339896 595.4643359482288 120.12315964698792 3.1232381404764213 3.649248062879589 -1845.0723672559716 -0.043968964923157765 21.62695439135726 -4050.342037542204 -1.8427898123703973e-05 0.004390410642063373 0.18128024786848485
-4.900653536257829 0.15909937332139706 2.9080184179730817 641.0735782720149 697.7885167850181 606.1325953304768 124.18222226202488 3.1232381404764213 3.649248062879589 -1845.0723672559716 -0.043968964923157765 21.62695439135726 -4050.342037542204 -1.8427898123703973e-05 0.004390410642063373 0.18128024786848485
-4.925205908683971 0.1708845120859443 2.8598968066145467 638.8708943836391 696.9260334313149 616.1555794775486 128.6373102515936 3.1232381404764213 3.649248062879589 -1845.0723672559716 -0.043968964923157765 21.62695439135726 -4050.342037542204 -1.8427898123703973e-05 0.004390410642063373 0.18128024786848485
-4.961543419874658 0.1924905998209481 2.811775195256012 636.7745264656842 696.0192102805595 625.4353302419186 133.39523303508759 3.1232381404764213 3.649248062879589 -1845.0723672559716 -0.043968964923157765 21.62695439135726 -4050.342037542204 -1.8427898123703973e-05 0.004390410642063373 0.18128024786848485
-5.001809310653534 0.21802506714413541 2.763653583897478 634.8012839518487 695.0702300643316 633.8821271061897 138.36757247149944 3.1232381404764213 3.649248062879589 -1845.0723672559716 -0.043968964923157765 21.62695439135726 -4050.342037542204 -1.8427898123703973e-05 0.004390410642063373 0.18128024786848485
-5.0420752014324 0.24454162936436752 2.715531972538943 632.9667240902781 694.0812724378193 641.4144874513149 143.47068318724632 3.1232381404764213 3.649248062879589 -1845.0723672559716 -0.043968964923157765 21.62695439135726 -4050.342037542204 -1.8427898123703973e-05 0.004390410642063373 0.18128024786848485
-5.080376902417178 0.2720402864816455 2.6674103611804085 631.2851520627737 693.0545139801106 647.9591659009457 148.6256926804781 3.1232381404764213 3.649248062879589 -1845.0723672559716 -0.043968964923157765 21.62695439135726 -4050.342037542204 -1.8427898123703973e-05 0.004390410642063373 0.18128024786848485
-5.087251566696504 0.28480752014323973 2.619288749821874 629.7696209326386 691.9921281939023 653.4511552155018 153.75850081443787 3.1232381404764213 3.649248062879589 -1845.0723672559716 -0.043968964923157765 21.62695439135726 -4050.342037542204 -1.8427898123703973e-05 0.004390410642063373 0.18128024786848485
-5.081358997314227 0.2857896150402867 2.5711671384633394 628.4319316595793 690.8962855056161 657.8336856365204 158.7997803092003 3.1232381404764213 3.649248062879589 -1845.0723672559716 -0.043968964923157765 21.62695439135726 -4050.342037542204 -1.8427898123703973e-05 0.004390410642063373 0.18128024786848485
-5.075466427931958 0.27989704565801254 2.523045527104805 627.2826331555843 689.7691532655736 661.0582250058651 163.68497666716576 3.1232381404764213 3.649248062879589 -1845.0723672559716 -0.043968964923157765 21.62695439135726 -4050.342037542204 -1.8427898123703973e-05 0.004390410642063373 0.18128024786848485
-5.0145765443151245 0.22489973142345548 2.47492391574627 626.3310221806169 688.6128957480541 663.0844788849354 168.35430790483952 3.1232381404764213 3.649248062879589 -1845.0723672559716 -0.043968964923157765 21.62695439135726 -4050.342037542204 -1.8427898123703973e-05 0.004390410642063373 0.18128024786848485
-4.933062667860343 0.1424037600716193 2.4268023043877354 625.5851433612406 687.4296741504222 663.8803906738758 172.7527647614479 3.1232381404764213 3.649248062879589 -1845.0723672559716 -0.043968964923157765 21.62695439135726 -4050.342037542204 -1.8427898123703973e-05 0.004390410642063373 0.18128024786848485
-4.82503222918532 0.037319606087733444 2.378680693029201 625.0517893210053 686.2216465945239 663.4221411347389 176.83011078834534 3.1232381404764213 3.649248062879589 -1845.0723672559716 -0.043968964923157765 21.62695439135726 -4050.342037542204 -1.8427898123703973e-05 0.004390410642063373 0.18128024786848485
-4.707180841539841 -0.07463921217547136 2.3305590816706663 624.736500479281 684.9909681254067 661.6941489875317 180.54088202118874 3.1232381404764213 3.649248062879589 -1845.0723672559716 -0.043968964923157765 21.62695439135726 -4050.342037542204 -1.8427898123703973e-05 0.004390410642063373 0.18128024786848485
-4.587365264100268 -0.18266965085049375 2.304516405709904 624.6435652337968 683.7397907121922 658.6890706419945 183.84438729286194 3.1232381404764213 3.649248062879589 -1845.0723672559716 -0.043968964923157765 21.62695439135726 -4050.342037542204 -1.8427898123703973e-05 0.004390410642063373 0.18128024786848485
-4.470495971351834 -0.27989704565801254 2.2647074733208266 624.7760198190808 682.4702632477856 654.4078001379967 186.70470820367336 3.1232381404764213 3.649248062879589 -1845.0723672559716 -0.043968964923157765 21.62695439135726 -4050.342037542204 -1.8427898123703973e-05 0.004390410642063373 0.18128024786848485
-4.355590868397489 -0.3673034914950759 2.2211000517429773 625.1356483921409 681.1845315485843 648.8594689369202 189.09069883823395 3.1232381404764213 3.649248062879589 -1845.0723672559716 -0.043968964923157765 21.62695439135726 -4050.342037542204 -1.8427898123703973e-05 0.004390410642063373 0.18128024786848485
-4.274076991942698 -0.429175470008953 2.220055529339199 625.7229830138385 679.8847383551183 642.0614463984966 190.97598612308502 3.1232381404764213 3.649248062879589 -1845.0723672559716 -0.043968964923157765 21.62695439135726 -4050.342037542204 -1.8427898123703973e-05 0.004390410642063373 0.18128024786848485
-4.203366159355412 -0.47336974037600765 2.1293956421384705 626.5373036675155 678.5730233312934 634.0393395423889 192.33896958827972 3.1232381404764213 3.649248062879589 -1845.0723672559716 -0.043968964923157765 21.62695439135726 -4050.342037542204 -1.8427898123703973e-05 0.004390410642063373 0.18128024786848485
-4.136583706356306 -0.5057788719785128 2.0226101686925224 627.5766381546855 677.2515230649733 624.826993227005 193.16282153129578 3.1232381404764213 3.649248062879589 -1845.0723672559716 -0.043968964923157765 21.62695439135726 -4050.342037542204 -1.8427898123703973e-05 0.004390410642063373 0.18128024786848485
-4.1257806624888085 -0.48319068934646425 0.44610554894323745 628.8377622812986 675.922371067456 614.4664897322655 193.43548686802387 3.1232381404764213 3.649248062879589 -1845.0723672559716 -0.043968964923157765 21.62695439135726 -4050.342037542204 -1.8427898123703973e-05 0.004390410642063373 0.18128024786848485
-4.132655326768127 -0.42819337511190714 6.158830312632857 630.3161996752024 674.5876977746375 603.0081492066383 193.14968319237232 3.1232381404764213 3.649248062879589 -1845.0723672559716 -0.043968964923157765 21.62695439135726 -4050.342037542204 -1.8427898123703973e-05 0.004390410642063373 0.18128024786848485
-4.139529991047445 -0.3594467323187122 6.183516654688448 632.0062218569219 673.2496305450913 590.5105291903019 192.30290082097054 3.1232381404764213 3.649248062879589 -1845.0723672559716 -0.043968964923157765 21.62695439135726 -4050.342037542204 -1.8427898123703973e-05 0.004390410642063373 0.18128024786848485
-4.144440465532672 -0.2857896150402878 6.216617143403762 633.9008483290672 671.9102936619311 577.0404251813889 190.89740282297134 3.1232381404764213 3.649248062879589 -1845.0723672559716 -0.043968964923157765 21.62695439135726 -4050.342037542204 -1.8427898123703973e-05 0.004390410642063373 0.18128024786848485
-4.147386750223811 -0.21409668755595412 6.242112528589107 635.9918463975191 670.5718083315878 562.6728703975677 188.94022469222546 3.1232381404764213 3.649248062879589 -1845.0723672559716 -0.043968964923157765 21.62695439135726 -4050.342037542204 -1.8427898123703973e-05 0.004390410642063373 0.18128024786848485
-4.143458370635628 -0.1482963294538946 0.05963071313118251 638.2697313241661 669.2362926844507 547.4911352992058 186.4431749880314 3.1232381404764213 3.649248062879589 -1845.0723672559716 -0.043968964923157765 21.62695439135726 -4050.342037542204 -1.8427898123703973e-05 0.004390410642063373 0.18128024786848485
-4.134619516562216 -0.0864243509400197 0.14189705460418162 640.7237662188709 667.9058617748087 531.5867287814617 183.4228345900774 3.1232381404764213 3.649248062879589 -1845.0723672559716 -0.043968964923157765 21.62695439135726 -4050.342037542204 -1.8427898123703973e-05 0.004390410642063373 0.18128024786848485
-4.121852282900625 -0.025534467323186216 0.20668321848419827 643.3419621549547 666.5826275802683 515.0593965947628 179.90055744349957 3.1232381404764213 3.649248062879589 -1845.0723672559716 -0.043968964923157765 21.62695439135726 -4050.342037542204 -1.8427898123703973e-05 0.004390410642063373 0.18128024786848485
-4.111049239033119 0.036337511190688676 0.17286060678720527 646.1110780537128 665.2686990026268 498.0171227157116 175.9024696946144 3.1232381404764213 3.649248062879589 -1845.0723672559716 -0.043968964923157765 21.62695439135726 -4050.342037542204 -1.8427898123703973e-05 0.004390410642063373 0.18128024786848485
-4.096317815577439 0.09722739480751992 0.23737424697309983 649.0166207738221 663.9661818669992 480.5761286318302 171.45947062969208 3.1232381404764213 3.649248062879589 -1845.0723672559716 -0.043968964923157765 21.62695439135726 -4050.342037542204 -1.8427898123703973e-05 0.004390410642063373 0.18128024786848485
-4.078640107430616 0.15615308863025942 0.2914567944778949 652.0428450033069 662.677178922866 462.86087334156036 166.60723200440407 3.1232381404764213 3.649248062879589 -1845.0723672559716 -0.043968964923157765 21.62695439135726 -4050.342037542204 -1.8427898123703973e-05 0.004390410642063373 0.18128024786848485
-4.060962399283792 0.21311459265890603 0.3009202343604615 655.1727534346282 661.4037898427923 445.0040538609028 161.38619823753834 3.1232381404764213 3.649248062879589 -1845.0723672559716 -0.043968964923157765 21.62695439135726 -4050.342037542204 -1.8427898123703973e-05 0.004390410642063373 0.18128024786848485
-4.048195165622197 0.2690940017905101 0.22423475110912044 658.3880965597928 660.1481112236506 427.1466045677662 155.84158650040627 3.1232381404764213 3.649248062879589 -1845.0723672559716 -0.043968964923157765 21.62695439135726 -4050.342037542204 -1.8427898123703973e-05 0.004390410642063373 0.18128024786848485
-4.040338406445829 0.3221271262309754 0.14707835538843608 661.6693727783859 658.9122365855728 409.4376979768276 150.02338674664497 3.1232381404764213 3.649248062879589 -1845.0723672559716 -0.043968964923157765 21.62695439135726 -4050.342037542204 -1.8427898123703973e-05 0.004390410642063373 0.18128024786848485
-4.036410026857655 0.3722139659803042 0.0782711405211181 664.9958285056055 657.698256372998 392.03474348783493 143.98636132478714 3.1232381404764213 3.649248062879589 -1845.0723672559716 -0.043968964923157765 21.62695439135726 -4050.342037542204 -1.8427898123703973e-05 0.004390410642063373 0.18128024786848485
-4.03837421665174 0.42033661593554233 6.242391624311852 668.3454579003155 656.5082579535665 375.1033890545368 137.79004560410976 3.1232381404764213 3.649248062879589 -1845.0723672559716 -0.043968964923157765 21.62695439135726 -4050.342037542204 -1.8427898123703973e-05 0.004390410642063373 0.18128024786848485
-4.039356311548789 0.4664950760966876 6.2619119211554475 671.6950031146407 655.3443256190512 358.8175195157528 131.4987473487854 3.1232381404764213 3.649248062879589 -1845.0723672559716 -0.043968964923157765 21.62695439135726 -4050.342037542204 -1.8427898123703973e-05 0.004390410642063373 0.18128024786848485
-4.042302596239928 0.5077430617726045 6.211877842394252 675.0199541561306 654.2085405849502 343.3592582345009 125.1815472394228 3.1232381404764213 3.649248062879589 -1845.0723672559716 -0.043968964923157765 21.62695439135726 -4050.342037542204 -1.8427898123703973e-05 0.004390410642063373 0.18128024786848485
-4.0354279319606015 0.5440805729632944 0.18697926991909872 678.2945489250124 653.1029809903703 328.9189653992653 118.9122985303402 3.1232381404764213 3.649248062879589 -1845.0723672559716 -0.043968964923157765 21.62695439135726 -4050.342037542204 -1.8427898123703973e-05 0.004390410642063373 0.18128024786848485
-4.023642793196055 0.5774717994628465 0.3392926144539992 681.4917732924223 652.0297218980268 315.69523948431015 112.76962715387344 3.1232381404764213 3.649248062879589 -1845.0723672559716 -0.043968964923157765 21.62695439135726 -4050.342037542204 -1.8427898123703973e-05 0.004390410642063373 0.18128024786848485
-4.011857654431518 0.607916741271261 0.36933365767332926 684.5833609513938 650.9908352947677 303.8949165046215 106.8369317650795 3.1232381404764213 3.649248062879589 -1845.0723672559716 -0.043968964923157765 21.62695439135726 -4050.342037542204 -1.8427898123703973e-05 0.004390410642063373 0.18128024786848485
-3.9539140555058188 0.6354153983885401 1.1215362141830667 687.5397934801877 649.98839009105 293.73306983709335 101.20238369703293 3.1232381404764213 3.649248062879589 -1845.0723672559716 -0.043968964923157765 21.62695439135726 -4050.342037542204 -1.8427898123703973e-05 0.004390410642063373 0.18128024786848485
-3.8861495076096717 0.6609498657117274 1.2087089191011635 690.3303004540503 649.0244521211134 285.4330109655857 95.95892690122128 3.1232381404764213 3.649248062879589 -1845.0723672559716 -0.043968964923157765 21.62695439135726 -4050.342037542204 -1.8427898123703973e-05 0.004390410642063373 0.18128024786848485
-3.809546105640113 0.6815738585496864 1.3101939350475555 692.9228592552245 648.1010841426905 279.22628873586655 91.20427812635899 3.1232381404764213 3.649248062879589 -1845.0723672559716 -0.043968964923157765 21.62695439135726 -4050.342037542204 -1.8427898123703973e-05 0.004390410642063373 0.18128024786848485
-3.7250859444941873 0.698269471799462 1.3803612113813337 695.2841951996088 647.2203458377044 275.35268995165825 87.0409267693758 3.1232381404764213 3.649248062879589 -1845.0723672559716 -0.043968964923157765 21.62695439135726 -4050.342037542204 -1.8427898123703973e-05 0.004390410642063373 0.18128024786848485
-3.632769024171895 0.7090725156669656 1.4613453776535374 697.3797814808786 646.3842938112211 274.0602389574051 83.57613490521908 3.414784315553649 3.9660439579332967 -2012.6474144051547 -0.002272270793189745 22.370871953495303 -3813.2994778162815 -4.0503935707504114e-06 0.004791528146493016 0.18463926948832393
-3.5443804834377852 0.7139829901521928 1.5248516709867785 699.1738392114639 645.5949815929634 275.6051974892616 80.92193719744682 3.414784315553649 3.9660439579332967 -2012.6474144051547 -0.002272270793189745 22.370871953495303 -3813.2994778162815 -4.0503935707504114e-06 0.004791528146493016 0.18463926948832393
-3.452063563115493 0.7139829901521939 1.5817848954776323 700.6293374039233 644.8544596356223 280.25206553936005 79.19514113664627 3.414784315553649 3.9660439579332967 -2012.6474144051547 -0.002272270793189745 22.370871953495303 -3813.2994778162815 -4.0503935707504114e-06 0.004791528146493016 0.18463926948832393
-3.3715317815577506 0.7090725156669667 1.6466001641560135 701.7079929709435 644.1647753157886 288.2735804915428 78.51732693612576 3.414784315553649 3.9660439579332967 -2012.6474144051547 -0.002272270793189745 22.370871953495303 -3813.2994778162815 -4.0503935707504114e-06 0.004791528146493016 0.18463926948832393
-3.2929641897940978 0.6992515666965101 1.7126933813990668 702.3702706545591 643.5279729341273 299.95071718096733 79.01484721899033 3.414784315553649 3.9660439579332967 -2012.6474144051547 -0.002272270793189745 22.370871953495303 -3813.2994778162815 -4.0503935707504114e-06 0.004791528146493016 0.18463926948832393
-3.214396598030445 0.6835380483437772 1.788089757717944 702.5753832422197 642.9460937148542 315.57268822193146 80.81882758438587 3.414784315553649 3.9660439579332967 -2012.6474144051547 -0.002272270793189745 22.370871953495303 -3813.2994778162815 -4.0503935707504114e-06 0.004791528146493016 0.18463926948832393
-3.1849337511190754 0.6638961504028651 2.1587989303424377 702.2812912873924 642.42117580591 335.43694442510605 84.06516623497009 3.414784315553649 3.9660439579332967 -2012.6474144051547 -0.002272270793189745 22.370871953495303 -3813.2994778162815 -4.0503935707504114e-06 0.004791528146493016 0.18463926948832393
-3.15841718889884 0.6383616830796767 2.33732880417065 701.4447032734752 641.9552542789024 359.84917360544205 88.89453399181366 3.414784315553649 3.9660439579332967 -2012.6474144051547 -0.002272270793189745 22.370871953495303 -3813.2994778162815 -4.0503935707504114e-06 0.004791528146493016 0.18463926948832393
-3.137793196060882 0.609880931065355 2.514849752378726 700.0210756324232 641.5503611295717 389.1233016550541 95.4523744136095 3.414784315553649 3.9660439579332967 -2012.6474144051547 -0.002272270793189745 22.370871953495303 -3813.2994778162815 -4.0503935707504114e-06 0.004791528146493016 0.18463926948832393
-3.1269901521933807 0.5774717994628477 2.819842099193182 697.9646126329899 641.2085252770339 423.58149179816246 103.88890372216702 3.414784315553649 3.9660439579332967 -2012.6474144051547 -0.002272270793189745 22.370871953495303 -3813.2994778162815 -4.0503935707504114e-06 0.004791528146493016 0.18463926948832393
-3.1269901521933807 0.5430984780662507 3.141592653589793 695.2282664552331 640.9317725643632 463.55414539575577 114.35911084711552 3.414784315553649 3.9660439579332967 -2012.6474144051547 -0.002272270793189745 22.370871953495303 -3813.2994778162815 -4.0503935707504114e-06 0.004791528146493016 0.18463926948832393
-3.1269901521933807 0.5057788719785161 3.141592653589793 691.763737205416 640.7221257580095 509.3799011707306 127.02275741100311 3.414784315553649 3.9660439579332967 -2012.6474144051547 -0.002272270793189745 22.370871953495303 -3813.2994778162815 -4.0503935707504114e-06 0.004791528146493016 0.18463926948832393
-3.126008057296336 0.46649507609668983 3.116597859970896 687.5214728564024 640.5816045488464 561.4056355953217 142.04437763988972 3.414784315553649 3.9660439579332967 -2012.6474144051547 -0.002272270793189745 22.370871953495303 -3813.2994778162815 -4.0503935707504114e-06 0.004791528146493016 0.18463926948832393
-3.123061772605197 0.4262291853178165 3.068552088286632 682.4506693221629 640.5122255511233 619.9864626526833 159.59327867627144 3.414784315553649 3.9660439579332967 -2012.6474144051547 -0.002272270793189745 22.370871953495303 -3813.2994778162815 -4.0503935707504114e-06 0.004791528146493016 0.18463926948832393
-3.1299364368845195 0.38498119964189953 3.3067413310044858 676.499270375818 640.5160023025237 685.4857343733311 179.84353996813297 3.414784315553649 3.9660439579332967 -2012.6474144051547 -0.002272270793189745 22.370871953495303 -3813.2994778162815 -4.0503935707504114e-06 0.004791528146493016 0.18463926948832393
