52 -4.039356311548798 1.667597135183527 5.872999197491322 -4.277023276633845 3.605270367054611
-4.039356311548798 1.667597135183527 5.872999197491322 791.83985573682 660.2283124643145 791.646268886223 107.74610446579754 3.347336710893463 3.9161542501617763 -2143.290706410447 0.04922186597143494 23.004036849039846 -4973.769157076348 2.062944927553854e-05 0.004681381296588119 -0.016296013680905757
-4.051141450313344 1.701970456580125 5.943892692725587 795.6818149178289 660.7604950087261 796.1207114251883 126.08391300402582 3.347336710893463 3.9161542501617763 -2143.290706410447 0.04922186597143494 23.004036849039846 -4973.769157076348 2.062944927553854e-05 0.004681381296588119 -0.016296013680905757
-4.062926589077895 1.7343795881826314 5.924414636908944 799.3608524706215 661.2714761155657 800.5744085238694 145.06391021609306 3.347336710893463 3.9161542501617763 -2143.290706410447 0.04922186597143494 23.004036849039846 -4973.769157076348 2.062944927553854e-05 0.004681381296588119 -0.016296013680905757
-4.072747538048351 1.7667887197851375 5.980300438804608 802.89699118305 661.7647772882483 805.0086127093527 164.46577060967684 3.347336710893463 3.9161542501617763 -2143.290706410447 0.04922186597143494 23.004036849039846 -4973.769157076348 2.062944927553854e-05 0.004681381296588119 -0.016296013680905757
-4.082568487018808 1.8001799462846897 5.988950742068394 806.3093835883774 662.2436656812788 809.4246319112572 184.08242807723582 3.347336710893463 3.9161542501617763 -2143.290706410447 0.04922186597143494 23.004036849039846 -4973.769157076348 2.062944927553854e-05 0.004681381296588119 -0.016296013680905757
-4.092389435989264 1.833571172784244 5.988950742068414 809.6163119648118 662.7111541004269 813.823829461362 203.72007581032813 3.347336710893463 3.9161542501617763 -2143.290706410447 0.04922186597143494 23.004036849039846 -4973.769157076348 2.062944927553854e-05 0.004681381296588119 -0.016296013680905757
-4.104174574753815 1.8640161145926586 5.913851649505874 812.8351883336436 663.1700010031345 818.2076240937604 223.19816640019417 3.347336710893463 3.9161542501617763 -2143.290706410447 0.04922186597143494 23.004036849039846 -4973.769157076348 2.062944927553854e-05 0.004681381296588119 -0.016296013680905757
-4.1149776186213165 1.895443151298119 5.952089230475473 815.9825544627383 663.6227104976424 822.577489944757 242.34941172227263 3.347336710893463 3.9161542501617763 -2143.290706410447 0.04922186597143494 23.004036849039846 -4973.769157076348 2.062944927553854e-05 0.004681381296588119 -0.016296013680905757
-4.128726947179952 1.9278522829006275 5.88195650817485 819.0740818618797 664.0715323438053 826.9349565530865 261.01978307403624 3.347336710893463 3.9161542501617763 -2143.290706410447 0.04922186597143494 23.004036849039846 -4973.769157076348 2.062944927553854e-05 0.004681381296588119 -0.016296013680905757
-4.140512085944502 1.9602614145031316 5.934414303595579 822.1245717874262 664.518461952568 831.2816088596301 279.06851102411747 3.347336710893463 3.9161542501617763 -2143.290706410447 0.04922186597143494 23.004036849039846 -4973.769157076348 2.062944927553854e-05 0.004681381296588119 -0.016296013680905757
-4.154261414503143 1.9916884512085953 5.870774865582207 825.1479552381206 664.9652403860819 835.619087207655 296.36808554269373 3.347336710893463 3.9161542501617763 -2143.290706410447 0.04922186597143494 23.004036849039846 -4973.769157076348 2.062944927553854e-05 0.004681381296588119 -0.016296013680905757
-4.166046553267689 2.0240975828111014 5.934414303595723 828.1572929578833 665.4133543580538 839.9490873425602 312.8042559064925 3.347336710893463 3.9161542501617763 -2143.290706410447 0.04922186597143494 23.004036849039846 -4973.769157076348 2.062944927553854e-05 0.004681381296588119 -0.016296013680905757
-4.174885407341096 2.0574888093106525 6.024414415215979 831.1647754360456 665.8640362329897 844.2733604122768 328.27603077702224 3.347336710893463 3.9161542501617763 -2143.290706410447 0.04922186597143494 23.004036849039846 -4973.769157076348 2.062944927553854e-05 0.004681381296588119 -0.016296013680905757
-4.183724261414508 2.0908800358102058 6.02441441521587 834.1817229043227 666.3182640271261 848.5937129668382 342.69567812792957 3.347336710893463 3.9161542501617763 -2143.290706410447 0.04922186597143494 23.004036849039846 -4973.769157076348 2.062944927553854e-05 0.004681381296588119 -0.016296013680905757
-4.190598925693826 2.1232891674127123 6.074162364373372 837.2185853417031 666.7767614076729 852.9120069585406 355.9887253101915 3.347336710893463 3.9161542501617763 -2143.290706410447 0.04922186597143494 23.004036849039846 -4973.769157076348 2.062944927553854e-05 0.004681381296588119 -0.016296013680905757
-4.1994377797672335 2.1556982990152207 6.016933258028778 840.284942469094 667.2399976935121 857.2301597421247 368.0939589701593 3.347336710893463 3.9161542501617763 -2143.290706410447 0.04922186597143494 23.004036849039846 -4973.769157076348 2.062944927553854e-05 0.004681381296588119 -0.016296013680905757
-4.211222918531788 2.188107430617727 5.93441430359548 843.3895037523471 667.7081878540339 861.5501440743901 378.96342517249286 3.347336710893463 3.9161542501617763 -2143.290706410447 0.04922186597143494 23.004036849039846 -4973.769157076348 2.062944927553854e-05 0.004681381296588119 -0.016296013680905757
-4.216133393017016 2.221498657117278 6.137173049468305 846.5401084015612 668.1812925103586 865.8739881146394 388.56242926977575 3.347336710893463 3.9161542501617763 -2143.290706410447 0.04922186597143494 23.004036849039846 -4973.769157076348 2.062944927553854e-05 0.004681381296588119 -0.016296013680905757
-4.220061772605195 2.254889883616831 6.16607656261283 849.7437253727112 668.6590179353952 870.2037754242992 396.86953599378467 3.347336710893463 3.9161542501617763 -2143.290706410447 0.04922186597143494 23.004036849039846 -4973.769157076348 2.062944927553854e-05 0.004681381296588119 -0.016296013680905757
-4.226936436884514 2.289263205013427 6.085789747329743 853.0064533646218 669.1408160522697 874.5416449672412 403.8765693977475 3.347336710893463 3.9161542501617763 -2143.290706410447 0.04922186597143494 23.004036849039846 -4973.769157076348 2.062944927553854e-05 0.004681381296588119 -0.016296013680905757
-4.2318469113697414 2.324618621307072 6.145179283522072 856.3335208210628 669.6258844362455 878.8897911095191 409.5886129010469 3.347336710893463 3.9161542501617763 -2143.290706410447 0.04922186597143494 23.004036849039846 -4973.769157076348 2.062944927553854e-05 0.004681381296588119 -0.016296013680905757
-4.238721575649068 2.35899194270367 6.085789747329506 859.7292859288864 670.1131663132692 883.2504636193917 414.0240092650056 3.347336710893463 3.9161542501617763 -2143.290706410447 0.04922186597143494 23.004036849039846 -4973.769157076348 2.062944927553854e-05 0.004681381296588119 -0.016296013680905757
-4.24756042972248 2.392383169203223 6.02441441521587 863.1972366224509 670.601350560959 887.6259676676273 417.21436059102416 3.347336710893463 3.9161542501617763 -2143.290706410447 0.04922186597143494 23.004036849039846 -4973.769157076348 2.062944927553854e-05 0.004681381296588119 -0.016296013680905757
-4.2593455684870305 2.4267564905998213 5.952887952350263 866.7399905771017 671.0888717079652 892.0186638269661 419.20452832244337 3.347336710893463 3.9161542501617763 -2143.290706410447 0.04922186597143494 23.004036849039846 -4973.769157076348 2.062944927553854e-05 0.004681381296588119 -0.016296013680905757
-4.277023276633854 2.4601477170993724 5.796286075368259 870.359295216389 671.5739099344355 896.430968072731 420.0526332743466 3.347336710893463 3.9161542501617763 -2143.290706410447 0.04922186597143494 23.004036849039846 -4973.769157076348 2.062944927553854e-05 0.004681381296588119 -0.016296013680905757
-4.292736794986579 2.4925568487018808 5.831732215627188 874.0560277027544 672.0543910713168 900.8653517823623 419.8300555739552 3.347336710893463 3.9161542501617763 -2143.290706410447 0.04922186597143494 23.004036849039846 -4973.769157076348 2.062944927553854e-05 0.004681381296588119 -0.016296013680905757
-4.308450313339309 2.524965980304385 5.831732215627022 877.830194948474 672.5279866012279 905.3243417356643 418.621434725821 3.347336710893463 3.9161542501617763 -2143.290706410447 0.04922186597143494 23.004036849039846 -4973.769157076348 2.062944927553854e-05 0.004681381296588119 -0.016296013680905757
-4.331038495971361 2.5563930170098486 5.659985977245523 881.6809336084407 672.9921136581688 909.8105201147118 416.5246695522219 3.347336710893463 3.9161542501617763 -2143.290706410447 0.04922186597143494 23.004036849039846 -4973.769157076348 2.062944927553854e-05 0.004681381296588119 -0.016296013680905757
-4.349698299015225 2.588802148612353 5.760781875463104 885.6065100787673 673.4439350272296 914.3265245037983 413.65091825835407 3.347336710893463 3.9161542501617763 -2143.290706410447 0.04922186597143494 23.004036849039846 -4973.769157076348 2.062944927553854e-05 0.004681381296588119 -0.016296013680905757
-4.365411817367955 2.622193375111906 5.8433427243638825 889.6043205054011 673.8803591441829 918.8750478895454 410.12459836155176 3.347336710893463 3.9161542501617763 -2143.290706410447 0.04922186597143494 23.004036849039846 -4973.769157076348 2.062944927553854e-05 0.004681381296588119 -0.016296013680905757
-4.381125335720684 2.6585308863025956 5.875036203424522 893.6708907750435 674.2980400972301 923.458838660823 406.0833867229521 3.347336710893463 3.9161542501617763 -2143.290706410447 0.04922186597143494 23.004036849039846 -4973.769157076348 2.062944927553854e-05 0.004681381296588119 -0.016296013680905757
-4.394874664279325 2.697814682184422 5.946510487792839 897.8018765200395 674.6933776250225 928.0807006088944 401.67821958474815 3.347336710893463 3.9161542501617763 -2143.290706410447 0.04922186597143494 23.004036849039846 -4973.769157076348 2.062944927553854e-05 0.004681381296588119 -0.016296013680905757
-4.4037135183527365 2.740044762757387 6.076861413149857 901.9920631169807 675.0625171178253 932.7434929271913 397.07329250872135 3.347336710893463 3.9161542501617763 -2143.290706410447 0.04922186597143494 23.004036849039846 -4973.769157076348 2.062944927553854e-05 0.004681381296588119 -0.016296013680905757
-4.40960608773501 2.7832569382273946 6.1476575931941015 906.2353656853084 675.4013496169355 937.4501302115314 392.4460604060441 3.347336710893463 3.9161542501617763 -2143.290706410447 0.04922186597143494 23.004036849039846 -4973.769157076348 2.062944927553854e-05 0.004681381296588119 -0.016296013680905757
-4.40764189794092 2.831379588182633 0.040793682867827585 910.5248290919699 675.7055118146818 942.2035824598861 387.98723755031824 3.347336710893463 3.9161542501617763 -2143.290706410447 0.04922186597143494 23.004036849039846 -4973.769157076348 2.062944927553854e-05 0.004681381296588119 -0.016296013680905757
-4.402731423455696 2.88343061772605 0.09406123462790611 914.8526279462967 675.9703860557056 947.0068750726641 383.90079753659666 3.347336710893463 3.9161542501617763 -2143.290706410447 0.04922186597143494 23.004036849039846 -4973.769157076348 2.062944927553854e-05 0.004681381296588119 -0.016296013680905757
-4.394874664279329 2.9364637421665165 0.14707835538843303 919.2100666011684 676.1911003346322 951.8630888523621 380.4039733186364 3.347336710893463 3.9161542501617763 -2143.290706410447 0.04922186597143494 23.004036849039846 -4973.769157076348 2.062944927553854e-05 0.004681381296588119 -0.016296013680905757
-4.388000000000007 2.988514771709938 0.1313154389831342 923.5875791562721 676.3625282981084 956.7753600039723 377.72725721262395 3.347336710893463 3.9161542501617763 -2143.290706410447 0.04922186597143494 23.004036849039846 -4973.769157076348 2.062944927553854e-05 0.004681381296588119 -0.016296013680905757
-4.387017905102962 3.0386016114592658 0.01960533085718721 927.974729455309 676.4792892438709 961.7468801346622 376.1144008487463 3.347336710893463 3.9161542501617763 -2143.290706410447 0.04922186597143494 23.004036849039846 -4973.769157076348 2.062944927553854e-05 0.004681381296588119 -0.016296013680905757
-4.386035810205913 3.087706356311549 0.019997333973223265 932.3602110820357 676.5357481210958 966.7808962538329 375.82241521961987 3.347336710893463 3.9161542501617763 -2143.290706410447 0.04922186597143494 23.004036849039846 -4973.769157076348 2.062944927553854e-05 0.004681381296588119 -0.016296013680905757
-4.385053715308868 3.133864816472695 0.021273386024041656 936.7318473716732 676.5260155299911 971.8807107733592 377.1215706858784 3.347336710893463 3.9161542501617763 -2143.290706410447 0.04922186597143494 23.004036849039846 -4973.769157076348 2.062944927553854e-05 0.004681381296588119 -0.016296013680905757
-4.386035810205917 3.176094897045657 6.260461946337862 941.0765913983341 676.4439477218548 977.0496815071383 380.2953968960792 3.347336710893463 3.9161542501617763 -2143.290706410447 0.04922186597143494 23.004036849039846 -4973.769157076348 2.062944927553854e-05 0.004681381296588119 -0.016296013680905757
-4.385053715308868 3.216360787824529 0.023805026185156255 945.3805259834044 676.2831465994241 982.2912216715995 385.64068292453885 3.347336710893463 3.9161542501617763 -2143.290706410447 0.04922186597143494 23.004036849039846 -4973.769157076348 2.062944927553854e-05 0.004681381296588119 -0.016296013680905757
-4.3821074306177294 3.255644583706357 0.07304056530316103 949.628863691818 676.0369597174576 987.6087998852308 393.46747711487114 3.347336710893463 3.9161542501617763 -2143.290706410447 0.04922186597143494 23.004036849039846 -4973.769157076348 2.062944927553854e-05 0.004681381296588119 -0.016296013680905757
-4.37817905102955 3.2939462846911347 0.0996686524910776 953.8059468322899 675.6984802808729 993.0059401690232 404.09908720478415 3.347336710893463 3.9161542501617763 -2143.290706410447 0.04922186597143494 23.004036849039846 -4973.769157076348 2.062944927553854e-05 0.004681381296588119 -0.016296013680905757
-4.377196956132501 3.3293017009847787 0.027020449187362707 957.8952474591788 675.2605471460265 998.486221946092 417.8720802832395 3.3373331853609076 3.859390659553518 -2121.3439489109037 0.0490768037488128 22.829049110103778 -4914.483224627791 2.0568652032193283e-05 0.004631110973789819 -0.0010683916254732992
-4.374250671441362 3.3656392121754686 0.07878396098919231 961.8793673675973 674.7157448210055 1004.0532800419169 435.13628274574876 3.3373331853609076 3.859390659553518 -2121.3439489109037 0.0490768037488128 22.829049110103778 -4914.483224627791 2.0568652032193283e-05 0.004631110973789819 -0.0010683916254732992
-4.363447627573865 3.4029588182632042 0.2749098414805368 965.7400381041225 674.0564034653944 1009.7108046842768 456.2547803539783 3.3373331853609076 3.859390659553518 -2121.3439489109037 0.0490768037488128 22.829049110103778 -4914.483224627791 2.0568652032193283e-05 0.004631110973789819 -0.0010683916254732992
-4.346752014324091 3.4422426141450315 0.3930580191818829 969.4581209525932 673.2745988889365 1015.4625415031478 481.60391823016107 3.3373331853609076 3.859390659553518 -2121.3439489109037 0.0490768037488128 22.829049110103778 -4914.483224627791 2.0568652032193283e-05 0.004631110973789819 -0.0010683916254732992
-4.3202354521038595 3.4854547896150416 0.5404195002705544 973.0136069466826 672.3621525538038 1021.3122915307758 511.57330081798136 3.3373331853609076 3.859390659553518 -2121.3439489109037 0.0490768037488128 22.829049110103778 -4914.483224627791 2.0568652032193283e-05 0.004631110973789819 -0.0010683916254732992
-4.2966651745747635 3.5286669650850477 0.48995732625376504 976.3856168605853 671.3106315725017 1027.263911201815 546.5657919403166 3.3373331853609076 3.859390659553518 -2121.3439489109037 0.0490768037488128 22.829049110103778 -4914.483224627791 2.0568652032193283e-05 0.004631110973789819 -0.0010683916254732992
-4.281933751119074 3.5689328558639213 0.3507279482482906 979.5524012136739 670.1113487097318 1033.3213123531823 586.9975147359073 3.3373331853609076 3.859390659553518 -2121.3439489109037 0.0490768037488128 22.829049110103778 -4914.483224627791 2.0568652032193283e-05 0.004631110973789819 -0.0010683916254732992
-4.277023276633845 3.605270367054611 0.13432144195296689 987.7306215129793 670.4669730714522 1012.1393828243017 585.7548662321642 3.3373331853609076 3.859390659553518 -2121.3439489109037 0.0490768037488128 22.829049110103778 -4914.483224627791 2.0568652032193283e-05 0.004631110973789819 -0.0010683916254732992
-4.280951656222029 3.6376794986571173 6.162561638599454 987.7087501958013 671.142643029103 1004.703218139708 558.1884530568495 3.3373331853609076 3.859390659553518 -2121.3439489109037 0.0490768037488128 22.829049110103778 -4914.483224627791 2.0568652032193283e-05 0.004631110973789819 -0.0010683916254732992
-4.292736794986579 3.660267681289167 5.802298026984149 988.273558402434 671.6559672546573 993.8557245507836 532.0698291044682 3.3373331853609076 3.859390659553518 -2121.3439489109037 0.0490768037488128 22.829049110103778 -4914.483224627791 2.0568652032193283e-05 0.004631110973789819 -0.0010683916254732992
-4.299611459265897 3.683837958818264 5.999391197971338 989.3524907911196 672.0195323887747 980.0565067604184 507.3942340416834 3.3373331853609076 3.859390659553518 -2121.3439489109037 0.0490768037488128 22.829049110103778 -4914.483224627791 2.0568652032193283e-05 0.004631110973789819 -0.0010683916254732992
-4.303539838854081 3.7054440465532688 6.103331807387072 990.8757811114192 672.2454108246602 963.7429862245917 484.1537549365312 3.3373331853609076 3.859390659553518 -2121.3439489109037 0.0490768037488128 22.829049110103778 -4914.483224627791 2.0568652032193283e-05 0.004631110973789819 -0.0010683916254732992
-4.310414503133403 3.7270501342882736 5.975132526155703 992.7764522014186 672.3451607155148 945.3304012045264 462.3373262407258 3.3373331853609076 3.859390659553518 -2121.3439489109037 0.0490768037488128 22.829049110103778 -4914.483224627791 2.0568652032193283e-05 0.004631110973789819 -0.0010683916254732992
-4.317289167412721 3.746692032229187 5.94651048779294 994.9903159998357 672.3298259698786 925.2118069827557 441.93072979710996 3.3373331853609076 3.859390659553518 -2121.3439489109037 0.0490768037488128 22.829049110103778 -4914.483224627791 2.0568652032193283e-05 0.004631110973789819 -0.0010683916254732992
-4.331038495971357 3.7614234556848696 5.5322562447817 997.4559735199437 672.2099362525623 903.7580756098032 422.91659485921264 3.3373331853609076 3.859390659553518 -2121.3439489109037 0.0490768037488128 22.829049110103778 -4914.483224627791 2.0568652032193283e-05 0.004631110973789819 -0.0010683916254732992
-4.339877350044773 3.776154879140554 5.742765806908735 1000.1148148812354 671.9955069858115 881.317895963788 405.27439804561436 3.3373331853609076 3.859390659553518 -2121.3439489109037 0.0490768037488128 22.829049110103778 -4914.483224627791 2.0568652032193283e-05 0.004631110973789819 -0.0010683916254732992
-4.331038495971366 3.7957967770814696 0.4228539261327469 1002.9110192917287 671.6960393476766 858.2177739143372 388.9804633939639 3.3373331853609076 3.859390659553518 -2121.3439489109037 0.0490768037488128 22.829049110103778 -4914.483224627791 2.0568652032193283e-05 0.004631110973789819 -0.0010683916254732992
-4.319253357206811 3.8183849597135193 0.48088728019559257 1005.7915550423786 671.3205202727113 834.7620321512222 374.00796232093126 3.3373331853609076 3.859390659553518 -2121.3439489109037 0.0490768037488128 22.829049110103778 -4914.483224627791 2.0568652032193283e-05 0.004631110973789819 -0.0010683916254732992
-4.295683079677718 3.8449015219337523 0.726642340681642 1008.7061795219779 670.8774224536028 811.2328101843596 360.3269136417657 3.3373331853609076 3.859390659553518 -2121.3439489109037 0.0490768037488128 22.829049110103778 -4914.483224627791 2.0568652032193283e-05 0.004631110973789819 -0.0010683916254732992
-4.267202327663389 3.8782927484333034 0.7061990924281095 1011.6074392134324 670.3747043365147 787.8900644630194 347.904183560051 3.3373331853609076 3.859390659553518 -2121.3439489109037 0.0490768037488128 22.829049110103778 -4914.483224627791 2.0568652032193283e-05 0.004631110973789819 -0.0010683916254732992
-4.243632050134297 3.91070188003581 0.6287962864153674 1014.4506696797907 669.8198101273738 764.971568197012 336.7034856742248 3.3373331853609076 3.859390659553518 -2121.3439489109037 0.0490768037488128 22.829049110103778 -4914.483224627791 2.0568652032193283e-05 0.004631110973789819 -0.0010683916254732992
-4.224972247090424 3.9440931065353633 0.5095922648090367 1017.1939955893904 669.2196697865147 742.6929115876555 326.6853809747845 3.3373331853609076 3.859390659553518 -2121.3439489109037 0.0490768037488128 22.829049110103778 -4914.483224627791 2.0568652032193283e-05 0.004631110973789819 -0.0010683916254732992
-4.20631244404656 3.9774843330349143 0.5095922648088613 1019.7983306962997 668.5806990321726 721.2475016489625 317.80727785266936 3.3373331853609076 3.859390659553518 -2121.3439489109037 0.0490768037488128 22.829049110103778 -4914.483224627791 2.0568652032193283e-05 0.004631110973789819 -0.0010683916254732992
-4.186670546105646 4.010875559534465 0.5317240672588232 1022.2273778356612 667.908799338853 700.806562282145 310.02343208435923 3.3373331853609076 3.859390659553518 -2121.3439489109037 0.0490768037488128 22.829049110103778 -4914.483224627791 2.0568652032193283e-05 0.004631110973789819 -0.0010683916254732992
-4.1680107430617825 4.045248880931063 0.49734271634674215 1024.4476289479062 667.2093579368666 681.5191342234612 303.2849468337372 3.3373331853609076 3.859390659553518 -2121.3439489109037 0.0490768037488128 22.829049110103778 -4914.483224627791 2.0568652032193283e-05 0.004631110973789819 -0.0010683916254732992
-4.151315129812004 4.076675917636525 0.48833395105646615 1026.428365061991 666.4872478137258 663.5120750516653 297.53977267164737 3.3373331853609076 3.859390659553518 -2121.3439489109037 0.0490768037488128 22.829049110103778 -4914.483224627791 2.0568652032193283e-05 0.004631110973789819 -0.0010683916254732992
-4.139529991047458 4.1051566696508495 0.39234014421545116 1028.1416562907398 665.7468277127482 646.8900593370199 292.7327075526118 3.3373331853609076 3.859390659553518 -2121.3439489109037 0.0490768037488128 22.829049110103778 -4914.483224627791 2.0568652032193283e-05 0.004631110973789819 -0.0010683916254732992
-4.125780662488813 4.129709042076991 0.5104883219169419 1029.5623618420213 664.9919421365485 631.7355783879757 288.8053968353197 3.3373331853609076 3.859390659553518 -2121.3439489109037 0.0490768037488128 22.829049110103778 -4914.483224627791 2.0568652032193283e-05 0.004631110973789819 -0.0010683916254732992
-4.116941808415401 4.148368845120857 0.4423742229768118 1030.668130028993 664.2259213402867 618.1089404299855 285.6963332463056 3.3373331853609076 3.859390659553518 -2121.3439489109037 0.0490768037488128 22.829049110103778 -4914.483224627791 2.0568652032193283e-05 0.004631110973789819 -0.0010683916254732992
-4.108102954341989 4.1640823634735895 0.5123894603107445 1031.4393982207403 663.4515813384205 606.0482705906034 283.3408569348976 3.3373331853609076 3.859390659553518 -2121.3439489109037 0.0490768037488128 22.829049110103778 -4914.483224627791 2.0568652032193283e-05 0.004631110973789819 -0.0010683916254732992
-4.099264100268578 4.1758675022381375 0.6435011087933147 1031.8593929195777 662.6712239007466 595.569510795176 281.6711554247886 3.3373331853609076 3.859390659553518 -2121.3439489109037 0.0490768037488128 22.829049110103778 -4914.483224627791 2.0568652032193283e-05 0.004631110973789819 -0.0010683916254732992
-4.085514771709938 4.182742166517455 1.1071487177942205 1031.9141296884045 661.8866365544964 586.6664199456573 280.61626363825053 3.3373331853609076 3.859390659553518 -2121.3439489109037 0.0490768037488128 22.829049110103778 -4914.483224627791 2.0568652032193283e-05 0.004631110973789819 -0.0010683916254732992
-4.068819158460159 4.182742166517455 3.141592653589793 1031.5924131963402 661.0990925829392 579.3105736896396 280.1020638933405 3.3373331853609076 3.859390659553518 -2121.3439489109037 0.0490768037488128 22.829049110103778 -4914.483224627791 2.0568652032193283e-05 0.004631110973789819 -0.0010683916254732992
-4.053105640107433 4.178813786929276 1.8157749899216271 1030.885837198235 660.3093510260805 573.4513645842671 280.05128589551896 3.3373331853609076 3.859390659553518 -2121.3439489109037 0.0490768037488128 22.829049110103778 -4914.483224627791 2.0568652032193283e-05 0.004631110973789819 -0.0010683916254732992
-4.034445837063569 4.1680107430617745 2.095592098445051 1029.7887845402583 659.5176566799637 569.016002073884 280.383506747894 3.3373331853609076 3.859390659553518 -2121.3439489109037 0.0490768037488128 22.829049110103778 -4914.483224627791 2.0568652032193283e-05 0.004631110973789819 -0.0010683916254732992
-4.015786034019701 4.15327931960609 2.239085745625457 1028.2984271636233 658.7237400982995 565.9095125198364 281.0151509428397 3.3373331853609076 3.859390659553518 -2121.3439489109037 0.0490768037488128 22.829049110103778 -4914.483224627791 2.0568652032193283e-05 0.004631110973789819 -0.0010683916254732992
-3.996144136078788 4.134619516562221 2.330559081670691 1026.4147260934114 657.9268175908364 564.0147390142083 281.85949036478996 3.3373331853609076 3.859390659553518 -2121.3439489109037 0.0490768037488128 22.829049110103778 -4914.483224627791 2.0568652032193283e-05 0.004631110973789819 -0.0010683916254732992
-3.9715917636526465 4.113995523724261 2.269456151516392 1024.1404314562678 657.125591223361 563.1923416852951 282.82664429955184 3.3373331853609076 3.859390659553518 -2121.3439489109037 0.0490768037488128 22.829049110103778 -4914.483224627791 2.0568652032193283e-05 0.004631110973789819 -0.0010683916254732992
-3.9450752014324157 4.08944315129812 2.3177519001711904 1021.4810824654996 656.3182488186285 563.2807973846793 283.82357941474766 3.3373331853609076 3.859390659553518 -2121.3439489109037 0.0490768037488128 22.829049110103778 -4914.483224627791 2.0568652032193283e-05 0.004631110973789819 -0.0010683916254732992
-3.9185586392121845 4.0589982094897055 2.4250509794934083 1018.445007417351 655.5024639558978 564.0963998958468 284.75410978589207 3.3373331853609076 3.859390659553518 -2121.3439489109037 0.0490768037488128 22.829049110103778 -4914.483224627791 2.0568652032193283e-05 0.004631110973789819 -0.0010683916254732992
-3.8920420769919537 4.024624888093108 2.4845177178781723 1015.0433237105608 654.6753959713969 565.4332598671317 285.5188968591392 3.3373331853609076 3.859390659553518 -2121.3439489109037 0.0490768037488128 22.829049110103778 -4914.483224627791 2.0568652032193283e-05 0.004631110973789819 -0.0010683916254732992
-3.872400179051036 3.987305282005372 2.66774131709495 1011.2899378333241 653.8336899573915 567.0633048713207 286.01544949412346 3.3373331853609076 3.859390659553518 -2121.3439489109037 0.0490768037488128 22.829049110103778 -4914.483224627791 2.0568652032193283e-05 0.004631110973789819 -0.0010683916254732992
-3.8547224709042167 3.9480214861235465 2.7279034403109774 1007.2015453623608 652.973476763349 568.7362792342901 286.13812393229455 3.3373331853609076 3.859390659553518 -2121.3439489109037 0.0490768037488128 22.829049110103778 -4914.483224627791 2.0568652032193283e-05 0.004631110973789819 -0.0010683916254732992
-3.8370447627573934 3.9048093106535378 2.7610862764773936 1002.7976309610531 652.0903729940765 570.1797441840172 285.77812382020056 3.3373331853609076 3.859390659553518 -2121.3439489109037 0.0490768037488128 22.829049110103778 -4914.483224627791 2.0568652032193283e-05 0.004631110973789819 -0.0010683916254732992
-3.821331244404664 3.8596329453894374 2.813472758574508 998.1004683952779 651.1794810127467 571.099077925086 284.82350018341094 3.3373331853609076 3.859390659553518 -2121.3439489109037 0.0490768037488128 22.829049110103778 -4914.483224627791 2.0568652032193283e-05 0.004631110973789819 -0.0010683916254732992
-3.8036535362578445 3.8144565801253356 2.7758453523275026 993.1351205101237 650.2353889374062 571.1774753630161 283.1591514432803 3.285561394862056 3.829350878072975 -2088.3582087912187 -0.04881214512307663 22.70789796094157 -4826.037985535772 -2.045773056289883e-05 0.004606547641985499 0.025069408722416753
-3.7859758281110207 3.766333930170101 2.7960370730080344 987.9294392522424 649.2521706444677 570.0759483799338 280.6668234234676 3.285561394862056 3.829350878072975 -2088.3582087912187 -0.04881214512307663 22.70789796094157 -4826.037985535772 -2.045773056289883e-05 0.004606547641985499 0.025069408722416753
-3.768298119964202 3.716247090420771 2.8083483524781703 982.5140656549484 648.2233857640531 567.4333257377148 277.2251093238592 3.285561394862056 3.829350878072975 -2088.3582087912187 -0.04881214512307663 22.70789796094157 -4826.037985535772 -2.045773056289883e-05 0.004606547641985499 0.025069408722416753
-3.749638316920333 3.66616025067144 2.7912784413543927 976.9224298410118 647.1420796855818 562.8662530332804 272.70944976154715 3.285561394862056 3.829350878072975 -2088.3582087912187 -0.04881214512307663 22.70789796094157 -4826.037985535772 -2.045773056289883e-05 0.004606547641985499 0.025069408722416753
-3.7290143240823754 3.6150913160250666 2.764343593947446 971.1907510235906 646.0007835538127 555.9691926911473 266.99213271867484 3.285561394862056 3.829350878072975 -2088.3582087912187 -0.04881214512307663 22.70789796094157 -4826.037985535772 -2.045773056289883e-05 0.004606547641985499 0.025069408722416753
-3.7024977618621353 3.563040286481648 2.6779450445888693 965.3580375164747 644.7915142714046 546.3144240453839 259.9422935973853 3.285561394862056 3.829350878072975 -2088.3582087912187 -0.04881214512307663 22.70789796094157 -4826.037985535772 -2.045773056289883e-05 0.004606547641985499 0.025069408722416753
-3.6691065353625865 3.5100071620411817 2.579671091333034 959.4660867117345 643.5057744947262 533.4520433023572 251.42591517139226 3.285561394862056 3.829350878072975 -2088.3582087912187 -0.04881214512307663 22.70789796094157 -4826.037985535772 -2.045773056289883e-05 0.004606547641985499 0.025069408722416753
-3.630804834377805 3.4559919427036707 2.5247914298017635 953.5594850992784 642.1345526396763 516.9099635779858 241.30582761298865 3.285561394862056 3.829350878072975 -2088.3582087912187 -0.04881214512307663 22.70789796094157 -4826.037985535772 -2.045773056289883e-05 0.004606547641985499 0.025069408722416753
-3.5895568487018847 3.4019767233661593 2.489421241832692 947.6856082659215 640.6683228772599 496.1939147114754 229.44170850422233 3.285561394862056 3.829350878072975 -2088.3582087912187 -0.04881214512307663 22.70789796094157 -4826.037985535772 -2.045773056289883e-05 0.004606547641985499 0.025069408722416753
-3.548308863025969 3.345015219337512 2.514849752378763 941.8946208748966 639.0970451359171 470.7874435707927 215.69008279498667 3.285561394862056 3.829350878072975 -2088.3582087912187 -0.04881214512307663 22.70789796094157 -4826.037985535772 -2.045773056289883e-05 0.004606547641985499 0.025069408722416753
-3.50116830796778 3.288053715308864 2.450255724820355 936.2394766984507 637.4101650987286 440.151913844049 199.90432284399867 3.285561394862056 3.829350878072975 -2088.3582087912187 -0.04881214512307663 22.70789796094157 -4826.037985535772 -2.045773056289883e-05 0.004606547641985499 0.025069408722416753
-3.4540277529095866 3.230110116383169 2.4586383436994583 930.775918584317 635.5966142071411 403.7265060171485 181.93464839365333 3.285561394862056 3.829350878072975 -2088.3582087912187 -0.04881214512307663 22.70789796094157 -4826.037985535772 -2.045773056289883e-05 0.004606547641985499 0.025069408722416753
-3.4098334825425365 3.1721665174574745 2.490005467666992 925.5624784780666 633.6448096607346 360.92821757495403 161.62812659144402 3.285561394862056 3.829350878072975 -2088.3582087912187 -0.04881214512307663 22.70789796094157 -4826.037985535772 -2.045773056289883e-05 0.004606547641985499 0.025069408722416753
-3.362692927484343 3.11422291853178 2.4586383436994583 920.6604774221778 631.5426544104703 311.1518626883626 138.82867196109146 3.285561394862056 3.829350878072975 -2088.3582087912187 -0.04881214512307663 22.70789796094157 -4826.037985535772 -2.045773056289883e-05 0.004606547641985499 0.025069408722416753
-3.317516562220239 3.0562793196060873 2.4793771523335715 916.1340255336836 629.2775371687021 253.77007262408733 113.37704643700272 3.285561394862056 3.829350878072975 -2088.3582087912187 -0.04881214512307663 22.70789796094157 -4826.037985535772 -2.045773056289883e-05 0.004606547641985499 0.025069408722416753
