25 -1.687239033124438 3.8890957923008047 0.5269432271894049 -0.78960429722471 4.733697403760071
-1.687239033124438 3.8890957923008047 0.5269432271894049 991.1085112690926 599.3126069158316 603.5859692394733 208.7492175102234 4.213449099752755 4.8858707033545725 -2518.2725994405 0.017788472754214923 24.79654474050922 -3340.43765099707 1.210294874846667e-05 0.005865511586849642 0.20634611827434168
-1.6597403760071576 3.9401647269471796 0.49394136891960466 994.8463448137045 597.7722835764289 613.9418963193893 208.64315974712372 4.213449099752755 4.8858707033545725 -2518.2725994405 0.017788472754214923 24.79654474050922 -3340.43765099707 1.210294874846667e-05 0.005865511586849642 0.20634611827434168
-1.6332238137869268 3.988287376902418 0.5036262961240598 998.2790307179093 596.3184505924582 626.1469956934452 214.94388008117676 4.213449099752755 4.8858707033545725 -2518.2725994405 0.017788472754214923 24.79654474050922 -3340.43765099707 1.210294874846667e-05 0.005865511586849642 0.20634611827434168
-1.6067072515666914 4.031499552372428 0.550385947676827 1001.451667226851 594.9084897637367 639.8613440692425 226.19604778289795 4.213449099752755 4.8858707033545725 -2518.2725994405 0.017788472754214923 24.79654474050922 -3340.43765099707 1.210294874846667e-05 0.005865511586849642 0.20634611827434168
-1.581172784243505 4.073729632945388 0.543832456302135 1004.4043191969395 593.5049972906709 654.776309877634 241.07658576965332 4.213449099752755 4.8858707033545725 -2518.2725994405 0.017788472754214923 24.79654474050922 -3340.43765099707 1.210294874846667e-05 0.005865511586849642 0.20634611827434168
-1.5566204118173637 4.114977618621306 0.5369107427400408 1007.1720179095864 592.0757837817073 670.614551872015 258.3946695327759 4.213449099752755 4.8858707033545725 -2518.2725994405 0.017788472754214923 24.79654474050922 -3340.43765099707 1.210294874846667e-05 0.005865511586849642 0.20634611827434168
-1.5301038495971326 4.154261414503132 0.5937496667107399 1009.7847613692284 590.593874014914 687.1300202906132 277.0917296409607 4.213449099752755 4.8858707033545725 -2518.2725994405 0.017788472754214923 24.79654474050922 -3340.43765099707 1.210294874846667e-05 0.005865511586849642 0.20634611827434168
-1.5026051924798525 4.191581020590867 0.6350267353903505 1012.2675139755011 589.0375073552132 704.1079567968845 296.241450548172 4.213449099752755 4.8858707033545725 -2518.2725994405 0.017788472754214923 24.79654474050922 -3340.43765099707 1.210294874846667e-05 0.005865511586849642 0.20634611827434168
-1.4751065353625723 4.226936436884512 0.6610431688507 1014.6402067765594 587.3901373296976 721.3648941218853 315.0497713088989 4.213449099752755 4.8858707033545725 -2518.2725994405 0.017788472754214923 24.79654474050922 -3340.43765099707 1.210294874846667e-05 0.005865511586849642 0.20634611827434168
-1.4456436884512025 4.261309758281111 0.7086262721276703 1016.9177373722196 585.6404319107533 738.7486560046673 332.85488390922546 4.213449099752755 4.8858707033545725 -2518.2725994405 0.017788472754214923 24.79654474050922 -3340.43765099707 1.210294874846667e-05 0.005865511586849642 0.20634611827434168
-1.411270367054609 4.2976472694718 0.7576275268039563 1019.1099698990583 583.7822734043002 756.1383573412895 349.12723422050476 4.213449099752755 4.8858707033545725 -2518.2725994405 0.017788472754214923 24.79654474050922 -3340.43765099707 1.210294874846667e-05 0.005865511586849642 0.20634611827434168
-1.3739507609668766 4.333984780662488 0.7987307066915826 1021.2217350453138 581.8147584721446 773.4444043636322 363.4695237874985 4.213449099752755 4.8858707033545725 -2518.2725994405 0.017788472754214923 24.79654474050922 -3340.43765099707 1.210294874846667e-05 0.005865511586849642 0.20634611827434168
-1.3327027752909608 4.374250671441361 0.797445773251596 1023.2528300732374 579.7421980723739 790.6084946393967 375.6167063713074 4.213449099752755 4.8858707033545725 -2518.2725994405 0.017788472754214923 24.79654474050922 -3340.43765099707 1.210294874846667e-05 0.005865511586849642 0.20634611827434168
-1.2875264100268569 4.415498657117279 0.8308214428190593 1025.1980187296867 577.5741176307201 807.6036164462566 385.4359892606735 4.213449099752755 4.8858707033545725 -2518.2725994405 0.017788472754214923 24.79654474050922 -3340.43765099707 1.210294874846667e-05 0.005865511586849642 0.20634611827434168
-1.244314234556847 4.454782452999103 0.8329812666744703 1027.0470314398408 575.325256742537 824.4340495467186 392.9268354177475 4.213449099752755 4.8858707033545725 -2518.2725994405 0.017788472754214923 24.79654474050922 -3340.43765099707 1.210294874846667e-05 0.005865511586849642 0.20634611827434168
-1.2001199641897924 4.4921020590868395 0.8695364039285957 1028.7845650687814 573.0155695900321 841.1353647112846 398.2209619283676 4.213449099752755 4.8858707033545725 -2518.2725994405 0.017788472754214923 24.79654474050922 -3340.43765099707 1.210294874846667e-05 0.005865511586849642 0.20634611827434168
-1.1559256938227378 4.527457475380483 0.8960553845713563 1030.3902831152081 570.6702244877815 857.7744243144989 401.5823383331299 4.213449099752755 4.8858707033545725 -2518.2725994405 0.017788472754214923 24.79654474050922 -3340.43765099707 1.210294874846667e-05 0.005865511586849642 0.20634611827434168
-1.113695613249777 4.560848701880036 0.9017533286042793 1031.8388155922294 568.3196042478085 874.4493812322617 403.40718841552734 4.213449099752755 4.8858707033545725 -2518.2725994405 0.017788472754214923 24.79654474050922 -3340.43765099707 1.210294874846667e-05 0.005865511586849642 0.20634611827434168
-1.069501342882718 4.5922757385854975 0.9526521008597504 1033.0997590869665 565.9993059560657 891.2896798849106 404.2239912748337 4.213449099752755 4.8858707033545725 -2518.2725994405 0.017788472754214923 24.79654474050922 -3340.43765099707 1.210294874846667e-05 0.005865511586849642 0.20634611827434168
-1.027271262309753 4.619774395702775 0.9936041129214624 1034.1376767009497 563.7501410469413 908.4560560286045 404.6934789419174 4.213449099752755 4.8858707033545725 -2518.2725994405 0.017788472754214923 24.79654474050922 -3340.43765099707 1.210294874846667e-05 0.005865511586849642 0.20634611827434168
-0.9870053715308819 4.642362578334825 1.0595656145171062 1034.9120981916785 561.6181353852153 926.1405363082886 405.6086378097534 4.213449099752755 4.8858707033545725 -2518.2725994405 0.017788472754214923 24.79654474050922 -3340.43765099707 1.210294874846667e-05 0.005865511586849642 0.20634611827434168
-0.9487036705460958 4.662004476275736 1.0969449903002393 1035.3775197565556 559.6545290723443 944.5664385557175 407.89470624923706 4.213449099752755 4.8858707033545725 -2518.2725994405 0.017788472754214923 24.79654474050922 -3340.43765099707 1.210294874846667e-05 0.005865511586849642 0.20634611827434168
-0.9104019695613188 4.678700089525515 1.1597317794049393 1035.4834041446447 557.9157766848803 963.9883720874786 412.6091810464859 4.213449099752755 4.8858707033545725 -2518.2725994405 0.017788472754214923 24.79654474050922 -3340.43765099707 1.210294874846667e-05 0.005865511586849642 0.20634611827434168
-0.8740644583706357 4.695395702775292 1.1401038154083132 1035.1741808280349 556.4635470286012 984.6922368705273 420.94180858135223 4.213449099752755 4.8858707033545725 -2518.2725994405 0.017788472754214923 24.79654474050922 -3340.43765099707 1.210294874846667e-05 0.005865511586849642 0.20634611827434168
-0.8347806624888093 4.713073410922111 1.1479424006620127 1034.3892456144094 555.3647233769298 1006.9952245950699 434.2145915031433 4.213449099752755 4.8858707033545725 -2518.2725994405 0.017788472754214923 24.79654474050922 -3340.43765099707 1.210294874846667e-05 0.005865511586849642 0.20634611827434168
-0.78960429722471 4.733697403760071 1.1425321739182097 1031.94879290089 548.7801212659106 783.0195977985859 358.38682936131954 4.213449099752755 4.8858707033545725 -2518.2725994405 0.017788472754214923 24.79654474050922 -3340.43765099707 1.210294874846667e-05 0.005865511586849642 0.20634611827434168
-0.7463921217547046 4.75432139659803 1.1160770519739192 1033.2482999507338 547.390710119158 762.2418089807034 336.4842204749584 4.213449099752755 4.8858707033545725 -2518.2725994405 0.017788472754214923 24.79654474050922 -3340.43765099707 1.210294874846667e-05 0.005865511586849642 0.20634611827434168
-0.698269471799471 4.7769095792300815 1.123276351637712 1034.7232488021255 545.9517879660707 746.4676361978054 318.0932587236166 4.213449099752755 4.8858707033545725 -2518.2725994405 0.017788472754214923 24.79654474050922 -3340.43765099707 1.210294874846667e-05 0.005865511586849642 0.20634611827434168
-0.6511289167412776 4.800479856759177 1.0990188156142284 1036.336010960862 544.4688170852605 735.0909894108772 302.87962609529495 4.213449099752755 4.8858707033545725 -2518.2725994405 0.017788472754214923 24.79654474050922 -3340.43765099707 1.210294874846667e-05 0.005865511586849642 0.20634611827434168
-0.5990778871978604 4.831906893464637 1.0222469243443446 1038.0504789538682 542.947149586631 727.5317206382751 290.521915435791 4.213449099752755 4.8858707033545725 -2518.2725994405 0.017788472754214923 24.79654474050922 -3340.43765099707 1.210294874846667e-05 0.005865511586849642 0.20634611827434168
-0.5480089525514835 4.866280214861233 0.9741359309176095 1039.83206634596 541.3920274202246 723.235622793436 280.71163038909435 4.093504612277339 4.796653189147674 -2461.5114902523987 1.301753699594263e-15 24.543988852890916 -3433.674701820748 5.440605675301206e-19 0.00574540974578175 0.1962240443504144
-0.4989042076992006 4.9006535362578365 0.9561333748726751 1041.647707760334 539.808582368074 721.6744312644005 273.153185158968 4.093504612277339 4.796653189147674 -2461.5114902523987 1.301753699594263e-15 24.543988852890916 -3433.674701820748 5.440605675301206e-19 0.00574540974578175 0.1962240443504144
-0.4556920322291907 4.934044762757387 0.9097531579442097 1043.4658588580787 538.2018360509537 722.3458229899406 267.56390480697155 4.093504612277339 4.796653189147674 -2461.5114902523987 1.301753699594263e-15 24.543988852890916 -3433.674701820748 5.440605675301206e-19 0.00574540974578175 0.1962240443504144
-0.4183724261414539 4.964489704565804 0.8836721166534619 1045.256496347487 536.5766999234911 724.7734168469906 263.6740250736475 4.093504612277339 4.796653189147674 -2461.5114902523987 1.301753699594263e-15 24.543988852890916 -3433.674701820748 5.440605675301206e-19 0.00574540974578175 0.1962240443504144
-0.3879274843330349 4.991988361683082 0.8345388978135343 1046.991117976606 534.9379752795212 728.5067731440067 261.2266925275326 4.093504612277339 4.796653189147674 -2461.5114902523987 1.301753699594263e-15 24.543988852890916 -3433.674701820748 5.440605675301206e-19 0.00574540974578175 0.1962240443504144
-0.36533930170099194 5.018504923903313 0.7086262721276034 1048.6427425388247 533.2903532437049 733.1213943362236 259.97796426713467 4.093504612277339 4.796653189147674 -2461.5114902523987 1.301753699594263e-15 24.543988852890916 -3433.674701820748 5.440605675301206e-19 0.00574540974578175 0.1962240443504144
-0.34471530886303403 5.045021486123546 0.6610431688506577 1050.1859098635614 531.6384147806093 738.218724578619 259.6968081742525 4.093504612277339 4.796653189147674 -2461.5114902523987 1.301753699594263e-15 24.543988852890916 -3433.674701820748 5.440605675301206e-19 0.00574540974578175 0.1962240443504144
-0.3280196956132596 5.0725201432408245 0.5456550545269515 1051.5966808497906 529.9866306895856 743.4261495471001 260.16510321199894 4.093504612277339 4.796653189147674 -2461.5114902523987 1.301753699594263e-15 24.543988852890916 -3433.674701820748 5.440605675301206e-19 0.00574540974578175 0.1962240443504144
-0.31230617726053 5.100018800358105 0.5191461142464705 1052.8526374083012 528.3393616061658 748.3969970345497 261.1776385009289 4.093504612277339 4.796653189147674 -2461.5114902523987 1.301753699594263e-15 24.543988852890916 -3433.674701820748 5.440605675301206e-19 0.00574540974578175 0.1962240443504144
-0.29855684870188987 5.124571172784246 0.5104883219168035 1053.9328825194389 526.7008580004331 752.8105363547802 262.5421143770218 4.093504612277339 4.796653189147674 -2461.5114902523987 1.301753699594263e-15 24.543988852890916 -3433.674701820748 5.440605675301206e-19 0.00574540974578175 0.1962240443504144
-0.283825425246205 5.149123545210385 0.5404195002706242 1054.8180401939899 525.0752601800486 756.371978789568 264.0791416615248 4.093504612277339 4.796653189147674 -2461.5114902523987 1.301753699594263e-15 24.543988852890916 -3433.674701820748 5.440605675301206e-19 0.00574540974578175 0.1962240443504144
-0.26516562220233664 5.175640107430618 0.6132073488745239 1055.4902554899454 523.4665982872248 758.8124776184559 265.62224201858044 4.093504612277339 4.796653189147674 -2461.5114902523987 1.301753699594263e-15 24.543988852890916 -3433.674701820748 5.440605675301206e-19 0.00574540974578175 0.1962240443504144
-0.24159534467323993 5.202156669650852 0.726642340681736 1055.9331944920123 521.8787923005875 759.8891270756721 267.0178475677967 4.093504612277339 4.796653189147674 -2461.5114902523987 1.301753699594263e-15 24.543988852890916 -3433.674701820748 5.440605675301206e-19 0.00574540974578175 0.1962240443504144
-0.21311459265891494 5.226709042076993 0.8593372010554041 1056.1320443730801 520.3156520347111 759.3849642276764 268.1253016591072 4.093504612277339 4.796653189147674 -2461.5114902523987 1.301753699594263e-15 24.543988852890916 -3433.674701820748 5.440605675301206e-19 0.00574540974578175 0.1962240443504144
-0.17579498657118262 5.253225604297226 0.9530406012286221 1056.0735132992268 518.7808771405835 757.1089670360088 268.81685791909695 4.093504612277339 4.796653189147674 -2461.5114902523987 1.301753699594263e-15 24.543988852890916 -3433.674701820748 5.440605675301206e-19 0.00574540974578175 0.1962240443504144
-0.13552909579231154 5.275813786929278 1.059565614517064 1055.7458305191249 517.2780571042094 752.8960558176041 268.97768096625805 4.093504612277339 4.796653189147674 -2461.5114902523987 1.301753699594263e-15 24.543988852890916 -3433.674701820748 5.440605675301206e-19 0.00574540974578175 0.1962240443504144
-0.09035273052821216 5.295455684870189 1.16066898625344 1055.138746311888 515.8106712482404 746.6070925295353 268.50584606826305 4.093504612277339 4.796653189147674 -2461.5114902523987 1.301753699594263e-15 24.543988852890916 -3433.674701820748 5.440605675301206e-19 0.00574540974578175 0.1962240443504144
-0.04223008057296955 5.309205013428829 1.2924966677897975 1054.243531981483 514.3820887296461 738.1288806796074 267.31233920156956 4.093504612277339 4.796653189147674 -2461.5114902523987 1.301753699594263e-15 24.543988852890916 -3433.674701820748 5.440605675301206e-19 0.00574540974578175 0.1962240443504144
0.003928379588179059 5.3190259623992855 1.361156480920696 1053.0529799163342 512.9955685439054 727.374165982008 265.3210570663214 4.093504612277339 4.796653189147674 -2461.5114902523987 1.301753699594263e-15 24.543988852890916 -3433.674701820748 5.440605675301206e-19 0.00574540974578175 0.1962240443504144
0.05008683974932767 5.322954341987469 1.4858945333451603 1051.5614035017788 511.65425951965153 714.2816353142262 262.4688071757555 4.093504612277339 4.796653189147674 -2461.5114902523987 1.301753699594263e-15 24.543988852890916 -3433.674701820748 5.440605675301206e-19 0.00574540974578175 0.1962240443504144
0.09624529991047628 5.3190259623992855 1.6556981202446328 1049.7646372076124 510.3612003235612 698.8159180283546 258.70530769228935 4.093504612277339 4.796653189147674 -2461.5114902523987 1.301753699594263e-15 24.543988852890916 -3433.674701820748 5.440605675301206e-19 0.00574540974578175 0.1962240443504144
0.14338585496866518 5.309205013428831 1.7761917159846299 1047.6600365359336 509.1193194568623 680.9675850570202 253.993187636137 4.093504612277339 4.796653189147674 -2461.5114902523987 1.301753699594263e-15 24.543988852890916 -3433.674701820748 5.440605675301206e-19 0.00574540974578175 0.1962240443504144
0.18856222023276456 5.292509400179054 1.9247937636268078 1045.2464780211449 507.9314352571964 660.7531485855579 248.3079865127802 4.093504612277339 4.796653189147674 -2461.5114902523987 1.301753699594263e-15 24.543988852890916 -3433.674701820748 5.440605675301206e-19 0.00574540974578175 0.1962240443504144
0.2288281110116312 5.266974932855868 2.1359457668017003 1042.5243592392653 506.80025589838624 638.2150630950928 241.63815481960773 4.093504612277339 4.796653189147674 -2461.5114902523987 1.301753699594263e-15 24.543988852890916 -3433.674701820748 5.440605675301206e-19 0.00574540974578175 0.1962240443504144
0.2622193375111845 5.232601611459268 2.370686229257864 1039.4955988302827 505.72837938927114 613.4217249453068 233.98505368828773 4.093504612277339 4.796653189147674 -2461.5114902523987 1.301753699594263e-15 24.543988852890916 -3433.674701820748 5.440605675301206e-19 0.00574540974578175 0.1962240443504144
0.292664279319599 5.190371530886305 2.5169572308181887 1036.1636364590377 504.7182935751043 586.4674719274044 225.36295486986637 4.093504612277339 4.796653189147674 -2461.5114902523987 1.301753699594263e-15 24.543988852890916 -3433.674701820748 5.440605675301206e-19 0.00574540974578175 0.1962240443504144
0.31623455684869567 5.139302596239928 2.709184878019261 1032.5334328562021 503.7723761377856 557.4725837409496 215.7990410476923 4.093504612277339 4.796653189147674 -2461.5114902523987 1.301753699594263e-15 24.543988852890916 -3433.674701820748 5.440605675301206e-19 0.00574540974578175 0.1962240443504144
0.3358764547896088 5.082341092211281 2.8095331860469055 1028.6114697698504 502.89289459353313 526.5832819640636 205.33340546488762 4.093504612277339 4.796653189147674 -2461.5114902523987 1.301753699594263e-15 24.543988852890916 -3433.674701820748 5.440605675301206e-19 0.00574540974578175 0.1962240443504144
0.35846463742166074 5.018504923903315 2.801495534079995 1024.4057500101626 502.0820062959101 493.97173005342484 194.01905231177807 4.093504612277339 4.796653189147674 -2461.5114902523987 1.301753699594263e-15 24.543988852890916 -3433.674701820748 5.440605675301206e-19 0.00574540974578175 0.1962240443504144
0.3781065353625739 4.949758281110119 2.8632929945846817 1019.9257974363863 501.3417584327981 459.83603262901306 181.92189624905586 4.093504612277339 4.796653189147674 -2461.5114902523987 1.301753699594263e-15 24.543988852890916 -3433.674701820748 5.440605675301206e-19 0.00574540974578175 0.1962240443504144
0.39087376902416476 4.87708325872874 2.9676914644519443 1015.1826569270343 500.6740880298894 424.4002367258072 169.1207626760006 4.093504612277339 4.796653189147674 -2461.5114902523987 1.301753699594263e-15 24.543988852890916 -3433.674701820748 5.440605675301206e-19 0.00574540974578175 0.1962240443504144
0.39873052820052735 4.800479856759174 3.0393859354825796 1010.1888944264501 500.0808219462633 387.91433119773865 155.7073881328106 4.093504612277339 4.796653189147674 -2461.5114902523987 1.301753699594263e-15 24.543988852890916 -3433.674701820748 5.440605675301206e-19 0.00574540974578175 0.1962240443504144
0.40560519247984966 4.7238764547896155 3.0520888352381452 1004.9585969224572 499.5636768799741 350.6542461812496 141.78641940653324 4.093504612277339 4.796653189147674 -2461.5114902523987 1.301753699594263e-15 24.543988852890916 -3433.674701820748 5.440605675301206e-19 0.00574540974578175 0.1962240443504144
0.41051566696507796 4.649237242614144 3.0758978520373295 999.5073724258691 499.1242593640927 312.9218540787697 127.47541417181492 4.093504612277339 4.796653189147674 -2461.5114902523987 1.301753699594263e-15 24.543988852890916 -3433.674701820748 5.440605675301206e-19 0.00574540974578175 0.1962240443504144
0.4154261414503062 4.574598030438675 3.0758978520373277 993.8523500021547 498.7640657641459 275.0449686050415 112.904840990901 4.093504612277339 4.796653189147674 -2461.5114902523987 1.301753699594263e-15 24.543988852890916 -3433.674701820748 5.440605675301206e-19 0.00574540974578175 0.1962240443504144
0.41837242614144055 4.498976723366159 3.1026513104927895 988.0121797900647 498.4844822874293 237.37734574079514 98.21807892620564 4.093504612277339 4.796653189147674 -2461.5114902523987 1.301753699594263e-15 24.543988852890916 -3433.674701820748 5.440605675301206e-19 0.00574540974578175 0.1962240443504144
0.4203366159355345 4.426301700984779 3.1145722044024917 982.0070329196751 498.2867849706672 200.29868283867836 83.57141801714897 4.093504612277339 4.796653189147674 -2461.5114902523987 1.301753699594263e-15 24.543988852890916 -3433.674701820748 5.440605675301206e-19 0.00574540974578175 0.1962240443504144
0.420336615935539 4.352644583706357 3.1415926535897327 975.8586016111076 498.1721396930516 164.21461924910545 69.13405868411064 4.093504612277339 4.796653189147674 -2461.5114902523987 1.301753699594263e-15 24.543988852890916 -3433.674701820748 5.440605675301206e-19 0.00574540974578175 0.1962240443504144
0.4173903312444002 4.27996956132498 3.1821110060681654 969.5900991093367 498.14160216320306 129.55673629045486 55.088112622499466 4.093504612277339 4.796653189147674 -2461.5114902523987 1.301753699594263e-15 24.543988852890916 -3433.674701820748 5.440605675301206e-19 0.00574540974578175 0.1962240443504144
0.4124798567591719 4.206312444046556 3.208160817365617 963.2262596841902 498.19611793220975 96.78255659341812 41.62860155105591 4.093504612277339 4.796653189147674 -2461.5114902523987 1.301753699594263e-15 24.543988852890916 -3433.674701820748 5.440605675301206e-19 0.00574540974578175 0.1962240443504144
0.4075693822739436 4.133637421665178 3.209057678111699 956.7933386880904 498.33652238035575 66.37554487586021 28.963458612561226 4.093504612277339 4.796653189147674 -2461.5114902523987 1.301753699594263e-15 24.543988852890916 -3433.674701820748 5.440605675301206e-19 0.00574540974578175 0.1962240443504144
0.41444404655326145 4.061944494180843 2.915780972046464 950.319112489 498.5635407299269 38.84510746598244 17.31352722644806 4.093504612277339 4.796653189147674 -2461.5114902523987 1.301753699594263e-15 24.543988852890916 -3433.674701820748 5.440605675301206e-19 0.00574540974578175 0.1962240443504144
0.41640823634735546 3.9882873769024165 2.9849907766077455 943.8328785058111 498.87778803450055 14.72659295797348 6.912561684846878 4.093504612277339 4.796653189147674 -2461.5114902523987 1.301753699594263e-15 24.543988852890916 -3433.674701820748 5.440605675301206e-19 0.00574540974578175 0.1962240443504144
0.41640823634735097 3.913648164726945 3.0124453634618322 937.3654552157968 499.27976918639615 -5.418709069490433 -1.992773026227951 4.093504612277339 4.796653189147674 -2461.5114902523987 1.301753699594263e-15 24.543988852890916 -3433.674701820748 5.440605675301206e-19 0.00574540974578175 0.1962240443504144
0.41640823634735097 3.8380268576544303 3.0140830953745543 930.9491821117699 499.76987891225144 -21.003566592931747 -9.14290103316307 4.093504612277339 4.796653189147674 -2461.5114902523987 1.301753699594263e-15 24.543988852890916 -3433.674701820748 5.440605675301206e-19 0.00574540974578175 0.1962240443504144
0.4124798567591675 3.7604413607878233 3.0667328058790377 924.6179197579622 500.34840177511796 -31.41480615735054 -14.265335947275162 3.179026820337157 3.6904513604165947 -1902.7578558363332 0.04520974861754479 21.854424163628543 -4195.3431581379955 1.894792481875322e-05 0.0044158627029727456 0.14860163248319638
0.4075693822739436 3.6828558639212146 3.079173843593781 918.4070497527719 501.0155121739954 -36.013312339782715 -17.074680402874947 3.179026820337157 3.6904513604165947 -1902.7578558363332 0.04520974861754479 21.854424163628543 -4195.3431581379955 1.894792481875322e-05 0.0044158627029727456 0.14860163248319638
0.39087376902416476 3.6062524619516547 3.2299694397346776 912.3534747213125 501.7712743442971 -34.13402798771858 -17.272626504302025 3.179026820337157 3.6904513604165947 -1902.7578558363332 0.04520974861754479 21.854424163628543 -4195.3431581379955 1.894792481875322e-05 0.0044158627029727456 0.14860163248319638
0.37123187108325606 3.53063115487914 3.2691022118049746 906.495618371293 502.61564235552214 -25.08595445752144 -14.547955751419067 3.179026820337157 3.6904513604165947 -1902.7578558363332 0.04520974861754479 21.854424163628543 -4195.3431581379955 1.894792481875322e-05 0.0044158627029727456 0.14860163248319638
0.3515899731423429 3.4559919427036694 3.270739943717812 900.8734254166484 503.5484601149801 -8.15215066075325 -8.57653859257698 3.179026820337157 3.6904513604165947 -1902.7578558363332 0.04520974861754479 21.854424163628543 -4195.3431581379955 1.894792481875322e-05 0.0044158627029727456 0.14860163248319638
0.32998388540733575 3.3833169203222933 3.3002479157762346 895.5283616445959 504.5694613659289 17.410265803337097 0.9786652624607086 3.179026820337157 3.6904513604165947 -1902.7578558363332 0.04520974861754479 21.854424163628543 -4195.3431581379955 1.894792481875322e-05 0.0044158627029727456 0.14860163248319638
0.292664279319599 3.309659803043869 3.6105593613621343 890.5034138448536 505.6782696857117 52.370118856430054 14.467606484889984 3.179026820337157 3.6904513604165947 -1902.7578558363332 0.04520974861754479 21.854424163628543 -4195.3431581379955 1.894792481875322e-05 0.0044158627029727456 0.14860163248319638
0.2543625783348174 3.236984780662487 3.626627375442321 885.8430899046361 506.8743984887842 97.52217480540276 32.253146812319756 3.179026820337157 3.6904513604165947 -1902.7578558363332 0.04520974861754479 21.854424163628543 -4195.3431581379955 1.894792481875322e-05 0.0044158627029727456 0.14860163248319638
0.21704297224708508 3.1662739480752013 3.6272147468872427 881.5934187062085 508.15725102555007 153.6871413588524 54.7110585719347 3.179026820337157 3.6904513604165947 -1902.7578558363332 0.04520974861754479 21.854424163628543 -4195.3431581379955 1.894792481875322e-05 0.0044158627029727456 0.14860163248319638
0.1718666069829857 3.0975273052820054 3.7229728373946838 877.8019502256066 509.5261203816626 221.7116683125496 82.23002471029758 3.179026820337157 3.6904513604165947 -1902.7578558363332 0.04520974861754479 21.854424163628543 -4195.3431581379955 1.894792481875322e-05 0.0044158627029727456 0.14860163248319638
0.12374395702775202 3.0327090420769927 3.780227620743749 874.5177554432303 510.98018947965465 302.4683466553688 115.21163918077946 3.179026820337157 3.6904513604165947 -1902.7578558363332 0.04520974861754479 21.854424163628543 -4195.3431581379955 1.894792481875322e-05 0.0044158627029727456 0.14860163248319638
0.07562130707251388 2.9688728737690226 3.7875507598958955 871.7914263755083 512.5185310770757 396.8557100594044 154.0704064965248 3.179026820337157 3.6904513604165947 -1902.7578558363332 0.04520974861754479 21.854424163628543 -4195.3431581379955 1.894792481875322e-05 0.0044158627029727456 0.14860163248319638
0.03535541629363833 2.9079829901521914 3.725863931170739 869.6750761382282 514.1401077683549 505.7982332110405 199.23374186456203 3.179026820337157 3.6904513604165947 -1902.7578558363332 0.04520974861754479 21.854424163628543 -4195.3431581379955 1.894792481875322e-05 0.0044158627029727456 0.14860163248319638
-0.0049104744852372225 2.8470931065353624 3.725863931170756 868.2223388329148 515.8437719815411 630.2463323771954 251.1419713795185 3.179026820337157 3.6904513604165947 -1902.7578558363332 0.04520974861754479 21.854424163628543 -4195.3431581379955 1.894792481875322e-05 0.0044158627029727456 0.14860163248319638
-0.04910474485228737 2.790131602506715 3.8014410798786704 867.4883696381003 517.6282659843564 771.1763668060303 310.2483317106962 3.179026820337157 3.6904513604165947 -1902.7578558363332 0.04520974861754479 21.854424163628543 -4195.3431581379955 1.894792481875322e-05 0.0044158627029727456 0.14860163248319638
