22 0.006874664279322287 3.4078692927484324 1.3045442776439713 1.0832506714413672 3.016995523724261
0.006874664279322287 3.4078692927484324 1.3045442776439713 908.3924897313118 514.9267534911633 739.4269901141524 277.8162981271744 3.0786538723169055 3.6144830976586597 -1824.9996539090466 -0.08788342480237639 21.475729858855708 -3988.504644500234 -3.683295255757599e-05 0.004344197369944545 0.20029600965436403
0.06088988361683348 3.422600716204115 1.3045442776440097 909.0435344129801 513.8049690872431 745.2907958775759 300.74910455942154 3.0786538723169055 3.6144830976586597 -1824.9996539090466 -0.08788342480237639 21.475729858855708 -3988.504644500234 -3.683295255757599e-05 0.004344197369944545 0.20029600965436403
0.11981557743957297 3.438314234556847 1.3101939350475345 909.6581530421972 512.4337276518345 750.8451362773776 320.9074152112007 3.0786538723169055 3.6144830976586597 -1824.9996539090466 -0.08788342480237639 21.475729858855708 -3988.504644500234 -3.683295255757599e-05 0.004344197369944545 0.20029600965436403
0.17186660698299464 3.455009847806626 1.2604089196625086 910.1550752520561 510.8832684978843 756.0626762136817 338.2727392911911 3.0786538723169055 3.6144830976586597 -1824.9996539090466 -0.08788342480237639 21.475729858855708 -3988.504644500234 -3.683295255757599e-05 0.004344197369944545 0.20029600965436403
0.22686392121755058 3.4687591763652637 1.3258176636680516 910.4637037962675 509.2163516879082 760.9238363429904 352.87340342998505 3.0786538723169055 3.6144830976586597 -1824.9996539090466 -0.08788342480237639 21.475729858855708 -3988.504644500234 -3.683295255757599e-05 0.004344197369944545 0.20029600965436403
0.2857896150402901 3.479562220232765 1.3894765523934212 910.5241146832705 507.4882584884763 765.4167932197452 364.7845541834831 3.0786538723169055 3.6144830976586597 -1824.9996539090466 -0.08788342480237639 21.475729858855708 -3988.504644500234 -3.683295255757599e-05 0.004344197369944545 0.20029600965436403
0.34569740376007435 3.487418979409132 1.440393018905732 910.2870569676161 505.7467908784747 769.5374792665243 374.12815725803375 3.0786538723169055 3.6144830976586597 -1824.9996539090466 -0.08788342480237639 21.475729858855708 -3988.504644500234 -3.683295255757599e-05 0.004344197369944545 0.20029600965436403
0.4134619516562256 3.489383169203224 1.5418189329433292 909.7139529138803 504.0322719588876 773.2895827293396 381.07299691438675 3.0786538723169055 3.6144830976586597 -1824.9996539090466 -0.08788342480237639 21.475729858855708 -3988.504644500234 -3.683295255757599e-05 0.004344197369944545 0.20029600965436403
0.47435183527305913 3.488401074306177 1.5869239606385541 908.7768980562687 502.377545773983 776.6845477372408 385.8346760869026 3.0786538723169055 3.6144830976586597 -1824.9996539090466 -0.08788342480237639 21.475729858855708 -3988.504644500234 -3.683295255757599e-05 0.004344197369944545 0.20029600965436403
0.5430984780662507 3.481526410026857 1.6704649792860715 907.4586609452963 500.80797722935677 779.7415741831064 388.6756175160408 3.0786538723169055 3.6144830976586597 -1824.9996539090466 -0.08788342480237639 21.475729858855708 -3988.504644500234 -3.683295255757599e-05 0.004344197369944545 0.20029600965436403
0.6039883616830797 3.469741271262311 1.7619807863918882 905.7526832967997 499.3414523154497 782.487617880106 389.9050624370575 3.0786538723169055 3.6144830976586597 -1824.9996539090466 -0.08788342480237639 21.475729858855708 -3988.504644500234 -3.683295255757599e-05 0.004344197369944545 0.20029600965436403
0.6580035810205864 3.4530456580125364 1.8705723968948693 903.6630800515413 497.988377854228 784.9573903828859 389.87907087802887 3.0786538723169055 3.6144830976586597 -1824.9996539090466 -0.08788342480237639 21.475729858855708 -3988.504644500234 -3.683295255757599e-05 0.004344197369944545 0.20029600965436403
0.700233661593556 3.4284932855863905 2.097423598228662 901.2046393156052 496.75168174505234 787.1933592408895 389.0005222558975 3.0786538723169055 3.6144830976586597 -1824.9996539090466 -0.08788342480237639 21.475729858855708 -3988.504644500234 -3.683295255757599e-05 0.004344197369944545 0.20029600965436403
0.7463921217547002 3.398048343777974 2.153872861814079 898.4028222858906 495.62681272625923 789.2457478567958 387.71911454200745 3.0786538723169055 3.6144830976586597 -1824.9996539090466 -0.08788342480237639 21.475729858855708 -3988.504644500234 -3.683295255757599e-05 0.004344197369944545 0.20029600965436403
0.7856759176365309 3.3626929274843307 2.303611428581334 895.2937633693218 494.60174053907394 791.1725352704525 386.53136545419693 3.0786538723169055 3.6144830976586597 -1824.9996539090466 -0.08788342480237639 21.475729858855708 -3988.504644500234 -3.683295255757599e-05 0.004344197369944545 0.20029600965436403
0.8210313339301737 3.3234091316025047 2.408777551803299 891.9242701381445 493.65695590525866 793.039456538856 385.98061084747314 3.0786538723169055 3.6144830976586597 -1824.9996539090466 -0.08788342480237639 21.475729858855708 -3988.504644500234 -3.683295255757599e-05 0.004344197369944545 0.20029600965436403
0.8524583706356375 3.2821611459265885 2.4905159321452515 888.3518232554197 492.7654705271125 794.9200026392937 386.65700590610504 3.0786538723169055 3.6144830976586597 -1824.9996539090466 -0.08788342480237639 21.475729858855708 -3988.504644500234 -3.683295255757599e-05 0.004344197369944545 0.20029600965436403
0.8760286481647341 3.237966875559534 2.651635327336049 884.6445767134428 491.8928170725703 796.8954201117158 389.1975249648094 3.0786538723169055 3.6144830976586597 -1824.9996539090466 -0.08788342480237639 21.475729858855708 -3988.504644500234 -3.683295255757599e-05 0.004344197369944545 0.20029600965436403
0.9192408236347396 3.1947547000895242 2.356194490192397 880.8813573420048 490.9970490038395 799.0547116026282 394.28596073389053 3.0786538723169055 3.6144830976586597 -1824.9996539090466 -0.08788342480237639 21.475729858855708 -3988.504644500234 -3.683295255757599e-05 0.004344197369944545 0.20029600965436403
0.9634350940017942 3.151542524619517 2.3449590079343667 877.1516655236483 490.0287409052253 801.4946355745196 402.6529257297516 3.0786538723169055 3.6144830976586597 -1824.9996539090466 -0.08788342480237639 21.475729858855708 -3988.504644500234 -3.683295255757599e-05 0.004344197369944545 0.20029600965436403
1.0115577439570278 3.106366159355415 2.3246260337046185 873.5556745380163 488.9309882596135 804.3197062090039 415.07585072517395 3.0786538723169055 3.6144830976586597 -1824.9996539090466 -0.08788342480237639 21.475729858855708 -3988.504644500234 -3.683295255757599e-05 0.004344197369944545 0.20029600965436403
1.051823634735899 3.0611897940913155 2.413602604829146 870.2042308449745 487.63940753787756 807.6421935781837 432.37898647785187 3.0786538723169055 3.6144830976586597 -1824.9996539090466 -0.08788342480237639 21.475729858855708 -3988.504644500234 -3.683295255757599e-05 0.004344197369944545 0.20029600965436403
1.0832506714413672 3.016995523724261 2.5234484276544986 925.7090584728867 410.9007436595857 912.533051893115 465.3858520500362 3.0786538723169055 3.6144830976586597 -1824.9996539090466 -0.08788342480237639 21.475729858855708 -3988.504644500234 -3.683295255757599e-05 0.004344197369944545 0.20029600965436403
1.1068209489704592 2.975747538048343 2.6224465393433403 903.1833294760436 433.4206972066313 869.5339537113905 439.42202132567763 3.0786538723169055 3.6144830976586597 -1824.9996539090466 -0.08788342480237639 21.475729858855708 -3988.504644500234 -3.683295255757599e-05 0.004344197369944545 0.20029600965436403
1.1264628469113724 2.9325353625783332 2.714965160462925 881.8959660716355 454.7222878038883 831.0059158354998 415.6670776605606 3.0786538723169055 3.6144830976586597 -1824.9996539090466 -0.08788342480237639 21.475729858855708 -3988.504644500234 -3.683295255757599e-05 0.004344197369944545 0.20029600965436403
1.1421763652641022 2.8873589973142337 2.80685581627299 861.8036595731974 474.84892255067825 796.671944975853 394.00195437669754 3.0786538723169055 3.6144830976586597 -1824.9996539090466 -0.08788342480237639 21.475729858855708 -3988.504644500234 -3.683295255757599e-05 0.004344197369944545 0.20029600965436403
1.1647645478961541 2.844146821844226 2.6422459319096343 842.8638193998486 493.8432260956615 766.2624323517084 374.3104458749294 3.0786538723169055 3.6144830976586597 -1824.9996539090466 -0.08788342480237639 21.475729858855708 -3988.504644500234 -3.683295255757599e-05 0.004344197369944545 0.20029600965436403
1.1873527305282014 2.801916741271261 2.6325217651674926 825.0345731247216 511.74704061448574 739.5151537060738 356.4792075678706 3.0786538723169055 3.6144830976586597 -1824.9996539090466 -0.08788342480237639 21.475729858855708 -3988.504644500234 -3.683295255757599e-05 0.004344197369944545 0.20029600965436403
1.1942273948075237 2.7567403760071616 2.9694018390668124 808.274766413495 528.601425839588 716.1752693206072 340.39775585383177 3.0786538723169055 3.6144830976586597 -1824.9996539090466 -0.08788342480237639 21.475729858855708 -3988.504644500234 -3.683295255757599e-05 0.004344197369944545 0.20029600965436403
1.1922632050134299 2.713528200537154 3.164316014431517 792.5439630970359 544.446659039706 695.9953240603209 325.9584682546556 3.0786538723169055 3.6144830976586597 -1824.9996539090466 -0.08788342480237639 21.475729858855708 -3988.504644500234 -3.683295255757599e-05 0.004344197369944545 0.20029600965436403
1.1863706356311567 2.671298119964189 3.2573518713104943 777.8024451062083 559.3222350273281 678.7352471798658 313.0565832480788 3.1589632070482616 3.6809818419912266 -1878.857223858385 0.04414572748490609 21.74026186307865 -4128.428253072342 1.850198134321284e-05 0.0044137227248127325 0.1582723229175184
0.647200537153094 2.449344673231871 4.3212313770068995 764.0112125184387 573.2668661624193 664.1623524576426 301.5902003981173 3.1589632070482616 3.6809818419912266 -1878.857223858385 0.04414572748490609 21.74026186307865 -4128.428253072342 1.850198134321284e-05 0.0044137227248127325 0.1582723229175184
-0.008838854073411817 2.161590868397494 4.298485181412792 751.1319835297763 586.3184823319316 652.0513382405043 291.46028031408787 3.1589632070482616 3.6809818419912266 -1878.857223858385 0.04414572748490609 21.74026186307865 -4128.428253072342 1.850198134321284e-05 0.0044137227248127325 0.1582723229175184
-0.692376902417189 1.847320501342882 4.280894029754588 739.1271944530308 598.5142309758812 642.1842873096466 282.57064455375075 3.1589632070482616 3.6809818419912266 -1878.857223858385 0.04414572748490609 21.74026186307865 -4128.428253072342 1.850198134321284e-05 0.0044137227248127325 0.1582723229175184
-1.3739507609668722 1.5301038495971349 4.276235903974316 727.9599997512996 609.8904770743102 634.350667014718 274.8279758170247 3.1589632070482616 3.6809818419912266 -1878.857223858385 0.04414572748490609 21.74026186307865 -4128.428253072342 1.850198134321284e-05 0.0044137227248127325 0.1582723229175184
-2.0466857654431525 1.2227081468218433 4.283230961247693 717.5942720044404 620.4828031528741 628.3473292440176 268.14181777462363 3.1589632070482616 3.6809818419912266 -1878.857223858385 0.04414572748490609 21.74026186307865 -4128.428253072342 1.850198134321284e-05 0.0044137227248127325 0.1582723229175184
-2.7204028648164686 0.9251333930170093 4.2964662985146855 707.9946019127965 630.3260092660785 623.9785102903843 262.42457515746355 3.1589632070482616 3.6809818419912266 -1878.857223858385 0.04414572748490609 21.74026186307865 -4128.428253072342 1.850198134321284e-05 0.0044137227248127325 0.1582723229175184
-3.3872452999104756 0.6413079677708131 4.309988292149548 699.1262983232737 639.4541130289435 621.0558310747147 257.59151370450854 3.1589632070482616 3.6809818419912266 -1878.857223858385 0.04414572748490609 21.74026186307865 -4128.428253072342 1.850198134321284e-05 0.0044137227248127325 0.1582723229175184
-4.044266786034017 0.37123187108325717 4.3223835308391205 690.9553881939501 647.9003495890647 619.3982969671488 253.56076025217772 3.1589632070482616 3.6809818419912266 -1878.857223858385 0.04414572748490609 21.74026186307865 -4128.428253072342 1.850198134321284e-05 0.0044137227248127325 0.1582723229175184
-4.697359892569375 0.1109767233661578 4.333179619406239 683.4486166071147 655.6971716322005 618.8322978317738 250.25330259650946 3.1589632070482616 3.6809818419912266 -1878.857223858385 0.04414572748490609 21.74026186307865 -4128.428253072342 1.850198134321284e-05 0.0044137227248127325 0.1582723229175184
-5.346524619516559 -0.13847538048343802 4.345519313646214 676.5734467934817 662.876249389723 619.1916081160307 247.59298960119486 3.1589632070482616 3.6809818419912266 -1878.857223858385 0.04414572748490609 21.74026186307865 -4128.428253072342 1.850198134321284e-05 0.0044137227248127325 0.1582723229175184
-5.450626678603398 -0.20034735899731515 4.17614191765338 670.298060093075 669.4684706348926 620.3173866271973 245.50653117522597 3.1589632070482616 3.6809818419912266 -1878.857223858385 0.04414572748490609 21.74026186307865 -4128.428253072342 1.850198134321284e-05 0.0044137227248127325 0.1582723229175184
-5.427056401074301 -0.19052641002685855 1.1760052070951486 664.5913559757173 675.5039406903088 622.0581768453121 243.92349825426936 3.1589632070482616 3.6809818419912266 -1878.857223858385 0.04414572748490609 21.74026186307865 -4128.428253072342 1.850198134321284e-05 0.0044137227248127325 0.1582723229175184
-5.372059086839745 -0.1482963294538957 0.9159642581970733 659.4229520503432 681.0119824074209 624.2699066996574 242.77632280811667 3.1589632070482616 3.6809818419912266 -1878.857223858385 0.04414572748490609 21.74026186307865 -4128.428253072342 1.850198134321284e-05 0.0044137227248127325 0.1582723229175184
-5.313133393017015 -0.09624529991047516 0.8472660092617468 654.7631840463728 686.0211361888796 626.8158886134624 242.00029783323407 3.1589632070482616 3.6809818419912266 -1878.857223858385 0.04414572748490609 21.74026186307865 -4128.428253072342 1.850198134321284e-05 0.0044137227248127325 0.1582723229175184
-5.2610823634735935 -0.048122649955237025 0.8245937653245109 650.5831058118492 690.5591599717736 629.5668195784092 241.53357738628983 3.1589632070482616 3.6809818419912266 -1878.857223858385 0.04414572748490609 21.74026186307865 -4128.428253072342 1.850198134321284e-05 0.0044137227248127325 0.1582723229175184
-5.218852282900628 -0.008838854073412932 0.8418681517671378 646.8544893395156 694.6530292574316 632.4007810354233 241.31717650592327 3.1589632070482616 3.6809818419912266 -1878.857223858385 0.04414572748490609 21.74026186307865 -4128.428253072342 1.850198134321284e-05 0.0044137227248127325 0.1582723229175184
-5.1854610564010795 0.019641897940912045 0.8591425382097646 643.5498247426003 698.3289370499551 635.203238889575 241.29497135058045 3.1589632070482616 3.6809818419912266 -1878.857223858385 0.04414572748490609 21.74026186307865 -4128.428253072342 1.850198134321284e-05 0.0044137227248127325 0.1582723229175184
-5.161890778871978 0.039283795881825206 0.8764169246523914 640.6423202566803 701.6122939251363 637.8670436292887 241.41369902715087 3.1589632070482616 3.6809818419912266 -1878.857223858385 0.04414572748490609 21.74026186307865 -4128.428253072342 1.850198134321284e-05 0.0044137227248127325 0.1582723229175184
-5.144213070725159 0.05008683974932879 0.8936913110950183 638.1059022508562 704.5277280025184 640.2924303412437 241.62295772135258 3.1589632070482616 3.6809818419912266 -1878.857223858385 0.04414572748490609 21.74026186307865 -4128.428253072342 1.850198134321284e-05 0.0044137227248127325 0.1582723229175184
-5.130463742166519 0.054997314234557074 0.9109656975376452 635.9152152184397 707.0990849230438 642.3870184123516 241.87520669028163 3.1589632070482616 3.6809818419912266 -1878.857223858385 0.04414572748490609 21.74026186307865 -4128.428253072342 1.850198134321284e-05 0.0044137227248127325 0.1582723229175184
-5.1186786034019685 0.05205102954341943 0.928240083980272 634.0456217955798 709.3494278863072 644.0658119171858 242.1257661320269 3.1589632070482616 3.6809818419912266 -1878.857223858385 0.04414572748490609 21.74026186307865 -4128.428253072342 1.850198134321284e-05 0.0044137227248127325 0.1582723229175184
-5.112786034019695 0.0491047448522829 0.9455144704228988 632.4732027128339 711.3010376188904 645.2511993050575 242.3328173495829 3.1589632070482616 3.6809818419912266 -1878.857223858385 0.04414572748490609 21.74026186307865 -4128.428253072342 1.850198134321284e-05 0.0044137227248127325 0.1582723229175184
-5.106893464637422 0.04419427036705462 0.9627888568655257 631.1747568640858 712.9754124134779 645.8729536831379 242.45740265399218 3.1589632070482616 3.6809818419912266 -1878.857223858385 0.04414572748490609 21.74026186307865 -4128.428253072342 1.850198134321284e-05 0.0044137227248127325 0.1582723229175184
-5.104929274843328 0.03928379588182744 0.9800632433081526 630.1278012394905 714.3932680804282 645.8682325929403 242.46342542394996 3.1589632070482616 3.6809818419912266 -1878.857223858385 0.04414572748490609 21.74026186307865 -4128.428253072342 1.850198134321284e-05 0.0044137227248127325 0.1582723229175184
-5.104929274843328 0.03437332139659691 0.9973376297507794 629.310570994392 715.5745379924774 645.1815780550241 242.31765005365014 3.1589632070482616 3.6809818419912266 -1878.857223858385 0.04414572748490609 21.74026186307865 -4128.428253072342 1.850198134321284e-05 0.0044137227248127325 0.1582723229175184
-5.104929274843332 0.03044494180841451 1.0146120161934062 628.7020193804055 716.538373041898 643.7649166285992 241.98970195651054 3.1589632070482616 3.6809818419912266 -1878.857223858385 0.04414572748490609 21.74026186307865 -4128.428253072342 1.850198134321284e-05 0.0044137227248127325 0.1582723229175184
-5.106893464637418 0.026516562220232097 1.031886402636033 628.2818177826703 717.3031416870654 641.5775593221188 241.45206759497523 3.1589632070482616 3.6809818419912266 -1878.857223858385 0.04414572748490609 21.74026186307865 -4128.428253072342 1.850198134321284e-05 0.0044137227248127325 0.1582723229175184
-5.108857654431507 0.021606087735003807 1.04916078907866 628.0303557217121 717.8864298965782 638.5862018167973 240.68009446933866 3.1589632070482616 3.6809818419912266 -1878.857223858385 0.04414572748490609 21.74026186307865 -4128.428253072342 1.850198134321284e-05 0.0044137227248127325 0.1582723229175184
-5.112786034019691 0.016695613249776635 1.0664351755212869 627.9287408422679 718.3050412219018 634.7649241387844 239.65199111402035 3.1589632070482616 3.6809818419912266 -1878.857223858385 0.04414572748490609 21.74026186307865 -4128.428253072342 1.850198134321284e-05 0.0044137227248127325 0.1582723229175184
-5.116714413607874 0.012767233661593108 1.0837095619639137 627.958798924461 718.5749967191368 630.095190897584 238.34882708638906 3.1589632070482616 3.6809818419912266 -1878.857223858385 0.04414572748490609 21.74026186307865 -4128.428253072342 1.850198134321284e-05 0.0044137227248127325 0.1582723229175184
-5.118678603401964 0.010803043867501345 1.1009839484065407 628.1030738577247 718.7115350235254 624.5658512562513 236.75453298538923 3.1589632070482616 3.6809818419912266 -1878.857223858385 0.04414572748490609 21.74026186307865 -4128.428253072342 1.850198134321284e-05 0.0044137227248127325 0.1582723229175184
-5.116714413607874 0.006874664279318937 1.1182583348491675 628.3448276724666 718.7291122656316 618.1731387376785 234.85590045526624 3.1589632070482616 3.6809818419912266 -1878.857223858385 0.04414572748490609 21.74026186307865 -4128.428253072342 1.850198134321284e-05 0.0044137227248127325 0.1582723229175184
-5.112786034019691 0.0019641897940906464 1.1355327212917943 628.6680405270308 718.6414021700621 610.9206715524197 232.6425821557641 3.1589632070482616 3.6809818419912266 -1878.857223858385 0.04414572748490609 21.74026186307865 -4128.428253072342 1.850198134321284e-05 0.0044137227248127325 0.1582723229175184
-5.106893464637418 -0.003928379588182409 1.152807107734421 629.057410703972 718.4612959548831 602.8194523006678 230.10709185153246 3.1589632070482616 3.6809818419912266 -1878.857223858385 0.04414572748490609 21.74026186307865 -4128.428253072342 1.850198134321284e-05 0.0044137227248127325 0.1582723229175184
-5.1029650850492345 -0.009820948970455464 1.1700814941770479 629.4983546156436 718.2009024173021 593.887868180871 227.24480421468616 3.1589632070482616 3.6809818419912266 -1878.857223858385 0.04414572748490609 21.74026186307865 -4128.428253072342 1.850198134321284e-05 0.0044137227248127325 0.1582723229175184
-5.09903670546105 -0.015713518352730754 1.187355880619675 629.9770067892969 717.871547870338 584.1516907662153 224.0539550445974 3.1589632070482616 3.6809818419912266 -1878.857223858385 0.04414572748490609 21.74026186307865 -4128.428253072342 1.850198134321284e-05 0.0044137227248127325 0.1582723229175184
-5.095108325872867 -0.021606087735003807 1.2046302670623017 630.4802199173719 717.4837761949748 573.6440763175488 220.53564117848873 3.1589632070482616 3.6809818419912266 -1878.857223858385 0.04414572748490609 21.74026186307865 -4128.428253072342 1.850198134321284e-05 0.0044137227248127325 0.1582723229175184
-5.089215756490594 -0.026516562220232097 1.2219046535049285 630.9955647662282 717.0473487880081 562.4055654555559 216.69382045045495 3.1589632070482616 3.6809818419912266 -1878.857223858385 0.04414572748490609 21.74026186307865 -4128.428253072342 1.850198134321284e-05 0.0044137227248127325 0.1582723229175184
-5.088233661593554 -0.03142703670546151 1.2391790399475555 631.5113302767277 716.5712446067482 550.4840834289789 212.5353117249906 3.1589632070482616 3.6809818419912266 -1878.857223858385 0.04414572748490609 21.74026186307865 -4128.428253072342 1.850198134321284e-05 0.0044137227248127325 0.1582723229175184
-5.085287376902415 -0.03731960608773456 1.2564534263901823 632.016523482278 716.0636601354927 537.9349399209023 208.06979497149587 3.1589632070482616 3.6809818419912266 -1878.857223858385 0.04414572748490609 21.74026186307865 -4128.428253072342 1.850198134321284e-05 0.0044137227248127325 0.1582723229175184
-5.0882336615935495 -0.04223008057296397 1.2737278128328091 632.5008695684373 715.5320094116032 524.8208290785551 203.3098110742867 3.1589632070482616 3.6809818419912266 -1878.857223858385 0.04414572748490609 21.74026186307865 -4128.428253072342 1.850198134321284e-05 0.0044137227248127325 0.1582723229175184
-5.093144136078782 -0.04714055505819226 1.291002199275436 632.9548118505627 714.9829240255058 511.2118296921253 198.2707620561123 3.1589632070482616 3.6809818419912266 -1878.857223858385 0.04414572748490609 21.74026186307865 -4128.428253072342 1.850198134321284e-05 0.0044137227248127325 0.1582723229175184
-5.100018800358096 -0.05106893464637578 1.3082765857180627 633.3695117440075 714.422253081575 497.18540497124195 192.97091096639633 3.1589632070482616 3.6809818419912266 -1878.857223858385 0.04414572748490609 21.74026186307865 -4128.428253072342 1.850198134321284e-05 0.0044137227248127325 0.1582723229175184
-5.106893464637418 -0.05499731423455931 1.3255509721606897 633.7368488255888 713.8550632353872 482.82640266418457 187.4313818179071 3.1589632070482616 3.6809818419912266 -1878.857223858385 0.04414572748490609 21.74026186307865 -4128.428253072342 1.850198134321284e-05 0.0044137227248127325 0.1582723229175184
-5.1118039391226455 -0.0589256938227406 1.3428253586033165 634.0494207665324 713.2856387123466 468.2270550131798 181.67615976184607 3.150995459013808 3.658235263704294 -1869.5775645914982 0.04415696935425712 21.688118133342705 -4111.783990458265 1.8506692939755674e-05 0.004398752057905059 0.16248101016789296
-5.116714413607874 -0.0638361683079689 1.3600997450459433 634.300543397665 712.7174812350422 453.48697885870934 175.7320908382535 3.150995459013808 3.658235263704294 -1869.5775645914982 0.04415696935425712 21.688118133342705 -4111.783990458265 1.8506692939755674e-05 0.004398752057905059 0.16248101016789296
-5.121624888093098 -0.06776454789615242 1.3773741314885704 634.4842506535351 712.1533100958914 438.71317532658577 169.62888230755925 3.150995459013808 3.658235263704294 -1869.5775645914982 0.04415696935425712 21.688118133342705 -4111.783990458265 1.8506692939755674e-05 0.004398752057905059 0.16248101016789296
-5.12849955237242 -0.07169292748433372 1.3946485179311972 634.5952946078032 711.5950621347874 424.02003026008606 163.39910233020782 3.150995459013808 3.658235263704294 -1869.5775645914982 0.04415696935425712 21.688118133342705 -4111.783990458265 1.8506692939755674e-05 0.004398752057905059 0.16248101016789296
-5.13046374216651 -0.07463921217547247 1.411922904373824 634.6291454602033 711.0438917111605 409.52931402623653 157.07818011939526 3.150995459013808 3.658235263704294 -1869.5775645914982 0.04415696935425712 21.688118133342705 -4111.783990458265 1.8506692939755674e-05 0.004398752057905059 0.16248101016789296
-5.134392121754689 -0.077585496866609 1.4291972908164507 634.5819915328175 710.5001707468182 395.37018133699894 150.7044059485197 3.150995459013808 3.658235263704294 -1869.5775645914982 0.04415696935425712 21.688118133342705 -4111.783990458265 1.8506692939755674e-05 0.004398752057905059 0.16248101016789296
-5.1363563115487825 -0.07856759176365376 1.4464716772590775 634.4507392887026 709.9634886793792 381.6791715323925 144.3189311772585 3.150995459013808 3.658235263704294 -1869.5775645914982 0.04415696935425712 21.688118133342705 -4111.783990458265 1.8506692939755674e-05 0.004398752057905059 0.16248101016789296
-5.138320501342877 -0.07954968666069853 1.4637460637017046 634.2330132983625 709.4326525237411 368.6002084463835 137.96576810255647 3.150995459013808 3.658235263704294 -1869.5775645914982 0.04415696935425712 21.688118133342705 -4111.783990458265 1.8506692939755674e-05 0.004398752057905059 0.16248101016789296
-5.14224888093106 -0.08053178155774329 1.4810204501443314 633.9271562844515 708.9056868068874 356.284600391984 131.69179010391235 3.150995459013808 3.658235263704294 -1869.5775645914982 0.04415696935425712 21.688118133342705 -4111.783990458265 1.8506692939755674e-05 0.004398752057905059 0.16248101016789296
-5.146177260519244 -0.08249597135183394 1.4982948365869582 633.5322290752083 708.3798336256295 344.89104022085667 125.54673159867525 3.150995459013808 3.658235263704294 -1869.5775645914982 0.04415696935425712 21.688118133342705 -4111.783990458265 1.8506692939755674e-05 0.004398752057905059 0.16248101016789296
-5.150105640107427 -0.08446016114592571 1.5155692230295852 633.0480106398463 707.8515525870025 334.585605353117 119.58318801224232 3.150995459013808 3.658235263704294 -1869.5775645914982 0.04415696935425712 21.688118133342705 -4111.783990458265 1.8506692939755674e-05 0.004398752057905059 0.16248101016789296
-5.155998209489701 -0.08838854073410923 1.532843609472212 632.4749980717897 707.316520864144 325.5417575389147 113.85661585628986 3.150995459013808 3.658235263704294 -1869.5775645914982 0.04415696935425712 21.688118133342705 -4111.783990458265 1.8506692939755674e-05 0.004398752057905059 0.16248101016789296
-5.1638549686660635 -0.0942811101163834 1.5501179959148388 631.8144065886736 706.7696331590414 317.9403432607651 108.42533264309168 3.150995459013808 3.658235263704294 -1869.5775645914982 0.04415696935425712 21.688118133342705 -4111.783990458265 1.8506692939755674e-05 0.004398752057905059 0.16248101016789296
-5.1717117278424345 -0.10213786929274933 1.5673923823574656 631.0681695379317 706.2050017230213 311.9695932865143 103.35051689296961 3.150995459013808 3.658235263704294 -1869.5775645914982 0.04415696935425712 21.688118133342705 -4111.783990458265 1.8506692939755674e-05 0.004398752057905059 0.16248101016789296
-5.1795684870187975 -0.10999462846911415 1.5846667688000924 630.2389383930713 705.6159563492984 307.82512310147285 98.69620821252465 3.150995459013808 3.658235263704294 -1869.5775645914982 0.04415696935425712 21.688118133342705 -4111.783990458265 1.8506692939755674e-05 0.004398752057905059 0.16248101016789296
-5.187425246195168 -0.11686929274843309 1.6019411552427194 629.3300827722996 704.9950443767011 305.7099325656891 94.52930722758174 3.150995459013808 3.658235263704294 -1869.5775645914982 0.04415696935425712 21.688118133342705 -4111.783990458265 1.8506692939755674e-05 0.004398752057905059 0.16248101016789296
-5.193317815577437 -0.12374395702775315 1.6192155416853462 628.3456903919578 704.3340306673199 305.83440616726875 90.91957560554147 3.150995459013808 3.658235263704294 -1869.5775645914982 0.04415696935425712 21.688118133342705 -4111.783990458265 1.8506692939755674e-05 0.004398752057905059 0.16248101016789296
-5.197246195165616 -0.12865443151298142 1.636489928127973 627.2905671242625 703.6238976456225 308.41631273925304 87.93963601440191 3.150995459013808 3.658235263704294 -1869.5775645914982 0.04415696935425712 21.688118133342705 -4111.783990458265 1.8506692939755674e-05 0.004398752057905059 0.16248101016789296
-5.199210384959706 -0.13258281110116496 1.6537643145706 626.1702369377017 702.8548452723771 313.6808057129383 85.66497218608856 3.150995459013808 3.658235263704294 -1869.5775645914982 0.04415696935425712 21.688118133342705 -4111.783990458265 1.8506692939755674e-05 0.004398752057905059 0.16248101016789296
-5.201174574753796 -0.1355290957923015 1.6710387010132268 624.9909419585019 702.0162910446525 321.86042311787605 84.17392891272902 3.150995459013808 3.658235263704294 -1869.5775645914982 0.04415696935425712 21.688118133342705 -4111.783990458265 1.8506692939755674e-05 0.004398752057905059 0.16248101016789296
-5.2011745747538045 -0.13749328558639212 1.6883130874558536 623.7596424371004 701.0968700069934 333.1950873285532 83.5477119460702 3.150995459013808 3.658235263704294 -1869.5775645914982 0.04415696935425712 21.688118133342705 -4111.783990458265 1.8506692939755674e-05 0.004398752057905059 0.16248101016789296
-5.199210384959706 -0.13749328558639326 1.7055874738984804 622.4840167202055 700.0844347402453 347.9321053624153 83.87038815021515 3.150995459013808 3.658235263704294 -1869.5775645914982 0.04415696935425712 21.688118133342705 -4111.783990458265 1.8506692939755674e-05 0.004398752057905059 0.16248101016789296
-5.103947179946279 -0.1482963294538957 1.7228618603411072 621.1724613327533 698.9660553820431 366.32616867125034 85.22888537496328 3.150995459013808 3.658235263704294 -1869.5775645914982 0.04415696935425712 21.688118133342705 -4111.783990458265 1.8506692939755674e-05 0.004398752057905059 0.16248101016789296
-4.975292748433303 -0.16695613249776187 1.7401362467837342 619.8340908810496 697.7280195970088 388.6393532752991 87.71299254521728 3.150995459013808 3.658235263704294 -1869.5775645914982 0.04415696935425712 21.688118133342705 -4111.783990458265 1.8506692939755674e-05 0.004398752057905059 0.16248101016789296
-4.834853178155776 -0.19347269471799397 1.757410633226361 618.4787381216884 696.3558325953782 415.14111956954 91.41535958647728 3.150995459013808 3.658235263704294 -1869.5775645914982 0.04415696935425712 21.688118133342705 -4111.783990458265 1.8506692939755674e-05 0.004398752057905059 0.16248101016789296
-4.694413607878241 -0.22391763652641072 1.7842762903310827 617.1169539373368 694.8342171292752 446.10831278562546 96.43149744719267 3.150995459013808 3.658235263704294 -1869.5775645914982 0.04415696935425712 21.688118133342705 -4111.783990458265 1.8506692939755674e-05 0.004398752057905059 0.16248101016789296
-4.562812891674127 -0.25927305282005353 1.8332557266211735 615.7600073441863 693.147113494575 481.82516215741634 102.85977816954255 3.150995459013808 3.658235263704294 -1869.5775645914982 0.04415696935425712 21.688118133342705 -4111.783990458265 1.8506692939755674e-05 0.004398752057905059 0.16248101016789296
-4.435140555058191 -0.21213249776186238 1.217093180713778 614.4198854640126 691.2776795327663 522.5832818448544 110.80143481865525 3.150995459013808 3.658235263704294 -1869.5775645914982 0.04415696935425712 21.688118133342705 -4111.783990458265 1.8506692939755674e-05 0.004398752057905059 0.16248101016789296
-4.180777976723369 -0.16499194270367012 1.3875472543141538 613.1092935688794 689.2082906290889 568.6816704422235 120.36056138947606 3.150995459013808 3.658235263704294 -1869.5775645914982 0.04415696935425712 21.688118133342705 -4111.783990458265 1.8506692939755674e-05 0.004398752057905059 0.16248101016789296
-3.8832032229185285 -0.12767233661593555 1.4460351584280713 611.8416550513357 686.920539682731 620.4267109185457 131.64411306753755 3.150995459013808 3.658235263704294 -1869.5775645914982 0.04415696935425712 21.688118133342705 -4111.783990458265 1.8506692939755674e-05 0.004398752057905059 0.16248101016789296
