28 -2.5347869292748517 -2.9865505819158464 1.6733761792131787 -1.2747591763652704 -2.3354216651745756
-2.5347869292748517 -2.9865505819158464 1.6733761792131787 376.2381941145577 595.069117353647 671.8215300824959 195.66799685917795 3.212313501876629 3.7184301480732374 -1951.7978574447914 0.04570376726498027 22.002843324571714 -4287.312480589779 1.915497370703289e-05 0.004458442883704057 0.12747148174684403
-2.462111906893472 -2.9924431512981204 1.6517004259501293 376.696991366829 592.9318021194777 665.8314936736133 207.4835427943617 3.212313501876629 3.7184301480732374 -1951.7978574447914 0.04570376726498027 22.002843324571714 -4287.312480589779 1.915497370703289e-05 0.004458442883704057 0.12747148174684403
-2.392383169203231 -2.99735362578335 1.6411027909135378 377.3709530470369 590.5894554628758 659.5689873776864 221.4941773097962 3.212313501876629 3.7184301480732374 -1951.7978574447914 0.04570376726498027 22.002843324571714 -4287.312480589779 1.915497370703289e-05 0.004458442883704057 0.12747148174684403
-2.324618621307075 -3.0002999104744865 1.6142472221864175 378.2488684079435 588.1050695027225 653.1247882223688 236.95995254814625 3.212313501876629 3.7184301480732374 -1951.7978574447914 0.04570376726498027 22.002843324571714 -4287.312480589779 1.915497370703289e-05 0.004458442883704057 0.12747148174684403
-2.255871978513879 -2.9993178155774407 1.5565115842074968 379.3203024190152 585.5361369980965 646.5798523370177 253.21826687268913 3.212313501876629 3.7184301480732374 -1951.7978574447914 0.04570376726498027 22.002843324571714 -4287.312480589779 1.915497370703289e-05 0.004458442883704057 0.12747148174684403
-2.184179051029549 -2.996371530886304 1.5297235482044473 380.5755957660149 582.9346513488563 640.005314958049 269.6838648095727 3.212313501876629 3.7184301480732374 -1951.7978574447914 0.04570376726498027 22.002843324571714 -4287.312480589779 1.915497370703289e-05 0.004458442883704057 0.12747148174684403
-2.105611459265896 -2.9934252461951667 1.5333138901032266 382.0058648510021 580.3471065947087 633.4624904233497 285.8488371055573 3.212313501876629 3.7184301480732374 -1951.7978574447914 0.04570376726498027 22.002843324571714 -4287.312480589779 1.915497370703289e-05 0.004458442883704057 0.12747148174684403
-2.0349006266786063 -2.988514771709938 1.5014631931066906 383.6030017924786 577.8144974163733 627.0028721767012 301.28262069635093 3.212313501876629 3.7184301480732374 -1951.7978574447914 0.04570376726498027 22.002843324571714 -4287.312480589779 1.915497370703289e-05 0.004458442883704057 0.12747148174684403
-1.9671360787824594 -2.9806580125335733 1.4553696664279723 385.3596744251263 575.3723191346508 620.6681327628903 315.6319986637682 3.212313501876629 3.7184301480732374 -1951.7978574447914 0.04570376726498027 22.002843324571714 -4287.312480589779 1.915497370703289e-05 0.004458442883704057 0.12747148174684403
-1.9023178155774425 -2.969854968666071 1.4056476493802754 387.26932630024385 573.0505677120527 614.4901238346938 328.62110034935176 3.212313501876629 3.7184301480732374 -1951.7978574447914 0.04570376726498027 22.002843324571714 -4287.312480589779 1.915497370703289e-05 0.004458442883704057 0.12747148174684403
-1.8306248880931075 -2.956105640107432 1.381316168913757 389.326176685252 570.8737397495424 608.4908761458937 340.05140122398734 3.212313501876629 3.7184301480732374 -1951.7978574447914 0.04570376726498027 22.002843324571714 -4287.312480589779 1.915497370703289e-05 0.004458442883704057 0.12747148174684403
-1.7697350044762785 -2.9394100268576553 1.3031800220101206 391.5252205640136 568.860832490027 602.6825995561667 349.8017229773104 3.212313501876629 3.7184301480732374 -1951.7978574447914 0.04570376726498027 22.002843324571714 -4287.312480589779 1.915497370703289e-05 0.004458442883704057 0.12747148174684403
-1.7058988361683063 -2.919768128916742 1.272297395208737 393.8622286368627 567.0253438169602 597.0676830271259 357.828233493492 3.212313501876629 3.7184301480732374 -1951.7978574447914 0.04570376726498027 22.002843324571714 -4287.312480589779 1.915497370703289e-05 0.004458442883704057 0.12747148174684403
-1.6509015219337548 -2.8981620411817373 1.1964627107872725 396.3337473204301 565.3752722532954 591.6386946255807 364.16444684937596 3.212313501876629 3.7184301480732374 -1951.7978574447914 0.04570376726498027 22.002843324571714 -4287.312480589779 1.915497370703289e-05 0.004458442883704057 0.12747148174684403
-1.6017967770814718 -2.8775380483437782 1.1731683352727635 398.9370987477305 563.9131169628818 586.3783815221395 368.92122327163815 3.212313501876629 3.7184301480732374 -1951.7978574447914 0.04570376726498027 22.002843324571714 -4287.312480589779 1.915497370703289e-05 0.004458442883704057 0.12747148174684403
-1.5674234556848783 -2.8539677708146836 0.9697225722971132 401.6703807679878 562.6358777505811 581.2596699942369 372.2867692373693 3.212313501876629 3.7184301480732374 -1951.7978574447914 0.04570376726498027 22.002843324571714 -4287.312480589779 1.915497370703289e-05 0.004458442883704057 0.12747148174684403
-1.542871083258737 -2.8284333034914964 0.7657928325402392 404.5324669468682 561.5350550613366 576.2456654149573 374.52663736604154 3.212313501876629 3.7184301480732374 -1951.7978574447914 0.04570376726498027 22.002843324571714 -4287.312480589779 1.915497370703289e-05 0.004458442883704057 0.12747148174684403
-1.5153724261414567 -2.797988361683081 0.7345944593392554 407.52300656653824 560.5966499811038 571.2896522735246 375.9837264996022 3.212313501876629 3.7184301480732374 -1951.7978574447914 0.04570376726498027 22.002843324571714 -4287.312480589779 1.915497370703289e-05 0.004458442883704057 0.12747148174684403
-1.4908200537153198 -2.7636150402864827 0.6202494859827354 410.6424246253446 559.8011642346391 566.3350941506214 377.078281654045 3.212313501876629 3.7184301480732374 -1951.7978574447914 0.04570376726498027 22.002843324571714 -4287.312480589779 1.915497370703289e-05 0.004458442883704057 0.12747148174684403
-1.4682318710832678 -2.726295434198747 0.544280484946007 413.8919218381634 559.1236001893412 561.3156337407418 378.30789403244853 3.212313501876629 3.7184301480732374 -1951.7978574447914 0.04570376726498027 22.002843324571714 -4287.312480589779 1.915497370703289e-05 0.004458442883704057 0.12747148174684403
-1.452518352730538 -2.686029543419876 0.3720677588581087 417.2734746360802 558.5334608519915 556.1550928377546 380.2475010473281 3.212313501876629 3.7184301480732374 -1951.7978574447914 0.04570376726498027 22.002843324571714 -4287.312480589779 1.915497370703289e-05 0.004458442883704057 0.12747148174684403
-1.4309122649955266 -2.644781557743959 0.4825132950226195 420.78983516665176 557.9947498700349 550.7674723386299 383.54938627779484 3.212313501876629 3.7184301480732374 -1951.7978574447914 0.04570376726498027 22.002843324571714 -4287.312480589779 1.915497370703289e-05 0.004458442883704057 0.12747148174684403
-1.4151987466427969 -2.602551477170995 0.35621965539612643 424.4445312937314 557.4659715302987 545.0569522476289 388.94317951239645 3.212313501876629 3.7184301480732374 -1951.7978574447914 0.04570376726498027 22.002843324571714 -4287.312480589779 1.915497370703289e-05 0.004458442883704057 0.12747148174684403
-1.396538943598933 -2.560321396598031 0.4160645057237461 428.2418665974692 556.9001307630679 538.9178916704841 397.2358567286283 3.212313501876629 3.7184301480732374 -1951.7978574447914 0.04570376726498027 22.002843324571714 -4287.312480589779 1.915497370703289e-05 0.004458442883704057 0.12747148174684403
-1.373950760966881 -2.5161271262309763 0.4724969355170959 432.18692037454457 556.2447331364965 532.2348288171925 409.3117400687188 3.212313501876629 3.7184301480732374 -1951.7978574447914 0.04570376726498027 22.002843324571714 -4287.312480589779 1.915497370703289e-05 0.004458442883704057 0.12747148174684403
-1.3454700089525604 -2.4729149507609676 0.5827394942499169 436.2855476378463 555.4417848591693 524.8824810029473 426.13249791786075 3.212313501876629 3.7184301480732374 -1951.7978574447914 0.04570376726498027 22.002843324571714 -4287.312480589779 1.915497370703289e-05 0.004458442883704057 0.12747148174684403
-1.3199355416293699 -2.4257743957027778 0.4964227534049544 440.5443791167927 554.4277927812655 516.7257446474396 448.7371447850019 3.212313501876629 3.7184301480732374 -1951.7978574447914 0.04570376726498027 22.002843324571714 -4287.312480589779 1.915497370703289e-05 0.004458442883704057 0.12747148174684403
-1.2973473589973223 -2.3805980304386773 0.4636476090007567 444.97082125704037 553.1337643949082 507.6196952715982 478.2420414146036 3.212313501876629 3.7184301480732374 -1951.7978574447914 0.04570376726498027 22.002843324571714 -4287.312480589779 1.915497370703289e-05 0.004458442883704057 0.12747148174684403
-1.2747591763652704 -2.3354216651745756 0.4636476090008259 449.16274270194117 553.4419760899109 554.6961306631565 519.3169541209936 3.212313501876629 3.7184301480732374 -1951.7978574447914 0.04570376726498027 22.002843324571714 -4287.312480589779 1.915497370703289e-05 0.004458442883704057 0.12747148174684403
-1.2590456580125364 -2.288281110116383 0.32175055439670613 452.3222155365511 552.6601668118965 517.4201868548989 481.17601655609906 3.212313501876629 3.7184301480732374 -1951.7978574447914 0.04570376726498027 22.002843324571714 -4287.312480589779 1.915497370703289e-05 0.004458442883704057 0.12747148174684403
-1.2433321396598112 -2.2450689346463757 0.3487710035838074 455.6392077866476 552.0055983138882 492.1402887105942 447.7973000574857 3.212313501876629 3.7184301480732374 -1951.7978574447914 0.04570376726498027 22.002843324571714 -4287.312480589779 1.915497370703289e-05 0.004458442883704057 0.12747148174684403
-1.229582811101171 -2.2038209489704577 0.32175055439665845 459.0966091272421 551.4758122546336 476.98081543296576 418.63433144800365 3.212313501876629 3.7184301480732374 -1951.7978574447914 0.04570376726498027 22.002843324571714 -4287.312480589779 1.915497370703289e-05 0.004458442883704057 0.12747148174684403
-1.2158334825425265 -2.1635550581915868 0.32904969484046537 462.6780141396157 551.0680955522112 470.1855713352561 393.17276963219047 3.212313501876629 3.7184301480732374 -1951.7978574447914 0.04570376726498027 22.002843324571714 -4287.312480589779 1.915497370703289e-05 0.004458442883704057 0.12747148174684403
-1.2020841539838865 -2.1223070725156674 0.3217505543966503 466.3677223128907 550.7794803833967 470.11778566241264 370.9304056279361 3.212313501876629 3.7184301480732374 -1951.7978574447914 0.04570376726498027 22.002843324571714 -4287.312480589779 1.915497370703289e-05 0.004458442883704057 0.12747148174684403
-1.1952094897045686 -2.0790948970456595 0.15776873759591847 470.15073804257554 550.6067441844643 475.2601127177477 351.4571625646204 3.212313501876629 3.7184301480732374 -1951.7978574447914 0.04570376726498027 22.002843324571714 -4287.312480589779 1.915497370703289e-05 0.004458442883704057 0.12747148174684403
-1.1912811101163852 -2.0329364368845133 0.08490179344974035 474.012770630914 550.5464096505239 484.21463177353144 334.3350956644863 3.212313501876629 3.7184301480732374 -1951.7978574447914 0.04570376726498027 22.002843324571714 -4287.312480589779 1.915497370703289e-05 0.004458442883704057 0.12747148174684403
-1.1912811101163852 -1.9848137869292763 -0.0 477.94023428767105 550.5947447358485 495.70284713059664 319.1783922445029 3.212313501876629 3.7184301480732374 -1951.7978574447914 0.04570376726498027 22.002843324571714 -4287.312480589779 1.915497370703289e-05 0.004458442883704057 0.12747148174684403
-1.1942273948075237 -1.9357090420769933 6.223257152058342 481.92024812853197 550.7477626538384 508.56568802148104 305.63337174989283 3.212313501876629 3.7184301480732374 -1951.7978574447914 0.04570376726498027 22.002843324571714 -4287.312480589779 1.915497370703289e-05 0.004458442883704057 0.12747148174684403
-1.2030662488809356 -1.888568487018801 6.0978373571838755 485.9406361769943 551.001221876948 521.7635087892413 293.37848569639027 3.2233669698893292 3.74616148548605 -1966.276550808049 0.04574790724704477 22.12836138609755 -4327.81941143139 1.917347328040441e-05 0.004494482230780208 0.117187514285341
-1.2119051029543475 -1.84142793196061 6.097837357183871 489.98992736294167 551.3506261367729 534.3760887086391 282.12431772984564 3.2233669698893292 3.74616148548605 -1966.276550808049 0.04574790724704477 22.12836138609755 -4327.81941143139 1.917347328040441e-05 0.004494482230780208 0.117187514285341
-1.2236902417188935 -1.7903589973142353 6.0563864591257355 494.057355523546 551.7912244239487 545.6026320531964 271.61358358711004 3.2233669698893292 3.74616148548605 -1966.276550808049 0.04574790724704477 22.12836138609755 -4327.81941143139 1.917347328040441e-05 0.004494482230780208 0.117187514285341
-1.2394037600716188 -1.738307967770816 5.989998410621796 498.1328594024235 552.3180109881941 554.7617681697011 261.6211311034858 3.2233669698893292 3.74616148548605 -1966.276550808049 0.04574790724704477 22.12836138609755 -4327.81941143139 1.917347328040441e-05 0.004494482230780208 0.117187514285341
-1.2590456580125364 -1.6852748433303517 5.928479655168563 502.20708265015855 552.9257253383694 561.2915513142943 251.95394022762775 3.2233669698893292 3.74616148548605 -1966.276550808049 0.04574790724704477 22.12836138609755 -4327.81941143139 1.917347328040441e-05 0.004494482230780208 0.117187514285341
-1.2816338406445882 -1.6332238137869302 5.8737480976534275 506.271373824653 553.6088522425125 564.7494607940316 242.45112301036716 3.2233669698893292 3.74616148548605 -1966.276550808049 0.04574790724704477 22.12836138609755 -4327.81941143139 1.917347328040441e-05 0.004494482230780208 0.117187514285341
-1.3042220232766402 -1.5821548791405553 5.866746689987968 510.31778639016557 554.3616217274321 564.8124009668827 232.98392359353602 3.2233669698893292 3.74616148548605 -1966.276550808049 0.04574790724704477 22.12836138609755 -4327.81941143139 1.917347328040441e-05 0.004494482230780208 0.117187514285341
-1.3327027752909653 -1.5320680393912267 5.766153354688033 514.3390787178942 555.1780090794928 561.2767010629177 223.45571822673082 3.2233669698893292 3.74616148548605 -1966.276550808049 0.04574790724704477 22.12836138609755 -4327.81941143139 1.917347328040441e-05 0.004494482230780208 0.117187514285341
-1.3602014324082454 -1.4839453894359895 5.7640391929330335 518.3287140862958 556.0517348437934 554.0581154748797 213.80201527103782 3.2233669698893292 3.74616148548605 -1966.276550808049 0.04574790724704477 22.12836138609755 -4327.81941143139 1.917347328040441e-05 0.004494482230780208 0.117187514285341
-1.3916284691137046 -1.4338585496866618 5.722825430274761 522.2808606806502 556.976264824676 543.1918234452605 203.99045518413186 3.2233669698893292 3.74616148548605 -1966.276550808049 0.04574790724704477 22.12836138609755 -4327.81941143139 1.917347328040441e-05 0.004494482230780208 0.117187514285341
-1.4201092211280297 -1.3827896150402872 5.774455482864023 526.1903915926232 557.9448100855079 528.8324293270707 194.02081052586436 3.2233669698893292 3.74616148548605 -1966.276550808049 0.04574790724704477 22.12836138609755 -4327.81941143139 1.917347328040441e-05 0.004494482230780208 0.117187514285341
-1.4485899731423546 -1.3346669650850491 5.748789830425167 530.0528848215763 558.9503269488778 511.25396244972944 183.92498595826328 3.2233669698893292 3.74616148548605 -1966.276550808049 0.04574790724704477 22.12836138609755 -4327.81941143139 1.917347328040441e-05 0.004494482230780208 0.117187514285341
-1.4829632945389482 -1.2885085049239027 5.643097154417907 533.8646232732281 559.9855169963339 490.84987711161375 173.76701824367046 3.2233669698893292 3.74616148548605 -1966.276550808049 0.04574790724704477 22.12836138609755 -4327.81941143139 1.917347328040441e-05 0.004494482230780208 0.117187514285341
-1.520282900626685 -1.2413679498657115 5.61354636150292 537.6225947599742 561.0428270684642 468.1330526918173 163.64307626895607 3.2233669698893292 3.74616148548605 -1966.276550808049 0.04574790724704477 22.12836138609755 -4327.81941143139 1.917347328040441e-05 0.004494482230780208 0.117187514285341
-1.5566204118173725 -1.1942273948075204 5.626483645060171 541.3244920017896 562.1144492653111 443.73579347133636 153.68146098405123 3.2233669698893292 3.74616148548605 -1966.276550808049 0.04574790724704477 22.12836138609755 -4327.81941143139 1.917347328040441e-05 0.004494482230780208 0.117187514285341
-1.5900116383169303 -1.149051029543421 5.646677091391549 544.96871262489 563.1923209454326 418.40982876718044 144.0426054764539 3.2233669698893292 3.74616148548605 -1966.276550808049 0.04574790724704477 22.12836138609755 -4327.81941143139 1.917347328040441e-05 0.004494482230780208 0.117187514285341
-1.623402864816479 -1.1028925693822758 5.656923869580876 548.5543591627502 564.2681247270593 393.0263129770756 134.9190749246627 3.2233669698893292 3.74616148548605 -1966.276550808049 0.04574790724704477 22.12836138609755 -4327.81941143139 1.917347328040441e-05 0.004494482230780208 0.117187514285341
-1.6567940913160324 -1.0577162041181742 5.646677091391637 552.0812390557548 565.3332884871561 368.5758253708482 126.53556660376489 3.2233669698893292 3.74616148548605 -1966.276550808049 0.04574790724704477 22.12836138609755 -4327.81941143139 1.917347328040441e-05 0.004494482230780208 0.117187514285341
-1.6901853178155857 -1.0135219337511197 5.63613811395925 555.5498646509368 566.3789853618582 346.16837038099766 119.14890989474952 3.2233669698893292 3.74616148548605 -1966.276550808049 0.04574790724704477 22.12836138609755 -4327.81941143139 1.917347328040441e-05 0.004494482230780208 0.117187514285341
-1.7167018800358167 -0.9732560429722474 5.700832361035636 558.9614532022679 567.3961337464789 327.0333772301674 113.04806630127132 3.2233669698893292 3.74616148548605 -1966.276550808049 0.04574790724704477 22.12836138609755 -4327.81941143139 1.917347328040441e-05 0.004494482230780208 0.117187514285341
-1.7432184422560475 -0.9339722470904221 5.689435640468833 562.3179268707172 568.3753972952618 312.5197003483772 108.55412938073277 3.2233669698893292 3.74616148548605 -1966.276550808049 0.04574790724704477 22.12836138609755 -4327.81941143139 1.917347328040441e-05 0.004494482230780208 0.117187514285341
-1.7667887197851397 -0.8927242614145041 5.764039192933133 565.621912724484 569.3071849218031 304.095619097352 106.02032485604286 3.2233669698893292 3.74616148548605 -1966.276550808049 0.04574790724704477 22.12836138609755 -4327.81941143139 1.917347328040441e-05 0.004494482230780208 0.117187514285341
-1.7844664279319635 -0.8544225604297236 5.850777531609007 568.8767427378625 570.1816507984913 303.34883780777454 105.83201050758362 3.2233669698893292 3.74616148548605 -1966.276550808049 0.04574790724704477 22.12836138609755 -4327.81941143139 1.917347328040441e-05 0.004494482230780208 0.117187514285341
-1.8050904207699259 -0.8161208594449432 5.78924393825993 572.0864537924062 570.9886943570091 311.98648577928543 108.4066762290895 3.2233669698893292 3.74616148548605 -1966.276550808049 0.04574790724704477 22.12836138609755 -4327.81941143139 1.917347328040441e-05 0.004494482230780208 0.117187514285341
-1.8257144136078838 -0.7788012533572075 5.778323935520486 575.2557876770443 571.7179602881006 331.83511742949486 114.19394403137267 3.2233669698893292 3.74616148548605 -1966.276550808049 0.04574790724704477 22.12836138609755 -4327.81941143139 1.917347328040441e-05 0.004494482230780208 0.117187514285341
-1.8463384064458461 -0.740499552372427 5.78924393825993 578.3901910867426 572.358838541586 364.84071212261915 123.67556801065803 3.2233669698893292 3.74616148548605 -1966.276550808049 0.04574790724704477 22.12836138609755 -4327.81941143139 1.917347328040441e-05 0.004494482230780208 0.117187514285341
-1.8699086839749428 -0.7031799462846914 5.719869045687609 581.4958156241337 572.9004643263179 413.0686742067337 137.3654343802482 3.2233669698893292 3.74616148548605 -1966.276550808049 0.04574790724704477 22.12836138609755 -4327.81941143139 1.917347328040441e-05 0.004494482230780208 0.117187514285341
-1.8905326768128963 -0.6648782452999099 5.789243938260123 584.5795177980908 573.3317181103921 478.70383308827877 155.80956144444644 3.2233669698893292 3.74616148548605 -1966.276550808049 0.04574790724704477 22.12836138609755 -4327.81941143139 1.917347328040441e-05 0.004494482230780208 0.117187514285341
-1.9082103849597198 -0.6265765443151294 5.850777531609007 587.6488590248337 573.6412256208059 564.0504430532455 179.58609961345792 3.2233669698893292 3.74616148548605 -1966.276550808049 0.04574790724704477 22.12836138609755 -4327.81941143139 1.917347328040441e-05 0.004494482230780208 0.117187514285341
-1.9288343777976824 -0.5872927484333043 5.799738305612304 590.712105627259 573.8173578437927 671.5321835279465 209.30533140338957 3.2233669698893292 3.74616148548605 -1966.276550808049 0.04574790724704477 22.12836138609755 -4327.81941143139 1.917347328040441e-05 0.004494482230780208 0.117187514285341
