16 -0.7404995523724226 0.2523983885407346 1.735945004209462 -0.3948021486123483 0.4664950760966887
-0.7404995523724226 0.2523983885407346 1.735945004209462 660.925911592698 538.3644736841743 617.4979360165889 233.2345201237913 3.1901623198667677 3.746773031351378 -1937.928737118098 2.2375757540281134e-15 22.09676431145124 -4287.911378500216 8.305907269145842e-19 0.004497933677129339 0.1271689953308133
-0.7139829901521871 0.2523983885407346 3.141592653589793 660.8845066096728 537.4139650596044 623.4343579541601 243.9709199470817 3.1901623198667677 3.746773031351378 -1937.928737118098 2.2375757540281134e-15 22.09676431145124 -4287.911378500216 8.305907269145842e-19 0.004497933677129339 0.1271689953308133
-0.6835380483437726 0.2553446732318722 1.474322551612285 661.0394837017702 536.5673799882861 628.9930113751907 254.89385227799357 3.1901623198667677 3.746773031351378 -1937.928737118098 2.2375757540281134e-15 22.09676431145124 -4287.911378500216 8.305907269145842e-19 0.004497933677129339 0.1271689953308133
-0.6560393912264925 0.25927305282005353 1.4288992721907896 661.3990141266222 535.7837444287798 634.378310029133 266.17669172958995 3.1901623198667677 3.746773031351378 -1937.928737118098 2.2375757540281134e-15 22.09676431145124 -4287.911378500216 8.305907269145842e-19 0.004497933677129339 0.1271689953308133
-0.6295228290062614 0.26614771709937357 1.3171222306562218 661.964259897366 535.031035605105 639.7583927946398 277.9740422119503 3.1901623198667677 3.746773031351378 -1937.928737118098 2.2375757540281134e-15 22.09676431145124 -4287.911378500216 8.305907269145842e-19 0.004497933677129339 0.1271689953308133
-0.6030062667860305 0.27695076096687604 1.1839206090638377 662.7293737824511 534.2861820067119 645.2651236797683 290.4217369320686 3.1901623198667677 3.746773031351378 -1937.928737118098 2.2375757540281134e-15 22.09676431145124 -4287.911378500216 8.305907269145842e-19 0.004497933677129339 0.1271689953308133
-0.5794359892569383 0.28971799462847025 1.0743735733899293 663.6814993057124 533.5350633884664 650.9940918220964 303.636838394028 3.1901623198667677 3.746773031351378 -1937.928737118098 2.2375757540281134e-15 22.09676431145124 -4287.911378500216 8.305907269145842e-19 0.004497933677129339 0.1271689953308133
-0.5558657117278416 0.3044494180841551 1.0121970114513512 664.8007707463657 532.7725107708029 657.0046114881407 317.7176383990154 3.1901623198667677 3.746773031351378 -1937.928737118098 2.2375757540281134e-15 22.09676431145124 -4287.911378500216 8.305907269145842e-19 0.004497933677129339 0.1271689953308133
-0.5283670546105569 0.3211450313339295 1.0251412722680533 666.0603131389471 532.0023064395209 663.3197220742295 332.74365804501576 3.1901623198667677 3.746773031351378 -1937.928737118098 2.2375757540281134e-15 22.09676431145124 -4287.911378500216 8.305907269145842e-19 0.004497933677129339 0.1271689953308133
-0.5038146821844155 0.33784064458370616 0.9736196687022066 667.42624227345 531.237183945901 669.9261881056591 348.7756477272196 3.1901623198667677 3.746773031351378 -1937.928737118098 2.2375757540281134e-15 22.09676431145124 -4287.911378500216 8.305907269145842e-19 0.004497933677129339 0.1271689953308133
-0.4792623097582785 0.3574825425246182 0.896055384571283 668.8576646952279 530.4988281066617 676.7744992374501 365.8555871377612 3.1901623198667677 3.746773031351378 -1937.928737118098 2.2375757540281134e-15 22.09676431145124 -4287.911378500216 8.305907269145842e-19 0.004497933677129339 0.1271689953308133
-0.45176365264099827 0.37712444046553134 0.9745971854974522 670.3066777049353 529.8178750040242 683.7788702534162 384.00668526566005 3.1901623198667677 3.746773031351378 -1937.928737118098 2.2375757540281134e-15 22.09676431145124 -4287.911378500216 8.305907269145842e-19 0.004497933677129339 0.1271689953308133
-0.4281933751119016 0.39676633840644565 0.9011573811182542 671.7183693586485 529.2339119856115 690.817241067416 403.23338039719965 3.1901623198667677 3.746773031351378 -1937.928737118098 2.2375757540281134e-15 22.09676431145124 -4287.911378500216 8.305907269145842e-19 0.004497933677129339 0.1271689953308133
-0.41837242614144055 0.41542614145031403 0.5070985043925139 673.0308184678252 528.7954776645347 697.7312767220719 423.5213401154324 3.1901623198667677 3.746773031351378 -1937.928737118098 2.2375757540281134e-15 22.09676431145124 -4287.911378500216 8.305907269145842e-19 0.004497933677129339 0.1271689953308133
-0.4114977618621227 0.4321217547000907 0.4124104415972867 674.1750945993372 528.560061919321 704.32636738976 444.8374613005435 3.1901623198667677 3.746773031351378 -1937.928737118098 2.2375757540281134e-15 22.09676431145124 -4287.911378500216 8.305907269145842e-19 0.004497933677129339 0.1271689953308133
-0.4046230975828049 0.4488173679498662 0.4124104415972867 675.0752580753142 528.5941058940298 710.3716283719405 467.1298701298656 3.1868516840601577 3.7097955696727984 -1923.7388213720717 -2.440442240120688e-15 21.94523590269624 -4239.096807456599 -9.059644400997421e-19 0.0044544084157862535 0.13955500053898548
-0.3948021486123483 0.4664950760966887 0.524640199930402 676.701515901228 528.9071983957615 713.7882497286046 470.71063843008596 3.1868516840601577 3.7097955696727984 -1923.7388213720717 -2.440442240120688e-15 21.94523590269624 -4239.096807456599 -9.059644400997421e-19 0.0044544084157862535 0.13955500053898548
-0.3810528200537082 0.4831906893464631 0.6368699582635172 677.9281547515511 528.1671109104457 722.3446558176802 484.1681339921779 3.1868516840601577 3.7097955696727984 -1923.7388213720717 -2.440442240120688e-15 21.94523590269624 -4239.096807456599 -9.059644400997421e-19 0.0044544084157862535 0.13955500053898548
-0.37810653536256944 0.497922112802148 0.7490997165966325 678.9883791696138 527.4500372381717 729.7988422729541 492.25501111824997 3.1868516840601577 3.7097955696727984 -1923.7388213720717 -2.440442240120688e-15 21.94523590269624 -4239.096807456599 -9.059644400997421e-19 0.0044544084157862535 0.13955500053898548
-0.3673034914950681 0.5136356311548788 0.8613294749297478 679.8882306396599 526.758578484061 736.2566858202626 495.6088078166358 3.1868516840601577 3.7097955696727984 -1923.7388213720717 -2.440442240120688e-15 21.94523590269624 -4239.096807456599 -9.059644400997421e-19 0.0044544084157862535 0.13955500053898548
-0.34962578334824446 0.5244386750223812 0.9735592332628631 680.6335603493244 526.095234229665 741.8190776321571 494.8353360380279 3.1868516840601577 3.7097955696727984 -1923.7388213720717 -2.440442240120688e-15 21.94523590269624 -4239.096807456599 -9.059644400997421e-19 0.0044544084157862535 0.13955500053898548
-0.33489435989256405 0.5313133393017012 1.0857889915959784 681.2300291896481 525.4624025329708 746.5819233278162 490.5086816751282 3.1868516840601577 3.7097955696727984 -1923.7388213720717 -2.440442240120688e-15 21.94523590269624 -4239.096807456599 -9.059644400997421e-19 0.0044544084157862535 0.13955500053898548
-0.31721665174574043 0.5372059086839743 1.1980187499290937 681.683107755066 524.8623799284044 750.6361429731332 483.17120456451084 3.1868516840601577 3.7097955696727984 -1923.7388213720717 -2.440442240120688e-15 21.94523590269624 -4239.096807456599 -9.059644400997421e-19 0.0044544084157862535 0.13955500053898548
-0.28186123545210207 0.5430984780662473 1.3102485082622088 681.9980763434178 524.2973614268171 754.0676710805565 473.3335384843522 3.1868516840601577 3.7097955696727984 -1923.7388213720717 -2.440442240120688e-15 21.94523590269624 -4239.096807456599 -9.059644400997421e-19 0.0044544084157862535 0.13955500053898548
-0.23963115487914147 0.5499731423455674 1.4224782665953242 682.1800249559374 523.7694405155044 756.957456609307 461.4745911558857 3.1868516840601577 3.7097955696727984 -1923.7388213720717 -2.440442240120688e-15 21.94523590269624 -4239.096807456599 -9.059644400997421e-19 0.0044544084157862535 0.13955500053898548
-0.2042757385854942 0.5548836168307957 1.5347080249284395 682.2338532972635 523.2806091581883 759.3814629652043 448.0415442425874 3.1868516840601577 3.7097955696727984 -1923.7388213720717 -2.440442240120688e-15 21.94523590269624 -4239.096807456599 -9.059644400997421e-19 0.0044544084157862535 0.13955500053898548
-0.17579498657117368 0.5539015219337521 1.6469377832615548 682.1642707754327 522.8327577950288 761.4106680007244 433.44985335081583 3.1868516840601577 3.7097955696727984 -1923.7388213720717 -2.440442240120688e-15 21.94523590269624 -4239.096807456599 -9.059644400997421e-19 0.0044544084157862535 0.13955500053898548
-0.15418889883616654 0.5489910474485227 1.7591675415946701 681.9757965018798 522.4276753426202 763.1110640149855 418.08324802917195 3.1868516840601577 3.7097955696727984 -1923.7388213720717 -2.440442240120688e-15 21.94523590269624 -4239.096807456599 -9.059644400997421e-19 0.0044544084157862535 0.13955500053898548
-0.1394574753804772 0.5411342882721567 1.8713972999277855 681.6727592914358 522.0670491939898 764.5436577538349 402.2937317697215 3.1868516840601577 3.7097955696727984 -1923.7388213720717 -2.440442240120688e-15 21.94523590269624 -4239.096807456599 -9.059644400997421e-19 0.0044544084157862535 0.13955500053898548
-0.13651119068933842 0.5313133393017001 1.9836270582609006 681.2592976623373 521.7524652186003 765.7644704096892 386.401582005783 3.1868516840601577 3.7097955696727984 -1923.7388213720717 -2.440442240120688e-15 21.94523590269624 -4239.096807456599 -9.059644400997421e-19 0.0044544084157862535 0.13955500053898548
-0.14338585496866071 0.5224744852282894 2.095856816594016 680.7393598362187 521.4854077623465 766.8245376216364 370.6953501148964 3.1868516840601577 3.7097955696727984 -1923.7388213720717 -2.440442240120688e-15 21.94523590269624 -4239.096807456599 -9.059644400997421e-19 0.0044544084157862535 0.13955500053898548
-0.150260519247983 0.5155998209489694 2.2080865749271315 680.1167037381119 521.2672596475602 767.7699094754498 355.4318614152726 3.1868516840601577 3.7097955696727984 -1923.7388213720717 -2.440442240120688e-15 21.94523590269624 -4239.096807456599 -9.059644400997421e-19 0.0044544084157862535 0.13955500053898548
-0.15713518352730083 0.5077430617726045 2.3203163332602466 679.3948969964513 521.0993021730076 768.6416505036759 340.83621516940184 3.1868516840601577 3.7097955696727984 -1923.7388213720717 -2.440442240120688e-15 21.94523590269624 -4239.096807456599 -9.059644400997421e-19 0.0044544084157862535 0.13955500053898548
-0.16106356311548436 0.4998863025962386 2.4325460915933617 678.5773169430659 520.9827151138868 769.4758396852267 327.1017845813767 3.1868516840601577 3.7097955696727984 -1923.7388213720717 -2.440442240120688e-15 21.94523590269624 -4239.096807456599 -9.059644400997421e-19 0.0044544084157862535 0.13955500053898548
-0.16793822739480663 0.4881011638316914 2.544775849926477 677.6671506131906 520.918576721831 770.3035704458889 314.3902167986962 3.1868516840601577 3.7097955696727984 -1923.7388213720717 -2.440442240120688e-15 21.94523590269624 -4239.096807456599 -9.059644400997421e-19 0.0044544084157862535 0.13955500053898548
-0.16400984780662312 0.47336974037600654 2.6570056082595923 676.6673947454537 520.9078637249097 771.1509506581206 302.831432910054 3.1868516840601577 3.7097955696727984 -1923.7388213720717 -2.440442240120688e-15 21.94523590269624 -4239.096807456599 -9.059644400997421e-19 0.0044544084157862535 0.13955500053898548
-0.16400984780662312 0.46060250671441344 2.769235366592708 675.5808557818873 520.9514513276247 772.0391026409634 292.52362794824876 3.1868516840601577 3.7097955696727984 -1923.7388213720717 -2.440442240120688e-15 21.94523590269624 -4239.096807456599 -9.059644400997421e-19 0.0044544084157862535 0.13955500053898548
-0.16793822739480663 0.44783527305282034 2.881465124925823 674.4101498679211 521.0501132109109 772.984163160043 283.5332708883798 3.1868516840601577 3.7097955696727984 -1923.7388213720717 -2.440442240120688e-15 21.94523590269624 -4239.096807456599 -9.059644400997421e-19 0.0044544084157862535 0.13955500053898548
-0.1679382273948022 0.43506803939122607 2.993694883258938 673.1577028523834 521.204521532142 773.9972834278597 275.895104647032 3.1868516840601577 3.7097955696727984 -1923.7388213720717 -2.440442240120688e-15 21.94523590269624 -4239.096807456599 -9.059644400997421e-19 0.0044544084157862535 0.13955500053898548
-0.1679382273948022 0.4213187108325871 3.1059246415920536 671.8257502875013 521.4152469251198 775.0846291033522 269.61214608495357 3.1868516840601577 3.7097955696727984 -1923.7388213720717 -2.440442240120688e-15 21.94523590269624 -4239.096807456599 -9.059644400997421e-19 0.0044544084157862535 0.13955500053898548
-0.1649919427036634 0.40462309758281045 3.2181543999251687 670.416337428911 521.682758500087 776.2473802921595 264.65568600437837 3.1868516840601577 3.7097955696727984 -1923.7388213720717 -2.440442240120688e-15 21.94523590269624 -4239.096807456599 -9.059644400997421e-19 0.0044544084157862535 0.13955500053898548
-0.16892032229185142 0.38399910474485255 3.3303841582582843 668.9313192356312 522.0074238437139 777.4817315467517 260.96528915013187 3.1868516840601577 3.7097955696727984 -1923.7388213720717 -2.440442240120688e-15 21.94523590269624 -4239.096807456599 -9.059644400997421e-19 0.0044544084157862535 0.13955500053898548
-0.17579498657117368 0.3623930170098476 3.4426139165913994 667.3723603700946 522.3895090191111 778.7788918660517 258.4487942106207 3.1868516840601577 3.7097955696727984 -1923.7388213720717 -2.440442240120688e-15 21.94523590269624 -4239.096807456599 -9.059644400997421e-19 0.0044544084157862535 0.13955500053898548
-0.1895443151298138 0.33784064458370505 3.5548436749245145 665.740935198126 522.8291785658205 780.1250846957118 256.98231381579535 3.1868516840601577 3.7097955696727984 -1923.7388213720717 -2.440442240120688e-15 21.94523590269624 -4239.096807456599 -9.059644400997421e-19 0.0044544084157862535 0.13955500053898548
-0.21115040286481648 0.3132882721575647 3.66707343325763 664.0383277889523 523.3264954998183 781.5015479280701 256.41023453860544 3.1868516840601577 3.7097955696727984 -1923.7388213720717 -2.440442240120688e-15 21.94523590269624 -4239.096807456599 -9.059644400997421e-19 0.0044544084157862535 0.13955500053898548
-0.239631154879137 0.2916821844225598 3.779303191590745 662.2656319151984 523.8814213135158 782.884533902019 256.5452168948832 3.1868516840601577 3.7097955696727984 -1923.7388213720717 -2.440442240120688e-15 21.94523590269624 -4239.096807456599 -9.059644400997421e-19 0.0044544084157862535 0.13955500053898548
-0.268111906893462 0.2690940017905101 3.8915329499238607 660.4237510528947 524.493815975758 784.2453094033117 257.1681953424704 3.1868516840601577 3.7097955696727984 -1923.7388213720717 -2.440442240120688e-15 21.94523590269624 -4239.096807456599 -9.059644400997421e-19 0.0044544084157862535 0.13955500053898548
-0.2956105640107377 0.24552372426141453 4.003762708256976 658.5133983814594 525.1634379318227 785.5501556641248 258.02837828197517 3.1868516840601577 3.7097955696727984 -1923.7388213720717 -2.440442240120688e-15 21.94523590269624 -4239.096807456599 -9.059644400997421e-19 0.0044544084157862535 0.13955500053898548
-0.32016293643687915 0.22097135183527195 3.9269908169872187 656.5350967837176 525.8899441034264 786.7603683634079 258.8432480568881 3.1868516840601577 3.7097955696727984 -1923.7388213720717 -2.440442240120688e-15 21.94523590269624 -4239.096807456599 -9.059644400997421e-19 0.0044544084157862535 0.13955500053898548
-0.34471530886301616 0.1924905998209492 3.8530517793292343 654.4891788458935 526.6728898887156 787.8322576268547 259.2985609533498 3.1868516840601577 3.7097955696727984 -1923.7388213720717 -2.440442240120688e-15 21.94523590269624 -4239.096807456599 -9.059644400997421e-19 0.0044544084157862535 0.13955500053898548
-0.3722139659803008 0.16499194270367123 3.926990816987363 652.3757868576113 527.5117291622723 788.7171480266406 259.0483471993357 3.1868516840601577 3.7097955696727984 -1923.7388213720717 -2.440442240120688e-15 21.94523590269624 -4239.096807456599 -9.059644400997421e-19 0.0044544084157862535 0.13955500053898548
-0.3997126230975766 0.13651119068934625 3.9094487569297747 650.1948728118969 528.4058142751151 789.361378581656 257.7149109663442 3.1868516840601577 3.7097955696727984 -1923.7388213720717 -2.440442240120688e-15 21.94523590269624 -4239.096807456599 -9.059644400997421e-19 0.0044544084157862535 0.13955500053898548
-0.4311396598030403 0.1070483437779765 3.9592376994225376 647.9461984051695 529.3543960546929 789.7063027575496 254.88883036770858 3.1868516840601577 3.7097955696727984 -1923.7388213720717 -2.440442240120688e-15 21.94523590269624 -4239.096807456599 -9.059644400997421e-19 0.0044544084157862535 0.13955500053898548
-0.47238764547896067 0.08053178155774553 4.141051500551123 645.6293350372443 530.3566238048927 789.6882884665101 250.128957460518 3.1868516840601577 3.7097955696727984 -1923.7388213720717 -2.440442240120688e-15 21.94523590269624 -4239.096807456599 -9.059644400997421e-19 0.0044544084157862535 0.13955500053898548
-0.5097072515666929 0.05303312444046531 4.07736224499431 643.2436638113522 531.4115453060338 789.2387180673395 242.9624182424741 3.1868516840601577 3.7097955696727984 -1923.7388213720717 -2.440442240120688e-15 21.94523590269624 -4239.096807456599 -9.059644400997421e-19 0.0044544084157862535 0.13955500053898548
-0.5509552372426089 0.02357027752909557 4.092139494401848 640.78837553411 532.5181068148663 788.2839883657725 232.8846126558492 3.1868516840601577 3.7097955696727984 -1923.7388213720717 -2.440442240120688e-15 21.94523590269624 -4239.096807456599 -9.059644400997421e-19 0.0044544084157862535 0.13955500053898548
-0.5922032229185291 -0.010803043867502462 3.993558980763065 638.2624707155364 533.6751530645834 786.7455106137786 219.35921458451776 3.1868516840601577 3.7097955696727984 -1923.7388213720717 -2.440442240120688e-15 21.94523590269624 -4239.096807456599 -9.059644400997421e-19 0.0044544084157862535 0.13955500053898548
-0.6334512085944495 -0.046158460161147497 3.9795738785981642 635.6647595690529 534.8814272648056 784.5397105104057 201.81817185523687 3.1868516840601577 3.7097955696727984 -1923.7388213720717 -2.440442240120688e-15 21.94523590269624 -4239.096807456599 -9.059644400997421e-19 0.0044544084157862535 0.13955500053898548
-0.6746991942703608 -0.08347806624888206 3.952626225508868 632.9938620114772 536.1355711015892 781.5780282010383 179.66170623735525 3.1868516840601577 3.7097955696727984 -1923.7388213720717 -2.440442240120688e-15 21.94523590269624 -4239.096807456599 -9.059644400997421e-19 0.0044544084157862535 0.13955500053898548
-0.7149650850492364 -0.12276186213070837 3.914333265153201 630.2482076630286 537.4361247374252 777.7669182778918 152.25831344211474 3.1868516840601577 3.7097955696727984 -1923.7388213720717 -2.440442240120688e-15 21.94523590269624 -4239.096807456599 -9.059644400997421e-19 0.0044544084157862535 0.13955500053898548
