33 -1.0626266786034047 -0.6118451208594456 5.766771118727178 -1.1657466427932077 -0.4900653536257832
-1.0626266786034047 -0.6118451208594456 5.766771118727178 583.6039605614944 543.4821189839572 648.5449076325331 202.37387578999824 3.1612615985217873 3.674419871588739 -1848.1084341234334 0.08777678876604714 21.727420618925528 -4050.501256682469 3.678826017017912e-05 0.004412916550311755 0.17031979539415018
-1.065572963294539 -0.5941674127126243 5.701883240708557 584.6436060677916 543.548534802484 673.5671330782752 219.93264247181787 3.1612615985217873 3.674419871588739 -1848.1084341234334 0.08777678876604714 21.727420618925528 -4050.501256682469 3.678826017017912e-05 0.004412916550311755 0.17031979539415018
-1.0714655326768165 -0.575507609668757 5.636995362689935 585.9114892401228 543.661938287045 690.5753034485115 235.45339576113156 3.1612615985217873 3.674419871588739 -1848.1084341234334 0.08777678876604714 21.727420618925528 -4050.501256682469 3.678826017017912e-05 0.004412916550311755 0.17031979539415018
-1.0773581020590897 -0.5588119964189804 5.572107484671313 587.3445005926066 543.815647771142 700.6254176033199 249.16994322135997 3.1612615985217873 3.674419871588739 -1848.1084341234334 0.08777678876604714 21.727420618925528 -4050.501256682469 3.678826017017912e-05 0.004412916550311755 0.17031979539415018
-1.0832506714413672 -0.5411342882721578 5.507219606652691 588.8844531096636 544.0033184896469 704.7188767917542 261.30524561266066 3.1612615985217873 3.674419871588739 -1848.1084341234334 0.08777678876604714 21.727420618925528 -4050.501256682469 3.678826017017912e-05 0.004412916550311755 0.17031979539415018
-1.092089525514779 -0.5224744852282905 5.442331728634069 590.4780822460186 544.2189425788011 703.8024846518256 272.07141689193486 3.1612615985217873 3.674419871588739 -1848.1084341234334 0.08777678876604714 21.727420618925528 -4050.501256682469 3.678826017017912e-05 0.004412916550311755 0.17031979539415018
-1.0950358102059177 -0.5047967770814681 5.377443850615448 592.0770459266977 544.4568490762166 698.7684472105593 281.6697242128221 3.1612615985217873 3.674419871588739 -1848.1084341234334 0.08777678876604714 21.727420618925528 -4050.501256682469 3.678826017017912e-05 0.004412916550311755 0.17031979539415018
-1.1009283795881908 -0.4881011638316925 5.312555972596826 593.6379245470307 544.7117039208746 690.454372883929 290.29058792570413 3.1612615985217873 3.674419871588739 -1848.1084341234334 0.08777678876604714 21.727420618925528 -4050.501256682469 3.678826017017912e-05 0.004412916550311755 0.17031979539415018
-1.1068209489704592 -0.4714055505819159 5.247668094578204 595.1222209726491 544.9785099531267 679.6432724769002 298.113581577702 3.1612615985217873 3.674419871588739 -1848.1084341234334 0.08777678876604714 21.727420618925528 -4050.501256682469 3.678826017017912e-05 0.004412916550311755 0.17031979539415018
-1.1127135183527324 -0.45470993733213927 5.182780216559582 596.496360539488 545.2526069146942 667.0635591834089 305.3074319126781 3.1612615985217873 3.674419871588739 -1848.1084341234334 0.08777678876604714 21.727420618925528 -4050.501256682469 3.678826017017912e-05 0.004412916550311755 0.17031979539415018
-1.1186060877350055 -0.43997851387645437 5.11789233854096 597.7316910537849 545.5296714486683 653.3890485863722 312.03001887123537 3.1612615985217873 3.674419871588739 -1848.1084341234334 0.08777678876604714 21.727420618925528 -4050.501256682469 3.678826017017912e-05 0.004412916550311755 0.17031979539415018
-1.128427036705462 -0.4262291853178154 5.053004460522338 598.80448279208 545.8057170995103 639.2389586576883 318.42837559071586 3.1612615985217873 3.674419871588739 -1848.1084341234334 0.08777678876604714 21.727420618925528 -4050.501256682469 3.678826017017912e-05 0.004412916550311755 0.17031979539415018
-1.1382479856759231 -0.4154261414503118 4.988116582503717 599.6959285012157 546.0770943130511 625.1779097582239 324.63868840520445 3.1612615985217873 3.674419871588739 -1848.1084341234334 0.08777678876604714 21.727420618925528 -4050.501256682469 3.678826017017912e-05 0.004412916550311755 0.17031979539415018
-1.151015219337514 -0.4056051924798563 4.923228704485095 600.3921433983382 546.3404904364919 611.7159246378324 330.7862968455238 3.1612615985217873 3.674419871588739 -1848.1084341234334 0.08777678876604714 21.727420618925528 -4050.501256682469 3.678826017017912e-05 0.004412916550311755 0.17031979539415018
-1.1637824529991092 -0.3977484333034904 4.858340826466473 600.8841651708958 546.5929297184034 599.3084284353336 336.9856936392407 3.1612615985217873 3.674419871588739 -1848.1084341234334 0.08777678876604714 21.727420618925528 -4050.501256682469 3.678826017017912e-05 0.004412916550311755 0.17031979539415018
-1.1765496866607001 -0.39185586392121735 4.793452948447851 601.1679539766394 546.8317733087266 588.3562486785395 343.340524710658 3.1612615985217873 3.674419871588739 -1848.1084341234334 0.08777678876604714 21.727420618925528 -4050.501256682469 3.678826017017912e-05 0.004412916550311755 0.17031979539415018
-1.1863706356311567 -0.38890957923008085 4.72856507042923 601.2443924436229 547.054719258772 579.2056152842324 349.9435891808221 3.1612615985217873 3.674419871588739 -1848.1084341234334 0.08777678876604714 21.727420618925528 -4050.501256682469 3.678826017017912e-05 0.004412916550311755 0.17031979539415018
-1.1902990152193402 -0.38989167412712783 4.663677192410608 601.1192856702019 547.2598025212204 572.1481605581612 356.8768393675223 3.1612615985217873 3.674419871588739 -1848.1084341234334 0.08777678876604714 21.727420618925528 -4050.501256682469 3.678826017017912e-05 0.004412916550311755 0.17031979539415018
-1.1942273948075237 -0.39382005371531026 4.598789314391986 600.8033612250372 547.4453949501224 567.4209191950758 364.21138078528065 3.1612615985217873 3.674419871588739 -1848.1084341234334 0.08777678876604714 21.727420618925528 -4050.501256682469 3.678826017017912e-05 0.004412916550311755 0.17031979539415018
-1.195209489704573 -0.40265890778872093 4.533901436373364 600.3122691470893 547.6102053008983 565.2063282786821 372.0074721453657 3.1612615985217873 3.674419871588739 -1848.1084341234334 0.08777678876604714 21.727420618925528 -4050.501256682469 3.678826017017912e-05 0.004412916550311755 0.17031979539415018
-1.1991378692927566 -0.41247985675917526 4.469013558354742 599.6665819456235 547.7532792303386 565.6322272816815 380.31452535578956 3.1612615985217873 3.674419871588739 -1848.1084341234334 0.08777678876604714 21.727420618925528 -4050.501256682469 3.678826017017912e-05 0.004412916550311755 0.17031979539415018
-1.1991378692927521 -0.4232829006266777 4.40412568033612 598.8917946002067 547.8739992966035 568.7718580657383 389.1711055212927 3.1612615985217873 3.674419871588739 -1848.1084341234334 0.08777678876604714 21.727420618925528 -4050.501256682469 3.678826017017912e-05 0.004412916550311755 0.17031979539415018
-1.1991378692927521 -0.4340859444941802 4.3392378023174984 598.0183245607093 547.9720849592234 574.6438648815038 398.60493094337016 3.1612615985217873 3.674419871588739 -1848.1084341234334 0.08777678876604714 21.727420618925528 -4050.501256682469 3.678826017017912e-05 0.004412916550311755 0.17031979539415018
-1.202084153983891 -0.44488898836168267 4.2743499242988765 597.0815117473039 548.047592579098 583.2122943685918 408.63287312025113 3.1612615985217873 3.674419871588739 -1848.1084341234334 0.08777678876604714 21.727420618925528 -4050.501256682469 3.678826017017912e-05 0.004412916550311755 0.17031979539415018
-1.2089588182632132 -0.45569203222918514 4.209462046280255 596.1216185504654 548.1009154184977 594.3865955556212 419.2609567469026 3.1612615985217873 3.674419871588739 -1848.1084341234334 0.08777678876604714 21.727420618925528 -4050.501256682469 3.678826017017912e-05 0.004412916550311755 0.17031979539415018
-1.2119051029543475 -0.4664950760966876 4.1445741682616335 595.1838298309729 548.1327836410624 608.0216198601611 430.48435971503477 3.1612615985217873 3.674419871588739 -1848.1084341234334 0.08777678876604714 21.727420618925528 -4050.501256682469 3.678826017017912e-05 0.004412916550311755 0.17031979539415018
-1.2148513876454818 -0.47631602506714416 4.0796862902430115 594.3182529199064 548.1442643118016 623.9176210887781 442.2874131131034 3.1612615985217873 3.674419871588739 -1848.1084341234334 0.08777678876604714 21.727420618925528 -4050.501256682469 3.678826017017912e-05 0.004412916550311755 0.17031979539415018
-1.2177976723366204 -0.484172784243509 4.01479841222439 593.5799176186507 548.1367613970954 641.8202554369982 454.6436012262934 3.1612615985217873 3.674419871588739 -1848.1084341234334 0.08777678876604714 21.727420618925528 -4050.501256682469 3.678826017017912e-05 0.004412916550311755 0.17031979539415018
-1.2177976723366204 -0.4900653536257832 3.949910534205768 593.0287761988907 548.1120157646933 661.420581489343 467.5155615365402 3.1612615985217873 3.674419871588739 -1848.1084341234334 0.08777678876604714 21.727420618925528 -4050.501256682469 3.678826017017912e-05 0.004412916550311755 0.17031979539415018
-1.2138692927484414 -0.4920295434198749 3.885022656187146 592.7297034026159 548.072105183715 682.3550602193027 480.85508472251877 3.1612615985217873 3.674419871588739 -1848.1084341234334 0.08777678876604714 21.727420618925528 -4050.501256682469 3.678826017017912e-05 0.004412916550311755 0.17031979539415018
-1.206994628469119 -0.4920295434198738 3.8201347781685246 592.7524964421183 548.0194443246501 704.2055549893394 494.60311465963605 3.1612615985217873 3.674419871588739 -1848.1084341234334 0.08777678876604714 21.727420618925528 -4050.501256682469 3.678826017017912e-05 0.004412916550311755 0.17031979539415018
-1.2001199641898057 -0.49104744852282906 3.7552469001499027 593.1718749999925 547.9567847593576 726.4993315508927 508.689748420049 3.1612615985217873 3.674419871588739 -1848.1084341234334 0.08777678876604714 21.727420618925528 -4050.501256682469 3.678826017017912e-05 0.004412916550311755 0.17031979539415018
-1.1844064458370762 -0.4900653536257832 3.6903590221312808 594.0674812291354 547.8872149610672 748.7090580443946 523.034236272656 3.1612615985217873 3.674419871588739 -1848.1084341234334 0.08777678876604714 21.727420618925528 -4050.501256682469 3.678826017017912e-05 0.004412916550311755 0.17031979539415018
-1.1657466427932077 -0.4900653536257832 3.625471144112659 591.8593058719252 545.0974567752789 696.3349719995769 548.2721260712642 3.1612615985217873 3.674419871588739 -1848.1084341234334 0.08777678876604714 21.727420618925528 -4050.501256682469 3.678826017017912e-05 0.004412916550311755 0.17031979539415018
-1.1490510295434289 -0.4930116383169197 3.5605832660940373 592.0795682112821 545.7155462235099 701.3641191218426 509.97055308325434 3.1612615985217873 3.674419871588739 -1848.1084341234334 0.08777678876604714 21.727420618925528 -4050.501256682469 3.678826017017912e-05 0.004412916550311755 0.17031979539415018
-1.1392300805729634 -0.4969400179051032 3.495695388075416 592.162907075384 546.3371482642552 706.2074629508425 475.1019321250096 3.1612615985217873 3.674419871588739 -1848.1084341234334 0.08777678876604714 21.727420618925528 -4050.501256682469 3.678826017017912e-05 0.004412916550311755 0.17031979539415018
-1.1382479856759187 -0.5028325872873785 3.430807510056794 592.1264049401168 546.9572387963478 710.869215543375 443.4591995355295 3.1612615985217873 3.674419871588739 -1848.1084341234334 0.08777678876604714 21.727420618925528 -4050.501256682469 3.678826017017912e-05 0.004412916550311755 0.17031979539415018
-1.1431584601611469 -0.5087251566696516 3.365919632038172 591.9864732797346 547.5709992975599 715.3535553632435 414.8413109665089 3.1612615985217873 3.674419871588739 -1848.1084341234334 0.08777678876604714 21.727420618925528 -4050.501256682469 3.678826017017912e-05 0.004412916550311755 0.17031979539415018
-1.1539615040286437 -0.5146177260519257 3.30103175401955 591.758852566863 548.1738168246027 719.6646272812559 389.05324138244396 3.1473962328260483 3.6630363870242952 -1839.5538757439203 0.04361402824204062 21.668156827037013 -4003.5533938128697 1.827914008467758e-05 0.004408010217038028 0.1820633264721188
-1.1755675917636554 -0.5214923903312458 3.2361438760009285 591.458612272497 548.7612840131266 723.8065425752253 365.9059850606063 3.1473962328260483 3.6630363870242952 -1839.5538757439203 0.04361402824204062 21.668156827037013 -4003.5533938128697 1.827914008467758e-05 0.004408010217038028 0.1820633264721188
-1.197173679498658 -0.5293491495076117 3.171255997982307 591.1001508660036 549.3291990777204 727.7833789299685 345.216555590996 3.1473962328260483 3.6630363870242952 -1839.5538757439203 0.04361402824204062 21.668156827037013 -4003.5533938128697 1.827914008467758e-05 0.004408010217038028 0.1820633264721188
-1.2217260519247997 -0.5372059086839766 3.1063681199636846 590.6971958151203 549.8735658119124 731.5991804373077 326.80798587638856 3.1473962328260483 3.6630363870242952 -1839.5538757439203 0.04361402824204062 21.668156827037013 -4003.5533938128697 1.827914008467758e-05 0.004408010217038028 0.1820633264721188
-1.2521709937332142 -0.5460447627573883 3.041480241945063 590.262803585953 550.39059358817 735.2579575960692 310.50932813234976 3.1473962328260483 3.6630363870242952 -1839.5538757439203 0.04361402824204062 21.668156827037013 -4003.5533938128697 1.827914008467758e-05 0.004408010217038028 0.1820633264721188
-1.2796696508504855 -0.5539015219337532 2.976592363926441 589.8093596429806 550.8766973578986 738.7636873120839 296.15565388717005 3.1473962328260483 3.6630363870242952 -1839.5538757439203 0.04361402824204062 21.668156827037013 -4003.5533938128697 1.827914008467758e-05 0.004408010217038028 0.1820633264721188
-1.301275738585488 -0.5597940913160262 2.9117044859078196 589.3485784490501 551.328497651444 742.1203128981881 283.5880539819482 3.1473962328260483 3.6630363870242952 -1839.5538757439203 0.04361402824204062 21.668156827037013 -4003.5533938128697 1.827914008467758e-05 0.004408010217038028 0.1820633264721188
-1.3199355416293563 -0.5647045658012545 2.846816607889197 588.8915034653801 551.7428205780897 745.3317440742217 272.65363857049306 3.1473962328260483 3.6630363870242952 -1839.5538757439203 0.04361402824204062 21.668156827037013 -4003.5533938128697 1.827914008467758e-05 0.004408010217038028 0.1820633264721188
-1.329756490599813 -0.5686329453894358 2.7819287298705757 588.4485071515596 552.1166978260592 748.4018569670297 263.2055371194474 3.1473962328260483 3.6630363870242952 -1839.5538757439203 0.04361402824204062 21.668156827037013 -4003.5533938128697 1.827914008467758e-05 0.004408010217038028 0.1820633264721188
-1.3327027752909517 -0.5725613249776182 2.717040851851954 588.02929096555 552.4473666625138 751.3344941104618 255.1028984081422 3.1473962328260483 3.6630363870242952 -1839.5538757439203 0.04361402824204062 21.668156827037013 -4003.5533938128697 1.827914008467758e-05 0.004408010217038028 0.1820633264721188
-1.3327027752909562 -0.5755076096687559 2.6521529738333323 587.6428853636774 552.732269933555 754.1334644453723 248.21089052872776 3.1473962328260483 3.6630363870242952 -1839.5538757439203 0.04361402824204062 21.668156827037013 -4003.5533938128697 1.827914008467758e-05 0.004408010217038028 0.1820633264721188
-1.3287743957027771 -0.5784538943598935 2.5872650958147103 587.2976498006456 552.9690560642227 756.8025433196199 242.40070088610082 3.1473962328260483 3.6630363870242952 -1839.5538757439203 0.04361402824204062 21.668156827037013 -4003.5533938128697 1.827914008467758e-05 0.004408010217038028 0.1820633264721188
-1.3248460161145892 -0.5784538943598935 2.5223772177960884 587.0012727295241 553.1555790584955 759.3454724880679 237.5495361979083 3.1473962328260483 3.6630363870242952 -1839.5538757439203 0.04361402824204062 21.668156827037013 -4003.5533938128697 1.827914008467758e-05 0.004408010217038028 0.1820633264721188
-1.3179713518352714 -0.5774717994628477 2.457489339777467 586.7607716017542 553.2898984992917 761.7659601125847 233.54062249458366 3.1473962328260483 3.6630363870242952 -1839.5538757439203 0.04361402824204062 21.668156827037013 -4003.5533938128697 1.827914008467758e-05 0.004408010217038028 0.1820633264721188
-1.3081504028648148 -0.5745255147717111 2.3926014617588454 586.5824928671468 553.3702795484678 764.0676807620424 230.26320511931044 3.1473962328260483 3.6630363870242952 -1839.5538757439203 0.04361402824204062 21.668156827037013 -4003.5533938128697 1.827914008467758e-05 0.004408010217038028 0.1820633264721188
-1.301275738585497 -0.5705971351835276 2.327713583740223 586.4721119738842 553.3951929468199 766.2542754123191 227.61254872804784 3.1473962328260483 3.6630363870242952 -1839.5538757439203 0.04361402824204062 21.668156827037013 -4003.5533938128697 1.827914008467758e-05 0.004408010217038028 0.1820633264721188
-1.2983294538943626 -0.5656866606982982 2.2628257057216015 586.4346333685203 553.3633150140824 768.329351446296 225.489937289527 3.1473962328260483 3.6630363870242952 -1839.5538757439203 0.04361402824204062 21.668156827037013 -4003.5533938128697 1.827914008467758e-05 0.004408010217038028 0.1820633264721188
-1.2953831692032285 -0.5607761862130699 2.19793782770298 586.4743904959769 553.2735276489295 770.2964826538598 223.80267408520376 3.1473962328260483 3.6630363870242952 -1839.5538757439203 0.04361402824204062 21.668156827037013 -4003.5533938128697 1.827914008467758e-05 0.004408010217038028 0.1820633264721188
-1.2953831692032285 -0.5548836168307957 2.133049949684358 586.595045799547 553.1249183289739 772.1592092319017 222.464081709335 3.1473962328260483 3.6630363870242952 -1839.5538757439203 0.04361402824204062 21.668156827037013 -4003.5533938128697 1.827914008467758e-05 0.004408010217038028 0.1820633264721188
-1.299311548791412 -0.5480089525514767 2.068162071665736 586.7995907208965 552.9167801107669 773.9210377843181 221.39350206894233 3.1473962328260483 3.6630363870242952 -1839.5538757439203 0.04361402824204062 21.668156827037013 -4003.5533938128697 1.827914008467758e-05 0.004408010217038028 0.1820633264721188
-1.303239928379591 -0.5421163831692026 2.003274193647114 587.0903457000582 552.6486116298001 775.585441322008 220.51629638376835 3.1473962328260483 3.6630363870242952 -1839.5538757439203 0.04361402824204062 21.668156827037013 -4003.5533938128697 1.827914008467758e-05 0.004408010217038028 0.1820633264721188
-1.303239928379591 -0.5372059086839754 1.9383863156284926 587.4689601754369 552.3201171005023 777.1558592628778 219.76384518638588 3.1473962328260483 3.6630363870242952 -1839.5538757439203 0.04361402824204062 21.668156827037013 -4003.5533938128697 1.827914008467758e-05 0.004408010217038028 0.1820633264721188
-1.3002936436884478 -0.5352417188898837 1.8734984376098707 587.9364125838081 551.9312063162427 778.6356974318362 219.07354832208148 3.1473962328260483 3.6630363870242952 -1839.5538757439203 0.04361402824204062 21.668156827037013 -4003.5533938128697 1.827914008467758e-05 0.004408010217038028 0.1820633264721188
-1.297347358997309 -0.5352417188898848 1.8086105595912487 588.4930103603178 551.4819946493287 780.0283280607978 218.38882494892096 3.1473962328260483 3.6630363870242952 -1839.5538757439203 0.04361402824204062 21.668156827037013 -4003.5533938128697 1.827914008467758e-05 0.004408010217038028 0.1820633264721188
-1.2914547896150315 -0.5352417188898848 1.7437226815726268 589.1383899384812 550.9728030510068 781.3370897886813 217.6591135377421 3.1473962328260483 3.6630363870242952 -1839.5538757439203 0.04361402824204062 21.668156827037013 -4003.5533938128697 1.827914008467758e-05 0.004408010217038028 0.1820633264721188
-1.2767233661593511 -0.5342596239928378 1.6788348035540057 589.8715167501864 550.4041580514629 782.5652876614103 216.83987187214007 3.1473962328260483 3.6630363870242952 -1839.5538757439203 0.04361402824204062 21.668156827037013 -4003.5533938128697 1.827914008467758e-05 0.004408010217038028 0.1820633264721188
-1.258063563115487 -0.5332775290957931 1.6139469255353838 590.6906852256898 549.7767917598214 783.716193131913 215.8925770484566 3.1473962328260483 3.6630363870242952 -1839.5538757439203 0.04361402824204062 21.668156827037013 -4003.5533938128697 1.827914008467758e-05 0.004408010217038028 0.1820633264721188
-1.2325290957922965 -0.5313133393017023 1.5490590475167618 591.5935187936182 549.0916418641459 784.7930440601219 214.7847254758526 3.1473962328260483 3.6630363870242952 -1839.5538757439203 0.04361402824204062 21.668156827037013 -4003.5533938128697 1.827914008467758e-05 0.004408010217038028 0.1820633264721188
-1.2040483437779714 -0.52738495971352 1.4841711694981399 592.5769698809702 548.3498516314385 785.7990447129743 213.4898328761592 3.1473962328260483 3.6630363870242952 -1839.5538757439203 0.04361402824204062 21.668156827037013 -4003.5533938128697 1.827914008467758e-05 0.004408010217038028 0.1820633264721188
-1.1726213070725122 -0.5205102954341988 1.419283291479518 593.637319913114 547.5527699076415 786.7373657644124 211.98743428409944 3.1473962328260483 3.6630363870242952 -1839.5538757439203 0.04361402824204062 21.668156827037013 -4003.5533938128697 1.827914008467758e-05 0.004408010217038028 0.1820633264721188
-1.1343196060877305 -0.5126535362578339 1.3543954134608969 594.7701793137892 546.7019511176345 787.6111442953825 210.26308404704105 3.1473962328260483 3.6630363870242952 -1839.5538757439203 0.04361402824204062 21.668156827037013 -4003.5533938128697 1.827914008467758e-05 0.004408010217038028 0.1820633264721188
-1.099946284691137 -0.5018504923903315 1.289507535442274 595.9704875051025 545.7991552652375 788.4234837938357 208.30835582518557 3.1473962328260483 3.6630363870242952 -1839.5538757439203 0.04361402824204062 21.668156827037013 -4003.5533938128697 1.827914008467758e-05 0.004408010217038028 0.1820633264721188
-1.0586982990152212 -0.4871190689346466 1.224619657423653 597.2325129075355 544.846347933209 789.177454154728 206.12084259147014 3.1473962328260483 3.6630363870242952 -1839.5538757439203 0.04361402824204062 21.668156827037013 -4003.5533938128697 1.827914008467758e-05 0.004408010217038028 0.1820633264721188
-1.0203965980304397 -0.47042345568487 1.159731779405031 598.5498529399392 543.8457002832458 789.8760916800202 203.70415663160747 3.1473962328260483 3.6630363870242952 -1839.5538757439203 0.04361402824204062 21.668156827037013 -4003.5533938128697 1.827914008467758e-05 0.004408010217038028 0.1820633264721188
-0.9850411817367923 -0.45372784243509334 1.1296168463799448 599.9154340195346 542.7995890559846 790.5223990786768 201.067929544075 3.1473962328260483 3.6630363870242952 -1839.5538757439203 0.04361402824204062 21.668156827037013 -4003.5533938128697 1.827914008467758e-05 0.004408010217038028 0.1820633264721188
-0.9496857654431495 -0.4350680393912272 1.0851742334974472 601.32151156191 541.7105965710015 791.1193454666674 198.22781224008213 3.1473962328260483 3.6630363870242952 -1839.5538757439203 0.04361402824204062 21.668156827037013 -4003.5533938128697 1.827914008467758e-05 0.004408010217038028 0.1820633264721188
-0.907455684870189 -0.41542614145031403 1.13544305164257 602.759669981027 540.5815107268093 791.6698663669663 195.20547494367202 3.1473962328260483 3.6630363870242952 -1839.5538757439203 0.04361402824204062 21.668156827037013 -4003.5533938128697 1.827914008467758e-05 0.004408010217038028 0.1820633264721188
-0.8691539838854074 -0.39480214861235613 1.0768549578753432 604.2208226892205 539.4153250008618 792.1768637095531 192.02860719160162 3.1473962328260483 3.6630363870242952 -1839.5538757439203 0.04361402824204062 21.668156827037013 -4003.5533938128697 1.827914008467758e-05 0.004408010217038028 0.1820633264721188
-0.829870188003581 -0.3731960608773512 1.067953115867027 605.6952120971905 538.2152384495524 792.6432058314103 188.7309178333926 3.1473962328260483 3.6630363870242952 -1839.5538757439203 0.04361402824204062 21.668156827037013 -4003.5533938128697 1.827914008467758e-05 0.004408010217038028 0.1820633264721188
-0.7905863921217547 -0.35355416293643915 1.1071487177941133 607.1724096140113 536.9846557082108 793.0717274765263 185.3521350313349 3.1473962328260483 3.6630363870242952 -1839.5538757439203 0.04361402824204062 21.668156827037013 -4003.5533938128697 1.827914008467758e-05 0.004408010217038028 0.1820633264721188
-0.7513025962399285 -0.3319480752014342 1.067953115867027 608.6413156471253 535.7271869911078 793.4652297958947 181.9380062604905 3.1473962328260483 3.6630363870242952 -1839.5538757439203 0.04361402824204062 21.668156827037013 -4003.5533938128697 1.827914008467758e-05 0.004408010217038028 0.1820633264721188
-0.7090725156669588 -0.31034198746642816 1.0796327285086649 610.0901596023466 534.4466480914534 793.8264803475121 178.54029830870786 3.1473962328260483 3.6630363870242952 -1839.5538757439203 0.04361402824204062 21.668156827037013 -4003.5533938128697 1.827914008467758e-05 0.004408010217038028 0.1820633264721188
-0.6727350044762713 -0.290700089525515 1.054565656183123 611.5064998838604 533.1470603813943 794.1582130963798 175.21679727653463 3.1473962328260483 3.6630363870242952 -1839.5538757439203 0.04361402824204062 21.668156827037013 -4003.5533938128697 1.827914008467758e-05 0.004408010217038028 0.1820633264721188
-0.633451208594445 -0.2690940017905112 1.0489620469804948 612.877223894217 531.8326508120185 794.4631284145056 172.0313085773596 3.1473962328260483 3.6630363870242952 -1839.5538757439203 0.04361402824204062 21.668156827037013 -4003.5533938128697 1.827914008467758e-05 0.004408010217038028 0.1820633264721188
-0.5941674127126186 -0.24847000895255217 1.067953115867027 614.1885480343474 530.5078519133524 794.7438930809006 169.05365693726344 3.1473962328260483 3.6630363870242952 -1839.5538757439203 0.04361402824204062 21.668156827037013 -4003.5533938128697 1.827914008467758e-05 0.004408010217038028 0.1820633264721188
-0.5539015219337431 -0.23275649059982365 1.1777383076130334 615.426017703543 529.1773017943603 795.0031402815796 166.35968639516432 3.1437979615716096 3.66464704044516 -1836.6600930449108 0.043600836216540095 21.650394077279838 -3997.9454631150543 1.8273611155297556e-05 0.004402898766955372 0.1834850919430112
-0.5165819158460153 -0.21802506714413766 1.1722738811284028 616.5745072994723 527.8458441429464 795.243469609565 164.03126030268322 3.1437979615716096 3.66464704044516 -1836.6600930449108 0.043600836216540095 21.650394077279838 -3997.9454631150543 1.8273611155297556e-05 0.004402898766955372 0.1834850919430112
-0.4792623097582785 -0.20525783348254456 1.217805938968007 617.6182202181701 526.5185282259552 795.4674470648795 162.15626132422403 3.1437979615716096 3.66464704044516 -1836.6600930449108 0.043600836216540095 21.650394077279838 -3997.9454631150543 1.8273611155297556e-05 0.004402898766955372 0.1834850919430112
-0.4389964189794074 -0.19543688451208796 1.308676485529413 618.5406888540447 525.2006088891662 795.6776050545545 160.8285914369735 3.1437979615716096 3.66464704044516 -1836.6600930449108 0.043600836216540095 21.650394077279838 -3997.9454631150543 1.8273611155297556e-05 0.004402898766955372 0.1834850919430112
-0.3977484333034915 -0.18758012533572205 1.3597029935721463 619.3247745998717 523.8975465573017 795.8764423926232 160.1481719308431 3.1437979615716096 3.66464704044516 -1836.6600930449108 0.043600836216540095 21.650394077279838 -3997.9454631150543 1.8273611155297556e-05 0.004402898766955372 0.1834850919430112
-0.3565004476275712 -0.18365174574753962 1.4523063676367665 619.9526678467989 522.6150072340226 796.0664243001254 160.22094340858894 3.1437979615716096 3.66464704044516 -1836.6600930449108 0.043600836216540095 21.650394077279838 -3997.9454631150543 1.8273611155297556e-05 0.004402898766955372 0.1834850919430112
-0.3152524619516509 -0.18365174574753962 3.141592653589793 620.4058879843465 521.3588625019261 796.2499824051043 161.15886578563732 3.1437979615716096 3.66464704044516 -1836.6600930449108 0.043600836216540095 21.650394077279838 -3997.9454631150543 1.8273611155297556e-05 0.004402898766955372 0.1834850919430112
-0.27400447627573055 -0.18659803043867504 1.6421037915801446 620.6652834004005 520.1351895225514 796.4295147426078 163.07991829023013 3.1437979615716096 3.66464704044516 -1836.6600930449108 0.043600836216540095 21.650394077279838 -3997.9454631150543 1.8273611155297556e-05 0.004402898766955372 0.1834850919430112
-0.22588182632050136 -0.19347269471799622 1.7126933813991159 620.7110314812232 518.9502710363745 796.6073857546892 166.1080994633594 3.1437979615716096 3.66464704044516 -1836.6600930449108 0.043600836216540095 21.650394077279838 -3997.9454631150543 1.8273611155297556e-05 0.004402898766955372 0.1834850919430112
-0.17677708146821847 -0.20231154879140692 1.7488892650260897 620.5226386114414 517.8105953628121 796.7859262904053 170.37342715878913 3.1437979615716096 3.66464704044516 -1836.6600930449108 0.043600836216540095 21.650394077279838 -3997.9454631150543 1.8273611155297556e-05 0.004402898766955372 0.1834850919430112
-0.1316007162041191 -0.21115040286481648 1.7640078106426778 620.0789401740556 516.7228564002181 796.9674336058192 176.01193854302255 3.1437979615716096 3.66464704044516 -1836.6600930449108 0.043600836216540095 21.650394077279838 -3997.9454631150543 1.8273611155297556e-05 0.004402898766955372 0.1834850919430112
-0.08642435094001076 -0.2209713518352742 1.7848570103587047 619.3581005504388 515.6939536258874 797.154171363996 183.16569009536397 3.1437979615716096 3.66464704044516 -1836.6600930449108 0.043600836216540095 21.650394077279838 -3997.9454631150543 1.8273611155297556e-05 0.004402898766955372 0.1834850919430112
-0.03731960608773233 -0.23275649059982143 1.8063413075157677 618.3376131203281 514.7309920960522 797.348369635008 191.98275760784963 3.1437979615716096 3.66464704044516 -1836.6600930449108 0.043600836216540095 21.650394077279838 -3997.9454631150543 1.8273611155297556e-05 0.004402898766955372 0.1834850919430112
0.0049104744852327565 -0.24552372426141564 1.8643853142036493 616.9943002618352 513.8412824458842 797.5522248959312 202.61723618530596 3.1437979615716096 3.66464704044516 -1836.6600930449108 0.043600836216540095 21.650394077279838 -3997.9454631150543 1.8273611155297556e-05 0.004402898766955372 0.1834850919430112
0.047140555058193374 -0.25829095792300877 1.8643853142036544 615.3043133514441 513.0323408894935 797.7679000308451 215.22924024534586 3.1437979615716096 3.66464704044516 -1836.6600930449108 0.043600836216540095 21.650394077279838 -3997.9454631150543 1.8273611155297556e-05 0.004402898766955372 0.1834850919430112
