24 -2.2529256938227404 3.348943598925693 3.0382583283678923 1.5517099373321397 2.865752909579231
-2.2529256938227404 3.348943598925693 3.0382583283678923 804.0920953899622 598.6192407011986 698.2623547315598 -555.7020502090454 3.0753993071721073 3.5070669292626544 -1441.3820526408679 0.3201570247370672 21.22539801905186 -4740.968121831588 4.6727405537555045e-06 0.00429824428452001 0.05302900823718155
-2.2342658907788677 3.183951656222023 3.028975931331375 776.205580919981 604.2319219112396 647.4936047792435 -344.39786863327026 3.0753993071721073 3.5070669292626544 -1441.3820526408679 0.3201570247370672 21.22539801905186 -4740.968121831588 4.6727405537555045e-06 0.00429824428452001 0.05302900823718155
-2.2136418979409096 3.008156669650849 3.0248080581201715 753.4043779969215 606.7702761888504 609.8044865131378 -169.99189972877502 3.0753993071721073 3.5070669292626544 -1441.3820526408679 0.3201570247370672 21.22539801905186 -4740.968121831588 4.6727405537555045e-06 0.00429824428452001 0.05302900823718155
-2.193017905102952 2.8303974932855858 3.026086985559294 735.3925711065531 606.9771458506584 583.0853953361511 -27.736507892608643 3.0753993071721073 3.5070669292626544 -1441.3820526408679 0.3201570247370672 21.22539801905186 -4740.968121831588 4.6727405537555045e-06 0.00429824428452001 0.05302900823718155
-2.1704297224709 2.6604950760966877 3.0094197657278716 721.8447372913361 605.5081844329834 565.4104900360107 86.78154420852661 3.0753993071721073 3.5070669292626544 -1441.3820526408679 0.3201570247370672 21.22539801905186 -4740.968121831588 4.6727405537555045e-06 0.00429824428452001 0.05302900823718155
-2.1488236347358973 2.498449418084154 3.00904112129313 712.4059468060732 602.9318585395813 555.0376938581467 177.64108753204346 3.0753993071721073 3.5070669292626544 -1441.3820526408679 0.3201570247370672 21.22539801905186 -4740.968121831588 4.6727405537555045e-06 0.00429824428452001 0.05302900823718155
-2.1281996418979348 2.345242614145032 3.007781676115179 706.6917629092932 599.7294464707375 550.408695101738 248.5865523815155 3.0753993071721073 3.5070669292626544 -1441.3820526408679 0.3201570247370672 21.22539801905186 -4740.968121831588 4.6727405537555045e-06 0.00429824428452001 0.05302900823718155
-2.033918531781557 2.2607824529991065 2.3013046275982143 704.2882414609194 596.2950385808945 550.1489456892014 303.02796459198 3.0753993071721073 3.5070669292626544 -1441.3820526408679 0.3201570247370672 21.22539801905186 -4740.968121831588 4.6727405537555045e-06 0.00429824428452001 0.05302900823718155
-1.9150850492390288 2.2195344673231885 1.9048919330357574 704.7519313097 592.935537815094 553.067662358284 344.0409502983093 3.0753993071721073 3.5070669292626544 -1441.3820526408679 0.3201570247370672 21.22539801905186 -4740.968121831588 4.6727405537555045e-06 0.00429824428452001 0.05302900823718155
-1.8060725156669573 2.2882811101163822 1.0081582611976228 707.6098745167255 589.8706591725349 558.1578276157379 374.36672949790955 3.0753993071721073 3.5070669292626544 -1441.3820526408679 0.3201570247370672 21.22539801905186 -4740.968121831588 4.6727405537555045e-06 0.00429824428452001 0.05302900823718155
-1.6273312444046493 2.4522909579230077 0.8283516701207138 712.3596058934927 587.2329294681549 564.5961853265762 396.4121208190918 3.0753993071721073 3.5070669292626544 -1441.3820526408679 0.3201570247370672 21.22539801905186 -4740.968121831588 4.6727405537555045e-06 0.00429824428452001 0.05302900823718155
-1.636170098478061 2.600587287376903 6.223653087104332 718.4691530913115 585.067688524723 571.743246793747 412.24954199790955 3.0753993071721073 3.5070669292626544 -1441.3820526408679 0.3201570247370672 21.22539801905186 -4740.968121831588 4.6727405537555045e-06 0.00429824428452001 0.05302900823718155
-1.6980420769919438 2.7370984780662484 5.85764241232586 725.3770367503166 583.3330875039101 579.1432865858078 423.6170039176941 3.0753993071721073 3.5070669292626544 -1441.3820526408679 0.3201570247370672 21.22539801905186 -4740.968121831588 4.6727405537555045e-06 0.00429824428452001 0.05302900823718155
-1.5792085944494156 2.9089650850492386 0.6049501333539865 732.492270424962 581.9000904560089 586.5243426561356 431.9181180000305 3.0753993071721073 3.5070669292626544 -1441.3820526408679 0.3201570247370672 21.22539801905186 -4740.968121831588 4.6727405537555045e-06 0.00429824428452001 0.05302900823718155
-1.3867179946284673 3.085742166517457 0.8279256980172301 739.1943605095148 580.5524728894234 593.7982194423676 438.22209191322327 3.0753993071721073 3.5070669292626544 -1441.3820526408679 0.3201570247370672 21.22539801905186 -4740.968121831588 4.6727405537555045e-06 0.00429824428452001 0.05302900823718155
-1.2050304386750252 3.1495783348254247 1.2329181385546104 744.8333066552877 578.9868231415749 601.0604845285416 443.2637298107147 3.0753993071721073 3.5070669292626544 -1441.3820526408679 0.3201570247370672 21.22539801905186 -4740.968121831588 4.6727405537555045e-06 0.00429824428452001 0.05302900823718155
-1.0262891674127081 3.1436857654431494 1.6037514244092008 748.729600995779 576.8125414252281 608.5904705524445 447.44343543052673 3.0753993071721073 3.5070669292626544 -1441.3820526408679 0.3201570247370672 21.22539801905186 -4740.968121831588 4.6727405537555045e-06 0.00429824428452001 0.05302900823718155
-1.1470868397493215 3.0415478961504 4.010496613205124 750.1742288917303 573.5518398880959 616.8512737751007 450.82720613479614 3.0753993071721073 3.5070669292626544 -1441.3820526408679 0.3201570247370672 21.22539801905186 -4740.968121831588 4.6727405537555045e-06 0.00429824428452001 0.05302900823718155
-1.3592193375111916 2.8942336615935536 4.105401316338306 748.4286684989929 568.6397442221642 626.4897550344467 453.14663887023926 3.0753993071721073 3.5070669292626544 -1441.3820526408679 0.3201570247370672 21.22539801905186 -4740.968121831588 4.6727405537555045e-06 0.00429824428452001 0.05302900823718155
-1.0979820948970431 2.7970062667860325 2.325325439095841 742.724890857935 561.4240900874138 638.3365408182144 453.79892897605896 3.0753993071721073 3.5070669292626544 -1441.3820526408679 0.3201570247370672 21.22539801905186 -4740.968121831588 4.6727405537555045e-06 0.00429824428452001 0.05302900823718155
-0.7277323187108273 2.713528200537154 2.095832425284878 732.2653600871563 551.1655271053314 653.406020283699 451.8468654155731 3.0753993071721073 3.5070669292626544 -1441.3820526408679 0.3201570247370672 21.22539801905186 -4740.968121831588 4.6727405537555045e-06 0.00429824428452001 0.05302900823718155
-0.08347806624887201 2.721384959713519 1.729258824092598 716.2230330556631 537.0375163555145 672.8963489532471 446.0188376903534 3.0753993071721073 3.5070669292626544 -1441.3820526408679 0.3201570247370672 21.22539801905186 -4740.968121831588 4.6727405537555045e-06 0.00429824428452001 0.05302900823718155
0.6314870188003644 2.78227484333035 1.6340402947588872 693.741359770298 518.1263318061829 698.1894458532333 434.7088315486908 3.0753993071721073 3.5070669292626544 -1441.3820526408679 0.3201570247370672 21.22539801905186 -4740.968121831588 4.6727405537555045e-06 0.00429824428452001 0.05302900823718155
1.1608361683079707 2.8254870188003576 1.6946489350488352 663.9342828541994 493.4310585260391 730.8509927988052 415.9764287471771 4.175026338930126 4.812833382109849 -2256.2077633609874 0.1557562176373937 24.543117084831863 -3530.9128755358024 1.1821534737266793e-05 0.005822574359546907 0.17181328112307234
1.5517099373321397 2.865752909579231 1.752162303377095 673.8921330273151 463.64501466602087 695.3446642309427 484.71453538537025 4.175026338930126 4.812833382109849 -2256.2077633609874 0.1557562176373937 24.543117084831863 -3530.9128755358024 1.1821534737266793e-05 0.005822574359546907 0.17181328112307234
1.9111566696508542 3.0199418084153997 1.408206497428968 705.1937632411718 456.94130641222 704.1154981553555 474.75083154439926 4.175026338930126 4.812833382109849 -2256.2077633609874 0.1557562176373937 24.543117084831863 -3530.9128755358024 1.1821534737266793e-05 0.005822574359546907 0.17181328112307234
2.2401584601611497 3.244841539838854 1.1616922655074033 731.2118256241083 451.39094690978527 712.6063374131918 463.46438106894493 4.175026338930126 4.812833382109849 -2256.2077633609874 0.1557562176373937 24.543117084831863 -3530.9128755358024 1.1821534737266793e-05 0.005822574359546907 0.17181328112307234
2.764597135183532 3.5041145926589086 1.2540023612990177 752.360985994339 446.8506611511111 720.5981321036816 451.0228050351143 4.175026338930126 4.812833382109849 -2256.2077633609874 0.1557562176373937 24.543117084831863 -3530.9128755358024 1.1821534737266793e-05 0.005822574359546907 0.17181328112307234
3.343051029543421 3.7682981199641894 1.2759451122243577 769.0414234697819 443.1850763782859 727.8917052447796 437.58757212013006 4.175026338930126 4.812833382109849 -2256.2077633609874 0.1557562176373937 24.543117084831863 -3530.9128755358024 1.1821534737266793e-05 0.005822574359546907 0.17181328112307234
3.4373321396598033 3.9598066248880928 0.4574748478960214 781.6388308703899 440.2667222172022 734.3077524900436 423.3139989376068 4.175026338930126 4.812833382109849 -2256.2077633609874 0.1557562176373937 24.543117084831863 -3530.9128755358024 1.1821534737266793e-05 0.005822574359546907 0.17181328112307234
3.3440331244404704 4.091407341092212 5.6664743768450725 790.5244145840406 437.97603058815 739.6868421137333 408.35124976187944 4.175026338930126 4.812833382109849 -2256.2077633609874 0.1557562176373937 24.543117084831863 -3530.9128755358024 1.1821534737266793e-05 0.005822574359546907 0.17181328112307234
3.159399283795889 4.16899283795882 5.110197820082812 796.054894566536 436.20133569836617 743.8894151300192 392.84233669936657 4.175026338930126 4.812833382109849 -2256.2077633609874 0.1557562176373937 24.543117084831863 -3530.9128755358024 1.1821534737266793e-05 0.005822574359546907 0.17181328112307234
2.9561056401074355 4.208276633840646 4.903273004359075 798.5725042819977 434.83887404948473 746.795785292983 376.9241196215153 4.175026338930126 4.812833382109849 -2256.2077633609874 0.1557562176373937 24.543117084831863 -3530.9128755358024 1.1821534737266793e-05 0.005822574359546907 0.17181328112307234
2.754776186213071 4.223990152193376 4.790279856640613 798.4049907773733 433.79278452694416 748.306138753891 360.72730611264706 4.175026338930126 4.812833382109849 -2256.2077633609874 0.1557562176373937 24.543117084831863 -3530.9128755358024 1.1821534737266793e-05 0.005822574359546907 0.17181328112307234
2.6192470904207683 4.228900626678604 4.748605022457101 795.8656146973372 432.97510822862387 748.3405347317457 344.3764516040683 4.175026338930126 4.812833382109849 -2256.2077633609874 0.1557562176373937 24.543117084831863 -3530.9128755358024 1.1821534737266793e-05 0.005822574359546907 0.17181328112307234
2.5269301700984754 4.223008057296331 4.648645667852013 791.2531502991915 432.30578861385584 746.8389047980309 327.9899592548609 4.175026338930126 4.812833382109849 -2256.2077633609874 0.1557562176373937 24.543117084831863 -3530.9128755358024 1.1821534737266793e-05 0.005822574359546907 0.17181328112307234
2.468986571172785 4.206312444046555 4.431852188646344 784.8518851697445 431.71267146617174 743.761053442955 311.68007998913527 4.175026338930126 4.812833382109849 -2256.2077633609874 0.1557562176373937 24.543117084831863 -3530.9128755358024 1.1821534737266793e-05 0.005822574359546907 0.17181328112307234
2.441487914055505 4.182742166517458 4.003762708257033 776.9316207766533 431.13150475919247 739.0866577476263 295.55291253328323 4.175026338930126 4.812833382109849 -2256.2077633609874 0.1557562176373937 24.543117084831863 -3530.9128755358024 1.1821534737266793e-05 0.005822574359546907 0.17181328112307234
2.426756490599825 4.157207699194269 3.6648709757216147 767.7476719766855 430.5059389322996 732.8152672946453 279.70840337127447 4.175026338930126 4.812833382109849 -2256.2077633609874 0.1557562176373937 24.543117084831863 -3530.9128755358024 1.1821534737266793e-05 0.005822574359546907 0.17181328112307234
2.521037600716207 4.0138218442256015 2.5599391710762105 757.5408671051264 429.78752660006285 724.9663046747446 264.2403467297554 4.175026338930126 4.812833382109849 -2256.2077633609874 0.1557562176373937 24.543117084831863 -3530.9128755358024 1.1821534737266793e-05 0.005822574359546907 0.17181328112307234
2.6575487914055542 3.7938325872873757 2.586210054131744 746.537548288703 428.9357228130102 715.5790649354458 249.2363846451044 4.175026338930126 4.812833382109849 -2256.2077633609874 0.1557562176373937 24.543117084831863 -3530.9128755358024 1.1821534737266793e-05 0.005822574359546907 0.17181328112307234
2.8087914055505867 3.5375058191584574 2.6085301230178355 734.9495710581541 427.91788479685783 704.712715908885 234.77800691127777 4.175026338930126 4.812833382109849 -2256.2077633609874 0.1557562176373937 24.543117084831863 -3530.9128755358024 1.1821534737266793e-05 0.005822574359546907 0.17181328112307234
2.9610161145926637 3.2743043867502237 2.617238253104194 722.9743046313524 426.70927216112614 692.4462980031967 220.94055107235909 4.175026338930126 4.812833382109849 -2256.2077633609874 0.1557562176373937 24.543117084831863 -3530.9128755358024 1.1821534737266793e-05 0.005822574359546907 0.17181328112307234
3.1122587287376957 3.0209239033124446 2.603456254375102 710.7946315854788 425.2930468469858 678.8787244707346 207.79320243746042 4.175026338930126 4.812833382109849 -2256.2077633609874 0.1557562176373937 24.543117084831863 -3530.9128755358024 1.1821534737266793e-05 0.005822574359546907 0.17181328112307234
3.258590868397495 2.781292748433302 2.5933748710906452 698.5789483934641 423.66027300059795 664.1287810951471 195.39899417757988 4.175026338930126 4.812833382109849 -2256.2077633609874 0.1557562176373937 24.543117084831863 -3530.9128755358024 1.1821534737266793e-05 0.005822574359546907 0.17181328112307234
3.4009946284691157 2.5563930170098477 2.5771271560252127 686.4811646938324 421.80991715937853 648.3351263403893 183.81480713188648 4.175026338930126 4.812833382109849 -2256.2077633609874 0.1557562176373937 24.543117084831863 -3530.9128755358024 1.1821534737266793e-05 0.005822574359546907 0.17181328112307234
3.5394700089525526 2.3452426141450298 2.5611411470810723 674.6407039016485 419.7488481029868 631.6562914848328 173.0913699194789 4.175026338930126 4.812833382109849 -2256.2077633609874 0.1557562176373937 24.543117084831863 -3530.9128755358024 1.1821534737266793e-05 0.005822574359546907 0.17181328112307234
3.677945389435994 2.14391316025067 2.539098310976714 663.1825031042099 417.49183704704046 614.2706802785397 163.27325896173716 4.175026338930126 4.812833382109849 -2256.2077633609874 0.1557562176373937 24.543117084831863 -3530.9128755358024 1.1821534737266793e-05 0.005822574359546907 0.17181328112307234
3.812492390331252 1.9484762757385843 2.538665785052131 652.2170127481222 415.06155736744404 596.3765693902969 154.39889846742153 4.175026338930126 4.812833382109849 -2256.2077633609874 0.1557562176373937 24.543117084831863 -3530.9128755358024 1.1821534737266793e-05 0.005822574359546907 0.17181328112307234
3.8910599820949 1.810982990152192 2.622446539343295 641.8401969075203 412.48858480900526 578.1921080648899 146.50056038051844 4.175026338930126 4.812833382109849 -2256.2077633609874 0.1557562176373937 24.543117084831863 -3530.9128755358024 1.1821534737266793e-05 0.005822574359546907 0.17181328112307234
3.943111011638317 1.7167018800358098 2.6371513617211395 632.1335333436728 409.8113974481821 559.9553180783987 139.60436441004276 4.175026338930126 4.812833382109849 -2256.2077633609874 0.1557562176373937 24.543117084831863 -3530.9128755358024 1.1821534737266793e-05 0.005822574359546907 0.17181328112307234
3.988287376902421 1.6430447627573856 2.591426873236578 623.1640131771564 407.0763755813241 541.9240941405296 133.73027806729078 4.175026338930126 4.812833382109849 -2256.2077633609874 0.1557562176373937 24.543117084831863 -3530.9128755358024 1.1821534737266793e-05 0.005822574359546907 0.17181328112307234
4.032481647269472 1.5752802148612353 2.563690716627592 614.9841412454844 404.337801925838 524.3762034475803 128.89211659133434 4.175026338930126 4.812833382109849 -2256.2077633609874 0.1557562176373937 24.543117084831863 -3530.9128755358024 1.1821534737266793e-05 0.005822574359546907 0.17181328112307234
4.07667591763653 1.5035872873769027 2.5891737292693997 607.631935864687 401.6578614115715 507.60928608477116 125.09754307568073 4.175026338930126 4.812833382109849 -2256.2077633609874 0.1557562176373937 24.543117084831863 -3530.9128755358024 1.1821534737266793e-05 0.005822574359546907 0.17181328112307234
4.125780662488813 1.4240376007162043 2.588561209439154 601.1309290379286 399.1066413447261 491.9408545345068 122.34806827455759 4.175026338930126 4.812833382109849 -2256.2077633609874 0.1557562176373937 24.543117084831863 -3530.9128755358024 1.1821534737266793e-05 0.005822574359546907 0.17181328112307234
4.173903312444051 1.3385953446732304 2.6286576395961365 595.4901661723852 396.7621312737465 477.7082941532135 120.63905076682568 4.175026338930126 4.812833382109849 -2256.2077633609874 0.1557562176373937 24.543117084831863 -3530.9128755358024 1.1821534737266793e-05 0.005822574359546907 0.17181328112307234
4.225954341987468 1.2452963294538928 2.632708436809841 590.7042063325644 394.71022314578295 465.26886300742626 119.95969693362713 4.175026338930126 4.812833382109849 -2256.2077633609874 0.1557562176373937 24.543117084831863 -3530.9128755358024 1.1821534737266793e-05 0.005822574359546907 0.17181328112307234
4.2780053715308854 1.147086839749327 2.6542340740846244 586.7531221359968 393.0447110980749 454.9996916651726 120.29306086152792 4.175026338930126 4.812833382109849 -2256.2077633609874 0.1557562176373937 24.543117084831863 -3530.9128755358024 1.1821534737266793e-05 0.005822574359546907 0.17181328112307234
4.337913160250674 1.0469131602506718 2.602616153760613 583.6024997681379 391.8672916740179 447.2977835088968 121.61604444682598 4.175026338930126 4.812833382109849 -2256.2077633609874 0.1557562176373937 24.543117084831863 -3530.9128755358024 1.1821534737266793e-05 0.005822574359546907 0.17181328112307234
4.346752014324086 1.010575649059982 2.902983331081572 581.2034389525652 391.28756361454725 442.5800146609545 123.89939736574888 4.175026338930126 4.812833382109849 -2256.2077633609874 0.1557562176373937 24.543117084831863 -3530.9128755358024 1.1821534737266793e-05 0.005822574359546907 0.17181328112307234
4.346752014324086 1.0135219337511185 -0.0 579.4925529509783 391.42302809655666 441.28313370049 127.10771702229977 4.175026338930126 4.812833382109849 -2256.2077633609874 0.1557562176373937 24.543117084831863 -3530.9128755358024 1.1821534737266793e-05 0.005822574359546907 0.17181328112307234
4.341841539838858 1.0370922112802152 6.0777899179898265 578.3919688016176 392.3990885987878 443.8637621253729 131.19944863021374 4.175026338930126 4.812833382109849 -2256.2077633609874 0.1557562176373937 24.543117084831863 -3530.9128755358024 1.1821534737266793e-05 0.005822574359546907 0.17181328112307234
4.33693106535363 1.0645908683974932 6.106476451109547 577.8093267530203 394.34905069321394 450.7983939796686 136.12688515335321 4.175026338930126 4.812833382109849 -2256.2077633609874 0.1557562176373937 24.543117084831863 -3530.9128755358024 1.1821534737266793e-05 0.005822574359546907 0.17181328112307234
4.335948970456585 1.0901253357206793 6.244742717158432 577.6377809047699 397.41412254422903 462.5833960175514 141.836167357862 4.175026338930126 4.812833382109849 -2256.2077633609874 0.1557562176373937 24.543117084831863 -3530.9128755358024 1.1821534737266793e-05 0.005822574359546907 0.17181328112307234
4.516654431512978 1.0017367949865712 1.5073223866180836 577.7559987902641 401.74341448396444 479.73500764369965 148.26728373020887 4.175026338930126 4.812833382109849 -2256.2077633609874 0.1557562176373937 24.543117084831863 -3530.9128755358024 1.1821534737266793e-05 0.005822574359546907 0.17181328112307234
4.204348254252461 0.8946884512085947 4.697352519725829 578.028161585331 407.4939391165972 502.789341121912 155.3540705293417 4.175026338930126 4.812833382109849 -2256.2077633609874 0.1557562176373937 24.543117084831863 -3530.9128755358024 1.1821534737266793e-05 0.005822574359546907 0.17181328112307234
3.766333930170094 0.7738907788719781 4.666735445383482 578.3039638847113 414.8306114152074 532.3023809939623 163.02421187609434 4.175026338930126 4.812833382109849 -2256.2077633609874 0.1557562176373937 24.543117084831863 -3530.9128755358024 1.1821534737266793e-05 0.005822574359546907 0.17181328112307234
3.300820948970456 0.642290062667859 4.643776472861495 578.418614089489 423.9262486323714 568.8499848842621 171.19923949986696 4.175026338930126 4.812833382109849 -2256.2077633609874 0.1557562176373937 24.543117084831863 -3530.9128755358024 1.1821534737266793e-05 0.005822574359546907 0.17181328112307234
2.828433303491491 0.5028325872873762 4.626354796103944 578.1928338706493 434.9615704193711 613.0278829336166 179.79453305900097 3.1108877022765156 3.595233659183669 -1690.2912045745143 0.08715813894859195 21.50356630824182 -4300.16520973445 -1.1567578586918437e-05 0.004359053775743549 0.13747177939605182
2.370777081468215 0.35551835273052756 4.604118389524234 577.432858735323 448.12519850581884 665.4516780376434 188.7193199172616 3.1108877022765156 3.595233659183669 -1690.2912045745143 0.08715813894859195 21.50356630824182 -4300.16520973445 -1.1567578586918437e-05 0.004359053775743549 0.13747177939605182
1.9229418084153913 0.20034735899731404 4.581945781000446 575.9304375350475 463.6136572435498 726.7568455338478 197.87667518109083 3.1108877022765156 3.595233659183669 -1690.2912045745143 0.08715813894859195 21.50356630824182 -4300.16520973445 -1.1567578586918437e-05 0.004359053775743549 0.13747177939605182
1.4937663384064406 0.036337511190688676 4.552720855179918 573.4628329724073 481.63137298822403 797.5987337976694 207.16352178901434 3.1108877022765156 3.595233659183669 -1690.2912045745143 0.08715813894859195 21.50356630824182 -4300.16520973445 -1.1567578586918437e-05 0.004359053775743549 0.13747177939605182
1.067537153088633 -0.10901253357206828 4.6002953913390865 569.7928209602833 502.3906746208668 878.6525636315346 216.47063037008047 3.1108877022765156 3.595233659183669 -1690.2912045745143 0.08715813894859195 21.50356630824182 -4300.16520973445 -1.1567578586918437e-05 0.004359053775743549 0.13747177939605182
0.6550572963294476 -0.2523983885407346 4.60143351883789 564.6686911433935 526.1117932349443 970.6134285628796 225.68261940777302 3.1108877022765156 3.595233659183669 -1690.2912045745143 0.08715813894859195 21.50356630824182 -4300.16520973445 -1.1567578586918437e-05 0.004359053775743549 0.13747177939605182
0.07660340196955866 -0.29266427931960676 4.642891577578205 557.8242468237877 553.022862188518 1074.1962949186563 234.67795509845018 3.1108877022765156 3.595233659183669 -1690.2912045745143 0.08715813894859195 21.50356630824182 -4300.16520973445 -1.1567578586918437e-05 0.004359053775743549 0.13747177939605182
