25 0.053033124440475365 -0.9732560429722485 0.17219081452298074 -5.1245711727842505 -0.0009820948970458813
0.053033124440475365 -0.9732560429722485 0.17219081452298074 564.9995988607407 518.3357019424438 750.1149433255196 248.20199370384216 3.1252839234538006 3.6394683625634867 -1840.446336388483 0.002358888513174685 21.55768030091921 -3981.0064860158564 4.204792358598934e-06 0.004382652109471182 0.18927305174759693
0.05696150402865442 -0.9526320501342883 0.18822150530459164 565.2843002080917 514.7943737506866 740.4711669683456 247.86003851890564 3.1252839234538006 3.6394683625634867 -1840.446336388483 0.002358888513174685 21.55768030091921 -3981.0064860158564 4.204792358598934e-06 0.004382652109471182 0.18927305174759693
0.06088988361683795 -0.9320080572963304 0.1882215053048205 565.7376163601875 510.84982109069824 731.5759968161583 250.4635616838932 3.1252839234538006 3.6394683625634867 -1840.446336388483 0.002358888513174685 21.55768030091921 -3981.0064860158564 4.204792358598934e-06 0.004382652109471182 0.18927305174759693
0.07562130707252282 -0.9104019695613255 0.5984188934785276 566.5957694649696 507.4275231361389 723.4576216340065 255.7550157904625 3.1252839234538006 3.6394683625634867 -1840.446336388483 0.002358888513174685 21.55768030091921 -3981.0064860158564 4.204792358598934e-06 0.004382652109471182 0.18927305174759693
0.10508415398389256 -0.8878137869292758 0.9167136023805459 568.0509825348854 505.30899930000305 716.099815249443 263.44661059975624 3.1252839234538006 3.6394683625634867 -1840.446336388483 0.002358888513174685 21.55768030091921 -3981.0064860158564 4.204792358598934e-06 0.004382652109471182 0.18927305174759693
0.1345470008952623 -0.8652256042972262 0.9167136023805459 570.2514795660973 505.131808757782 709.4419379234314 273.22031462192535 3.1252839234538006 3.6394683625634867 -1840.446336388483 0.002358888513174685 21.55768030091921 -3981.0064860158564 4.204792358598934e-06 0.004382652109471182 0.18927305174759693
0.17874127126231246 -0.8416553267681294 1.0808390005411106 573.3014851808548 507.38954973220825 703.3789350390434 284.7278529703617 3.1252839234538006 3.6394683625634867 -1840.446336388483 0.002358888513174685 21.55768030091921 -3981.0064860158564 4.204792358598934e-06 0.004382652109471182 0.18927305174759693
0.23766696508505195 -0.8190671441360808 1.2047398109475014 577.2612248063087 512.4318654537201 697.7613376379013 297.59070894122124 3.1252839234538006 3.6394683625634867 -1840.446336388483 0.002358888513174685 21.55768030091921 -3981.0064860158564 4.204792358598934e-06 0.004382652109471182 0.18927305174759693
0.31132408236348075 -0.7974610564010759 1.285466906612772 582.1469246149063 520.4644334316254 692.39526283741 311.4001244008541 3.1252839234538006 3.6394683625634867 -1840.446336388483 0.002358888513174685 21.55768030091921 -3981.0064860158564 4.204792358598934e-06 0.004382652109471182 0.18927305174759693
-0.10213786929274041 -0.7179113697403774 4.902465366268116 587.9308117628098 531.5489757061005 687.0424130558968 325.71709817647934 3.1252839234538006 3.6394683625634867 -1840.446336388483 0.002358888513174685 21.55768030091921 -3981.0064860158564 4.204792358598934e-06 0.004382652109471182 0.18927305174759693
-0.633451208594445 -0.6187197851387657 4.896955593336569 594.5411142110825 545.6032521724701 681.4200763702393 340.0723870396614 3.1252839234538006 3.6394683625634867 -1840.446336388483 0.002358888513174685 21.55768030091921 -3981.0064860158564 4.204792358598934e-06 0.004382652109471182 0.18927305174759693
-1.192263205013421 -0.5116714413607903 4.901660142146918 601.8620602488518 562.4010653495789 675.2011267542839 353.96650555729866 3.1252839234538006 3.6394683625634867 -1840.446336388483 0.002358888513174685 21.55768030091921 -3981.0064860158564 4.204792358598934e-06 0.004382652109471182 0.18927305174759693
-1.7569677708146743 -0.40265890778872204 4.903086716749359 609.7338796854019 581.5722575187683 668.014023900032 366.8697259426117 3.1252839234538006 3.6394683625634867 -1840.446336388483 0.002358888513174685 21.55768030091921 -3981.0064860158564 4.204792358598934e-06 0.004382652109471182 0.18927305174759693
-2.3216723366159364 -0.29855684870188093 4.894690081224944 617.9528032541275 602.6027088165283 659.4428126215935 378.22207883000374 3.1252839234538006 3.6394683625634867 -1840.446336388483 0.002358888513174685 21.55768030091921 -3981.0064860158564 4.204792358598934e-06 0.004382652109471182 0.18927305174759693
-2.8912873769024183 -0.20034735899731404 4.883124191859975 626.2710611224174 624.8343427181244 649.027124106884 387.4333519041538 3.1252839234538006 3.6394683625634867 -1840.446336388483 0.002358888513174685 21.55768030091921 -3981.0064860158564 4.204792358598934e-06 0.004382652109471182 0.18927305174759693
-3.456974037600712 -0.10803043867502239 4.8741573889837975 634.3968860507011 647.4651215076447 636.262174487114 393.883091121912 3.1252839234538006 3.6394683625634867 -1840.446336388483 0.002358888513174685 21.55768030091921 -3981.0064860158564 4.204792358598934e-06 0.004382652109471182 0.18927305174759693
-4.028553267681283 -0.02357027752909557 4.859093690255546 641.9945106506348 669.5490491390228 620.5987664461136 396.92059978842735 3.1252839234538006 3.6394683625634867 -1840.446336388483 0.002358888513174685 21.55768030091921 -3981.0064860158564 4.204792358598934e-06 0.004382652109471182 0.18927305174759693
-4.608971351835271 0.05597940913160296 4.8485961959643635 648.6841680407524 689.9961678981781 601.4432872533798 395.8649391531944 3.1252839234538006 3.6394683625634867 -1840.446336388483 0.002358888513174685 21.55768030091921 -3981.0064860158564 4.204792358598934e-06 0.004382652109471182 0.18927305174759693
-5.196264100268576 0.1316007162041191 4.840446899788478 654.0420929789543 707.5725617408752 578.1577106714249 390.00492864847183 3.1252839234538006 3.6394683625634867 -1840.446336388483 0.002358888513174685 21.55768030091921 -3981.0064860158564 4.204792358598934e-06 0.004382652109471182 0.18927305174759693
-5.296437779767236 0.14535004476275695 4.8514849218667475 657.6005204319954 720.9003551006317 550.0595960021019 378.5991450846195 3.1252839234538006 3.6394683625634867 -1840.446336388483 0.002358888513174685 21.55768030091921 -3981.0064860158564 4.204792358598934e-06 0.004382652109471182 0.18927305174759693
-5.276795881826327 0.13356490599820972 2.0701430484750376 658.8476864099503 728.4577112197876 516.4220877885818 360.875922948122 3.1252839234538006 3.6394683625634867 -1840.446336388483 0.002358888513174685 21.55768030091921 -3981.0064860158564 4.204792358598934e-06 0.004382652109471182 0.18927305174759693
-5.227691136974049 0.11097672336615892 1.9872349439865125 657.22782766819 728.5788357257843 476.4739166498184 336.03335469961166 3.1252839234538006 3.6394683625634867 -1840.446336388483 0.002358888513174685 21.55768030091921 -3981.0064860158564 4.204792358598934e-06 0.004382652109471182 0.18927305174759693
-5.1785863921217565 0.08347806624887982 1.9847014870785327 652.1411818265915 719.4539742469788 429.39939880371094 303.2392908334732 3.1252839234538006 3.6394683625634867 -1840.446336388483 0.002358888513174685 21.55768030091921 -3981.0064860158564 4.204792358598934e-06 0.004382652109471182 0.18927305174759693
-5.148141450313342 0.05401521933751008 1.982168030170553 642.9439875483513 699.1294112205505 374.3384358882904 261.63133931159973 3.1254974206108543 3.623627379485283 -1838.502942283291 -2.2005416678695405e-15 21.476881104875154 -3958.3536850249025 -8.168778798173443e-19 0.004364974262609549 0.19550181085105028
-5.131445837063564 0.025534467323187333 1.9796345732625733 628.9484835863113 665.5074715614319 310.3865153193474 210.3168656527996 3.1254974206108543 3.623627379485283 -1838.502942283291 -2.2005416678695405e-15 21.476881104875154 -3958.3536850249025 -8.168778798173443e-19 0.004364974262609549 0.19550181085105028
-5.1245711727842505 -0.0009820948970458813 1.9771011163545935 638.4224412254989 711.6676862069871 403.96880877017975 371.82210006192327 3.1254974206108543 3.623627379485283 -1838.502942283291 -2.2005416678695405e-15 21.476881104875154 -3958.3536850249025 -8.168778798173443e-19 0.004364974262609549 0.19550181085105028
-5.126535362578339 -0.02455237242614145 1.974567659446614 636.9247098080814 711.0920665606391 435.87770146876574 361.7039072215557 3.1254974206108543 3.623627379485283 -1838.502942283291 -2.2005416678695405e-15 21.476881104875154 -3958.3536850249025 -8.168778798173443e-19 0.004364974262609549 0.19550181085105028
-5.1324279319606125 -0.04615846016114638 1.9720342025386342 635.6015977589414 710.5934079701547 464.74070953577757 352.34483724832535 3.1254974206108543 3.623627379485283 -1838.502942283291 -2.2005416678695405e-15 21.476881104875154 -3958.3536850249025 -8.168778798173443e-19 0.004364974262609549 0.19550181085105028
-5.140284691136984 -0.06580035810205954 1.9695007456306544 634.4424386871979 710.1669534188695 490.71136098355055 343.6886020116508 3.1254974206108543 3.623627379485283 -1838.502942283291 -2.2005416678695405e-15 21.476881104875154 -3958.3536850249025 -8.168778798173443e-19 0.004364974262609549 0.19550181085105028
-5.132427931960617 -0.08151387645479029 1.9669672887226746 633.4368522185832 709.8080728340428 513.9398522973061 335.6809068247676 3.1254974206108543 3.623627379485283 -1838.502942283291 -2.2005416678695405e-15 21.476881104875154 -3958.3536850249025 -8.168778798173443e-19 0.004364974262609549 0.19550181085105028
-5.1245711727842505 -0.0942811101163834 1.964433831814695 632.5747439917177 709.5122630898841 534.5730482563376 328.2694504521787 3.1254974206108543 3.623627379485283 -1838.502942283291 -2.2005416678695405e-15 21.476881104875154 -3958.3536850249025 -8.168778798173443e-19 0.004364974262609549 0.19550181085105028
-5.114750223813793 -0.10606624888093398 1.9619003749067152 631.8463056571782 709.2751479982398 552.7544821500778 321.40392500534654 3.1254974206108543 3.623627379485283 -1838.502942283291 -2.2005416678695405e-15 21.476881104875154 -3958.3536850249025 -8.168778798173443e-19 0.004364974262609549 0.19550181085105028
-5.102965085049248 -0.11490510295434468 1.9593669179987354 631.2420148742385 709.0924783146475 568.62435567379 315.0360161215067 3.1254974206108543 3.623627379485283 -1838.502942283291 -2.2005416678695405e-15 21.476881104875154 -3958.3536850249025 -8.168778798173443e-19 0.004364974262609549 0.19550181085105028
-5.079394807520155 -0.12079767233661662 1.9568334610907558 630.7526353239082 708.9601317397319 582.3195388689637 309.11940274760127 3.1254974206108543 3.623627379485283 -1838.502942283291 -2.2005416678695405e-15 21.476881104875154 -3958.3536850249025 -8.168778798173443e-19 0.004364974262609549 0.19550181085105028
-5.067609668755609 -0.12374395702775426 1.954300004182776 630.3692166935652 708.8741129131522 593.9735702499747 303.6097572930157 3.1254974206108543 3.623627379485283 -1838.502942283291 -2.2005416678695405e-15 21.476881104875154 -3958.3536850249025 -8.168778798173443e-19 0.004364974262609549 0.19550181085105028
-5.040111011638329 -0.12374395702775426 1.9517665472747963 630.0830946811475 708.8305534177925 603.7166567593813 298.4647455997765 3.1254974206108543 3.623627379485283 -1838.502942283291 -2.2005416678695405e-15 21.476881104875154 -3958.3536850249025 -8.168778798173443e-19 0.004364974262609549 0.19550181085105028
-5.028325872873778 -0.1217797672336625 1.9492330903668167 629.8858910086565 708.825711781159 611.6756736785173 293.6440269127488 3.1254974206108543 3.623627379485283 -1838.502942283291 -2.2005416678695405e-15 21.476881104875154 -3958.3536850249025 -8.168778798173443e-19 0.004364974262609549 0.19550181085105028
-5.022433303491501 -0.11883348254252597 1.946699633458837 629.7695133956149 708.8559734718874 617.9741647467017 289.1092539206147 3.1254974206108543 3.623627379485283 -1838.502942283291 -2.2005416678695405e-15 21.476881104875154 -3958.3536850249025 -8.168778798173443e-19 0.004364974262609549 0.19550181085105028
-5.0204691136974064 -0.11588719785138832 1.944166176550857 629.7261555832811 708.9178508992773 622.7323421239853 284.82407266646624 3.1254974206108543 3.623627379485283 -1838.502942283291 -2.2005416678695405e-15 21.476881104875154 -3958.3536850249025 -8.168778798173443e-19 0.004364974262609549 0.19550181085105028
-5.03814682184423 -0.11294091316025068 1.9416327196428775 629.7482973271981 709.0079834181815 626.067086353898 280.75412269309163 3.1254974206108543 3.623627379485283 -1838.502942283291 -2.2005416678695405e-15 21.476881104875154 -3958.3536850249025 -8.168778798173443e-19 0.004364974262609549 0.19550181085105028
-5.057788719785144 -0.10901253357206828 1.9390992627348977 629.8287043902092 709.1231373238843 628.0919464305043 276.8670368902385 3.1254974206108543 3.623627379485283 -1838.502942283291 -2.2005416678695405e-15 21.476881104875154 -3958.3536850249025 -8.168778798173443e-19 0.004364974262609549 0.19550181085105028
-5.0813589973142355 -0.10410205908683998 1.936565805826918 629.9604285494424 709.2602058555931 628.9171396940947 273.13244161754847 3.1254974206108543 3.623627379485283 -1838.502942283291 -2.2005416678695405e-15 21.476881104875154 -3958.3536850249025 -8.168778798173443e-19 0.004364974262609549 0.19550181085105028
-5.104929274843328 -0.10017367949865869 1.9340323489189382 630.1368075981736 709.4162091948092 628.6495520099998 269.52195663005114 3.1254974206108543 3.623627379485283 -1838.502942283291 -2.2005416678695405e-15 21.476881104875154 -3958.3536850249025 -8.168778798173443e-19 0.004364974262609549 0.19550181085105028
-5.126535362578339 -0.09526320501342928 1.9314988920109586 630.3514653346501 709.5882944636978 627.3927375078201 266.00919511541724 3.1254974206108543 3.623627379485283 -1838.502942283291 -2.2005416678695405e-15 21.476881104875154 -3958.3536850249025 -8.168778798173443e-19 0.004364974262609549 0.19550181085105028
-5.132427931960608 -0.09035273052820211 1.9289654351029788 630.5983115816489 709.7737357285805 625.2469188719988 262.5697636567056 3.1254974206108543 3.623627379485283 -1838.502942283291 -2.2005416678695405e-15 21.476881104875154 -3958.3536850249025 -8.168778798173443e-19 0.004364974262609549 0.19550181085105028
-5.152069829901531 -0.0864243509400197 1.926431978194999 630.8715421613306 709.9699339994695 622.3089870885015 259.1812622696161 3.1254974206108543 3.623627379485283 -1838.502942283291 -2.2005416678695405e-15 21.476881104875154 -3958.3536850249025 -8.168778798173443e-19 0.004364974262609549 0.19550181085105028
-5.157962399283799 -0.08347806624888206 1.9238985212870194 631.165638920851 710.174417225644 618.6725016087294 255.82328441366553 3.1254974206108543 3.623627379485283 -1838.502942283291 -2.2005416678695405e-15 21.476881104875154 -3958.3536850249025 -8.168778798173443e-19 0.004364974262609549 0.19550181085105028
-5.159926589077888 -0.07954968666069964 1.9213650643790396 631.4753697118722 710.3848403017037 614.4276903197169 252.47741688787937 3.1254974206108543 3.623627379485283 -1838.502942283291 -2.2005416678695405e-15 21.476881104875154 -3958.3536850249025 -8.168778798173443e-19 0.004364974262609549 0.19550181085105028
-5.159926589077888 -0.07562130707251724 1.9188316074710599 631.7957884012721 710.5989850633778 609.661449469626 249.12724002078176 3.1254974206108543 3.623627379485283 -1838.502942283291 -2.2005416678695405e-15 21.476881104875154 -3958.3536850249025 -8.168778798173443e-19 0.004364974262609549 0.19550181085105028
-5.157962399283799 -0.07267502238138071 1.9162981505630803 632.1222348669544 710.8147602886893 604.4573437348008 245.758327472955 3.1254974206108543 3.623627379485283 -1838.502942283291 -2.2005416678695405e-15 21.476881104875154 -3958.3536850249025 -8.168778798173443e-19 0.004364974262609549 0.19550181085105028
-5.155998209489709 -0.07071083258728894 1.9137646936551005 632.4503350071609 711.0302016972564 598.8956062197685 242.3582463376224 3.1254974206108543 3.623627379485283 -1838.502942283291 -2.2005416678695405e-15 21.476881104875154 -3958.3536850249025 -8.168778798173443e-19 0.004364974262609549 0.19550181085105028
-5.15403401969562 -0.0687466427931983 1.9112312367471207 632.7760007190518 711.243471956579 593.0531384199858 238.91655718162656 3.1254974206108543 3.623627379485283 -1838.502942283291 -2.2005416678695405e-15 21.476881104875154 -3958.3536850249025 -8.168778798173443e-19 0.004364974262609549 0.19550181085105028
-5.150105640107441 -0.06678245299910654 1.908697779839141 633.0954299289733 711.4528606696986 587.0035102516413 235.42481391131878 3.1254974206108543 3.623627379485283 -1838.502942283291 -2.2005416678695405e-15 21.476881104875154 -3958.3536850249025 -8.168778798173443e-19 0.004364974262609549 0.19550181085105028
-5.148141450313351 -0.06580035810206065 1.9061643229311613 633.4051065589301 711.6567843852099 580.8169600591063 231.87656392902136 3.1254974206108543 3.623627379485283 -1838.502942283291 -2.2005416678695405e-15 21.476881104875154 -3958.3536850249025 -8.168778798173443e-19 0.004364974262609549 0.19550181085105028
-5.146177260519262 -0.06481826320501477 1.9036308660231815 633.7018005591817 711.8537865956314 574.5603946074843 228.26734797284007 3.1254974206108543 3.623627379485283 -1838.502942283291 -2.2005416678695405e-15 21.476881104875154 -3958.3536850249025 -8.168778798173443e-19 0.004364974262609549 0.19550181085105028
-5.144213070725172 -0.06481826320501477 1.9010974091152018 633.982567884028 712.0425377329811 568.2973889783025 224.59470028057694 3.1254974206108543 3.623627379485283 -1838.502942283291 -2.2005416678695405e-15 21.476881104875154 -3958.3536850249025 -8.168778798173443e-19 0.004364974262609549 0.19550181085105028
-5.142248880931079 -0.06481826320501477 1.8985639522072222 634.244750500191 712.221835172968 562.0881868079305 220.85814844444394 3.1254974206108543 3.623627379485283 -1838.502942283291 -2.2005416678695405e-15 21.476881104875154 -3958.3536850249025 -8.168778798173443e-19 0.004364974262609549 0.19550181085105028
-5.142248880931074 -0.06481826320501477 1.8960304952992424 634.4859763910063 712.3906032354571 555.9897000566125 217.05921351909637 3.1254974206108543 3.623627379485283 -1838.502942283291 -2.2005416678695405e-15 21.476881104875154 -3958.3536850249025 -8.168778798173443e-19 0.004364974262609549 0.19550181085105028
-5.142248880931074 -0.06481826320501477 1.8934970383912626 634.7041595503688 712.5478931812104 550.0555090904236 213.2014099434018 3.1254974206108543 3.623627379485283 -1838.502942283291 -2.2005416678695405e-15 21.476881104875154 -3958.3536850249025 -8.168778798173443e-19 0.004364974262609549 0.19550181085105028
-5.144213070725154 -0.0648182632050159 1.890963581483283 634.8974999855272 712.6928832137492 544.3358627483249 209.29024562984705 3.1254974206108543 3.623627379485283 -1838.502942283291 -2.2005416678695405e-15 21.476881104875154 -3958.3536850249025 -8.168778798173443e-19 0.004364974262609549 0.19550181085105028
-5.146177260519244 -0.06383616830797001 1.8884301245753032 635.0644837152213 712.8248784774914 538.8776782006025 205.3332218490541 3.1254974206108543 3.623627379485283 -1838.502942283291 -2.2005416678695405e-15 21.476881104875154 -3958.3536850249025 -8.168778798173443e-19 0.004364974262609549 0.19550181085105028
-5.148141450313342 -0.06383616830797001 1.8858966676673234 635.2038827720098 712.9433110624086 533.7245411723852 201.3398333005607 3.1254974206108543 3.623627379485283 -1838.502942283291 -2.2005416678695405e-15 21.476881104875154 -3958.3536850249025 -8.168778798173443e-19 0.004364974262609549 0.19550181085105028
-5.152069829901522 -0.0638361683079689 1.8833632107593439 635.3147552027367 713.0477399989031 528.9167055860162 197.32156812772155 3.1254974206108543 3.623627379485283 -1838.502942283291 -2.2005416678695405e-15 21.476881104875154 -3958.3536850249025 -8.168778798173443e-19 0.004364974262609549 0.19550181085105028
-5.155998209489701 -0.0638361683079689 1.880829753851364 635.3964450638741 713.137851261301 524.4910939484835 193.29190787672997 3.1254974206108543 3.623627379485283 -1838.502942283291 -2.2005416678695405e-15 21.476881104875154 -3958.3536850249025 -8.168778798173443e-19 0.004364974262609549 0.19550181085105028
-5.160908683974934 -0.0638361683079689 1.8782962969433843 635.4485824275762 713.2134577648249 520.4812971577048 189.26632753014565 3.1254974206108543 3.623627379485283 -1838.502942283291 -2.2005416678695405e-15 21.476881104875154 -3958.3536850249025 -8.168778798173443e-19 0.004364974262609549 0.19550181085105028
-5.165819158460157 -0.0638361683079689 1.8757628400354047 635.4710833751597 713.2744993662927 516.9175744205713 185.26229543983936 3.1254974206108543 3.623627379485283 -1838.502942283291 -2.2005416678695405e-15 21.476881104875154 -3958.3536850249025 -8.168778798173443e-19 0.004364974262609549 0.19550181085105028
-5.1687654431513 -0.06481826320501366 1.873229383127425 635.4641500036232 713.3210428701714 513.8268534913659 181.29927344992757 3.1254974206108543 3.623627379485283 -1838.502942283291 -2.2005416678695405e-15 21.476881104875154 -3958.3536850249025 -8.168778798173443e-19 0.004364974262609549 0.19550181085105028
-5.169747538048345 -0.06580035810206065 1.8706959262194451 635.4282704223879 713.3532820178661 511.232730448246 177.39871675148606 3.1254974206108543 3.623627379485283 -1838.502942283291 -2.2005416678695405e-15 21.476881104875154 -3958.3536850249025 -8.168778798173443e-19 0.004364974262609549 0.19550181085105028
-5.170729632945386 -0.06580035810206177 1.8681624693114653 635.3642187528312 713.3715374940075 509.15546979010105 173.5840740390122 3.092661591406408 3.6134544580257693 -1821.0278016583125 -0.04330131922225825 21.437340929200218 -3932.503399381878 -1.8148080143444425e-05 0.004350792682889964 0.20537989763119413
-5.1717117278424345 -0.06580035810206065 1.8656290124034858 635.2730551287532 713.3762569306418 507.61200445890427 169.8807873055339 3.092661591406408 3.6134544580257693 -1821.0278016583125 -0.04330131922225825 21.437340929200218 -3932.503399381878 -1.8148080143444425e-05 0.004350792682889964 0.20537989763119413
-5.172693822739479 -0.06580035810206065 1.863095555495506 635.1561256982386 713.3680148962885 506.61593578755856 166.31629208102822 3.092661591406408 3.6134544580257693 -1821.0278016583125 -0.04330131922225825 21.437340929200218 -3932.503399381878 -1.8148080143444425e-05 0.004350792682889964 0.20537989763119413
-5.173675917636524 -0.06580035810206065 1.8605620985875262 635.015062621329 713.3475129029248 506.17753352224827 162.92001722753048 3.092661591406408 3.6134544580257693 -1821.0278016583125 -0.04330131922225825 21.437340929200218 -3932.503399381878 -1.8148080143444425e-05 0.004350792682889964 0.20537989763119413
-5.174658012533569 -0.06580035810205954 1.8580286416795466 634.8517840644345 713.3155794101767 506.3037358596921 159.72338506951928 3.092661591406408 3.6134544580257693 -1821.0278016583125 -0.04330131922225825 21.437340929200218 -3932.503399381878 -1.8148080143444425e-05 0.004350792682889964 0.20537989763119413
-5.175640107430613 -0.06678245299910654 1.8554951847715668 634.6684942226857 713.2731698136777 506.99814935028553 156.75981137901545 3.092661591406408 3.6134544580257693 -1821.0278016583125 -0.04330131922225825 21.437340929200218 -3932.503399381878 -1.8148080143444425e-05 0.004350792682889964 0.20537989763119413
-5.175640107430613 -0.0677645478961513 1.852961727863587 634.4676832864061 713.2213664553128 508.2610489949584 154.06470526754856 3.092661591406408 3.6134544580257693 -1821.0278016583125 -0.04330131922225825 21.437340929200218 -3932.503399381878 -1.8148080143444425e-05 0.004350792682889964 0.20537989763119413
-5.175640107430613 -0.06874664279319719 1.8504282709556072 634.2521274718456 713.1613786192611 510.0893781334162 151.67546932771802 3.092661591406408 3.6134544580257693 -1821.0278016583125 -0.04330131922225825 21.437340929200218 -3932.503399381878 -1.8148080143444425e-05 0.004350792682889964 0.20537989763119413
-5.175640107430613 -0.06874664279319719 1.8478948140476277 634.0248889960349 713.0945425303653 512.4767486676574 149.63149954006076 3.092661591406408 3.6134544580257693 -1821.0278016583125 -0.04330131922225825 21.437340929200218 -3932.503399381878 -1.8148080143444425e-05 0.004350792682889964 0.20537989763119413
-5.175640107430613 -0.06874664279319719 1.8453613571396479 633.7893161023967 713.0223213569261 515.4134407714009 147.97418531030416 3.092661591406408 3.6134544580257693 -1821.0278016583125 -0.04330131922225825 21.437340929200218 -3932.503399381878 -1.8148080143444425e-05 0.004350792682889964 0.20537989763119413
-5.175640107430613 -0.06972873769024418 1.842827900231668 633.5490430337377 712.946305210935 518.8864031136036 146.74690948054194 3.092661591406408 3.6134544580257693 -1821.0278016583125 -0.04330131922225825 21.437340929200218 -3932.503399381878 -1.8148080143444425e-05 0.004350792682889964 0.20537989763119413
-5.175640107430613 -0.07071083258728894 1.8402944433236885 633.3079900569282 712.8682111441158 522.8792526721954 145.99504829198122 3.092661591406408 3.6134544580257693 -1821.0278016583125 -0.04330131922225825 21.437340929200218 -3932.503399381878 -1.8148080143444425e-05 0.004350792682889964 0.20537989763119413
-5.175640107430613 -0.07267502238138071 1.8377609864157087 633.0703634386882 712.7898831530474 527.3722750097513 145.76597140356898 3.092661591406408 3.6134544580257693 -1821.0278016583125 -0.04330131922225825 21.437340929200218 -3932.503399381878 -1.8148080143444425e-05 0.004350792682889964 0.20537989763119413
-5.175640107430613 -0.07463921217547247 1.835227529507729 632.8406554767862 712.7132921773009 532.3424239531159 146.10904190689325 3.092661591406408 3.6134544580257693 -1821.0278016583125 -0.04330131922225825 21.437340929200218 -3932.503399381878 -1.8148080143444425e-05 0.004350792682889964 0.20537989763119413
-5.175640107430613 -0.076603401969562 1.8326940725997494 632.6236444618553 712.6405360980425 537.763321749866 147.0756162814796 3.092661591406408 3.6134544580257693 -1821.0278016583125 -0.04330131922225825 21.437340929200218 -3932.503399381878 -1.8148080143444425e-05 0.004350792682889964 0.20537989763119413
-5.173675917636524 -0.077585496866609 1.8301606156917696 632.4243947118521 712.5738397359382 543.6052591726184 148.71904449537396 3.092661591406408 3.6134544580257693 -1821.0278016583125 -0.04330131922225825 21.437340929200218 -3932.503399381878 -1.8148080143444425e-05 0.004350792682889964 0.20537989763119413
-5.173675917636524 -0.07954968666069853 1.8276271587837898 632.2482565483078 712.5155548583716 549.8351952806115 151.0946698486805 3.092661591406408 3.6134544580257693 -1821.0278016583125 -0.04330131922225825 21.437340929200218 -3932.503399381878 -1.8148080143444425e-05 0.004350792682889964 0.20537989763119413
-5.173675917636524 -0.08053178155774329 1.8250937018758102 632.1008663107641 712.4681601752527 556.4167575836182 154.25982912629843 3.092661591406408 3.6134544580257693 -1821.0278016583125 -0.04330131922225825 21.437340929200218 -3932.503399381878 -1.8148080143444425e-05 0.004350792682889964 0.20537989763119413
-5.173675917636524 -0.08151387645478805 1.8225602449678304 631.9881463502534 712.43426133506 563.3102420940995 158.27385246008635 3.092661591406408 3.6134544580257693 -1821.0278016583125 -0.04330131922225825 21.437340929200218 -3932.503399381878 -1.8148080143444425e-05 0.004350792682889964 0.20537989763119413
-5.173675917636524 -0.08249597135183394 1.8200267880598506 631.9163050311618 712.4165909332223 570.4726130664349 163.19806349650025 3.092661591406408 3.6134544580257693 -1821.0278016583125 -0.04330131922225825 21.437340929200218 -3932.503399381878 -1.8148080143444425e-05 0.004350792682889964 0.20537989763119413
-5.173675917636524 -0.08347806624887982 1.817493331151871 631.8918367293663 712.4180085042026 577.8575033321977 169.09577921032906 3.092661591406408 3.6134544580257693 -1821.0278016583125 -0.04330131922225825 21.437340929200218 -3932.503399381878 -1.8148080143444425e-05 0.004350792682889964 0.20537989763119413
-5.173675917636524 -0.08347806624887982 1.8149598742438913 631.9215218303725 712.4415005261544 585.4152140170336 176.03231005743146 3.092661591406408 3.6134544580257693 -1821.0278016583125 -0.04330131922225825 21.437340929200218 -3932.503399381878 -1.8148080143444425e-05 0.004350792682889964 0.20537989763119413
-5.173675917636524 -0.08347806624888206 1.8124264173359115 632.0124267390929 712.4901804204565 593.0927147418261 184.074959885329 3.092661591406408 3.6134544580257693 -1821.0278016583125 -0.04330131922225825 21.437340929200218 -3932.503399381878 -1.8148080143444425e-05 0.004350792682889964 0.20537989763119413
-5.1717117278424345 -0.08249597135183617 1.809892960427932 632.1719038700685 712.5672885507811 600.8336434960365 193.29302594810724 3.092661591406408 3.6134544580257693 -1821.0278016583125 -0.04330131922225825 21.437340929200218 -3932.503399381878 -1.8148080143444425e-05 0.004350792682889964 0.20537989763119413
-5.169747538048345 -0.08347806624888317 1.8073595035199521 632.4075916507281 712.6761922230944 608.5783066377044 203.7577989436686 3.092661591406408 3.6134544580257693 -1821.0278016583125 -0.04330131922225825 21.437340929200218 -3932.503399381878 -1.8148080143444425e-05 0.004350792682889964 0.20537989763119413
-5.169747538048345 -0.08446016114592682 1.8048260466119723 632.7274145181291 712.820385685889 616.263679087162 215.5425629876554 3.092661591406408 3.6134544580257693 -1821.0278016583125 -0.04330131922225825 21.437340929200218 -3932.503399381878 -1.8148080143444425e-05 0.004350792682889964 0.20537989763119413
-5.169747538048345 -0.08347806624887982 1.8022925897039925 633.1395829282701 713.0034901301842 623.8234039843082 228.72259559109807 3.092661591406408 3.6134544580257693 -1821.0278016583125 -0.04330131922225825 21.437340929200218 -3932.503399381878 -1.8148080143444425e-05 0.004350792682889964 0.20537989763119413
-5.169747538048345 -0.08053178155774329 1.799759132796013 633.6525933439843 713.2292536867317 631.1877930089831 243.37516771629453 3.092661591406408 3.6134544580257693 -1821.0278016583125 -0.04330131922225825 21.437340929200218 -3932.503399381878 -1.8148080143444425e-05 0.004350792682889964 0.20537989763119413
-5.167783348254251 -0.077585496866609 1.7972256758880332 634.2752282451838 713.5015514355619 638.2838262170553 259.57954371348023 3.092661591406408 3.6134544580257693 -1821.0278016583125 -0.04330131922225825 21.437340929200218 -3932.503399381878 -1.8148080143444425e-05 0.004350792682889964 0.20537989763119413
-5.167783348254251 -0.07463921217547023 1.7946922189800534 635.0165561181493 713.8243853915483 645.0351521074772 277.41698133572936 3.092661591406408 3.6134544580257693 -1821.0278016583125 -0.04330131922225825 21.437340929200218 -3932.503399381878 -1.8148080143444425e-05 0.004350792682889964 0.20537989763119413
