16 -1.5438531781557772 4.071765443151296 1.7211677548020567 -0.6845201432408309 3.757495076096686
-1.5438531781557772 4.071765443151296 1.7211677548020567 982.4522961816983 559.4456398352049 702.3863949067891 248.83496732637286 3.167493648096813 3.7240497089970193 -1907.8763904386906 -0.050460023164154856 22.097546544732154 -4228.181204505466 -2.114837517357705e-05 0.0044948668489402845 0.14404110697615716
-1.4751065353625812 4.06194449418084 1.7126933813990606 980.4634416917106 557.3696557583753 712.4518158137798 257.3692810460925 3.167493648096813 3.7240497089970193 -1907.8763904386906 -0.050460023164154856 22.097546544732154 -4228.181204505466 -2.114837517357705e-05 0.0044948668489402845 0.14404110697615716
-1.4093061772605238 4.053105640107432 1.7043253758867183 978.4296538843773 555.2425106910523 723.8891506614164 271.33044242858887 3.167493648096813 3.7240497089970193 -1907.8763904386906 -0.050460023164154856 22.097546544732154 -4228.181204505466 -2.114837517357705e-05 0.0044948668489402845 0.14404110697615716
-1.3425237242614172 4.043284691136973 1.7168085845062009 976.3214297038503 553.1168997182976 736.3638885980472 289.18728002905846 3.167493648096813 3.7240497089970193 -1907.8763904386906 -0.050460023164154856 22.097546544732154 -4228.181204505466 -2.114837517357705e-05 0.0044948668489402845 0.14404110697615716
-1.2796696508504988 4.0324816472694724 1.7410082520803667 974.1164128165692 551.0363414990716 749.5783890103921 309.52524108067155 3.167493648096813 3.7240497089970193 -1907.8763904386906 -0.050460023164154856 22.097546544732154 -4228.181204505466 -2.114837517357705e-05 0.0044948668489402845 0.14404110697615716
-1.215833482542531 4.017750223813786 1.7975951748488157 971.7993936124258 549.0351782664657 763.2718815309927 331.04639149457216 3.167493648096813 3.7240497089970193 -1907.8763904386906 -0.050460023164154856 22.097546544732154 -4228.181204505466 -2.114837517357705e-05 0.0044948668489402845 0.14404110697615716
-1.1539615040286528 4.002036705461055 1.819506315888399 969.362309205695 547.1385758237448 777.22046605777 352.5694158524275 3.167493648096813 3.7240497089970193 -1907.8763904386906 -0.050460023164154856 22.097546544732154 -4228.181204505466 -2.114837517357705e-05 0.0044948668489402845 0.14404110697615716
-1.0930716204118192 3.984358997314234 1.8533512792644655 966.8042434327072 545.362523546908 791.237112720497 373.02961740642786 3.167493648096813 3.7240497089970193 -1907.8763904386906 -0.050460023164154856 22.097546544732154 -4228.181204505466 -2.114837517357705e-05 0.0044948668489402845 0.14404110697615716
-1.0380743061772633 3.9637350044762742 1.9295669970654956 964.1314268532442 543.7138343881816 805.1716619217768 391.478918120265 3.167493648096813 3.7240497089970193 -1907.8763904386906 -0.050460023164154856 22.097546544732154 -4228.181204505466 -2.114837517357705e-05 0.0044948668489402845 0.14404110697615716
-0.9919158460161192 3.9391826320501346 2.059648681122623 961.3572367500747 542.1901448676363 818.9108242923394 407.08585857227445 3.167493648096813 3.7240497089970193 -1907.8763904386906 -0.050460023164154856 22.097546544732154 -4228.181204505466 -2.114837517357705e-05 0.0044948668489402845 0.14404110697615716
-0.945757385854975 3.9146302596239932 2.0596486811226606 958.5021971305832 540.7799150820356 832.3781807236373 419.13559805601835 3.167493648096813 3.7240497089970193 -1907.8763904386906 -0.050460023164154856 22.097546544732154 -4228.181204505466 -2.114837517357705e-05 0.0044948668489402845 0.14404110697615716
-0.9035273052820099 3.8881136974037602 2.131483321777691 955.5939787242096 539.4624286992475 845.5341823603958 427.0299145244062 3.167493648096813 3.7240497089970193 -1907.8763904386906 -0.050460023164154856 22.097546544732154 -4228.181204505466 -2.114837517357705e-05 0.0044948668489402845 0.14404110697615716
-0.8603151298120001 3.8615971351835268 2.121182274471686 952.6673989833798 538.2077929580119 858.3761505894363 430.28720463067293 3.167493648096813 3.7240497089970193 -1907.8763904386906 -0.050460023164154856 22.097546544732154 -4228.181204505466 -2.114837517357705e-05 0.0044948668489402845 0.14404110697615716
-0.820049239033129 3.834098478066249 2.169971649781206 949.7644220838556 536.9769386723638 870.93827706296 428.5424836613238 3.167493648096813 3.7240497089970193 -1907.8763904386906 -0.050460023164154856 22.097546544732154 -4228.181204505466 -2.114837517357705e-05 0.0044948668489402845 0.14404110697615716
-0.7758549686660744 3.806599820948971 2.127395644805112 946.9341589256655 535.7216202290729 883.2916236612946 421.5473855994642 3.167493648096813 3.7240497089970193 -1907.8763904386906 -0.050460023164154856 22.097546544732154 -4228.181204505466 -2.114837517357705e-05 0.0044948668489402845 0.14404110697615716
-0.7316606982990242 3.7810653536257823 2.0947156744801623 944.2328671311261 534.3844155862462 895.5441225254908 409.17016312107444 3.167493648096813 3.7240497089970193 -1907.8763904386906 -0.050460023164154856 22.097546544732154 -4228.181204505466 -2.114837517357705e-05 0.0044948668489402845 0.14404110697615716
-0.6845201432408309 3.757495076096686 2.0344439357957027 944.3419202472724 534.8398542606519 740.1399272764102 358.66719738719985 3.167493648096813 3.7240497089970193 -1907.8763904386906 -0.050460023164154856 22.097546544732154 -4228.181204505466 -2.114837517357705e-05 0.0044948668489402845 0.14404110697615716
-0.6462184422560493 3.7349068934646383 2.103640214414223 940.2822557313775 532.7996165972727 709.6544057829306 338.3175685494207 3.167493648096813 3.7240497089970193 -1907.8763904386906 -0.050460023164154856 22.097546544732154 -4228.181204505466 -2.114837517357705e-05 0.0044948668489402845 0.14404110697615716
-0.6079167412712677 3.7133008057296313 2.0844023315176887 936.8196432836994 530.8612112215196 686.082504327409 321.3473384678364 3.167493648096813 3.7240497089970193 -1907.8763904386906 -0.050460023164154856 22.097546544732154 -4228.181204505466 -2.114837517357705e-05 0.0044948668489402845 0.14404110697615716
-0.5637224709042087 3.6956230975828097 1.951302703907218 933.9213311666972 529.0242068343578 668.7068009749055 307.4424471948296 3.167493648096813 3.7240497089970193 -1907.8763904386906 -0.050460023164154856 22.097546544732154 -4228.181204505466 -2.114837517357705e-05 0.0044948668489402845 0.14404110697615716
-0.5116714413607915 3.681873769024172 1.829048546605924 931.5552322969597 527.2880850330002 656.838832535781 296.30089069437236 3.167493648096813 3.7240497089970193 -1907.8763904386906 -0.050460023164154856 22.097546544732154 -4228.181204505466 -2.114837517357705e-05 0.0044948668489402845 0.14404110697615716
-0.45962041181737423 3.6700886302596234 1.7934572674312808 929.68992424506 525.6522403107992 649.8190945796669 287.6327208420262 3.167493648096813 3.7240497089970193 -1907.8763904386906 -0.050460023164154856 22.097546544732154 -4228.181204505466 -2.114837517357705e-05 0.0044948668489402845 0.14404110697615716
-0.41051566696509134 3.661249776186212 1.7488892650261119 928.2946492354677 524.1159800574005 647.0170414308086 281.1600454286672 3.167493648096813 3.7240497089970193 -1907.8763904386906 -0.050460023164154856 22.097546544732154 -4228.181204505466 -2.114837517357705e-05 0.0044948668489402845 0.14404110697615716
-0.3653393017009875 3.6573213965980305 1.6575346654708454 927.3393141466368 522.6785245585907 647.8310861568898 276.6170281530358 3.167493648096813 3.7240497089970193 -1907.8763904386906 -0.050460023164154856 22.097546544732154 -4228.181204505466 -2.114837517357705e-05 0.0044948668489402845 0.14404110697615716
-0.3201629364368881 3.6602676812891692 1.50567116346047 926.7944905111217 521.3390069964025 651.6886006025597 273.74988863198087 3.167493648096813 3.7240497089970193 -1907.8763904386906 -0.050460023164154856 22.097546544732154 -4228.181204505466 -2.114837517357705e-05 0.0044948668489402845 0.14404110697615716
-0.2710581915846052 3.6671423455684895 1.4317003853128163 926.6314145150536 520.0964734490717 658.0459153465927 272.3169023897499 3.167493648096813 3.7240497089970193 -1907.8763904386906 -0.050460023164154856 22.097546544732154 -4228.181204505466 -2.114837517357705e-05 0.0044948668489402845 0.14404110697615716
-0.22784601611459981 3.674999104744852 1.3909428270024637 926.8219869987515 518.9498828910309 666.3883197326213 272.0884008668363 3.167493648096813 3.7240497089970193 -1907.8763904386906 -0.050460023164154856 22.097546544732154 -4228.181204505466 -2.114837517357705e-05 0.0044948668489402845 0.14404110697615716
-0.17775917636527216 3.6867842435094 1.3397056595989871 927.3387734565185 517.8981071929447 676.2300618514419 272.84677141159773 3.167493648096813 3.7240497089970193 -1907.8763904386906 -0.050460023164154856 22.097546544732154 -4228.181204505466 -2.114837517357705e-05 0.0044948668489402845 0.14404110697615716
-0.1237439570277565 3.7034798567591745 1.2710202566949704 928.1550040365546 516.9399311216512 687.1143485568464 274.38645729236305 3.167493648096813 3.7240497089970193 -1907.8763904386906 -0.050460023164154856 22.097546544732154 -4228.181204505466 -2.114837517357705e-05 0.0044948668489402845 0.14404110697615716
-0.07758549686661236 3.7231217547000877 1.168475228934442 929.2445735408983 516.0740523402346 698.6133454563096 276.513957682997 3.167493648096813 3.7240497089970193 -1907.8763904386906 -0.050460023164154856 22.097546544732154 -4228.181204505466 -2.114837517357705e-05 0.0044948668489402845 0.14404110697615716
-0.04223008057296955 3.742763652641003 1.0636978224025007 930.5820414258342 515.2990814079785 710.3281769035384 279.047827671282 3.167493648096813 3.7240497089970193 -1907.8763904386906 -0.050460023164154856 22.097546544732154 -4228.181204505466 -2.114837517357705e-05 0.0044948668489402845 0.14404110697615716
-0.009820948970465513 3.7663339301700978 0.9420000403794514 932.1426318012818 514.6135417803598 721.8889260077849 281.8186782617122 3.167493648096813 3.7240497089970193 -1907.8763904386906 -0.050460023164154856 22.097546544732154 -4228.181204505466 -2.114837517357705e-05 0.0044948668489402845 0.14404110697615716
0.018659803043855 3.7918683974932885 0.8398896196380476 933.9022334310284 514.0158698090854 732.9546346487477 284.6691763657145 3.167493648096813 3.7240497089970193 -1907.8763904386906 -0.050460023164154856 22.097546544732154 -4228.181204505466 -2.114837517357705e-05 0.0044948668489402845 0.14404110697615716
0.05106893464636797 3.8193670546105642 0.8671825440155876 935.8373997333983 513.5044147420522 743.2133034421131 287.45404481096193 3.167493648096813 3.7240497089970193 -1907.8763904386906 -0.050460023164154856 22.097546544732154 -4228.181204505466 -2.114837517357705e-05 0.0044948668489402845 0.14404110697615716
0.07758549686659895 3.846865711727842 0.7672183483244445 937.9253487799433 513.0774387233778 752.3818917628378 290.0400623334572 3.167493648096813 3.7240497089970193 -1907.8763904386906 -0.050460023164154856 22.097546544732154 -4228.181204505466 -2.114837517357705e-05 0.0044948668489402845 0.14404110697615716
0.08544225604297047 3.87436436884512 0.27829965900532583 940.1439632966649 512.7331167934062 760.2063177479431 292.3060635905713 3.167493648096813 3.7240497089970193 -1907.8763904386906 -0.050460023164154856 22.097546544732154 -4228.181204505466 -2.114837517357705e-05 0.0044948668489402845 0.14404110697615716
0.08544225604297047 3.903827215756492 -0.0 942.4717906633741 512.4695368886387 766.4614582713693 294.1429391382262 3.167493648096813 3.7240497089970193 -1907.8763904386906 -0.050460023164154856 22.097546544732154 -4228.181204505466 -2.114837517357705e-05 0.0044948668489402845 0.14404110697615716
0.08151387645478694 3.9342721575649064 6.154862079493759 944.8880429137498 512.2846998418445 770.951148988679 295.4536354606971 3.167493648096813 3.7240497089970193 -1907.8763904386906 -0.050460023164154856 22.097546544732154 -4228.181204505466 -2.114837517357705e-05 0.0044948668489402845 0.14404110697615716
0.07071083258728113 3.965699194270366 5.952089230475335 947.3725967354258 512.1765193819738 773.5081842858344 296.1531549389474 3.170759178561212 3.72602832937979 -1909.8194584760552 -0.04553108643103364 22.1014143662978 -4230.959862107604 -1.9082601186518727e-05 0.0044962981689259975 0.14295281050252567
0.06088988361682008 3.997126230975827 5.980300438804489 949.9059934701363 512.1428221341757 773.9943173201755 296.1685558804311 3.170759178561212 3.72602832937979 -1909.8194584760552 -0.04553108643103364 22.1014143662978 -4230.959862107604 -1.9082601186518727e-05 0.0044962981689259975 0.14295281050252567
0.0510689346463635 4.0295353625783354 5.988950742068414 952.4694391133671 512.1813476198422 772.3002599822357 295.43895249674097 3.170759178561212 3.72602832937979 -1909.8194584760552 -0.04553108643103364 22.1014143662978 -4230.959862107604 -1.9082601186518727e-05 0.0044962981689259975 0.14295281050252567
0.04124798567591139 4.062926589077889 5.9971338654623985 955.0448043147626 512.2897482565422 768.3456829432398 293.91551491385326 3.170759178561212 3.72602832937979 -1909.8194584760552 -0.04553108643103364 22.1014143662978 -4230.959862107604 -1.9082601186518727e-05 0.0044962981689259975 0.14295281050252567
0.027498657117271282 4.095335720680396 5.881956508174709 957.6146243776311 512.4655893580621 762.0792156094685 291.56146917073056 3.170759178561212 3.72602832937979 -1909.8194584760552 -0.04553108643103364 22.1014143662978 -4230.959862107604 -1.9082601186518727e-05 0.0044962981689259975 0.14295281050252567
0.009820948970456581 4.1277448522828974 5.783838585499562 960.1620992595272 512.7063491344106 753.4784461492673 288.3520972193219 3.170759178561212 3.72602832937979 -1909.8194584760552 -0.04553108643103364 22.1014143662978 -4230.959862107604 -1.9082601186518727e-05 0.0044962981689259975 0.14295281050252567
-0.016695613249778866 4.1591718889883635 5.5823308992951635 962.6710935717274 513.0094186917904 742.5499214837328 284.27473692176864 3.170759178561212 3.72602832937979 -1909.8194584760552 -0.04553108643103364 22.1014143662978 -4230.959862107604 -1.9082601186518727e-05 0.0044962981689259975 0.14295281050252567
-0.03535541629364727 4.19158102059087 5.760781875463031 965.1261365797545 513.3721020326248 729.3291472923011 279.3287820550613 3.170759178561212 3.72602832937979 -1909.8194584760552 -0.04553108643103364 22.1014143662978 -4230.959862107604 -1.9082601186518727e-05 0.0044962981689259975 0.14295281050252567
-0.05008683974933213 4.222025962399284 5.832523981098941 967.5124222026498 513.7916160555578 713.8805880015716 273.5256823101081 3.170759178561212 3.72602832937979 -1909.8194584760552 -0.04553108643103364 22.1014143662978 -4230.959862107604 -1.9082601186518727e-05 0.0044962981689259975 0.14295281050252567
-0.06481826320502147 4.252470904207699 5.832523981098822 969.8158090136712 514.2650905553819 696.297666804865 266.8889432842843 3.170759178561212 3.72602832937979 -1909.8194584760552 -0.04553108643103364 22.1014143662978 -4230.959862107604 -1.9082601186518727e-05 0.0044962981689259975 0.14295281050252567
-0.07660340196956758 4.280951656222023 5.890845162964135 972.0228202401195 514.7895682231847 676.7027656314895 259.4541264940053 3.170759178561212 3.72602832937979 -1909.8194584760552 -0.04553108643103364 22.1014143662978 -4230.959862107604 -1.9082601186518727e-05 0.0044962981689259975 0.14295281050252567
-0.08838854073411369 4.309432408236348 5.890845162964135 974.1206437629589 515.362004646202 655.2472251858562 251.26884936494753 3.170759178561212 3.72602832937979 -1909.8194584760552 -0.04553108643103364 22.1014143662978 -4230.959862107604 -1.9082601186518727e-05 0.0044962981689259975 0.14295281050252567
-0.10311996418979856 4.335948970456579 5.776086802787221 976.0971321173711 515.9792683079213 632.1113449065015 242.3927852353081 3.170759178561212 3.72602832937979 -1909.8194584760552 -0.04553108643103364 22.1014143662978 -4230.959862107604 -1.9082601186518727e-05 0.0044962981689259975 0.14295281050252567
-0.12177976723366696 4.357555058191582 5.570827709085193 977.9408024925797 516.6381405879929 607.5043830052018 232.89766335487366 3.170759178561212 3.72602832937979 -1909.8194584760552 -0.04553108643103364 22.1014143662978 -4230.959862107604 -1.9082601186518727e-05 0.0044962981689259975 0.14295281050252567
-0.14338585496866965 4.37621486123545 5.424746578479083 979.640836731036 517.3353157622969 581.6645564436913 222.86726889153942 3.170759178561212 3.72602832937979 -1909.8194584760552 -0.04553108643103364 22.1014143662978 -4230.959862107604 -1.9082601186518727e-05 0.0044962981689259975 0.14295281050252567
-0.1649919427036768 4.390946284691138 5.31080787386324 981.1870813300775 518.0674010029397 554.8590409206226 212.39744291780517 3.170759178561212 3.72602832937979 -1909.8194584760552 -0.04553108643103364 22.1014143662978 -4230.959862107604 -1.9082601186518727e-05 0.0044962981689259975 0.14295281050252567
-0.18266965085050044 4.401749328558639 5.2609383828351355 982.5700474405021 518.8309163782269 527.3839709106833 201.59608242241666 3.170759178561212 3.72602832937979 -1909.8194584760552 -0.04553108643103364 22.1014143662978 -4230.959862107604 -1.9082601186518727e-05 0.0044962981689259975 0.14295281050252567
-0.20329364368845837 4.409606087735003 5.0763679368943295 983.7809108669171 519.622294852672 499.5644396347925 190.58314030850306 3.170759178561212 3.72602832937979 -1909.8194584760552 -0.04553108643103364 22.1014143662978 -4230.959862107604 -1.9082601186518727e-05 0.0044962981689259975 0.14295281050252567
-0.2239176365264163 4.4135344673231875 4.90061048568951 984.8115120683215 520.4378822870003 471.7544990731403 179.49062538752332 3.170759178561212 3.72602832937979 -1909.8194584760552 -0.04553108643103364 22.1014143662978 -4230.959862107604 -1.9082601186518727e-05 0.0044962981689259975 0.14295281050252567
-0.25239838854074126 4.411570277529095 4.643532491083631 985.6543561572907 521.2739374380999 444.3371599512175 168.46260238997638 3.170759178561212 3.72602832937979 -1909.8194584760552 -0.04553108643103364 22.1014143662978 -4230.959862107604 -1.9082601186518727e-05 0.0044962981689259975 0.14295281050252567
-0.2838254252462005 4.408623992837957 4.618912199226038 986.3026129005593 522.1266319591577 417.7243917575106 157.6551919481717 3.170759178561212 3.72602832937979 -1909.8194584760552 -0.04553108643103364 22.1014143662978 -4230.959862107604 -1.9082601186518727e-05 0.0044962981689259975 0.14295281050252567
-0.3221271262309821 4.399785138764545 4.4855901323307865 986.7501167187293 522.9920503994963 392.35712273046374 147.23657061951235 3.170759178561212 3.72602832937979 -1909.8194584760552 -0.04553108643103364 22.1014143662978 -4230.959862107604 -1.9082601186518727e-05 0.0044962981689259975 0.14295281050252567
-0.36141092211280845 4.3889820948970435 4.444022769478804 986.991366686445 523.8661902047043 368.70523985568434 137.38697086041793 3.170759178561212 3.72602832937979 -1909.8194584760552 -0.04553108643103364 22.1014143662978 -4230.959862107604 -1.9082601186518727e-05 0.0044962981689259975 0.14295281050252567
-0.3967663384064557 4.379161145926587 4.441442130046295 987.0215265319275 524.7449617165166 347.2675888976082 128.29868105240166 3.170759178561212 3.72602832937979 -1909.8194584760552 -0.04553108643103364 22.1014143662978 -4230.959862107604 -1.9082601186518727e-05 0.0044962981689259975 0.14295281050252567
-0.42819337511191496 4.367376007162043 4.353618310114211 986.8364246379351 525.6241881729311 328.5719743408263 120.17604548390955 3.170759178561212 3.72602832937979 -1909.8194584760552 -0.04553108643103364 22.1014143662978 -4230.959862107604 -1.9082601186518727e-05 0.0044962981689259975 0.14295281050252567
-0.45962041181737423 4.353626678603403 4.299978538787258 986.4325540407153 526.4996057081062 313.17515945620835 113.23546435451135 3.170759178561212 3.72602832937979 -1909.8194584760552 -0.04553108643103364 22.1014143662978 -4230.959862107604 -1.9082601186518727e-05 0.0044962981689259975 0.14295281050252567
-0.4910474485228335 4.338895255147716 4.274052420526652 985.8070724307327 527.3668633524649 301.66286625061184 107.70539377583191 3.170759178561212 3.72602832937979 -1909.8194584760552 -0.04553108643103364 22.1014143662978 -4230.959862107604 -1.9082601186518727e-05 0.0044962981689259975 0.14295281050252567
-0.5195282005371585 4.321217547000894 4.156895245119172 984.9578021522902 528.2215230326146 294.64977549854666 103.82634577807039 3.170759178561212 3.72602832937979 -1909.8194584760552 -0.04553108643103364 22.1014143662978 -4230.959862107604 -1.9082601186518727e-05 0.0044962981689259975 0.14295281050252567
-0.548008952551479 4.303539838854073 4.156895245119101 983.8832302034134 529.0590595713657 292.7795267123729 101.8508882978931 3.170759178561212 3.72602832937979 -1909.8194584760552 -0.04553108643103364 22.1014143662978 -4230.959862107604 -1.9082601186518727e-05 0.0044962981689259975 0.14295281050252567
-0.5755076096687592 4.28389794091316 4.0921394944018985 982.5825082366064 529.8748606877143 296.7247181693092 102.04364518402144 3.170759178561212 3.72602832937979 -1909.8194584760552 -0.04553108643103364 22.1014143662978 -4230.959862107604 -1.9082601186518727e-05 0.0044962981689259975 0.14295281050252567
-0.603006266786035 4.261309758281111 4.024717724345922 981.0554525578336 530.6642269969179 307.1869068965316 104.68129620654508 3.170759178561212 3.72602832937979 -1909.8194584760552 -0.04553108643103364 22.1014143662978 -4230.959862107604 -1.9082601186518727e-05 0.0044962981689259975 0.14295281050252567
-0.6265765443151361 4.2367573858549665 3.9065854863007714 979.3025441274804 531.4223720104073 324.8966086860746 110.05257703317329 3.170759178561212 3.72602832937979 -1909.8194584760552 -0.04553108643103364 22.1014143662978 -4230.959862107604 -1.9082601186518727e-05 0.0044962981689259975 0.14295281050252567
-0.6501468218442283 4.211222918531781 3.8870121298638933 977.3249285590719 532.1444221358561 350.61329807527363 118.45827925950289 3.170759178561212 3.72602832937979 -1909.8194584760552 -0.04553108643103364 22.1014143662978 -4230.959862107604 -1.9082601186518727e-05 0.0044962981689259975 0.14295281050252567
-0.6766633840644638 4.179795881826321 3.842447061474321 975.1244161211944 532.8254166771112 385.1254083542153 130.21125037921593 3.170759178561212 3.72602832937979 -1909.8194584760552 -0.04553108643103364 22.1014143662978 -4230.959862107604 -1.9082601186518727e-05 0.0044962981689259975 0.14295281050252567
-0.700233661593556 4.148368845120859 3.785093762382998 972.703481735196 533.4603078342352 429.25033157039434 145.63639381481335 3.170759178561212 3.72602832937979 -1909.8194584760552 -0.04553108643103364 22.1014143662978 -4230.959862107604 -1.9082601186518727e-05 0.0044962981689259975 0.14295281050252567
-0.7238039391226527 4.114977618621306 3.7562556055119636 970.0652649776312 534.043960703506 483.8344185240567 165.0706688836217 3.170759178561212 3.72602832937979 -1909.8194584760552 -0.04553108643103364 22.1014143662978 -4230.959862107604 -1.9082601186518727e-05 0.0044962981689259975 0.14295281050252567
-0.7503205013428836 4.080604297224711 3.7986675893014454 967.2135700779036 534.571153277424 549.7529787858948 188.8630908303894 3.170759178561212 3.72602832937979 -1909.8194584760552 -0.04553108643103364 22.1014143662978 -4230.959862107604 -1.9082601186518727e-05 0.0044962981689259975 0.14295281050252567
-0.7768370635631147 4.044266786034019 3.7719940750632333 964.1528659199539 535.0365764446979 627.9102806542069 217.37473080214113 3.170759178561212 3.72602832937979 -1909.8194584760552 -0.04553108643103364 22.1014143662978 -4230.959862107604 -1.9082601186518727e-05 0.0044962981689259975 0.14295281050252567
