28 -4.204348254252461 0.7630877350044757 2.9461018533411107 -3.5384879140555077 -1.958297224709043
-4.204348254252461 0.7630877350044757 2.9461018533411107 715.027510881424 661.5197662254795 627.3469816483557 313.0256835743785 3.1468373879205704 3.6687433070169875 -1853.998623737304 1.2085649711282318e-15 21.791792038964548 -4044.0454148593226 4.486487128642864e-19 0.004425612277122007 0.17871017650869717
-4.188634735899727 0.6648782452999087 2.9829373914033583 705.4450768609531 660.1118369214237 621.5331483706832 309.88747577369213 3.1468373879205704 3.6687433070169875 -1853.998623737304 1.2085649711282318e-15 21.791792038964548 -4044.0454148593226 4.486487128642864e-19 0.004425612277122007 0.17871017650869717
-4.168992837958819 0.5627403760071616 2.951604365671117 695.5833150008693 658.9778534052894 614.2038743458688 311.24362725764513 3.1468373879205704 3.6687433070169875 -1853.998623737304 1.2085649711282318e-15 21.791792038964548 -4044.0454148593226 4.486487128642864e-19 0.004425612277122007 0.17871017650869717
-4.146404655326762 0.45569203222918514 2.933634106336803 685.501362873707 658.0660204263404 605.6939684860408 316.2604531943798 3.1468373879205704 3.6687433070169875 -1853.998623737304 1.2085649711282318e-15 21.791792038964548 -4044.0454148593226 4.486487128642864e-19 0.004425612277122007 0.17871017650869717
-4.123816472694715 0.3535541629364358 2.923942037302777 675.2542463238351 657.3282298943959 596.3080904297531 324.16741742938757 3.1468373879205704 3.6687433070169875 -1853.998623737304 1.2085649711282318e-15 21.791792038964548 -4044.0454148593226 4.486487128642864e-19 0.004425612277122007 0.17871017650869717
-4.10810295434198 0.25534467323187 2.9829373914033566 664.892879488878 656.7200608858839 586.3207506425679 334.2571323364973 3.1468373879205704 3.6687433070169875 -1853.998623737304 1.2085649711282318e-15 21.791792038964548 -4044.0454148593226 4.486487128642864e-19 0.004425612277122007 0.17871017650869717
-4.094353625783341 0.16008146821844182 2.9982525985441812 654.4640647894703 656.2007796438411 575.9763104245067 345.8853588849306 3.1468373879205704 3.6687433070169875 -1853.998623737304 1.2085649711282318e-15 21.791792038964548 -4044.0454148593226 4.486487128642864e-19 0.004425612277122007 0.17871017650869717
-4.082568487018794 0.060889883616830134 3.0233351444507317 644.0104929236695 655.7333395672031 565.4889818616211 358.4710065945983 3.1468373879205704 3.6687433070169875 -1853.998623737304 1.2085649711282318e-15 21.791792038964548 -4044.0454148593226 4.486487128642864e-19 0.004425612277122007 0.17871017650869717
-4.0717654431512935 -0.04026589077887221 3.0351997988908974 633.5707428841852 655.2843812280335 555.0428277887404 371.4961335211992 3.1468373879205704 3.6687433070169875 -1853.998623737304 1.2085649711282318e-15 21.791792038964548 -4044.0454148593226 4.486487128642864e-19 0.004425612277122007 0.17871017650869717
-4.060962399283792 -0.14436794986571108 3.038189191199875 623.1792819420807 654.8242323519662 544.7917619943619 384.5059464275837 3.1468373879205704 3.6687433070169875 -1853.998623737304 1.2085649711282318e-15 21.791792038964548 -4044.0454148593226 4.486487128642864e-19 0.004425612277122007 0.17871017650869717
-4.052123545210384 -0.25338048343777936 3.0606885544345954 612.8664656491019 654.3269078400917 534.8595489040017 397.1088004782796 3.1468373879205704 3.6687433070169875 -1853.998623737304 1.2085649711282318e-15 21.791792038964548 -4044.0454148593226 4.486487128642864e-19 0.004425612277122007 0.17871017650869717
-4.036410026857655 -0.36435720680393935 3.0009347557243786 602.6585378446616 653.7701097456738 525.3398038707674 408.9761995077133 3.1468373879205704 3.6687433070169875 -1853.998623737304 1.2085649711282318e-15 21.791792038964548 -4044.0454148593226 4.486487128642864e-19 0.004425612277122007 0.17871017650869717
-4.024624888093109 -0.47042345568487 3.0309354324159137 592.5776306563057 653.1352272946388 516.2959929853678 419.84279595315456 3.1468373879205704 3.6687433070169875 -1853.998623737304 1.2085649711282318e-15 21.791792038964548 -4044.0454148593226 4.486487128642864e-19 0.004425612277122007 0.17871017650869717
-4.013821844225602 -0.5705971351835287 3.0341646999851037 582.6417644899338 652.407336874865 507.76143319159746 429.5063907429576 3.1468373879205704 3.6687433070169875 -1853.998623737304 1.2085649711282318e-15 21.791792038964548 -4044.0454148593226 4.486487128642864e-19 0.004425612277122007 0.17871017650869717
-4.000072515666963 -0.6688066248880945 3.002496712107713 572.8648480372503 651.5752020333894 499.7392922192812 437.82793340086937 3.1468373879205704 3.6687433070169875 -1853.998623737304 1.2085649711282318e-15 21.791792038964548 -4044.0454148593226 4.486487128642864e-19 0.004425612277122007 0.17871017650869717
-3.977484333034915 -0.7660340196956145 2.913318880351766 563.256678277161 650.6312734852545 492.20258859172463 444.7315220758319 3.1468373879205704 3.6687433070169875 -1853.998623737304 1.2085649711282318e-15 21.791792038964548 -4044.0454148593226 4.486487128642864e-19 0.004425612277122007 0.17871017650869717
-3.951949865711729 -0.8632614145031332 2.8847662036199906 553.8229404636659 649.5716891107149 485.0941916629672 450.2044034451246 3.1468373879205704 3.6687433070169875 -1853.998623737304 1.2085649711282318e-15 21.791792038964548 -4044.0454148593226 4.486487128642864e-19 0.004425612277122007 0.17871017650869717
-3.922487018800355 -0.9565604297224708 2.8357137821848974 544.5652081500739 648.3962739501148 478.32682156562805 454.2969727218151 3.1468373879205704 3.6687433070169875 -1853.998623737304 1.2085649711282318e-15 21.791792038964548 -4044.0454148593226 4.486487128642864e-19 0.004425612277122007 0.17871017650869717
-3.8920420769919404 -1.0498594449418084 2.8261711286093614 535.4809431596659 647.1085402085446 471.78304928541183 457.12277380377054 3.1468373879205704 3.6687433070169875 -1853.998623737304 1.2085649711282318e-15 21.791792038964548 -4044.0454148593226 4.486487128642864e-19 0.004425612277122007 0.17871017650869717
-3.8566866606982977 -1.1421763652641 2.7758453523274564 526.5634956052527 645.715687258169 465.31529653817415 458.8584990054369 3.1468373879205704 3.6687433070169875 -1853.998623737304 1.2085649711282318e-15 21.791792038964548 -4044.0454148593226 4.486487128642864e-19 0.004425612277122007 0.17871017650869717
-3.819367054610565 -1.233511190689348 2.753692695861893 517.8021038891748 644.2286016289145 458.74583592638373 459.74398938566446 3.1468373879205704 3.6687433070169875 -1853.998623737304 1.2085649711282318e-15 21.791792038964548 -4044.0454148593226 4.486487128642864e-19 0.004425612277122007 0.17871017650869717
-3.7849937332139674 -1.322881826320503 2.774418819771575 509.1818946865387 642.6618570219725 451.86679081991315 460.08223443478346 3.1468373879205704 3.6687433070169875 -1853.998623737304 1.2085649711282318e-15 21.791792038964548 -4044.0454148593226 4.486487128642864e-19 0.004425612277122007 0.17871017650869717
-3.7457099373321365 -1.4112703670546112 2.7233683240105173 500.68388296850026 641.0337142962962 444.44013537093997 460.23937230557203 3.1468373879205704 3.6687433070169875 -1853.998623737304 1.2085649711282318e-15 21.791792038964548 -4044.0454148593226 4.486487128642864e-19 0.004425612277122007 0.17871017650869717
-3.705444046553265 -1.501623097582811 2.7223602598359036 492.28497197898105 639.3661214751191 436.1976946257055 460.644689694047 3.1468373879205704 3.6687433070169875 -1853.998623737304 1.2085649711282318e-15 21.791792038964548 -4044.0454148593226 4.486487128642864e-19 0.004425612277122007 0.17871017650869717
-3.6651781557743943 -1.5929579230080568 2.726365318034568 483.95795325469226 637.6847137524746 426.8411443121731 461.79062186926603 3.1468373879205704 3.6687433070169875 -1853.998623737304 1.2085649711282318e-15 21.791792038964548 -4044.0454148593226 4.486487128642864e-19 0.004425612277122007 0.17871017650869717
-3.6317869292748455 -1.6842927484333048 2.7910960261795124 475.67150661349297 636.0188134782948 416.0420110747218 464.2327526137233 3.1468373879205704 3.6687433070169875 -1853.998623737304 1.2085649711282318e-15 21.791792038964548 -4044.0454148593226 4.486487128642864e-19 0.004425612277122007 0.17871017650869717
-3.596431512981203 -1.7766096687555963 2.7758453523274564 467.39020015951246 634.4014301658608 403.4416722841561 468.58981442451477 3.1468373879205704 3.6687433070169875 -1853.998623737304 1.2085649711282318e-15 21.791792038964548 -4044.0454148593226 4.486487128642864e-19 0.004425612277122007 0.17871017650869717
-3.565004476275739 -1.8689265890778892 2.813472758574465 459.074490275234 632.8692605020478 388.65135621652007 475.54368820786476 3.1468373879205704 3.6687433070169875 -1853.998623737304 1.2085649711282318e-15 21.791792038964548 -4044.0454148593226 4.486487128642864e-19 0.004425612277122007 0.17871017650869717
-3.5384879140555077 -1.958297224709043 2.8531630950714137 442.86409528926015 632.1395529695437 293.28321936074644 468.28642250131816 3.1468373879205704 3.6687433070169875 -1853.998623737304 1.2085649711282318e-15 21.791792038964548 -4044.0454148593226 4.486487128642864e-19 0.004425612277122007 0.17871017650869717
-3.5168818263205006 -2.0466857654431534 2.901849544719311 438.42058941954747 630.8486295069451 312.52742527914234 443.41009974852204 3.1468373879205704 3.6687433070169875 -1853.998623737304 1.2085649711282318e-15 21.791792038964548 -4044.0454148593226 4.486487128642864e-19 0.004425612277122007 0.17871017650869717
-3.4874189794091266 -2.1360564010743075 2.82314241724359 433.1201447006315 629.8138142668759 331.3898823861964 419.202569456771 3.1468373879205704 3.6687433070169875 -1853.998623737304 1.2085649711282318e-15 21.791792038964548 -4044.0454148593226 4.486487128642864e-19 0.004425612277122007 0.17871017650869717
-3.459920322291851 -2.2254270367054616 2.8430937220036387 427.05063226493075 629.022792492935 349.8512533730827 395.6992126577534 3.1468373879205704 3.6687433070169875 -1853.998623737304 1.2085649711282318e-15 21.791792038964548 -4044.0454148593226 4.486487128642864e-19 0.004425612277122007 0.17871017650869717
-3.442242614145027 -2.313815577439571 2.944197093739893 420.29722756287083 628.4633923922083 367.89365344890393 372.9331673406996 3.1468373879205704 3.6687433070169875 -1853.998623737304 1.2085649711282318e-15 21.791792038964548 -4044.0454148593226 4.486487128642864e-19 0.004425612277122007 0.17871017650869717
-3.4324216651745707 -2.401222023276635 3.0297023874181184 412.9424103535712 628.1235851340462 385.5006503330078 350.9353284514509 3.1468373879205704 3.6687433070169875 -1853.998623737304 1.2085649711282318e-15 21.791792038964548 -4044.0454148593226 4.486487128642864e-19 0.004425612277122007 0.17871017650869717
-3.4392963294538927 -2.4866642793196077 3.1996668131527466 405.0659647216089 627.9914848505286 402.6572642570827 329.73434789292514 3.1468373879205704 3.6687433070169875 -1853.998623737304 1.2085649711282318e-15 21.791792038964548 -4044.0454148593226 4.486487128642864e-19 0.004425612277122007 0.17871017650869717
-3.4481351835273046 -2.573088630259625 3.2218794688727894 396.7449790565297 628.0553486368153 419.34996797028 309.3566345227882 3.1468373879205704 3.6687433070169875 -1853.998623737304 1.2085649711282318e-15 21.791792038964548 -4044.0454148593226 4.486487128642864e-19 0.004425612277122007 0.17871017650869717
-3.4648307967770835 -2.657548791405551 3.3162648525980867 388.05384607519954 628.3035765506211 435.5666867289692 289.82635415904224 3.1468373879205704 3.6687433070169875 -1853.998623737304 1.2085649711282318e-15 21.791792038964548 -4044.0454148593226 4.486487128642864e-19 0.004425612277122007 0.17871017650869717
-3.4815264100268624 -2.742008952551479 3.3162648525980303 379.0642628050409 628.7247116125654 451.2967983074486 271.16542957536876 3.1468373879205704 3.6687433070169875 -1853.998623737304 1.2085649711282318e-15 21.791792038964548 -4044.0454148593226 4.486487128642864e-19 0.004425612277122007 0.17871017650869717
-3.4962578334825474 -2.8284333034914964 3.2899204877115795 369.8452305891551 629.3074398060562 466.53113299328834 253.39354050625116 3.169073421448862 3.6701292450101906 -1865.361416199337 0.044603825348291805 21.778670290817324 -4068.6124162732576 1.8693975418395606e-05 0.004409548799889571 0.17261833685268435
-3.5129534467323262 -2.914857654431514 3.312327865065075 360.463055097498 630.0405900769401 481.2619735833723 236.52812363719568 3.169073421448862 3.6701292450101906 -1865.361416199337 0.044603825348291805 21.778670290817324 -4068.6124162732576 1.8693975418395606e-05 0.004409548799889571 0.17261833685268435
-3.5443804834377852 -2.9983357206803958 3.484616594010493 350.98134630406275 630.9131343342597 495.48305538948625 220.58437261218205 3.169073421448862 3.6701292450101906 -1865.361416199337 0.044603825348291805 21.778670290817324 -4068.6124162732576 1.8693975418395606e-05 0.004409548799889571 0.17261833685268435
-3.580717994628473 -3.0818137869292768 3.536383773289509 341.46101850271225 631.9141874495544 509.18956623924896 205.57523803785443 3.169073421448862 3.6701292450101906 -1865.361416199337 0.044603825348291805 21.778670290817324 -4068.6124162732576 1.8693975418395606e-05 0.004409548799889571 0.17261833685268435
-3.6121450313339323 -3.167256042972248 3.4772312039174036 331.9602903085761 633.0330072574434 522.3781464716885 191.51142746862024 3.169073421448862 3.6701292450101906 -1865.361416199337 0.044603825348291805 21.778670290817324 -4068.6124162732576 1.8693975418395606e-05 0.004409548799889571 0.17261833685268435
-3.6406257833482574 -3.2526982990152202 3.4458011479290147 322.5346846515313 634.2589945547516 535.0468889351469 178.40140542574227 3.169073421448862 3.6701292450101906 -1865.361416199337 0.044603825348291805 21.778670290817324 -4068.6124162732576 1.8693975418395606e-05 0.004409548799889571 0.17261833685268435
-3.669106535362582 -3.337158460161147 3.4668275144435854 313.23702877154574 635.5816931013833 547.1953389996197 166.25139338336885 3.169073421448862 3.6701292450101906 -1865.361416199337 0.044603825348291805 21.778670290817324 -4068.6124162732576 1.8693975418395606e-05 0.004409548799889571 0.17261833685268435
-3.705444046553274 -3.4186723366159364 3.56093430113985 304.117454234045 636.9907896203804 558.8244945413899 155.06536976760253 3.169073421448862 3.6701292450101906 -1865.361416199337 0.044603825348291805 21.778670290817324 -4068.6124162732576 1.8693975418395606e-05 0.004409548799889571 0.17261833685268435
-3.743745747538056 -3.4982220232766346 3.5903159976005248 295.22339691454545 638.4761137971072 569.9368059502449 144.8450699718669 3.169073421448862 3.6701292450101906 -1865.361416199337 0.044603825348291805 21.778670290817324 -4068.6124162732576 1.8693975418395606e-05 0.004409548799889571 0.17261833685268435
-3.790886302596254 -3.574825425246196 3.6932476361183983 286.59959701495245 640.0276382796001 580.5361761341337 135.58998633734882 3.169073421448862 3.6701292450101906 -1865.361416199337 0.044603825348291805 21.778670290817324 -4068.6124162732576 1.8693975418395606e-05 0.004409548799889571 0.17261833685268435
-3.8429373321396665 -3.648482542524621 3.7567788917016984 278.28809903981164 641.6354786789743 590.6279605084565 127.2973681697622 3.169073421448862 3.6701292450101906 -1865.361416199337 0.044603825348291805 21.778670290817324 -4068.6124162732576 1.8693975418395606e-05 0.004409548799889571 0.17261833685268435
-3.897934646374218 -3.720175470008953 3.7959628995603074 270.3282518177293 643.2898935690173 600.2189670053776 119.96222172724083 3.169073421448862 3.6701292450101906 -1865.361416199337 0.044603825348291805 21.778670290817324 -4068.6124162732576 1.8693975418395606e-05 0.004409548799889571 0.17261833685268435
-3.949985675917644 -3.7889221128021497 3.789649539520361 262.75670849811286 644.9812844864791 609.3174560703337 113.57731022546068 3.169073421448862 3.6701292450101906 -1865.361416199337 0.044603825348291805 21.778670290817324 -4068.6124162732576 1.8693975418395606e-05 0.004409548799889571 0.17261833685268435
-3.997126230975833 -3.8576687555953457 3.7426664080875156 255.60742653533816 646.7001959303743 617.9331406587735 108.13315383996814 3.169073421448862 3.6701292450101906 -1865.361416199337 0.044603825348291805 21.778670290817324 -4068.6124162732576 1.8693975418395606e-05 0.004409548799889571 0.17261833685268435
-4.0393563115488025 -3.9244512085944505 3.7054620123705595 248.91166771762073 648.4373153625638 626.0771862452384 103.61802969919518 3.169073421448862 3.6701292450101906 -1865.361416199337 0.044603825348291805 21.778670290817324 -4068.6124162732576 1.8693975418395606e-05 0.004409548799889571 0.17261833685268435
-4.081586392121763 -3.9902515666965095 3.7121754165855547 242.69799812324345 650.1834732083953 633.7622108084615 100.0179718923755 3.169073421448862 3.6701292450101906 -1865.361416199337 0.044603825348291805 21.778670290817324 -4068.6124162732576 1.8693975418395606e-05 0.004409548799889571 0.17261833685268435
-4.113013428827222 -4.054087735004477 3.599067501485796 236.99228817876428 651.9296428554808 641.0022848495282 97.31677146675065 3.169073421448862 3.6701292450101906 -1865.361416199337 0.044603825348291805 21.778670290817324 -4068.6124162732576 1.8693975418395606e-05 0.004409548799889571 0.17261833685268435
-4.140512085944502 -4.112031333930171 3.5846952085572257 231.8177126054652 653.6669406538713 647.812931376975 95.49597642151639 3.169073421448862 3.6701292450101906 -1865.361416199337 0.044603825348291805 21.778670290817324 -4068.6124162732576 1.8693975418395606e-05 0.004409548799889571 0.17261833685268435
-4.166046553267689 -4.161136078782453 3.621111945582375 227.19475044682622 655.3866259166389 654.2111259161029 94.53489171527326 3.169073421448862 3.6701292450101906 -1865.361416199337 0.044603825348291805 21.778670290817324 -4068.6124162732576 1.8693975418395606e-05 0.004409548799889571 0.17261833685268435
-4.184706356311557 -4.206312444046555 3.533292593027232 223.14118506386876 657.080100920226 660.2152965012938 94.41057926649228 3.169073421448862 3.6701292450101906 -1865.361416199337 0.044603825348291805 21.778670290817324 -4068.6124162732576 1.8693975418395606e-05 0.004409548799889571 0.17261833685268435
-4.203366159355426 -4.244614145031335 3.594931349444377 219.67210413562134 658.738910902699 665.8453236862551 95.09785794978961 3.169073421448862 3.6701292450101906 -1865.361416199337 0.044603825348291805 21.778670290817324 -4068.6124162732576 1.8693975418395606e-05 0.004409548799889571 0.17261833685268435
-4.223008057296334 -4.274076991942705 3.729595257137247 216.79989965306595 660.3547440660768 671.1225405291189 96.56930359406397 3.169073421448862 3.6701292450101906 -1865.361416199337 0.044603825348291805 21.778670290817324 -4068.6124162732576 1.8693975418395606e-05 0.004409548799889571 0.17261833685268435
-4.24756042972248 -4.295683079677709 3.990734129520034 214.53426792891696 661.9194315740024 676.0697326108348 98.79524898668751 3.169073421448862 3.6701292450101906 -1865.361416199337 0.044603825348291805 21.778670290817324 -4068.6124162732576 1.8693975418395606e-05 0.004409548799889571 0.17261833685268435
-4.276041181736801 -4.303539838854074 4.4432214875989535 212.88220959017053 663.4249475541874 680.7111380181741 101.74378387164325 3.169073421448862 3.6701292450101906 -1865.361416199337 0.044603825348291805 21.778670290817324 -4068.6124162732576 1.8693975418395606e-05 0.004409548799889571 0.17261833685268435
-4.316307072515676 -4.300593554162938 4.7854295456877916 211.84802957531065 664.8634090957348 685.0724473560695 105.38075495418161 3.169073421448862 3.6701292450101906 -1865.361416199337 0.044603825348291805 21.778670290817324 -4068.6124162732576 1.8693975418395606e-05 0.004409548799889571 0.17261833685268435
-4.360501342882726 -4.284880035810207 5.054004471032533 211.43333715572953 666.2270762515254 689.1808037401643 109.66976589290425 3.169073421448862 3.6701292450101906 -1865.361416199337 0.044603825348291805 21.778670290817324 -4068.6124162732576 1.8693975418395606e-05 0.004409548799889571 0.17261833685268435
-4.40665980304388 -4.260327663384065 5.201241334712373 211.6370458966121 667.5083520367625 693.0648027975112 114.57217730255798 3.169073421448862 3.6701292450101906 -1865.361416199337 0.044603825348291805 21.778670290817324 -4068.6124162732576 1.8693975418395606e-05 0.004409548799889571 0.17261833685268435
-4.446925693822746 -4.22988272157565 5.359781120124686 212.45537369698286 668.6997824294958 696.7544926744886 120.04710675636306 3.169073421448862 3.6701292450101906 -1865.361416199337 0.044603825348291805 21.778670290817324 -4068.6124162732576 1.8693975418395606e-05 0.004409548799889571 0.17261833685268435
-4.4812990152193395 -4.197473589973144 5.468383855578191 213.88184276875108 669.7940563706215 700.2813740214333 126.05142878228799 3.169073421448862 3.6701292450101906 -1865.361416199337 0.044603825348291805 21.778670290817324 -4068.6124162732576 1.8693975418395606e-05 0.004409548799889571 0.17261833685268435
-4.5166544315129915 -4.158189794091317 5.550370205392967 215.90727963112295 670.7840057635331 703.6784000115003 132.53977487329394 3.169073421448862 3.6701292450101906 -1865.361416199337 0.044603825348291805 21.778670290817324 -4068.6124162732576 1.8693975418395606e-05 0.004409548799889571 0.17261833685268435
-4.547099373321402 -4.1149776186213085 5.6694152121630985 218.51981513295323 671.6626054748194 706.979976325063 139.46453347289935 3.169073421448862 3.6701292450101906 -1865.361416199337 0.044603825348291805 21.778670290817324 -4068.6124162732576 1.8693975418395606e-05 0.004409548799889571 0.17261833685268435
-4.5706696508504985 -4.067837063563117 5.819537698178761 221.70488443179056 672.4229733336251 710.2219611569308 146.77584998123348 3.169073421448862 3.6701292450101906 -1865.361416199337 0.044603825348291805 21.778670290817324 -4068.6124162732576 1.8693975418395606e-05 0.004409548799889571 0.17261833685268435
-4.585401074306187 -4.015786034019697 6.007379408590988 225.4452270050533 673.0583701318828 713.4416652172804 154.42162675457075 3.169073421448862 3.6701292450101906 -1865.361416199337 0.044603825348291805 21.778670290817324 -4068.6124162732576 1.8693975418395606e-05 0.004409548799889571 0.17261833685268435
-4.596204118173689 -3.9627529095792315 6.082231043491505 229.72088663978502 673.5621996240807 716.677851727698 162.347523114644 3.169073421448862 3.6701292450101906 -1865.361416199337 0.044603825348291805 21.778670290817324 -4068.6124162732576 1.8693975418395606e-05 0.004409548799889571 0.17261833685268435
-4.596204118173689 -3.912666069829902 -0.0 234.50921145826578 673.9280085278442 719.9707364193164 170.49695532908663 3.169073421448862 3.6701292450101906 -1865.361416199337 0.044603825348291805 21.778670290817324 -4068.6124162732576 1.8693975418395606e-05 0.004409548799889571 0.17261833685268435
-4.587365264100277 -3.8655255147717105 0.18534794999571264 239.78485387656838 674.1494865231798 723.3619875449222 178.8110966347158 3.169073421448862 3.6701292450101906 -1865.361416199337 0.044603825348291805 21.778670290817324 -4068.6124162732576 1.8693975418395606e-05 0.004409548799889571 0.17261833685268435
-4.573615935541642 -3.8193670546105647 0.2895036719613178 245.51977063482627 674.2204662532895 726.8947258633561 187.2288772156462 3.169073421448862 3.6701292450101906 -1865.361416199337 0.044603825348291805 21.778670290817324 -4068.6124162732576 1.8693975418395606e-05 0.004409548799889571 0.17261833685268435
-4.557902417188907 -3.772226499552374 0.3217505543967168 251.68322279537097 674.1349233238725 730.6135246490594 195.68698421306908 3.169073421448862 3.6701292450101906 -1865.361416199337 0.044603825348291805 21.778670290817324 -4068.6124162732576 1.8693975418395606e-05 0.004409548799889571 0.17261833685268435
-4.543170993733223 -3.7241038495971366 0.29706421234104086 258.2417757390067 673.8869763030671 734.5644096890464 204.1198617340997 3.169073421448862 3.6701292450101906 -1865.361416199337 0.044603825348291805 21.778670290817324 -4068.6124162732576 1.8693975418395606e-05 0.004409548799889571 0.17261833685268435
-4.531385854968672 -3.6651781557743965 0.19739555984992266 265.15929915523157 673.4708867228474 738.794859287329 212.4597108317539 3.169073421448862 3.6701292450101906 -1865.361416199337 0.044603825348291805 21.778670290817324 -4068.6124162732576 1.8693975418395606e-05 0.004409548799889571 0.17261833685268435
-4.521564905998219 -3.600359892569383 0.15037142800706668 272.3969670450315 672.8810590766952 743.3538042551372 220.63648952823132 3.169073421448862 3.6701292450101906 -1865.361416199337 0.044603825348291805 21.778670290817324 -4068.6124162732576 1.8693975418395606e-05 0.004409548799889571 0.17261833685268435
-4.505851387645481 -3.5325953446732328 0.20304521725354344 279.91325774323195 672.1120408218121 748.2916279183701 228.57791279209778 3.169073421448862 3.6701292450101906 -1865.361416199337 0.044603825348291805 21.778670290817324 -4068.6124162732576 1.8693975418395606e-05 0.004409548799889571 0.17261833685268435
-4.490137869292751 -3.468759176365264 0.21535769969768268 287.66395389148965 671.1585223775473 753.6601661229506 236.20945255598053 3.169073421448862 3.6701292450101906 -1865.361416199337 0.044603825348291805 21.778670290817324 -4068.6124162732576 1.8693975418395606e-05 0.004409548799889571 0.17261833685268435
-4.472460161145923 -3.4059051029543417 0.2487099890935767 295.60214243782684 670.0153371263295 759.5127072180621 243.4543377039954 3.169073421448862 3.6701292450101906 -1865.361416199337 0.044603825348291805 21.778670290817324 -4068.6124162732576 1.8693975418395606e-05 0.004409548799889571 0.17261833685268435
-4.458710832587288 -3.3391226499552373 0.17722538494969492 303.6782146682963 668.6774614133756 765.903992070118 250.23355408385396 3.169073421448862 3.6701292450101906 -1865.361416199337 0.044603825348291805 21.778670290817324 -4068.6124162732576 1.8693975418395606e-05 0.004409548799889571 0.17261833685268435
