33 -3.796778871978522 -0.08053178155774442 2.668236611754799 -2.8853948075201497 -1.2885085049239038
-3.796778871978522 -0.08053178155774442 2.668236611754799 630.128124974668 648.8220420703292 561.4423462338746 229.62934529781342 3.314740437892322 3.8943409534689355 -2106.801954536691 0.04835574179105346 22.842687322498765 -4834.6871278531235 2.0266446685269623e-05 0.004651639041782518 0.01143242733965983
-3.7830295434198864 -0.12079767233661773 2.8125429587495434 626.0908880438656 648.5103463754058 558.3891937434673 248.8117670416832 3.314740437892322 3.8943409534689355 -2106.801954536691 0.04835574179105346 22.842687322498765 -4834.6871278531235 2.0266446685269623e-05 0.004651639041782518 0.01143242733965983
-3.7682981199641974 -0.165974037600716 2.8263779538389797 621.7876654844731 647.9695332460105 555.1849825233221 268.1180031299591 3.314740437892322 3.8943409534689355 -2106.801954536691 0.04835574179105346 22.842687322498765 -4834.6871278531235 2.0266446685269623e-05 0.004651639041782518 0.01143242733965983
-3.7535666965085124 -0.214096687555953 2.844528441248749 617.264055326581 647.2422677353024 551.8580075129867 287.19708240032196 3.314740437892322 3.8943409534689355 -2106.801954536691 0.04835574179105346 22.842687322498765 -4834.6871278531235 2.0266446685269623e-05 0.004651639041782518 0.01143242733965983
-3.7319606087735053 -0.26418352730528294 2.734336805514911 612.5636536609381 646.3678211644292 548.43420477584 305.73551696538925 3.314740437892322 3.8943409534689355 -2106.801954536691 0.04835574179105346 22.842687322498765 -4834.6871278531235 2.0266446685269623e-05 0.004651639041782518 0.01143242733965983
-3.7103545210385027 -0.31623455684870344 2.7481420156608913 607.7280546240509 645.3820711039007 544.9371514581144 323.4573023915291 3.314740437892322 3.8943409534689355 -2106.801954536691 0.04835574179105346 22.842687322498765 -4834.6871278531235 2.0266446685269623e-05 0.004651639041782518 0.01143242733965983
-3.685802148612361 -0.3702497761862147 2.714965160462917 602.7968503423035 644.3175014033914 541.388065803796 340.1239165067673 3.314740437892322 3.8943409534689355 -2106.801954536691 0.04835574179105346 22.842687322498765 -4834.6871278531235 2.0266446685269623e-05 0.004651639041782518 0.01143242733965983
-3.65928558639213 -0.4262291853178154 2.699218430613062 597.807631034404 643.2032021693885 537.8058071285486 355.5343205332756 3.314740437892322 3.8943409534689355 -2106.801954536691 0.04835574179105346 22.842687322498765 -4834.6871278531235 2.0266446685269623e-05 0.004651639041782518 0.01143242733965983
-3.63178692927485 -0.48220859444941944 2.684987181697285 592.7959849312901 642.0648697726429 534.2068759165704 369.52495855093 3.314740437892322 3.8943409534689355 -2106.801954536691 0.04835574179105346 22.842687322498765 -4834.6871278531235 2.0266446685269623e-05 0.004651639041782518 0.01143242733965983
-3.6042882721575698 -0.5372059086839754 2.6779450445889545 587.7954982761294 640.9248068332672 530.6054136492312 381.96975749731064 3.314740437892322 3.8943409534689355 -2106.801954536691 0.04835574179105346 22.842687322498765 -4834.6871278531235 2.0266446685269623e-05 0.004651639041782518 0.01143242733965983
-3.573843330349151 -0.5931853178155784 2.6434759435894333 582.837755382061 639.8019222579896 527.0132029801607 392.78012758493423 3.314740437892322 3.8943409534689355 -2106.801954536691 0.04835574179105346 22.842687322498765 -4834.6871278531235 2.0266446685269623e-05 0.004651639041782518 0.01143242733965983
-3.543398388540732 -0.6481826320501366 2.6360115987155486 577.9523385725915 638.7117312140763 523.4396676160395 401.9049617052078 3.314740437892322 3.8943409534689355 -2106.801954536691 0.04835574179105346 22.842687322498765 -4834.6871278531235 2.0266446685269623e-05 0.004651639041782518 0.01143242733965983
-3.513935541629362 -0.700233661593556 2.6265198365710076 573.1668282337487 637.6663551107049 519.8918723762035 409.3306360244751 3.314740437892322 3.8943409534689355 -2106.801954536691 0.04835574179105346 22.842687322498765 -4834.6871278531235 2.0266446685269623e-05 0.004651639041782518 0.01143242733965983
-3.4864368845120906 -0.7503205013428836 2.6395024545679013 568.506802758202 636.6745216324925 516.3745231889188 415.08100920915604 3.314740437892322 3.8943409534689355 -2106.801954536691 0.04835574179105346 22.842687322498765 -4834.6871278531235 2.0266446685269623e-05 0.004651639041782518 0.01143242733965983
-3.4638487018800386 -0.7994252461951665 2.710453912870981 563.9958385918289 635.7415647506714 512.8899670429528 419.2174234986305 3.314740437892322 3.8943409534689355 -2106.801954536691 0.04835574179105346 22.842687322498765 -4834.6871278531235 2.0266446685269623e-05 0.004651639041782518 0.01143242733965983
-3.4461709937332152 -0.845583706356313 2.7758453523274182 559.6555102095008 634.8694246709347 509.43819204345345 421.83870339393616 3.314740437892322 3.8943409534689355 -2106.801954536691 0.04835574179105346 22.842687322498765 -4834.6871278531235 2.0266446685269623e-05 0.004651639041782518 0.01143242733965983
-3.4284932855864003 -0.8907600716204124 2.768604931789863 555.5053901188076 634.0566478259861 506.0168273895979 423.081157207489 3.314740437892322 3.8943409534689355 -2106.801954536691 0.04835574179105346 22.842687322498765 -4834.6871278531235 2.0266446685269623e-05 0.004651639041782518 0.01143242733965983
-3.410815577439577 -0.934954341987467 2.7610862764773936 551.5630488935858 633.2983870357275 502.6211433894932 423.11857557296753 3.314740437892322 3.8943409534689355 -2106.801954536691 0.04835574179105346 22.842687322498765 -4834.6871278531235 2.0266446685269623e-05 0.004651639041782518 0.01143242733965983
-3.393137869292753 -0.976202327663385 2.7367008673046773 547.8440550751984 632.5864012204111 499.2440514154732 422.1622322201729 3.314740437892322 3.8943409534689355 -2106.801954536691 0.04835574179105346 22.842687322498765 -4834.6871278531235 2.0266446685269623e-05 0.004651639041782518 0.01143242733965983
-3.3754601611459294 -1.0164682184422562 2.7279034403108846 544.3619753103703 631.9090556949377 495.8761039786041 420.46088403463364 3.314740437892322 3.8943409534689355 -2106.801954536691 0.04835574179105346 22.842687322498765 -4834.6871278531235 2.0266446685269623e-05 0.004651639041782518 0.01143242733965983
-3.360728737690245 -1.0547699194270377 2.774418819771582 541.1283742655069 631.2513219863176 492.5054946243763 418.30077081918716 3.314740437892322 3.8943409534689355 -2106.801954536691 0.04835574179105346 22.842687322498765 -4834.6871278531235 2.0266446685269623e-05 0.004651639041782518 0.01143242733965983
-3.3430510295434255 -1.0901253357206815 2.6779450445890505 538.1528145913035 630.5947778783739 489.1180580481887 416.00561517477036 3.314740437892322 3.8943409534689355 -2106.801954536691 0.04835574179105346 22.842687322498765 -4834.6871278531235 2.0266446685269623e-05 0.004651639041782518 0.01143242733965983
-3.3224270367054674 -1.1235165622202337 2.588298328267517 535.4428570475429 629.9176074378192 485.69727002829313 413.93662291765213 3.314740437892322 3.8943409534689355 -2106.801954536691 0.04835574179105346 22.842687322498765 -4834.6871278531235 2.0266446685269623e-05 0.004651639041782518 0.01143242733965983
-3.3018030438675097 -1.1529794091316046 2.530866689200623 533.0040603727102 629.1946009621024 482.22424741461873 412.4924826025963 3.314740437892322 3.8943409534689355 -2106.801954536691 0.04835574179105346 22.842687322498765 -4834.6871278531235 2.0266446685269623e-05 0.004651639041782518 0.01143242733965983
-3.2811790510295515 -1.178513876454792 2.46217884818197 530.8399813789874 628.3971550390124 478.67774818092585 412.10936588048935 3.314740437892322 3.8943409534689355 -2106.801954536691 0.04835574179105346 22.842687322498765 -4834.6871278531235 2.0266446685269623e-05 0.004651639041782518 0.01143242733965983
-3.257608773500455 -1.2001199641897957 2.31274359480078 528.9521748851985 627.4932725355029 475.0341713987291 413.26092767715454 3.314740437892322 3.8943409534689355 -2106.801954536691 0.04835574179105346 22.842687322498765 -4834.6871278531235 2.0266446685269623e-05 0.004651639041782518 0.01143242733965983
-3.2320743061772688 -1.218779767233663 2.201875714266237 527.3401937652379 626.4475625418127 471.2675571963191 416.458305478096 3.314740437892322 3.8943409534689355 -2106.801954536691 0.04835574179105346 22.842687322498765 -4834.6871278531235 2.0266446685269623e-05 0.004651639041782518 0.01143242733965983
-3.202611459265899 -1.231547000895256 1.9797041557458093 526.0015889406204 625.2212404347956 467.3495868444443 422.2501195073128 3.314740437892322 3.8943409534689355 -2106.801954536691 0.04835574179105346 22.842687322498765 -4834.6871278531235 2.0266446685269623e-05 0.004651639041782518 0.01143242733965983
-3.165291853178162 -1.2433321396598034 1.8766751981997187 524.9319093134254 623.772127866745 463.2495826818049 431.22247356176376 3.314740437892322 3.8943409534689355 -2106.801954536691 0.04835574179105346 22.842687322498765 -4834.6871278531235 2.0266446685269623e-05 0.004651639041782518 0.01143242733965983
-3.11422291853179 -1.260027752909579 1.8867665987478754 524.1247018855065 622.0546527132392 458.9345081374049 443.99895429611206 3.314740437892322 3.8943409534689355 -2106.801954536691 0.04835574179105346 22.842687322498765 -4834.6871278531235 2.0266446685269623e-05 0.004651639041782518 0.01143242733965983
-3.0582435094001847 -1.2727949865711732 1.7950310779039937 523.5715116541833 620.0198491439223 454.36896777898073 461.2406311035156 3.314740437892322 3.8943409534689355 -2106.801954536691 0.04835574179105346 22.842687322498765 -4834.6871278531235 2.0266446685269623e-05 0.004651639041782518 0.01143242733965983
-2.999317815577445 -1.2816338406445849 1.7196862744044088 523.2618816699833 617.6153576001525 449.51520719751716 483.64605635404587 3.314740437892322 3.8943409534689355 -2106.801954536691 0.04835574179105346 22.842687322498765 -4834.6871278531235 2.0266446685269623e-05 0.004651639041782518 0.01143242733965983
-2.9423563115488 -1.2865443151298144 1.656790617989161 523.1833530031145 614.785424746573 444.33311315625906 511.9512655735016 3.314740437892322 3.8943409534689355 -2106.801954536691 0.04835574179105346 22.842687322498765 -4834.6871278531235 2.0266446685269623e-05 0.004651639041782518 0.01143242733965983
-2.8853948075201497 -1.2885085049239038 1.6052654277943723 525.9468239541166 612.4576585711911 422.33991699293256 534.0759197510779 3.314740437892322 3.8943409534689355 -2106.801954536691 0.04835574179105346 22.842687322498765 -4834.6871278531235 2.0266446685269623e-05 0.004651639041782518 0.01143242733965983
-2.8284333034915 -1.2914547896150403 1.6224744112773173 525.6327618695796 610.4544323179871 428.0650957003236 505.00524678081274 3.314740437892322 3.8943409534689355 -2106.801954536691 0.04835574179105346 22.842687322498765 -4834.6871278531235 2.0266446685269623e-05 0.004651639041782518 0.01143242733965983
-2.7744180841539885 -1.294401074306178 1.6252877830356403 525.6108410682064 608.7020973293111 433.935456328094 478.0930861122906 3.314740437892322 3.8943409534689355 -2106.801954536691 0.04835574179105346 22.842687322498765 -4834.6871278531235 2.0266446685269623e-05 0.004651639041782518 0.01143242733965983
-2.7253133393017057 -1.2963652641002699 1.6107750139181958 525.8715320960619 607.1852131532505 439.9033567160368 453.22970854118466 3.314740437892322 3.8943409534689355 -2106.801954536691 0.04835574179105346 22.842687322498765 -4834.6871278531235 2.0266446685269623e-05 0.004651639041782518 0.01143242733965983
-2.6850474485228344 -1.2973473589973157 1.5951817359676213 526.4054024918005 605.8887044005096 445.92309917509556 430.3080131597817 3.314740437892322 3.8943409534689355 -2106.801954536691 0.04835574179105346 22.842687322498765 -4834.6871278531235 2.0266446685269623e-05 0.004651639041782518 0.01143242733965983
-2.652638316920326 -1.2934189794091333 1.4501726582148073 527.203116789693 604.7978607267141 451.95093048736453 409.2235271856189 3.3105222624808657 3.856620218346128 -2093.4553195100257 0.04837477313209282 22.793815611028606 -4818.315776613053 2.0274422938848707e-05 0.004637562309240553 0.015641779981448348
-2.6310322291853234 -1.2777054610564014 0.9420000403793838 528.255436517531 603.898336849641 457.9450418315828 389.87440598756075 3.3105222624808657 3.856620218346128 -2093.4553195100257 0.04837477313209282 22.793815611028606 -4818.315776613053 2.0274422938848707e-05 0.004637562309240553 0.015641779981448348
-2.605497761862137 -1.2590456580125342 0.9397169393235564 529.5532201996539 603.1761525301263 463.8655689395964 372.16143315657973 3.3105222624808657 3.856620218346128 -2093.4553195100257 0.04837477313209282 22.793815611028606 -4818.315776613053 2.0274422938848707e-05 0.004637562309240553 0.015641779981448348
-2.5858558639212283 -1.239403760071621 0.7853981633973346 531.087423350662 602.6176925906911 469.6745919212699 355.9880204796791 3.3105222624808657 3.856620218346128 -2093.4553195100257 0.04837477313209282 22.793815611028606 -4818.315776613053 2.0274422938848707e-05 0.004637562309240553 0.015641779981448348
-2.566213965980315 -1.217797672336616 0.7378150601204546 532.8490984826349 602.2097069066949 475.33613539114594 341.26020783931017 3.3105222624808657 3.856620218346128 -2093.4553195100257 0.04837477313209282 22.793815611028606 -4818.315776613053 2.0274422938848707e-05 0.004637562309240553 0.015641779981448348
-2.555410922112805 -1.1932452999104735 0.4145068745850435 534.8293951014057 601.9393104040064 480.8161684088409 327.88666339218616 3.3105222624808657 3.856620218346128 -2093.4553195100257 0.04837477313209282 22.793815611028606 -4818.315776613053 2.0274422938848707e-05 0.004637562309240553 0.015641779981448348
-2.5495183527305363 -1.162800358102059 0.19118445959685024 537.0195597053971 601.7939830580726 486.08260448649526 315.7786834053695 3.3105222624808657 3.856620218346128 -2093.4553195100257 0.04837477313209282 22.793815611028606 -4818.315776613053 2.0274422938848707e-05 0.004637562309240553 0.015641779981448348
-2.5465720680393975 -1.1294091316025079 0.08800737352779736 539.4109357895795 601.7615699097514 491.10530161112547 304.8501923903823 3.3105222624808657 3.856620218346128 -2093.4553195100257 0.04837477313209282 22.793815611028606 -4818.315776613053 2.0274422938848707e-05 0.004637562309240553 0.015641779981448348
-2.5485362578334962 -1.0930716204118192 6.229183806803421 541.9949638408143 601.8302810396999 495.85606222972274 295.0177429653704 3.3105222624808657 3.856620218346128 -2093.4553195100257 0.04837477313209282 22.793815611028606 -4818.315776613053 2.0274422938848707e-05 0.004637562309240553 0.015641779981448348
-2.545589973142353 -1.0547699194270377 0.07677189126993854 544.763181343209 601.9886915935203 500.3086332194507 286.2005159817636 3.3105222624808657 3.856620218346128 -2093.4553195100257 0.04837477313209282 22.793815611028606 -4818.315776613053 2.0274422938848707e-05 0.004637562309240553 0.015641779981448348
-2.545589973142353 -1.017450313339302 -0.0 547.707222772995 602.2257417589426 504.4387059621513 278.3203204460442 3.3105222624808657 3.856620218346128 -2093.4553195100257 0.04837477313209282 22.793815611028606 -4818.315776613053 2.0274422938848707e-05 0.004637562309240553 0.015641779981448348
-2.5485362578334874 -0.9811128021486133 6.202281208024427 550.8188196010888 602.53073679097 508.2239162698388 271.3015935719013 3.3105222624808657 3.856620218346128 -2093.4553195100257 0.04837477313209282 22.793815611028606 -4818.315776613053 2.0274422938848707e-05 0.004637562309240553 0.015641779981448348
-2.5622855863921274 -0.9447752909579236 5.921456065659637 554.0898002923932 602.8933469825424 511.6438444033265 265.07140070572495 3.3105222624808657 3.856620218346128 -2093.4553195100257 0.04837477313209282 22.793815611028606 -4818.315776613053 2.0274422938848707e-05 0.004637562309240553 0.015641779981448348
-2.578981199641902 -0.907455684870189 5.862521958046587 557.5120903071947 603.3036076892167 514.6800151057541 259.5594354271889 3.3105222624808657 3.856620218346128 -2093.4553195100257 0.04837477313209282 22.793815611028606 -4818.315776613053 2.0274422938848707e-05 0.004637562309240553 0.015641779981448348
-2.5956768128916807 -0.8691539838854074 5.872120759789672 561.0777120990679 603.7519193249755 517.3158975839615 254.69801942631602 3.3105222624808657 3.856620218346128 -2093.4553195100257 0.04837477313209282 22.793815611028606 -4818.315776613053 2.0274422938848707e-05 0.004637562309240553 0.015641779981448348
-2.606479856759182 -0.8328164726947187 5.994209897187037 564.778785116272 604.2290473403409 519.5369054861367 250.42210263758898 3.3105222624808657 3.856620218346128 -2093.4553195100257 0.04837477313209282 22.793815611028606 -4818.315776613053 2.0274422938848707e-05 0.004637562309240553 0.015641779981448348
-2.617282900626688 -0.796478961504029 5.994209897186932 568.6075258008204 604.726122258231 521.3303969167173 246.66926316171885 3.3105222624808657 3.856620218346128 -2093.4553195100257 0.04837477313209282 22.793815611028606 -4818.315776613053 2.0274422938848707e-05 0.004637562309240553 0.015641779981448348
-2.631032229185328 -0.7591593554162966 5.9301949193526315 572.5562475903425 605.2346396432258 522.6856744624674 243.37970723211765 3.3105222624808657 3.856620218346128 -2093.4553195100257 0.04837477313209282 22.793815611028606 -4818.315776613053 2.0274422938848707e-05 0.004637562309240553 0.015641779981448348
-2.642817367949874 -0.7218397493285587 5.9773064357748 576.6173609145917 605.7464601141401 523.5939851440489 240.49626933410764 3.3105222624808657 3.856620218346128 -2093.4553195100257 0.04837477313209282 22.793815611028606 -4818.315776613053 2.0274422938848707e-05 0.004637562309240553 0.015641779981448348
-2.6565666965085097 -0.6835380483437783 5.938537991561641 580.7833731994033 606.2538093500771 524.048520475626 237.96441208571196 3.3105222624808657 3.856620218346128 -2093.4553195100257 0.04837477313209282 22.793815611028606 -4818.315776613053 2.0274422938848707e-05 0.004637562309240553 0.015641779981448348
-2.6752264995523825 -0.6442542524619519 5.839736970759737 585.0468888652977 606.7492780718021 524.0444163791835 235.73222629353404 3.3105222624808657 3.856620218346128 -2093.4553195100257 0.04837477313209282 22.793815611028606 -4818.315776613053 2.0274422938848707e-05 0.004637562309240553 0.015641779981448348
-2.6997788719785194 -0.603006266786035 5.746274564439614 589.4006093246862 607.2258220678195 523.5787532962859 233.7504309490323 3.3105222624808657 3.856620218346128 -2093.4553195100257 0.04837477313209282 22.793815611028606 -4818.315776613053 2.0274422938848707e-05 0.004637562309240553 0.015641779981448348
-2.722367054610567 -0.5607761862130721 5.792021708893371 593.8373329867609 607.6767621687613 522.650556076318 231.97237319499254 3.3105222624808657 3.856620218346128 -2093.4553195100257 0.04837477313209282 22.793815611028606 -4818.315776613053 2.0274422938848707e-05 0.004637562309240553 0.015641779981448348
-2.743973142345574 -0.5205102954341999 5.790699541307612 598.349955253303 608.0957842646167 521.2607940509915 230.35402841493487 3.3105222624808657 3.856620218346128 -2093.4553195100257 0.04837477313209282 22.793815611028606 -4818.315776613053 2.0274422938848707e-05 0.004637562309240553 0.015641779981448348
-2.766561324977626 -0.47828021486123595 5.7920217088933 602.931468521012 608.4769392982125 519.4123810231686 228.8540001027286 3.3105222624808657 3.856620218346128 -2093.4553195100257 0.04837477313209282 22.793815611028606 -4818.315776613053 2.0274422938848707e-05 0.004637562309240553 0.015641779981448348
-2.7940599820949017 -0.4321217547000907 5.745900592878851 607.5749621817376 608.8146432586946 517.1101752258837 227.43351999297738 3.3105222624808657 3.856620218346128 -2093.4553195100257 0.04837477313209282 22.793815611028606 -4818.315776613053 2.0274422938848707e-05 0.004637562309240553 0.015641779981448348
-2.821558639212182 -0.3830170098478078 5.772696985262783 612.2736226199195 609.1036772001535 514.3609793707728 226.05644793063402 3.3105222624808657 3.856620218346128 -2093.4553195100257 0.04837477313209282 22.793815611028606 -4818.315776613053 2.0274422938848707e-05 0.004637562309240553 0.015641779981448348
-2.8431647269471845 -0.332930170098479 5.875929459104771 617.0207332149148 609.3391872216016 511.1735406331718 224.68927200883627 3.3105222624808657 3.856620218346128 -2093.4553195100257 0.04837477313209282 22.793815611028606 -4818.315776613053 2.0274422938848707e-05 0.004637562309240553 0.015641779981448348
-2.8588782452999144 -0.2808791405550584 5.989998410621723 621.8096743398346 609.5166844790801 507.5585506334901 223.30110846087337 3.3105222624808657 3.856620218346128 -2093.4553195100257 0.04837477313209282 22.793815611028606 -4818.315776613053 2.0274422938848707e-05 0.004637562309240553 0.015641779981448348
-2.8716454789615096 -0.22588182632050247 6.055082678899609 626.6339233655017 609.6320451856591 503.5286454446614 221.86370173841715 3.3105222624808657 3.856620218346128 -2093.4553195100257 0.04837477313209282 22.793815611028606 -4818.315776613053 2.0274422938848707e-05 0.004637562309240553 0.015641779981448348
-2.8765559534467378 -0.16695613249776187 6.200044075291147 631.4870546518359 609.6815105918795 499.0984056480229 220.35142436996102 3.3105222624808657 3.856620218346128 -2093.4553195100257 0.04837477313209282 22.793815611028606 -4818.315776613053 2.0274422938848707e-05 0.004637562309240553 0.015641779981448348
-2.8706633840644695 -0.10704834377797763 0.09804527729375209 636.3627395560034 609.6616870244034 494.2843562103808 218.741277217865 3.3105222624808657 3.856620218346128 -2093.4553195100257 0.04837477313209282 22.793815611028606 -4818.315776613053 2.0274422938848707e-05 0.004637562309240553 0.015641779981448348
-2.8618245299910576 -0.044194270367055734 0.13970887428917808 641.254746429855 609.5695458441041 489.10496662929654 217.01288921013474 3.3105222624808657 3.856620218346128 -2093.4553195100257 0.04837477313209282 22.793815611028606 -4818.315776613053 2.0274422938848707e-05 0.004637562309240553 0.015641779981448348
-2.8451289167412788 0.025534467323186216 0.2350122157206927 646.1569406169001 609.4024234763347 483.58065079525113 215.14851745218039 3.3105222624808657 3.856620218346128 -2093.4553195100257 0.04837477313209282 22.793815611028606 -4818.315776613053 2.0274422938848707e-05 0.004637562309240553 0.015641779981448348
-2.827451208594455 0.09624529991047405 0.24497866312688646 651.0632844585925 609.158021401614 477.73376712948084 213.13304732367396 3.3105222624808657 3.856620218346128 -2093.4553195100257 0.04837477313209282 22.793815611028606 -4818.315776613053 2.0274422938848707e-05 0.004637562309240553 0.015641779981448348
-2.807809310653542 0.16793822739480663 0.2674107971838751 655.9678372875787 608.8344061397947 471.5886184312403 210.95399230346084 3.3105222624808657 3.856620218346128 -2093.4553195100257 0.04837477313209282 22.793815611028606 -4818.315776613053 2.0274422938848707e-05 0.004637562309240553 0.015641779981448348
-2.7803106535362616 0.23766696508504748 0.3756402354730919 660.8647554316558 608.4300092803314 465.1714520268142 208.6014940366149 3.3105222624808657 3.856620218346128 -2093.4553195100257 0.04837477313209282 22.793815611028606 -4818.315776613053 2.0274422938848707e-05 0.004637562309240553 0.015641779981448348
-2.7498657117278515 0.30543151298119764 0.42225115345120745 665.74829221447 607.9436274599284 458.5104596801102 206.0683224350214 3.3105222624808657 3.856620218346128 -2093.4553195100257 0.04837477313209282 22.793815611028606 -4818.315776613053 2.0274422938848707e-05 0.004637562309240553 0.015641779981448348
-2.7164744852282983 0.37123187108325834 0.469599919655399 670.6127979503945 607.374422356952 451.6357776001096 203.34987550973892 3.3105222624808657 3.856620218346128 -2093.4553195100257 0.04837477313209282 22.793815611028606 -4818.315776613053 2.0274422938848707e-05 0.004637562309240553 0.015641779981448348
-2.680136974037606 0.4340859444941802 0.5241796287829468 675.452719953144 606.7219207310118 444.5794864743948 200.44417947530746 3.3105222624808657 3.856620218346128 -2093.4553195100257 0.04837477313209282 22.793815611028606 -4818.315776613053 2.0274422938848707e-05 0.004637562309240553 0.015641779981448348
-2.64085317815578 0.49595792300805625 0.565701468656181 680.2626025255304 605.986014361959 437.3756114542484 197.35188872367144 3.3105222624808657 3.856620218346128 -2093.4553195100257 0.04837477313209282 22.793815611028606 -4818.315776613053 2.0274422938848707e-05 0.004637562309240553 0.015641779981448348
-2.6074619516562265 0.560776186213071 0.4574748478959957 685.0370869683102 605.1669601104222 430.060122102499 194.07628582417965 3.3105222624808657 3.856620218346128 -2093.4553195100257 0.04837477313209282 22.793815611028606 -4818.315776613053 2.0274422938848707e-05 0.004637562309240553 0.015641779981448348
-2.5740707251566732 0.6236302596239929 0.46997663841698795 689.770911575295 604.26537987357 422.67093252018094 190.62328157946467 3.3105222624808657 3.856620218346128 -2093.4553195100257 0.04837477313209282 22.793815611028606 -4818.315776613053 2.0274422938848707e-05 0.004637562309240553 0.015641779981448348
-2.5436257833482543 0.6815738585496877 0.463647609000814 694.4589116326533 603.282260606531 415.247901186347 187.00141487643123 3.3105222624808657 3.856620218346128 -2093.4553195100257 0.04837477313209282 22.793815611028606 -4818.315776613053 2.0274422938848707e-05 0.004637562309240553 0.015641779981448348
-2.507288272157567 0.7385353625783364 0.5506755509122476 699.0960194263607 602.2189543261193 407.83283110708 183.22185283526778 3.3105222624808657 3.856620218346128 -2093.4553195100257 0.04837477313209282 22.793815611028606 -4818.315776613053 2.0274422938848707e-05 0.004637562309240553 0.015641779981448348
-2.4621119068934587 0.7925505819158454 0.6837093116344444 703.677264228696 601.0771780908108 400.4694697074592 179.29839077219367 3.337157915070531 3.8882250999698296 -2116.997683391572 0.09727951801476892 22.86718333910587 -4874.444557219099 4.077096312437928e-05 0.004645310216288314 0.0016401224980165865
-2.4188997314234575 0.8465658012533577 0.6610431688506052 708.1977723129094 599.8590140147135 393.2035088762641 175.24745213240385 3.337157915070531 3.8882250999698296 -2116.997683391572 0.09727951801476892 22.86718333910587 -4874.444557219099 4.077096312437928e-05 0.004645310216288314 0.0016401224980165865
-2.3756875559534434 0.9025452103849573 0.6435011087933331 712.6527669448406 598.5669092736207 386.08258498460054 171.08808859065175 3.337157915070531 3.8882250999698296 -2116.997683391572 0.09727951801476892 22.86718333910587 -4874.444557219099 4.077096312437928e-05 0.004645310216288314 0.0016401224980165865
-2.338367949865711 0.9595067144136072 0.5633162614919441 717.0375683822203 597.2036760849878 379.15627881884575 166.84197996929288 3.337157915070531 3.8882250999698296 -2116.997683391572 0.09727951801476892 22.86718333910587 -4874.444557219099 4.077096312437928e-05 0.004645310216288314 0.0016401224980165865
-2.303012533572068 1.016468218442254 0.5378355266934545 721.3475938797928 595.7724917326123 372.476115681231 162.53343426808715 3.337157915070531 3.8882250999698296 -2116.997683391572 0.09727951801476892 22.86718333910587 -4874.444557219099 4.077096312437928e-05 0.004645310216288314 0.0016401224980165865
-2.27060340196956 1.0714655326768132 0.5132522728662308 725.5783576846588 594.2768985424191 366.0955653116107 158.18938770145178 3.337157915070531 3.8882250999698296 -2116.997683391572 0.09727951801476892 22.86718333910587 -4874.444557219099 4.077096312437928e-05 0.004645310216288314 0.0016401224980165865
-2.2342658907788677 1.1205702775290949 0.6370703292757297 729.7254710395355 592.7208038973622 360.0700418651104 153.8394046202302 3.337157915070531 3.8882250999698296 -2116.997683391572 0.09727951801476892 22.86718333910587 -4874.444557219099 4.077096312437928e-05 0.004645310216288314 0.0016401224980165865
-2.19792837958818 1.1667287376902402 0.6669082042392938 733.7846421820577 591.1084802355617 354.45690402016044 149.51567759737372 3.337157915070531 3.8882250999698296 -2116.997683391572 0.09727951801476892 22.86718333910587 -4874.444557219099 4.077096312437928e-05 0.004645310216288314 0.0016401224980165865
-2.161590868397488 1.2128871978513878 0.66690820423933 737.7516763412859 589.444565044716 349.315454877913 145.2530273385346 3.337157915070531 3.8882250999698296 -2116.997683391572 0.09727951801476892 22.86718333910587 -4874.444557219099 4.077096312437928e-05 0.004645310216288314 0.0016401224980165865
-2.1281996418979436 1.259045658012533 0.6262614375986473 741.6224757432938 587.7340608770028 344.70694203674793 141.08890275657177 3.337157915070531 3.8882250999698296 -2116.997683391572 0.09727951801476892 22.86718333910587 -4874.444557219099 4.077096312437928e-05 0.004645310216288314 0.0016401224980165865
-2.0918621307072516 1.3042220232766324 0.6773864386974476 745.3930396058131 585.9823353160173 340.69455748423934 137.0633809491992 3.337157915070531 3.8882250999698296 -2116.997683391572 0.09727951801476892 22.86718333910587 -4874.444557219099 4.077096312437928e-05 0.004645310216288314 0.0016401224980165865
-2.0515962399283763 1.348416293643687 0.7389200320464896 749.0594641454518 584.1951210242696 337.34343772009015 133.21916717663407 3.337157915070531 3.8882250999698296 -2116.997683391572 0.09727951801476892 22.86718333910587 -4874.444557219099 4.077096312437928e-05 0.004645310216288314 0.0016401224980165865
-2.0054377797672323 1.3916284691136969 0.8183532610117168 752.617942568846 582.3785157077946 334.7206637188792 129.60159486159682 3.337157915070531 3.8882250999698296 -2116.997683391572 0.09727951801476892 22.86718333910587 -4874.444557219099 4.077096312437928e-05 0.004645310216288314 0.0016401224980165865
-1.9533867502238194 1.430912264995521 0.9242831789176227 756.0647650780156 580.5389821119606 332.8952608592808 126.25862568989396 3.337157915070531 3.8882250999698296 -2116.997683391572 0.09727951801476892 22.86718333910587 -4874.444557219099 4.077096312437928e-05 0.004645310216288314 0.0016401224980165865
-1.9013357206803931 1.4682318710832567 0.9487643115057726 759.3963188694324 578.6833480549976 331.9381990246475 123.24084942042828 3.337157915070531 3.8882250999698296 -2116.997683391572 0.09727951801476892 22.86718333910587 -4874.444557219099 4.077096312437928e-05 0.004645310216288314 0.0016401224980165865
-1.8492846911369716 1.5016230975828087 1.0004130451449735 762.6090881328564 576.8188064023852 331.9223925471306 120.60148404538631 3.337157915070531 3.8882250999698296 -2116.997683391572 0.09727951801476892 22.86718333910587 -4874.444557219099 4.077096312437928e-05 0.004645310216288314 0.0016401224980165865
-1.7942873769024155 1.5359964189794102 1.012197011451283 765.6996540552936 574.9529150705785 332.9227002002299 118.3963757455349 3.337157915070531 3.8882250999698296 -2116.997683391572 0.09727951801476892 22.86718333910587 -4874.444557219099 4.077096312437928e-05 0.004645310216288314 0.0016401224980165865
-1.735361683079676 1.5684055505819163 1.0679531158670417 768.6646948149428 573.0935970251448 335.01592522859573 116.68399883806705 3.337157915070531 3.8882250999698296 -2116.997683391572 0.09727951801476892 22.86718333910587 -4874.444557219099 4.077096312437928e-05 0.004645310216288314 0.0016401224980165865
-1.6764359892569365 1.598850492390332 1.0939044591293585 771.5009855867829 571.249140296597 338.2808153517544 115.52545588091016 3.337157915070531 3.8882250999698296 -2116.997683391572 0.09727951801476892 22.86718333910587 -4874.444557219099 4.077096312437928e-05 0.004645310216288314 0.0016401224980165865
-1.6135819158460136 1.625367054610564 1.1715755572196582 774.2053985365201 569.4281979650259 342.7980627156794 114.98447755351663 3.337157915070531 3.8882250999698296 -2116.997683391572 0.09727951801476892 22.86718333910587 -4874.444557219099 4.077096312437928e-05 0.004645310216288314 0.0016401224980165865
-1.5566204118173637 1.6509015219337515 1.1493771199071008 776.7749028280377 567.6397881549783 348.65030397474766 115.12742272019386 3.337157915070531 3.8882250999698296 -2116.997683391572 0.09727951801476892 22.86718333910587 -4874.444557219099 4.077096312437928e-05 0.004645310216288314 0.0016401224980165865
-1.4996589077887137 1.6764359892569387 1.1493771199071008 779.2065646168776 565.8932940587401 355.92212016507983 116.02327848598361 3.337157915070531 3.8882250999698296 -2116.997683391572 0.09727951801476892 22.86718333910587 -4874.444557219099 4.077096312437928e-05 0.004645310216288314 0.0016401224980165865
-1.4446615935541622 1.7029525514771708 1.1215362141829879 781.4975470548961 564.1984639097936 364.7000368759036 117.74366007000208 3.337157915070531 3.8882250999698296 -2116.997683391572 0.09727951801476892 22.86718333910587 -4874.444557219099 4.077096312437928e-05 0.004645310216288314 0.0016401224980165865
-1.3955568487018792 1.7373258728737688 0.960070362405688 783.6451102863066 562.5654109967873 375.0725240819156 120.36281089484692 3.337157915070531 3.8882250999698296 -2116.997683391572 0.09727951801476892 22.86718333910587 -4874.444557219099 4.077096312437928e-05 0.004645310216288314 0.0016401224980165865
-1.3444879140555068 1.771699194270366 0.9783689733630169 785.64661145024 561.0046136714518 387.1299962438643 123.95760256424546 3.337157915070531 3.8882250999698296 -2116.997683391572 0.09727951801476892 22.86718333910587 -4874.444557219099 4.077096312437928e-05 0.004645310216288314 0.0016401224980165865
-1.2963652641002643 1.8080367054610567 0.9240379005316393 787.4995046805125 559.5269153313711 400.9648123010993 128.60753483325243 3.337157915070531 3.8882250999698296 -2116.997683391572 0.09727951801476892 22.86718333910587 -4874.444557219099 4.077096312437928e-05 0.004645310216288314 0.0016401224980165865
-1.2502068039391157 1.8424100268576538 0.9307081740331938 789.2013411058579 558.1435244237073 416.67127560824156 134.39473569765687 3.337157915070531 3.8882250999698296 -2116.997683391572 0.09727951801476892 22.86718333910587 -4874.444557219099 4.077096312437928e-05 0.004645310216288314 0.0016401224980165865
-1.207976723366155 1.876783348254254 0.887604881504639 790.749768847134 556.8660144563764 434.3456340357661 141.40396127477288 3.337157915070531 3.8882250999698296 -2116.997683391572 0.09727951801476892 22.86718333910587 -4874.444557219099 4.077096312437928e-05 0.004645310216288314 0.0016401224980165865
-1.161818263205011 1.908210384959712 0.9730379352018396 792.1425330215134 555.7063239864074 454.08607986569405 149.722595885396 3.337157915070531 3.8882250999698296 -2116.997683391572 0.09727951801476892 22.86718333910587 -4874.444557219099 4.077096312437928e-05 0.004645310216288314 0.0016401224980165865
-1.1215523724261398 1.939637421665176 0.9080668189018529 793.3774757392239 554.676756630186 475.9927498437464 159.44065202400088 3.337157915070531 3.8882250999698296 -2116.997683391572 0.09727951801476892 22.86718333910587 -4874.444557219099 4.077096312437928e-05 0.004645310216288314 0.0016401224980165865
-1.0812864816472687 1.9681181736795008 0.9551764373657615 794.4525361058768 553.7899810490198 500.1677252165973 170.6507703922689 3.337157915070531 3.8882250999698296 -2116.997683391572 0.09727951801476892 22.86718333910587 -4874.444557219099 4.077096312437928e-05 0.004645310216288314 0.0016401224980165865
-1.047895255147711 1.9946347358997318 0.8996524913589988 795.3657502208371 553.0590309640393 526.7150316350162 183.44821979105473 3.337157915070531 3.8882250999698296 -2116.997683391572 0.09727951801476892 22.86718333910587 -4874.444557219099 4.077096312437928e-05 0.004645310216288314 0.0016401224980165865
-1.0184324082363412 2.0162408236347367 0.9380474917927036 796.1152511767577 552.4973051492125 555.7406392581761 197.93089731410146 3.337157915070531 3.8882250999698296 -2116.997683391572 0.09727951801476892 22.86718333910587 -4874.444557219099 4.077096312437928e-05 0.004645310216288314 0.0016401224980165865
-0.9889695613249759 2.0299901521933745 1.1341691669813345 796.6992690623738 552.1185674257576 587.3524626530707 214.19932813197374 3.337157915070531 3.8882250999698296 -2116.997683391572 0.09727951801476892 22.86718333910587 -4874.444557219099 4.077096312437928e-05 0.004645310216288314 0.0016401224980165865
-0.9653992837958837 2.041775290957923 1.1071487177940147 797.1161309594754 551.9369466719218 621.6603608950973 232.3566656894982 3.337157915070531 3.8882250999698296 -2116.997683391572 0.09727951801476892 22.86718333910587 -4874.444557219099 4.077096312437928e-05 0.004645310216288314 0.0016401224980165865
-0.9379006266786035 2.0535604297224714 1.165904540509823 797.3642609436065 551.9669368276373 658.7761375084519 252.50869150832295 3.337157915070531 3.8882250999698296 -2116.997683391572 0.09727951801476892 22.86718333910587 -4874.444557219099 4.077096312437928e-05 0.004645310216288314 0.0016401224980165865
-0.9172766338406411 2.063381378692928 1.126377116893865 797.4421800887212 552.2233968744986 698.8135404363275 274.7638153396547 3.337157915070531 3.8882250999698296 -2116.997683391572 0.09727951801476892 22.86718333910587 -4874.444557219099 4.077096312437928e-05 0.004645310216288314 0.0016401224980165865
