22 -4.47835273052821 0.7581772605192474 -0.0 -4.420409131602515 0.20427573858549533
-4.47835273052821 0.7581772605192474 -0.0 712.6108376048505 675.9386636654381 650.8196875613648 151.7018257114105 3.212877051127144 3.7470771717536184 -1937.0331267933138 0.045245717821770726 22.05614184900444 -4244.97635404804 1.896299992530216e-05 0.0044892289786508085 0.13229251103993847
-4.47835273052821 0.7591593554162932 -0.0 714.5368906594813 676.0004705502652 656.698287221021 155.97986072022468 3.212877051127144 3.7470771717536184 -1937.0331267933138 0.045245717821770726 22.05614184900444 -4244.97635404804 1.896299992530216e-05 0.0044892289786508085 0.13229251103993847
-4.47835273052821 0.760141450313338 -0.0 715.8616164810956 676.0551794548519 662.7060734841507 161.25980960484594 3.212877051127144 3.7470771717536184 -1937.0331267933138 0.045245717821770726 22.05614184900444 -4244.97635404804 1.896299992530216e-05 0.0044892289786508085 0.13229251103993847
-4.47835273052821 0.761123545210384 -0.0 716.3976845629513 676.0836049315985 668.8347482669633 167.5333557878621 3.212877051127144 3.7470771717536184 -1937.0331267933138 0.045245717821770726 22.05614184900444 -4244.97635404804 1.896299992530216e-05 0.0044892289786508085 0.13229251103993847
-4.47835273052821 0.7621056401074287 -0.0 716.0060045905411 676.0704769012518 675.0775431173388 174.79833059292287 3.212877051127144 3.7470771717536184 -1937.0331267933138 0.045245717821770726 22.05614184900444 -4244.97635404804 1.896299992530216e-05 0.0044892289786508085 0.13229251103993847
-4.47835273052821 0.7630877350044746 -0.0 714.5957264192402 676.0044406522065 681.4292192150606 183.05871323728934 3.212877051127144 3.7470771717536184 -1937.0331267933138 0.045245717821770726 22.05614184900444 -4244.97635404804 1.896299992530216e-05 0.0044892289786508085 0.13229251103993847
-4.47835273052821 0.7640698299015193 -0.0 712.1242401115596 675.8780568446964 687.8860673733288 192.32463084114715 3.212877051127144 3.7470771717536184 -1937.0331267933138 0.045245717821770726 22.05614184900444 -4244.97635404804 1.896299992530216e-05 0.0044892289786508085 0.13229251103993847
-4.474424350940026 0.7287144136078765 3.0309354324158697 708.5971758700907 675.6878015052062 694.4459080350352 202.61235841363668 3.212877051127144 3.7470771717536184 -1937.0331267933138 0.045245717821770726 22.05614184900444 -4244.97635404804 1.896299992530216e-05 0.0044892289786508085 0.13229251103993847
-4.468531781557749 0.6717529095792288 3.0385110450670303 704.0684041641653 675.4340660276357 701.1080912780017 213.9443188663572 3.212877051127144 3.7470771717536184 -1937.0331267933138 0.045245717821770726 22.05614184900444 -4244.97635404804 1.896299992530216e-05 0.0044892289786508085 0.13229251103993847
-4.459692927484337 0.6039883616830786 3.0118901164338676 698.640035610646 675.1211571753956 707.8734968093922 226.34908300312236 3.212877051127144 3.7470771717536184 -1937.0331267933138 0.045245717821770726 22.05614184900444 -4244.97635404804 1.896299992530216e-05 0.0044892289786508085 0.13229251103993847
-4.450854073410925 0.5332775290957918 3.017237659043018 692.4624210000038 674.7572970835026 714.7445339699043 239.86136953299865 3.212877051127144 3.7470771717536184 -1937.0331267933138 0.045245717821770726 22.05614184900444 -4244.97635404804 1.896299992530216e-05 0.0044892289786508085 0.13229251103993847
-4.442015219337522 0.4645308863025958 3.0137227350299085 685.7341513447464 674.3546232532244 721.7251417320222 254.52204505400732 3.212877051127144 3.7470771717536184 -1937.0331267933138 0.045245717821770726 22.05614184900444 -4244.97635404804 1.896299992530216e-05 0.0044892289786508085 0.13229251103993847
-4.43317636526411 0.3977484333034904 3.010004512131861 678.7020578123629 673.9291885506827 728.8207887003664 270.37812406616285 3.212877051127144 3.7470771717536184 -1937.0331267933138 0.045245717821770726 22.05614184900444 -4244.97635404804 1.896299992530216e-05 0.0044892289786508085 0.13229251103993847
-4.424337511190699 0.33489435989256966 2.9808812112571705 671.6612118035555 673.5009612166323 736.0384731112281 287.48276896076277 3.212877051127144 3.7470771717536184 -1937.0331267933138 0.045245717821770726 22.05614184900444 -4244.97635404804 1.896299992530216e-05 0.0044892289786508085 0.13229251103993847
-4.415498657117287 0.27498657117278313 2.9517579103824803 664.9549248740077 673.0938248566817 743.3867228330346 305.89529003342614 3.212877051127144 3.7470771717536184 -1937.0331267933138 0.045245717821770726 22.05614184900444 -4244.97635404804 1.896299992530216e-05 0.0044892289786508085 0.13229251103993847
-4.40665980304388 0.21704297224709065 2.92263460950779 658.9747487679124 672.7355784454849 750.8755953672808 325.68114547338337 3.212877051127144 3.7470771717536184 -1937.0331267933138 0.045245717821770726 22.05614184900444 -4244.97635404804 1.896299992530216e-05 0.0044892289786508085 0.13229251103993847
-4.400767233661602 0.1610635631154877 2.8935113086330997 654.1604754291475 672.4579363288358 758.5166778452694 346.9119413662702 3.212877051127144 3.7470771717536184 -1937.0331267933138 0.045245717821770726 22.05614184900444 -4244.97635404804 1.896299992530216e-05 0.0044892289786508085 0.13229251103993847
-4.398803043867512 0.1424037600716193 2.8643880077584094 651.0001370087266 672.2965282148216 766.3230870325351 369.6654316945933 3.212877051127144 3.7470771717536184 -1937.0331267933138 0.045245717821770726 22.05614184900444 -4244.97635404804 1.896299992530216e-05 0.0044892289786508085 0.13229251103993847
-4.400767233661598 0.1463321396598017 2.835264706883719 650.0300058163702 672.2908991887234 774.3094693251187 394.0255183400586 3.212877051127144 3.7470771717536184 -1937.0331267933138 0.045245717821770726 22.05614184900444 -4244.97635404804 1.896299992530216e-05 0.0044892289786508085 0.13229251103993847
-4.40567770814683 0.16008146821844071 2.806141406009029 651.834594361484 672.4845096974168 782.4920007528272 420.0822510784492 3.212877051127144 3.7470771717536184 -1937.0331267933138 0.045245717821770726 22.05614184900444 -4244.97635404804 1.896299992530216e-05 0.0044892289786508085 0.13229251103993847
-4.410588182632063 0.17677708146821622 2.7770181051343386 657.0466553457081 672.9247355593834 790.8883869756246 447.9318275852129 3.212877051127144 3.7470771717536184 -1937.0331267933138 0.045245717821770726 22.05614184900444 -4244.97635404804 1.896299992530216e-05 0.0044892289786508085 0.13229251103993847
-4.415498657117287 0.1915085049239022 2.7478948042596483 666.3471816517413 673.6628679593559 799.517863286892 477.6765934317373 3.212877051127144 3.7470771717536184 -1937.0331267933138 0.045245717821770726 22.05614184900444 -4244.97635404804 1.896299992530216e-05 0.0044892289786508085 0.13229251103993847
-4.420409131602515 0.20427573858549533 2.718771503384958 654.0366555139772 676.2882421282266 769.9418967757374 500.5068222961854 3.212877051127144 3.7470771717536184 -1937.0331267933138 0.045245717821770726 22.05614184900444 -4244.97635404804 1.896299992530216e-05 0.0044892289786508085 0.13229251103993847
-4.425319606087748 0.21311459265890603 2.6896482025102677 655.4730956657149 675.5478677166684 791.5360686453059 491.896720236633 3.212877051127144 3.7470771717536184 -1937.0331267933138 0.045245717821770726 22.05614184900444 -4244.97635404804 1.896299992530216e-05 0.0044892289786508085 0.13229251103993847
-4.430230080572976 0.21900716204117907 2.6605249016355774 656.7456477567903 674.9033384881623 809.7689972389489 483.01504872436635 3.212877051127144 3.7470771717536184 -1937.0331267933138 0.045245717821770726 22.05614184900444 -4244.97635404804 1.896299992530216e-05 0.0044892289786508085 0.13229251103993847
-4.435140555058204 0.2229355416293626 2.6314016007608876 657.8632366061793 674.3486023147561 824.8577627576888 473.9031716682948 3.212877051127144 3.7470771717536184 -1937.0331267933138 0.045245717821770726 22.05614184900444 -4244.97635404804 1.896299992530216e-05 0.0044892289786508085 0.13229251103993847
-4.437104744852294 0.22489973142345324 2.6022782998861973 658.8346127141558 673.877759822266 837.0133133139461 464.6009709844366 3.212877051127144 3.7470771717536184 -1937.0331267933138 0.045245717821770726 22.05614184900444 -4244.97635404804 1.896299992530216e-05 0.0044892289786508085 0.13229251103993847
-4.439068934646383 0.22588182632049914 2.573154999011507 659.6683522627864 673.4850643897371 846.4404649678618 455.14684660406783 3.212877051127144 3.7470771717536184 -1937.0331267933138 0.045245717821770726 22.05614184900444 -4244.97635404804 1.896299992530216e-05 0.0044892289786508085 0.13229251103993847
-4.439068934646383 0.22489973142345324 2.5440316981368167 660.3728571152606 673.1649221502594 853.3379017142579 445.5777164688334 3.212877051127144 3.7470771717536184 -1937.0331267933138 0.045245717821770726 22.05614184900444 -4244.97635404804 1.896299992530216e-05 0.0044892289786508085 0.13229251103993847
-4.439068934646383 0.22391763652640848 2.5149083972621264 660.9563548161823 672.9118919901084 857.8981754742563 435.92901653354056 3.212877051127144 3.7470771717536184 -1937.0331267933138 0.045245717821770726 22.05614184900444 -4244.97635404804 1.896299992530216e-05 0.0044892289786508085 0.13229251103993847
-4.439068934646383 0.2229355416293615 2.485785096387436 661.4268985918025 672.7206855494151 860.3077061064541 426.2347007631324 3.212877051127144 3.7470771717536184 -1937.0331267933138 0.045245717821770726 22.05614184900444 -4244.97635404804 1.896299992530216e-05 0.0044892289786508085 0.13229251103993847
-4.439068934646383 0.2219534467323167 2.456661795512746 661.7923673496407 672.5861672216997 860.7467814050615 416.5272411357146 3.212877051127144 3.7470771717536184 -1937.0331267933138 0.045245717821770726 22.05614184900444 -4244.97635404804 1.896299992530216e-05 0.0044892289786508085 0.13229251103993847
-4.439068934646383 0.22097135183526972 2.4275384946380556 662.0604656787182 672.5033541542944 859.3895570915192 406.837627639994 3.212877051127144 3.7470771717536184 -1937.0331267933138 0.045245717821770726 22.05614184900444 -4244.97635404804 1.896299992530216e-05 0.0044892289786508085 0.13229251103993847
-4.439068934646383 0.21998925693822496 2.3984151937633653 662.2387238494703 672.4674162478768 856.4040568294004 397.19536827877164 3.212877051127144 3.7470771717536184 -1937.0331267933138 0.045245717821770726 22.05614184900444 -4244.97635404804 1.896299992530216e-05 0.0044892289786508085 0.13229251103993847
-4.444961504028656 0.21704297224708954 2.369291892888675 662.3344978137757 672.4736761568347 851.952172213234 387.62848906451836 3.212877051127144 3.7470771717536184 -1937.0331267933138 0.045245717821770726 22.05614184900444 -4244.97635404804 1.896299992530216e-05 0.0044892289786508085 0.13229251103993847
-4.450854073410929 0.2140966875559519 2.3401685920139847 662.3549692047818 672.5176092893089 846.1896627657115 378.1635340228677 3.212877051127144 3.7470771717536184 -1937.0331267933138 0.045245717821770726 22.05614184900444 -4244.97635404804 1.896299992530216e-05 0.0044892289786508085 0.13229251103993847
-4.4567466427932025 0.21115040286481648 2.3110452911392945 662.3071453374287 672.5948438066698 839.2661559507251 368.8255651895888 3.212877051127144 3.7470771717536184 -1937.0331267933138 0.045245717821770726 22.05614184900444 -4244.97635404804 1.896299992530216e-05 0.0044892289786508085 0.13229251103993847
-4.46263921217548 0.20918621307072585 2.281921990264604 662.1978592077503 672.7011606242158 831.3251471584663 359.63816261594184 3.212877051127144 3.7470771717536184 -1937.0331267933138 0.045245717821770726 22.05614184900444 -4244.97635404804 1.896299992530216e-05 0.0044892289786508085 0.13229251103993847
-4.468531781557749 0.20820411817367995 2.252798689389914 662.0337694932241 672.8324934106204 822.5039997221902 350.6234243600629 3.194009530295684 3.7133774042452683 -1921.4886563473697 0.04550407807646018 22.02262072223678 -4249.3561916478675 1.907128167496229e-05 0.004464107687046235 0.13490789618265164
-4.474424350940026 0.2072220232766352 2.2236753885152236 661.82136055312 672.9849285881792 812.9339449033141 341.8019664972089 3.194009530295684 3.7133774042452683 -1921.4886563473697 0.04550407807646018 22.02262072223678 -4249.3561916478675 1.907128167496229e-05 0.004464107687046235 0.13490789618265164
-4.480316920322295 0.20623992837958932 2.1945520876405333 661.5669424276566 673.1547053328832 802.7400818997994 333.1929231090471 3.194009530295684 3.7133774042452683 -1921.4886563473697 0.04550407807646018 22.02262072223678 -4249.3561916478675 1.907128167496229e-05 0.004464107687046235 0.13490789618265164
-4.486209489704573 0.20525783348254342 2.165428786765843 661.2766508388158 673.3382155742438 792.0413778340444 324.81394629506394 3.194009530295684 3.7133774042452683 -1921.4886563473697 0.04550407807646018 22.02262072223678 -4249.3561916478675 1.907128167496229e-05 0.004464107687046235 0.13490789618265164
-4.492102059086846 0.20427573858549755 2.1363054858911528 660.9564471899357 673.5320039953804 780.950667780824 316.68120616069064 3.194009530295684 3.7133774042452683 -1921.4886563473697 0.04550407807646018 22.02262072223678 -4249.3561916478675 1.907128167496229e-05 0.004464107687046235 0.13490789618265164
-4.497994628469119 0.20329364368845168 2.1071821850164625 660.6121185655647 673.7327680329181 769.5746547253802 308.8093908284791 3.194009530295684 3.7133774042452683 -1921.4886563473697 0.04550407807646018 22.02262072223678 -4249.3561916478675 1.907128167496229e-05 0.004464107687046235 0.13490789618265164
-4.497994628469119 0.20427573858549755 2.0780588841417726 660.2492777321313 673.9373578771774 758.0139096053317 301.2117064287886 3.194009530295684 3.7133774042452683 -1921.4886563473697 0.04550407807646018 22.02262072223678 -4249.3561916478675 1.907128167496229e-05 0.004464107687046235 0.13490789618265164
-4.497994628469119 0.2052578334825423 2.048935583267082 659.873363137187 674.1427764718683 746.3628712883219 293.8998771067709 3.194009530295684 3.7133774042452683 -1921.4886563473697 0.04550407807646018 22.02262072223678 -4249.3561916478675 1.907128167496229e-05 0.004464107687046235 0.13490789618265164
-4.497994628469119 0.2062399283795882 2.0198122823923916 659.4896389095811 674.3461795146868 734.7098465654999 286.88414501654916 3.194009530295684 3.7133774042452683 -1921.4886563473697 0.04550407807646018 22.02262072223678 -4249.3561916478675 1.907128167496229e-05 0.004464107687046235 0.13490789618265164
-4.497994628469119 0.2052578334825423 1.9906889815177016 659.1031948598975 674.5448754565587 723.1370101766661 280.17327032773755 3.194009530295684 3.7133774042452683 -1921.4886563473697 0.04550407807646018 22.02262072223678 -4249.3561916478675 1.907128167496229e-05 0.004464107687046235 0.13490789618265164
-4.497994628469119 0.20427573858549644 1.9615656806430113 658.7189464799885 674.7363255022501 711.7204047804698 273.7745312184561 3.194009530295684 3.7133774042452683 -1921.4886563473697 0.04550407807646018 22.02262072223678 -4249.3561916478675 1.907128167496229e-05 0.004464107687046235 0.13490789618265164
-4.497994628469119 0.20329364368845054 1.932442379768321 658.3416349433246 674.9181436098443 700.5299409804866 267.69372388068587 3.194009530295684 3.7133774042452683 -1921.4886563473697 0.04550407807646018 22.02262072223678 -4249.3561916478675 1.907128167496229e-05 0.004464107687046235 0.13490789618265164
-4.497994628469119 0.20231154879140467 1.9033190788936307 657.9758271043538 675.0880964910612 689.6293973131105 261.9351625167765 3.194009530295684 3.7133774042452683 -1921.4886563473697 0.04550407807646018 22.02262072223678 -4249.3561916478675 1.907128167496229e-05 0.004464107687046235 0.13490789618265164
-4.497994628469119 0.2013294538943599 1.8741957780189404 657.6259154994914 675.2441036115924 679.0764202428982 256.5016793436371 3.194009530295684 3.7133774042452683 -1921.4886563473697 0.04550407807646018 22.02262072223678 -4249.3561916478675 1.907128167496229e-05 0.004464107687046235 0.13490789618265164
-4.497994628469119 0.20034735899731404 1.8450724771442502 657.2961183463922 675.3842371901555 668.9225241700187 251.39462458668277 3.194009530295684 3.7133774042452683 -1921.4886563473697 0.04550407807646018 22.02262072223678 -4249.3561916478675 1.907128167496229e-05 0.004464107687046235 0.13490789618265164
-4.497994628469119 0.19936526410026925 1.8159491762695599 656.9904795439215 675.5067221995123 659.2130914349109 246.61386648518965 3.194009530295684 3.7133774042452683 -1921.4886563473697 0.04550407807646018 22.02262072223678 -4249.3561916478675 1.907128167496229e-05 0.004464107687046235 0.13490789618265164
-4.497994628469119 0.19936526410026925 1.7868258753948696 656.7128686727083 675.6099363657413 649.9873722977936 242.15779129066505 3.194009530295684 3.7133774042452683 -1921.4886563473697 0.04550407807646018 22.02262072223678 -4249.3561916478675 1.907128167496229e-05 0.004464107687046235 0.13490789618265164
-4.497994628469119 0.19936526410026925 1.7577025745201795 656.4669809945335 675.6924101686454 641.2784849647433 238.02330326475203 3.194009530295684 3.7133774042452683 -1921.4886563473697 0.04550407807646018 22.02262072223678 -4249.3561916478675 1.907128167496229e-05 0.004464107687046235 0.13490789618265164
-4.497994628469119 0.19936526410026925 1.728579273645489 656.2563374528545 675.7528268414462 633.1134155774489 234.20582468202338 3.194009530295684 3.7133774042452683 -1921.4886563473697 0.04550407807646018 22.02262072223678 -4249.3561916478675 1.907128167496229e-05 0.004464107687046235 0.13490789618265164
-4.497994628469119 0.20034735899731515 1.699455972770799 656.084284672339 675.7900223713077 625.5130181992427 230.69929582928307 3.194009530295684 3.7133774042452683 -1921.4886563473697 0.04550407807646018 22.02262072223678 -4249.3561916478675 1.907128167496229e-05 0.004464107687046235 0.13490789618265164
-4.497994628469119 0.20132945389436102 1.6703326718961087 655.9539949593309 675.8029854986235 618.49201483652 227.496175004635 3.194009530295684 3.7133774042452683 -1921.4886563473697 0.04550407807646018 22.02262072223678 -4249.3561916478675 1.907128167496229e-05 0.004464107687046235 0.13490789618265164
-4.497994628469119 0.20231154879140578 1.6412093710214182 655.8684663012973 675.7908577174676 612.0589954275638 224.58743851887994 3.194009530295684 3.7133774042452683 -1921.4886563473697 0.04550407807646018 22.02262072223678 -4249.3561916478675 1.907128167496229e-05 0.004464107687046235 0.13490789618265164
-4.497994628469119 0.20329364368845168 1.6120860701467281 655.8305223672651 675.752933275624 606.216417840682 221.96258069225587 3.194009530295684 3.7133774042452683 -1921.4886563473697 0.04550407807646018 22.02262072223678 -4249.3561916478675 1.907128167496229e-05 0.004464107687046235 0.13490789618265164
-4.497994628469119 0.20427573858549755 1.5829627692720378 655.8428125080245 675.6886591743969 600.9606078835204 219.60961386025883 3.194009530295684 3.7133774042452683 -1921.4886563473697 0.04550407807646018 22.02262072223678 -4249.3561916478675 1.907128167496229e-05 0.004464107687046235 0.13490789618265164
-4.497994628469119 0.2052578334825423 1.5538394683973473 655.9078117551107 675.597635168655 596.2817592974752 217.51506836735643 3.194009530295684 3.7133774042452683 -1921.4886563473697 0.04550407807646018 22.02262072223678 -4249.3561916478675 1.907128167496229e-05 0.004464107687046235 0.13490789618265164
-4.497994628469119 0.2052578334825423 1.5247161675226573 656.0278208221716 675.4796137667436 592.1639337483793 215.66399257304147 3.194009530295684 3.7133774042452683 -1921.4886563473697 0.04550407807646018 22.02262072223678 -4249.3561916478675 1.907128167496229e-05 0.004464107687046235 0.13490789618265164
-4.497994628469119 0.20427573858549644 1.495592866647967 656.20496610392 675.3345002309361 588.5850608497858 214.03995284438133 3.194009530295684 3.7133774042452683 -1921.4886563473697 0.04550407807646018 22.02262072223678 -4249.3561916478675 1.907128167496229e-05 0.004464107687046235 0.13490789618265164
-4.497994628469119 0.20329364368845054 1.466469565773277 656.4411996765411 675.1623525766918 585.5169381359592 212.6250335648656 3.194009530295684 3.7133774042452683 -1921.4886563473697 0.04550407807646018 22.02262072223678 -4249.3561916478675 1.907128167496229e-05 0.004464107687046235 0.13490789618265164
-4.497994628469119 0.20231154879140467 1.4373462648985864 656.7382992977218 674.963381573456 582.9252310851589 211.39983712579124 3.194009530295684 3.7133774042452683 -1921.4886563473697 0.04550407807646018 22.02262072223678 -4249.3561916478675 1.907128167496229e-05 0.004464107687046235 0.13490789618265164
-4.497994628469119 0.2013294538943599 1.4082229640238961 657.097868406272 674.7379507438454 580.7694731010124 210.34348393348046 3.194009530295684 3.7133774042452683 -1921.4886563473697 0.04550407807646018 22.02262072223678 -4249.3561916478675 1.907128167496229e-05 0.004464107687046235 0.13490789618265164
-4.497994628469119 0.20034735899731404 1.379099663149206 657.5213361231145 674.4865763644339 579.003065533936 209.43361240485683 3.194009530295684 3.7133774042452683 -1921.4886563473697 0.04550407807646018 22.02262072223678 -4249.3561916478675 1.907128167496229e-05 0.004464107687046235 0.13490789618265164
-4.497994628469119 0.19936526410026925 1.3499763622745156 658.0099572500039 674.2099274650827 577.5732776494697 208.6463789686095 3.194009530295684 3.7133774042452683 -1921.4886563473697 0.04550407807646018 22.02262072223678 -4249.3561916478675 1.907128167496229e-05 0.004464107687046235 0.13490789618265164
-4.497994628469119 0.19936526410026925 1.3208530613998253 658.5648122702842 673.9088258295233 576.4212466618046 207.95645806449465 3.194009530295684 3.7133774042452683 -1921.4886563473697 0.04550407807646018 22.02262072223678 -4249.3561916478675 1.907128167496229e-05 0.004464107687046235 0.13490789618265164
-4.497994628469119 0.19936526410026925 1.2917297605251352 659.186807348713 673.5842459949199 575.4819777086377 207.33704214682803 3.194009530295684 3.7133774042452683 -1921.4886563473697 0.04550407807646018 22.02262072223678 -4249.3561916478675 1.907128167496229e-05 0.004464107687046235 0.13490789618265164
-4.497994628469119 0.19936526410026925 1.262606459650445 659.8766743316082 673.2373152519285 574.6843438735232 206.7598416779656 3.194009530295684 3.7133774042452683 -1921.4886563473697 0.04550407807646018 22.02262072223678 -4249.3561916478675 1.907128167496229e-05 0.004464107687046235 0.13490789618265164
-4.497994628469119 0.20034735899731515 1.2334831587757544 660.6349707465852 672.8693136451038 573.9510861635208 206.19508513668552 3.194009530295684 3.7133774042452683 -1921.4886563473697 0.04550407807646018 22.02262072223678 -4249.3561916478675 1.907128167496229e-05 0.004464107687046235 0.13490789618265164
-4.497994628469119 0.20132945389436102 1.2043598579010644 661.4620798029355 672.4816739722155 573.1988135213032 205.61151900864206 3.194009530295684 3.7133774042452683 -1921.4886563473697 0.04550407807646018 22.02262072223678 -4249.3561916478675 1.907128167496229e-05 0.004464107687046235 0.13490789618265164
-4.497994628469119 0.20231154879140578 1.175236557026374 662.3582103908411 672.0759817849321 572.3380028270185 204.97640779684298 3.194009530295684 3.7133774042452683 -1921.4886563473697 0.04550407807646018 22.02262072223678 -4249.3561916478675 1.907128167496229e-05 0.004464107687046235 0.13490789618265164
-4.497994628469119 0.20329364368845168 1.146113256151684 663.3233970825386 671.6539753883408 571.2729988917708 204.25553401070647 3.194009530295684 3.7133774042452683 -1921.4886563473697 0.04550407807646018 22.02262072223678 -4249.3561916478675 1.907128167496229e-05 0.004464107687046235 0.13490789618265164
-4.497994628469119 0.20427573858549755 1.1169899552769935 664.3575001312129 671.217545841122 569.902014458552 203.41319817467593 3.194009530295684 3.7133774042452683 -1921.4886563473697 0.04550407807646018 22.02262072223678 -4249.3561916478675 1.907128167496229e-05 0.004464107687046235 0.13490789618265164
-4.497994628469119 0.2052578334825423 1.0878666544023032 665.4602054718125 670.7687369556515 568.1171302106231 202.41221882449463 3.194009530295684 3.7133774042452683 -1921.4886563473697 0.04550407807646018 22.02262072223678 -4249.3561916478675 1.907128167496229e-05 0.004464107687046235 0.13490789618265164
-4.493084153983886 0.20722202327663408 1.0587433535276132 666.6310247204092 670.3097452977818 565.8042947622016 201.2139325090684 3.194009530295684 3.7133774042452683 -1921.4886563473697 0.04550407807646018 22.02262072223678 -4249.3561916478675 1.907128167496229e-05 0.004464107687046235 0.13490789618265164
-4.488173679498653 0.20820411817367884 1.0296200526529227 667.8692951750127 669.8429201870604 562.8433246519417 199.7781937851105 3.194009530295684 3.7133774042452683 -1921.4886563473697 0.04550407807646018 22.02262072223678 -4249.3561916478675 1.907128167496229e-05 0.004464107687046235 0.13490789618265164
-4.4832632050134205 0.2091862130707236 1.0004967517782322 669.174179814494 669.3707636964973 559.1079043671489 198.06337522668764 3.194009530295684 3.7133774042452683 -1921.4886563473697 0.04550407807646018 22.02262072223678 -4249.3561916478675 1.907128167496229e-05 0.004464107687046235 0.13490789618265164
-4.478352730528192 0.21016830796776836 0.9713734509035423 670.544667299313 668.8959306528268 554.4655863232911 196.02636741450988 3.194009530295684 3.7133774042452683 -1921.4886563473697 0.04550407807646018 22.02262072223678 -4249.3561916478675 1.907128167496229e-05 0.004464107687046235 0.13490789618265164
-4.4734422560429685 0.21115040286481537 0.942250150028852 671.9795719716931 668.4212286360853 548.7777908612043 193.62257894640788 3.2408200971736845 3.7656341504113136 -1959.2215979119946 0.0910251799032597 22.158103082601368 -4307.232318461294 3.8149698199186804e-05 0.0045060692887740885 0.11660923256179336
-4.46853178155774 0.21213249776186013 0.9131268491541618 673.4775338547479 667.949617980441 541.8998062713072 190.8059364259243 3.2408200971736845 3.7656341504113136 -1959.2215979119946 0.0910251799032597 22.158103082601368 -4307.232318461294 3.8149698199186804e-05 0.0045060692887740885 0.11660923256179336
-4.463621307072507 0.21311459265890714 0.8840035482794715 675.0370186536165 667.4842117731896 533.6807887619361 187.52888447558507 3.2408200971736845 3.7656341504113136 -1959.2215979119946 0.0910251799032597 22.158103082601368 -4307.232318461294 3.8149698199186804e-05 0.0045060692887740885 0.11660923256179336
-4.399785138764539 0.2592730528200524 0.8548802474047812 676.6563177542703 667.0282758552348 523.9637624919415 183.74238572269678 3.2408200971736845 3.7656341504113136 -1959.2215979119946 0.0910251799032597 22.158103082601368 -4307.232318461294 3.8149698199186804e-05 0.0045060692887740885 0.11660923256179336
-4.316307072515663 0.3319480752014309 0.8257569465300909 678.3335482246766 666.5852288214082 512.5856195287779 179.39592081145383 3.2408200971736845 3.7656341504113136 -1959.2215979119946 0.0910251799032597 22.158103082601368 -4307.232318461294 3.8149698199186804e-05 0.0045060692887740885 0.11660923256179336
-4.225954341987464 0.4183724261414506 0.7966336456554007 680.0666528137226 666.1586420196982 499.37711990159005 174.43748839572072 3.2408200971736845 3.7656341504113136 -1959.2215979119946 0.0910251799032597 22.158103082601368 -4307.232318461294 3.8149698199186804e-05 0.0045060692887740885 0.11660923256179336
-4.137565801253355 0.5077430617726045 0.8699136146533505 681.8533999520005 665.7522395521228 484.1628915620968 168.81360514368862 3.2408200971736845 3.7656341504113136 -1959.2215979119946 0.0910251799032597 22.158103082601368 -4307.232318461294 3.8149698199186804e-05 0.0045060692887740885 0.11660923256179336
-4.101228290062667 0.5755076096687559 0.9431935836513002 683.6913837518659 665.3698982738424 466.76143038924783 162.46930572995916 3.2408200971736845 3.7656341504113136 -1959.2215979119946 0.0910251799032597 22.158103082601368 -4307.232318461294 3.8149698199186804e-05 0.0045060692887740885 0.11660923256179336
-4.082568487018803 0.6285407341092212 1.01647355264925 685.5780240060994 665.0156477938726 446.98510020039976 155.34814284765162 3.2408200971736845 3.7656341504113136 -1959.2215979119946 0.0910251799032597 22.158103082601368 -4307.232318461294 3.8149698199186804e-05 0.0045060692887740885 0.11660923256179336
-4.070783348254253 0.6717529095792311 1.0897535216471999 687.5105661899725 664.693670474735 424.6401327531785 147.39218719676137 3.2408200971736845 3.7656341504113136 -1959.2215979119946 0.0910251799032597 22.158103082601368 -4307.232318461294 3.8149698199186804e-05 0.0045060692887740885 0.11660923256179336
-4.058998209489702 0.7090725156669656 1.1630334906451496 689.4860814597632 664.408301432908 399.52662772964686 138.54202749277465 3.2408200971736845 3.7656341504113136 -1959.2215979119946 0.0910251799032597 22.158103082601368 -4307.232318461294 3.8149698199186804e-05 0.0045060692887740885 0.11660923256179336
-4.047213070725156 0.7444279319606095 1.2363134596430994 691.5014666530478 664.164028537707 371.43855274748057 128.73677045945078 3.2408200971736845 3.7656341504113136 -1959.2215979119946 0.0910251799032597 22.158103082601368 -4307.232318461294 3.8149698199186804e-05 0.0045060692887740885 0.11660923256179336
-4.035427931960606 0.7788012533572053 1.309593428641049 693.5534442890494 663.9654924126953 340.16374336834997 117.91404083673842 3.2408200971736845 3.7656341504113136 -1959.2215979119946 0.0910251799032597 22.158103082601368 -4307.232318461294 3.8149698199186804e-05 0.0045060692887740885 0.11660923256179336
-4.082568487018794 0.7689803043867498 1.3828733976389989 695.6385625681141 663.8174864346656 305.48390306625515 106.00998137029819 3.2408200971736845 3.7656341504113136 -1959.2215979119946 0.0910251799032597 22.158103082601368 -4307.232318461294 3.8149698199186804e-05 0.0045060692887740885 0.11660923256179336
-4.149350940017901 0.732642793196059 1.4561533666369486 697.7531953725265 663.7249567340768 267.1746032787487 92.95925282570533 3.2408200971736845 3.7656341504113136 -1959.2215979119946 0.0910251799032597 22.158103082601368 -4307.232318461294 3.8149698199186804e-05 0.0045060692887740885 0.11660923256179336
-4.221043867502236 0.6835380483437761 1.4566190927823006 699.8935422656359 663.693002195243 225.0052833398804 78.69503397238441 3.2408200971736845 3.7656341504113136 -1959.2215979119946 0.0910251799032597 22.158103082601368 -4307.232318461294 3.8149698199186804e-05 0.0045060692887740885 0.11660923256179336
-4.295683079677709 0.6314870188003577 1.4570848189276526 702.0556284923514 663.726874455635 178.73925055377185 63.14902159804478 3.2408200971736845 3.7656341504113136 -1959.2215979119946 0.0910251799032597 22.158103082601368 -4307.232318461294 3.8149698199186804e-05 0.0045060692887740885 0.11660923256179336
-4.318271262309762 0.6020241718889879 1.4575505450730046 704.2353049788217 663.831977906666 128.13368013780564 46.25143049727194 3.2408200971736845 3.7656341504113136 -1959.2215979119946 0.0910251799032597 22.158103082601368 -4307.232318461294 3.8149698199186804e-05 0.0045060692887740885 0.11660923256179336
-4.323181736794989 0.5872927484333043 1.4580162712183566 706.4282483328425 664.0138696930662 72.93961524870247 27.93099348130636 3.2408200971736845 3.7656341504113136 -1959.2215979119946 0.0910251799032597 22.158103082601368 -4307.232318461294 3.8149698199186804e-05 0.0045060692887740885 0.11660923256179336
-4.321217547000896 0.582382273948076 1.4584819973637084 708.6299608437403 664.2782597135083 12.901966975070536 8.11496136826463 3.2408200971736845 3.7656341504113136 -1959.2215979119946 0.0910251799032597 22.158103082601368 -4307.232318461294 3.8149698199186804e-05 0.0045060692887740885 0.11660923256179336
-4.319253357206806 0.5843464637421677 1.4589477235090604 710.8357704817608 664.6310106196324 -52.24048565980047 -13.270897006848827 3.2408200971736845 3.7656341504113136 -1959.2215979119946 0.0910251799032597 22.158103082601368 -4307.232318461294 3.8149698199186804e-05 0.0045060692887740885 0.11660923256179336
-4.317289167412712 0.588274843330349 1.4594134496544124 713.0408308991464 665.0781378174725 -122.75509569700807 -36.302294802619144 3.2408200971736845 3.7656341504113136 -1959.2215979119946 0.0910251799032597 22.158103082601368 -4307.232318461294 3.8149698199186804e-05 0.0045060692887740885 0.11660923256179336
