33 -4.961543419874658 -0.014731423455685988 2.0239908451399935 -3.4471530886302597 -0.5892569382273949
-4.961543419874658 -0.014731423455685988 2.0239908451399935 640.3045970201492 708.240943312645 478.73796793818474 237.8888726234436 3.169617952840094 3.6904474226616535 -1887.689999265223 0.04390508453160336 21.715190855674603 -4105.577747204444 1.8401125118023305e-05 0.004421542644240625 0.1604815907859098
-4.957615040286471 -0.016695613249777752 2.003010539900583 639.6707210540771 706.9828461408615 473.8555933982134 248.1113157272339 3.169617952840094 3.6904474226616535 -1887.689999265223 0.04390508453160336 21.715190855674603 -4105.577747204444 1.8401125118023305e-05 0.004421542644240625 0.1604815907859098
-4.953686660698291 -0.018659803043868398 1.9820302346611731 637.4520010948181 703.95461332798 468.85061244666576 261.5121383666992 3.169617952840094 3.6904474226616535 -1887.689999265223 0.04390508453160336 21.715190855674603 -4105.577747204444 1.8401125118023305e-05 0.004421542644240625 0.1604815907859098
-4.951722470904202 -0.018659803043868398 1.9610499294217631 633.9687144756317 699.5151170492172 463.7561096996069 277.28685188293457 3.169617952840094 3.6904474226616535 -1887.689999265223 0.04390508453160336 21.715190855674603 -4105.577747204444 1.8401125118023305e-05 0.004421542644240625 0.1604815907859098
-4.829942703670544 -0.05401521933751231 1.9400696241823527 629.5173963308334 693.9968351125717 458.6025605201721 294.69688081741333 3.169617952840094 3.6904474226616535 -1887.689999265223 0.04390508453160336 21.715190855674603 -4105.577747204444 1.8401125118023305e-05 0.004421542644240625 0.1604815907859098
-4.664950760966876 -0.11392300805729767 1.9190893189429423 624.3708373308182 687.7058514356613 453.41782976686954 313.0695581436157 3.169617952840094 3.6904474226616535 -1887.689999265223 0.04390508453160336 21.715190855674603 -4105.577747204444 1.8401125118023305e-05 0.004421542644240625 0.1604815907859098
-4.487191584601613 -0.18463384064458552 1.9493961285243804 618.7780832052231 680.9218571186066 448.22717310488224 331.79813146591187 3.169617952840094 3.6904474226616535 -1887.689999265223 0.04390508453160336 21.715190855674603 -4105.577747204444 1.8401125118023305e-05 0.004421542644240625 0.1604815907859098
-4.309432408236345 -0.2582909579230099 1.9636243551805093 612.9644386768341 673.8981479406357 443.0532357990742 350.3417534828186 3.169617952840094 3.6904474226616535 -1887.689999265223 0.04390508453160336 21.715190855674603 -4105.577747204444 1.8401125118023305e-05 0.004421542644240625 0.1604815907859098
-4.134619516562216 -0.33096598030438834 1.9647893620671297 607.131462931633 666.8616288900375 437.9160534888506 368.2254900932312 3.169617952840094 3.6904474226616535 -1887.689999265223 0.04390508453160336 21.715190855674603 -4105.577747204444 1.8401125118023305e-05 0.004421542644240625 0.1604815907859098
-3.96471709937332 -0.40167681289167617 1.9651769374865267 601.4569706916809 660.0128096342087 432.8330520391464 385.04032039642334 3.169617952840094 3.6904474226616535 -1887.689999265223 0.04390508453160336 21.715190855674603 -4105.577747204444 1.8401125118023305e-05 0.004421542644240625 0.1604815907859098
-3.799725156669652 -0.4674771709937346 1.9502760102228351 596.0950344800949 653.5258057117462 427.81904727220535 400.44312953948975 3.169617952840094 3.6904474226616535 -1887.689999265223 0.04390508453160336 21.715190855674603 -4105.577747204444 1.8401125118023305e-05 0.004421542644240625 0.1604815907859098
-3.6376794986571186 -0.5303312444046565 1.940809909571972 591.1759835481644 647.5483387708664 422.8862453997135 414.15671730041504 3.169617952840094 3.6904474226616535 -1887.689999265223 0.04390508453160336 21.715190855674603 -4105.577747204444 1.8401125118023305e-05 0.004421542644240625 0.1604815907859098
-3.4775980304386787 -0.5912211280214877 1.9342649490799066 586.8064006567001 642.2017389535904 418.0442425608635 425.9697918891907 3.169617952840094 3.6904474226616535 -1887.689999265223 0.04390508453160336 21.715190855674603 -4105.577747204444 1.8401125118023305e-05 0.004421542644240625 0.1604815907859098
-3.3194807520143197 -0.6511289167412719 1.9329660322416888 583.0691282749176 637.5809412002563 413.3000251352787 435.73697233200073 3.169617952840094 3.6904474226616535 -1887.689999265223 0.04390508453160336 21.715190855674603 -4105.577747204444 1.8401125118023305e-05 0.004421542644240625 0.1604815907859098
-3.284125335720677 -0.6727350044762769 2.119345729245445 580.0232623815536 633.7544870376587 408.65796960890293 443.37878799438477 3.169617952840094 3.6904474226616535 -1887.689999265223 0.04390508453160336 21.715190855674603 -4105.577747204444 1.8401125118023305e-05 0.004421542644240625 0.1604815907859098
-3.2939462846911383 -0.6688066248880934 5.092895357496976 577.7041572332382 630.7645251750946 404.11984272301197 448.8816804885864 3.169617952840094 3.6904474226616535 -1887.689999265223 0.04390508453160336 21.715190855674603 -4105.577747204444 1.8401125118023305e-05 0.004421542644240625 0.1604815907859098
-3.3184986571172796 -0.6540752014324085 5.252808480655274 576.123420715332 628.6268091201782 399.6848012804985 452.29800271987915 3.169617952840094 3.6904474226616535 -1887.689999265223 0.04390508453160336 21.715190855674603 -4105.577747204444 1.8401125118023305e-05 0.004421542644240625 0.1604815907859098
-3.3430510295434166 -0.6363974932855871 5.336412033361521 575.2689199447632 627.3307000398636 395.3493921607733 453.7460141181946 3.169617952840094 3.6904474226616535 -1887.689999265223 0.04390508453160336 21.715190855674603 -4105.577747204444 1.8401125118023305e-05 0.004421542644240625 0.1604815907859098
-3.364657117278419 -0.6197018800358127 5.370277585566888 575.1047765016556 626.839164853096 391.10755264759064 453.40988779067993 3.169617952840094 3.6904474226616535 -1887.689999265223 0.04390508453160336 21.715190855674603 -4105.577747204444 1.8401125118023305e-05 0.004421542644240625 0.1604815907859098
-3.384299015219337 -0.6049704565801278 5.355890089177865 575.5713690519333 627.0887765884399 386.9506097882986 451.53970766067505 3.169617952840094 3.6904474226616535 -1887.689999265223 0.04390508453160336 21.715190855674603 -4105.577747204444 1.8401125118023305e-05 0.004421542644240625 0.1604815907859098
-3.399030438675022 -0.5951495076096712 5.3003915839322575 576.5853329896927 627.9897154569626 382.86728116869926 448.45146656036377 3.169617952840094 3.6904474226616535 -1887.689999265223 0.04390508453160336 21.715190855674603 -4105.577747204444 1.8401125118023305e-05 0.004421542644240625 0.1604815907859098
-3.4108155774395676 -0.5882748433303512 5.240463428811143 578.0395578145981 629.4257674217224 378.84367433190346 444.52707147598267 3.169617952840094 3.6904474226616535 -1887.689999265223 0.04390508453160336 21.715190855674603 -4105.577747204444 1.8401125118023305e-05 0.004421542644240625 0.1604815907859098
-3.4206365264100245 -0.5833643688451229 5.176036589385496 579.8031908273697 631.2543257474899 374.86328686773777 440.2143340110779 3.169617952840094 3.6904474226616535 -1887.689999265223 0.04390508453160336 21.715190855674603 -4105.577747204444 1.8401125118023305e-05 0.004421542644240625 0.1604815907859098
-3.4284932855863914 -0.5804180841539864 5.0711596506551375 581.7216354608536 633.3063887357712 370.90700675547123 436.0269832611084 3.169617952840094 3.6904474226616535 -1887.689999265223 0.04390508453160336 21.715190855674603 -4105.577747204444 1.8401125118023305e-05 0.004421542644240625 0.1604815907859098
-3.4334037600716196 -0.5804180841539841 4.712388980385144 583.6165525913239 635.3865619897842 366.953111872077 432.5446548461914 3.169617952840094 3.6904474226616535 -1887.689999265223 0.04390508453160336 21.715190855674603 -4105.577747204444 1.8401125118023305e-05 0.004421542644240625 0.1604815907859098
-3.4383142345568483 -0.5814001790510289 4.514993420534983 585.2858566045761 637.2730568647385 362.9772704988718 430.4128956794739 3.169617952840094 3.6904474226616535 -1887.689999265223 0.04390508453160336 21.715190855674603 -4105.577747204444 1.8401125118023305e-05 0.004421542644240625 0.1604815907859098
-3.441260519247987 -0.5823822739480737 4.390638425988502 586.5037205219269 638.7176922559738 358.95254085958004 430.3431625366211 3.169617952840094 3.6904474226616535 -1887.689999265223 0.04390508453160336 21.715190855674603 -4105.577747204444 1.8401125118023305e-05 0.004421542644240625 0.1604815907859098
-3.444206803939126 -0.5833643688451196 4.390638425988161 587.0205721855164 639.4458917379379 354.8493714183569 433.11282539367676 3.169617952840094 3.6904474226616535 -1887.689999265223 0.04390508453160336 21.715190855674603 -4105.577747204444 1.8401125118023305e-05 0.004421542644240625 0.1604815907859098
-3.4471530886302597 -0.5843464637421655 4.3906384259877065 586.5630966424942 639.1566865444183 350.6356007605791 439.5651636123657 3.169617952840094 3.6904474226616535 -1887.689999265223 0.04390508453160336 21.715190855674603 -4105.577747204444 1.8401125118023305e-05 0.004421542644240625 0.1604815907859098
-3.4471530886302597 -0.5853285586392113 3.141592653589793 584.834234714508 637.5227135419846 346.27645763754845 450.6093649864197 3.169617952840094 3.6904474226616535 -1887.689999265223 0.04390508453160336 21.715190855674603 -4105.577747204444 1.8401125118023305e-05 0.004421542644240625 0.1604815907859098
-3.4471530886302597 -0.5863106535362572 3.141592653589793 581.5131845474243 634.190216422081 341.7345609217882 467.2205319404602 3.1695839003656823 3.690424350708001 -1887.669137079357 0.04385137643852715 21.715126008596037 -4105.539879129867 1.8378615439449873e-05 0.0044215209192616295 0.16049526955394966
-3.4471530886302597 -0.587292748433303 3.141592653589793 576.2553983926773 628.7790448665619 336.96991980075836 490.43967485427856 3.1695839003656823 3.690424350708001 -1887.669137079357 0.04385137643852715 21.715126008596037 -4105.539879129867 1.8378615439449873e-05 0.0044215209192616295 0.16049526955394966
-3.4471530886302597 -0.588274843330349 3.141592653589793 568.6925860643387 620.8826551437378 331.9399331957102 521.373715877533 3.1695839003656823 3.690424350708001 -1887.669137079357 0.04385137643852715 21.715126008596037 -4105.539879129867 1.8378615439449873e-05 0.0044215209192616295 0.16049526955394966
-3.4471530886302597 -0.5892569382273949 3.141592653589793 581.9999542236328 635.0 362.3265380859375 545.6097412109375 3.1695839003656823 3.690424350708001 -1887.669137079357 0.04385137643852715 21.715126008596037 -4105.539879129867 1.8378615439449873e-05 0.0044215209192616295 0.16049526955394966
-3.4471530886302597 -0.588274843330349 -0.0 582.7795562744141 635.7402038574219 257.605224609375 420.0860595703125 3.1695839003656823 3.690424350708001 -1887.669137079357 0.04385137643852715 21.715126008596037 -4105.539879129867 1.8378615439449873e-05 0.0044215209192616295 0.16049526955394966
-3.4471530886302597 -0.5872927484333043 -0.0 581.1809387207031 633.8900756835938 233.750244140625 379.4989013671875 3.1695839003656823 3.690424350708001 -1887.669137079357 0.04385137643852715 21.715126008596037 -4105.539879129867 1.8378615439449873e-05 0.0044215209192616295 0.16049526955394966
-3.4471530886302597 -0.5863106535362594 -0.0 581.0091552734375 633.5940093994141 242.513671875 371.35205078125 3.1695839003656823 3.690424350708001 -1887.669137079357 0.04385137643852715 21.715126008596037 -4105.539879129867 1.8378615439449873e-05 0.0044215209192616295 0.16049526955394966
-3.4471530886302597 -0.5853285586392146 -0.0 583.2155609130859 635.8882904052734 252.4073486328125 360.5921630859375 3.1695839003656823 3.690424350708001 -1887.669137079357 0.04385137643852715 21.715126008596037 -4105.539879129867 1.8378615439449873e-05 0.0044215209192616295 0.16049526955394966
-3.4471530886302597 -0.5843464637421677 -0.0 585.8975830078125 638.7006072998047 248.700927734375 329.6063232421875 3.1695839003656823 3.690424350708001 -1887.669137079357 0.04385137643852715 21.715126008596037 -4105.539879129867 1.8378615439449873e-05 0.0044215209192616295 0.16049526955394966
-3.4471530886302597 -0.5833643688451229 -0.0 584.2988586425781 636.8503875732422 233.4241943359375 278.2216796875 3.1695839003656823 3.690424350708001 -1887.669137079357 0.04385137643852715 21.715126008596037 -4105.539879129867 1.8378615439449873e-05 0.0044215209192616295 0.16049526955394966
-3.4471530886302597 -0.582382273948076 -0.0 570.8091125488281 622.0485076904297 225.364501953125 223.7060546875 3.1695839003656823 3.690424350708001 -1887.669137079357 0.04385137643852715 21.715126008596037 -4105.539879129867 1.8378615439449873e-05 0.0044215209192616295 0.16049526955394966
-3.1024377797672393 -0.5234565801253354 1.8033914978222048 534.9642486572266 582.8976287841797 260.069091796875 200.7689208984375 3.1695839003656823 3.690424350708001 -1887.669137079357 0.04385137643852715 21.715126008596037 -4105.539879129867 1.8378615439449873e-05 0.0044215209192616295 0.16049526955394966
-2.7577224709042096 -0.4645308863025958 1.8033914978222043 463.44635009765625 504.89178466796875 389.8428955078125 261.5595703125 3.1695839003656823 3.690424350708001 -1887.669137079357 0.04385137643852715 21.715126008596037 -4105.539879129867 1.8378615439449873e-05 0.0044215209192616295 0.16049526955394966
-2.413007162041182 -0.4056051924798563 1.8033914978222043 340.0835723876953 370.4169158935547 683.750244140625 475.66796875 3.1695839003656823 3.690424350708001 -1887.669137079357 0.04385137643852715 21.715126008596037 -4105.539879129867 1.8378615439449873e-05 0.0044215209192616295 0.16049526955394966
