33 -1.0135219337511174 -3.204575649059983 1.3583643062861466 0.4144440465532749 -2.3010483437779774
-1.0135219337511174 -3.204575649059983 1.3583643062861466 383.3462065535132 552.4229445184683 648.7601302983239 217.59531426802278 3.288162864684741 3.886899201580271 -2099.8283533056124 3.612436681760066e-15 22.95223654478025 -4917.198396907214 1.3410090819846586e-18 0.004663257087449571 0.0009618352426760644
-0.966381378692924 -3.1957367949865723 1.3854483767992134 383.7233369651949 550.8686599747889 643.8484647786245 218.19856392033398 3.288162864684741 3.886899201580271 -2099.8283533056124 3.612436681760066e-15 22.95223654478025 -4917.198396907214 1.3410090819846586e-18 0.004663257087449571 0.0009618352426760644
-0.9113840644583635 -3.185915846016115 1.3940874707248614 384.5746857228223 549.3186502714962 637.9045887310058 224.0930642914027 3.288162864684741 3.886899201580271 -2099.8283533056124 3.612436681760066e-15 22.95223654478025 -4917.198396907214 1.3410090819846586e-18 0.004663257087449571 0.0009618352426760644
-0.859333034914942 -3.1751128021486137 1.366154516965142 385.8470531925559 547.7772498444465 631.0977101079188 234.14583905041218 3.288162864684741 3.886899201580271 -2099.8283533056124 3.612436681760066e-15 22.95223654478025 -4917.198396907214 1.3410090819846586e-18 0.004663257087449571 0.0009618352426760644
-0.8072820053715247 -3.163327663384066 1.3481353861585226 387.48992874345277 546.2484207979214 623.5830697724596 247.31842606700957 3.288162864684741 3.886899201580271 -2099.8283533056124 3.612436681760066e-15 22.95223654478025 -4917.198396907214 1.3410090819846586e-18 0.004663257087449571 0.0009618352426760644
-0.7581772605192418 -3.1485962399283807 1.2793395323170191 389.45549074630253 544.7357529049041 615.5019415090792 262.6668773982674 3.288162864684741 3.886899201580271 -2099.8283533056124 3.612436681760066e-15 22.95223654478025 -4917.198396907214 1.3410090819846586e-18 0.004663257087449571 0.0009618352426760644
-0.7051441360787798 -3.1319006266786045 1.2658039799804746 391.69860657455865 543.2424636069627 606.981632005889 279.3417593408376 3.288162864684741 3.886899201580271 -2099.8283533056124 3.612436681760066e-15 22.95223654478025 -4917.198396907214 1.3410090819846586e-18 0.004663257087449571 0.0009618352426760644
-0.6521110116383179 -3.115205013428829 1.265803979980484 394.17683260387275 541.7713980141634 598.135480877012 296.58815236389637 3.288162864684741 3.886899201580271 -2099.8283533056124 3.612436681760066e-15 22.95223654478025 -4917.198396907214 1.3410090819846586e-18 0.004663257087449571 0.0009618352426760644
-0.5951495076096679 -3.093598925693824 1.2082520895303925 396.85041421302594 540.3250289052812 589.0628606402315 313.7456511426717 3.288162864684741 3.886899201580271 -2099.8283533056124 3.612436681760066e-15 22.95223654478025 -4917.198396907214 1.3410090819846586e-18 0.004663257087449571 0.0009618352426760644
-0.5381880035810224 -3.0700286481647274 1.178456182579351 399.6822857813677 538.9054567276471 579.8491767332889 330.24836458452046 3.288162864684741 3.886899201580271 -2099.8283533056124 3.612436681760066e-15 22.95223654478025 -4917.198396907214 1.3410090819846586e-18 0.004663257087449571 0.0009618352426760644
-0.4871190689346455 -3.0425299910474495 1.0768549578753441 402.6380706926575 537.5144095971409 570.5658675092272 345.6249157562852 3.288162864684741 3.886899201580271 -2099.8283533056124 3.612436681760066e-15 22.95223654478025 -4917.198396907214 1.3410090819846586e-18 0.004663257087449571 0.0009618352426760644
-0.4399785138764566 -3.011102954341989 0.9827937232473126 405.68608133122325 536.1532432982567 561.2704042275436 359.49844196625054 3.288162864684741 3.886899201580271 -2099.8283533056124 3.612436681760066e-15 22.95223654478025 -4917.198396907214 1.3410090819846586e-18 0.004663257087449571 0.0009618352426760644
-0.39676633840644676 -2.976729632945391 0.8988331552046747 408.79731908545364 534.822941284132 552.0062910700217 371.5865947045386 3.288162864684741 3.886899201580271 -2099.8283533056124 3.612436681760066e-15 22.95223654478025 -4917.198396907214 1.3410090819846586e-18 0.004663257087449571 0.0009618352426760644
-0.3496257833482534 -2.940392121754701 0.9140946646754748 411.94547434395645 533.5241146764092 542.8030651262961 381.7015396710485 3.288162864684741 3.886899201580271 -2099.8283533056124 3.612436681760066e-15 22.95223654478025 -4917.198396907214 1.3410090819846586e-18 0.004663257087449571 0.0009618352426760644
-0.30543151298119875 -2.903072515666967 0.8695364039286252 415.10692649986595 532.2570022654036 533.6762964068912 389.7499567903578 3.288162864684741 3.886899201580271 -2099.8283533056124 3.612436681760066e-15 22.95223654478025 -4917.198396907214 1.3410090819846586e-18 0.004663257087449571 0.0009618352426760644
-0.2543625783348219 -2.866735004476277 0.9523683324223963 418.2607439471176 531.0214705100152 524.6275878297165 395.7330401521176 3.288162864684741 3.886899201580271 -2099.8283533056124 3.612436681760066e-15 22.95223654478025 -4917.198396907214 1.3410090819846586e-18 0.004663257087449571 0.0009618352426760644
-0.2140966875559508 -2.8284333034914964 0.8103929570163603 421.38868408300914 529.817013537584 515.6445752289146 399.74649807438254 3.288162864684741 3.886899201580271 -2099.8283533056124 3.612436681760066e-15 22.95223654478025 -4917.198396907214 1.3410090819846586e-18 0.004663257087449571 0.0009618352426760644
-0.17383079677707522 -2.7901316025067158 0.8103929570164157 424.47519330575597 528.642753144246 506.70092735625803 401.9805530719459 3.288162864684741 3.886899201580271 -2099.8283533056124 3.612436681760066e-15 22.95223654478025 -4917.198396907214 1.3410090819846586e-18 0.004663257087449571 0.0009618352426760644
-0.1365111906893429 -2.7518299015219356 0.7724118804772429 427.50740701775067 527.497438794664 497.75634587043896 402.71994188055396 3.288162864684741 3.886899201580271 -2099.8283533056124 3.612436681760066e-15 22.95223654478025 -4917.198396907214 1.3410090819846586e-18 0.004663257087449571 0.0009618352426760644
-0.09526320501342705 -2.7164744852282916 0.8621700546672019 430.4751496226527 526.3794476220937 488.7565653533675 402.34391540288925 3.288162864684741 3.886899201580271 -2099.8283533056124 3.612436681760066e-15 22.95223654478025 -4917.198396907214 1.3410090819846586e-18 0.004663257087449571 0.0009618352426760644
-0.05401521933750673 -2.68504744852283 0.9197196053504413 433.37093452597037 525.2867844282373 479.63335329061374 401.3262387830764 3.288162864684741 3.886899201580271 -2099.8283533056124 3.612436681760066e-15 22.95223654478025 -4917.198396907214 1.3410090819846586e-18 0.004663257087449571 0.0009618352426760644
-0.0019641897940895297 -2.6604950760966886 1.1300454790154546 436.1899641371565 524.2170816836588 470.3045100909658 400.23519134521484 3.288162864684741 3.886899201580271 -2099.8283533056124 3.612436681760066e-15 22.95223654478025 -4917.198396907214 1.3410090819846586e-18 0.004663257087449571 0.0009618352426760644
0.04321217547001432 -2.6329964189794097 1.0240074859056736 438.9301298665814 523.1675995273254 460.67386907245964 399.7335666157305 3.288162864684741 3.886899201580271 -2099.8283533056124 3.612436681760066e-15 22.95223654478025 -4917.198396907214 1.3410090819846586e-18 0.004663257087449571 0.0009618352426760644
0.07660340196956311 -2.6064798567591776 0.8996524913588481 441.5920121271629 522.1352257668041 450.63129646657035 400.57867236994207 3.288162864684741 3.886899201580271 -2099.8283533056124 3.612436681760066e-15 22.95223654478025 -4917.198396907214 1.3410090819846586e-18 0.004663257087449571 0.0009618352426760644
0.10606624888092839 -2.5789811996418996 0.8198672643968888 444.1788803349482 521.1164758783489 440.05269142473117 403.62233050726354 3.288162864684741 3.886899201580271 -2099.8283533056124 3.612436681760066e-15 22.95223654478025 -4917.198396907214 1.3410090819846586e-18 0.004663257087449571 0.0009618352426760644
0.13651119068935183 -2.552464637421666 0.8542546526986153 446.69669290748425 520.1074930066898 428.79998600296676 409.8108772020787 3.288162864684741 3.886899201580271 -2099.8283533056124 3.612436681760066e-15 22.95223654478025 -4917.198396907214 1.3410090819846586e-18 0.004663257087449571 0.0009618352426760644
0.18266965085049597 -2.525948075201433 1.049361887023129 449.1540972648654 519.1040479652511 416.72114518051967 420.1851627994329 3.288162864684741 3.886899201580271 -2099.8283533056124 3.612436681760066e-15 22.95223654478025 -4917.198396907214 1.3410090819846586e-18 0.004663257087449571 0.0009618352426760644
0.22882811101164013 -2.498449418084154 1.033511612494097 451.5624298299663 518.1015392359841 403.65016684355214 435.8805518485606 3.288162864684741 3.886899201580271 -2099.8283533056124 3.612436681760066e-15 22.95223654478025 -4917.198396907214 1.3410090819846586e-18 0.004663257087449571 0.0009618352426760644
0.2710581915846052 -2.4719328558639218 1.0101093318121215 453.9357160271611 517.0949929695344 389.40708179958165 458.1269231289625 3.288162864684741 3.886899201580271 -2099.8283533056124 3.612436681760066e-15 22.95223654478025 -4917.198396907214 1.3410090819846586e-18 0.004663257087449571 0.0009618352426760644
0.3093598925693868 -2.443452103849598 0.9314104211087386 456.2906702843029 516.0790629848925 373.7979537625797 488.24866956472397 3.288162864684741 3.886899201580271 -2099.8283533056124 3.612436681760066e-15 22.95223654478025 -4917.198396907214 1.3410090819846586e-18 0.004663257087449571 0.0009618352426760644
0.3476615935541683 -2.411042972247092 0.8685393952859078 458.6466960303951 515.0480307699618 356.61487936554477 527.6646983660758 3.288162864684741 3.886899201580271 -2099.8283533056124 3.612436681760066e-15 22.95223654478025 -4917.198396907214 1.3410090819846586e-18 0.004663257087449571 0.0009618352426760644
0.371231871083265 -2.373723366159356 0.5633162614919771 461.02588569780346 513.9958054810268 337.63598815491423 577.8884308636189 3.288162864684741 3.886899201580271 -2099.8283533056124 3.612436681760066e-15 22.95223654478025 -4917.198396907214 1.3410090819846586e-18 0.004663257087449571 0.0009618352426760644
0.3908737690241782 -2.3373858549686672 0.49555167348583623 463.453020720277 512.9159239429937 316.6254425882362 640.5278026591986 3.288162864684741 3.886899201580271 -2099.8283533056124 3.612436681760066e-15 22.95223654478025 -4917.198396907214 1.3410090819846586e-18 0.004663257087449571 0.0009618352426760644
0.4144440465532749 -2.3010483437779774 0.5754246505352966 468.2201169017935 510.98519382523955 314.2146761245094 269.73461059480906 3.288162864684741 3.886899201580271 -2099.8283533056124 3.612436681760066e-15 22.95223654478025 -4917.198396907214 1.3410090819846586e-18 0.004663257087449571 0.0009618352426760644
0.4497994628469132 -2.2627466427931973 0.7853981633974184 471.3710650508001 511.61169453850016 322.3779603494331 252.98896694974974 3.288162864684741 3.886899201580271 -2099.8283533056124 3.612436681760066e-15 22.95223654478025 -4917.198396907214 1.3410090819846586e-18 0.004663257087449571 0.0009618352426760644
0.47336974037600543 -2.2195344673231885 0.5438324563021115 474.56901666370686 512.1801141563046 332.2497676471248 238.85648116329685 3.288162864684741 3.886899201580271 -2099.8283533056124 3.612436681760066e-15 22.95223654478025 -4917.198396907214 1.3410090819846586e-18 0.004663257087449571 0.0009618352426760644
0.4772981199641845 -2.1743581020590868 0.13255153229665084 477.8069586791098 512.7009357705247 343.581906768959 227.1221916959621 3.288162864684741 3.886899201580271 -2099.8283533056124 3.612436681760066e-15 22.95223654478025 -4917.198396907214 1.3410090819846586e-18 0.004663257087449571 0.0009618352426760644
0.47336974037600543 -2.12623545210385 6.241542728081035 481.07833921079873 513.184113858937 356.1369822649285 217.57856759009883 3.288162864684741 3.886899201580271 -2099.8283533056124 3.612436681760066e-15 22.95223654478025 -4917.198396907214 1.3410090819846586e-18 0.004663257087449571 0.0009618352426760644
0.46551298119963835 -2.077130707251568 6.161342870159687 484.3770675479027 513.6390742851072 369.68839449994266 210.02550846291706 3.2703035913052205 3.873733711317568 -2085.005451215134 -0.048303527141562504 22.823127003551292 -4826.889007528867 -2.024456292605311e-05 0.004656056041890899 0.019296875151957837
0.4458710832587252 -2.0250796777081486 5.949941006067879 487.6975141551229 514.0747142985929 384.0203396361321 204.2703445162624 3.2703035913052205 3.873733711317568 -2085.005451215134 -0.048303527141562504 22.823127003551292 -4826.889007528867 -2.024456292605311e-05 0.004656056041890899 0.019296875151957837
0.4223008057296285 -1.974010743061775 5.875929459104771 491.0345106716559 514.4994025344495 398.9278096407652 200.1278365207836 3.2703035913052205 3.873733711317568 -2085.005451215134 -0.048303527141562504 22.823127003551292 -4826.889007528867 -2.024456292605311e-05 0.004656056041890899 0.019296875151957837
0.40658728737689886 -1.9239239033124462 6.010176604092859 494.38334991259035 514.9209790141031 414.21659229462966 197.42017583269626 3.2703035913052205 3.873733711317568 -2085.005451215134 -0.048303527141562504 22.823127003551292 -4826.889007528867 -2.024456292605311e-05 0.004656056041890899 0.019296875151957837
0.39087376902416926 -1.8738370635631174 6.010176604092859 497.73978586800513 515.3467551443609 429.7032711696811 195.97698438726366 3.2703035913052205 3.873733711317568 -2085.005451215134 -0.048303527141562504 22.823127003551292 -4826.889007528867 -2.024456292605311e-05 0.004656056041890899 0.019296875151957837
0.3712318710832516 -1.8266965085049252 5.917438005917211 501.10003370334744 515.7835137180227 445.21522565511987 195.63531469227746 3.2703035913052205 3.873733711317568 -2085.005451215134 -0.048303527141562504 22.823127003551292 -4826.889007528867 -2.024456292605311e-05 0.004656056041890899 0.019296875151957837
0.3358764547896088 -1.7805380483437798 5.629549410260069 504.46076975917094 516.237508913764 460.59063094016165 196.23964983969927 3.2703035913052205 3.873733711317568 -2085.005451215134 -0.048303527141562504 22.823127003551292 -4826.889007528867 -2.024456292605311e-05 0.004656056041890899 0.019296875151957837
0.300521038495966 -1.7373258728737702 5.597455796273323 507.81913155145594 516.7144662961655 475.6784580159001 197.64190349308774 3.2703035913052205 3.873733711317568 -2085.005451215134 -0.048303527141562504 22.823127003551292 -4826.889007528867 -2.024456292605311e-05 0.004656056041890899 0.019296875151957837
0.2730223813786903 -1.696077887197852 5.695182703632069 511.17271777123096 517.21958281548 490.33847368415445 199.7014199043624 3.2703035913052205 3.873733711317568 -2085.005451215134 -0.048303527141562504 22.823127003551292 -4826.889007528867 -2.024456292605311e-05 0.004656056041890899 0.019296875151957837
0.24552372426141006 -1.6567940913160257 5.672459342790347 514.5195882848056 517.7575268079236 504.44124055095017 202.2849738933146 3.2703035913052205 3.873733711317568 -2085.005451215134 -0.048303527141562504 22.823127003551292 -4826.889007528867 -2.024456292605311e-05 0.004656056041890899 0.019296875151957837
0.21507878245299555 -1.6165282005371546 5.635793167439661 517.8582641339744 518.3324379955884 517.8681170218624 205.2667708643712 3.2703035913052205 3.873733711317568 -2085.005451215134 -0.048303527141562504 22.823127003551292 -4826.889007528867 -2.024456292605311e-05 0.004656056041890899 0.019296875151957837
0.19249059982093916 -1.579208594449419 5.738904822233492 521.187727535551 518.9479274862388 530.5112573122606 208.5284467986785 3.2703035913052205 3.873733711317568 -2085.005451215134 -0.048303527141562504 22.823127003551292 -4826.889007528867 -2.024456292605311e-05 0.004656056041890899 0.019296875151957837
0.16597403760070817 -1.5389427036705468 5.700832361035636 524.5074218816007 519.6070777735731 542.273611440789 211.959068255499 3.2703035913052205 3.873733711317568 -2085.005451215134 -0.048303527141562504 22.823127003551292 -4826.889007528867 -2.024456292605311e-05 0.004656056041890899 0.019296875151957837
0.13552909579229813 -1.495730528200538 5.6694152121630985 527.8172517395287 520.3124427373114 553.0689252349548 215.45513237360865 3.2703035913052205 3.873733711317568 -2085.005451215134 -0.048303527141562504 22.823127003551292 -4826.889007528867 -2.024456292605311e-05 0.004656056041890899 0.019296875151957837
0.10901253357206715 -1.4515362578334834 5.7427658069090315 531.1175828518753 521.0660476427583 562.8217403166927 218.92056686850265 3.2703035913052205 3.873733711317568 -2085.005451215134 -0.048303527141562504 22.823127003551292 -4826.889007528867 -2.024456292605311e-05 0.004656056041890899 0.019296875151957837
0.08642435094001523 -1.403413607878245 5.844326008216057 534.4092421367532 521.8693891411531 571.4673941275105 222.26673003286123 3.2703035913052205 3.873733711317568 -2085.005451215134 -0.048303527141562504 22.823127003551292 -4826.889007528867 -2.024456292605311e-05 0.004656056041890899 0.019296875151957837
0.0638361683079633 -1.3543088630259634 5.852046566460765 537.693517687032 522.723435269465 578.9520199042745 225.4124107430689 3.2703035913052205 3.873733711317568 -2085.005451215134 -0.048303527141562504 22.823127003551292 -4826.889007528867 -2.024456292605311e-05 0.004656056041890899 0.019296875151957837
0.04124798567591585 -1.3042220232766357 5.859516385302108 540.9721587711247 523.6286254509178 585.2325466875918 228.2838284475729 3.2703035913052205 3.873733711317568 -2085.005451215134 -0.048303527141562504 22.823127003551292 -4826.889007528867 -2.024456292605311e-05 0.004656056041890899 0.019296875151957837
0.011785138764546111 -1.254135183527307 5.751461239920783 544.2473758328124 524.5848704939999 590.2766993283294 230.8146331771277 3.2703035913052205 3.873733711317568 -2085.005451215134 -0.048303527141562504 22.823127003551292 -4826.889007528867 -2.024456292605311e-05 0.004656056041890899 0.019296875151957837
-0.017677708146823633 -1.204048343777977 5.7514612399207925 547.52184049075 525.5915525934543 594.0629984810948 232.94590553967282 3.2703035913052205 3.873733711317568 -2085.005451215134 -0.048303527141562504 22.823127003551292 -4826.889007528867 -2.024456292605311e-05 0.004656056041890899 0.019296875151957837
-0.048122649955242604 -1.1539615040286482 5.7370187437457485 550.7986855391355 526.6475253296958 596.5807606047019 234.6261567226611 3.2703035913052205 3.873733711317568 -2085.005451215134 -0.048303527141562504 22.823127003551292 -4826.889007528867 -2.024456292605311e-05 0.004656056041890899 0.019296875151957837
-0.08151387645479588 -1.1019104744852288 5.712802025529628 554.0815049473022 527.7511136690737 597.8300979635678 235.81132848840207 3.2703035913052205 3.873733711317568 -2085.005451215134 -0.048303527141562504 22.823127003551292 -4826.889007528867 -2.024456292605311e-05 0.004656056041890899 0.019296875151957837
-0.11883348254253266 -1.0508415398388553 5.652105919708228 557.3743538599228 528.9001139636675 597.8219186221249 236.46479317964986 3.2703035913052205 3.873733711317568 -2085.005451215134 -0.048303527141562504 22.823127003551292 -4826.889007528867 -2.024456292605311e-05 0.004656056041890899 0.019296875151957837
-0.15909937332139928 -1.0007547000895254 5.606057734642672 560.6817485969223 530.0917939515202 596.5779264569283 236.5573537205346 3.2703035913052205 3.873733711317568 -2085.005451215134 -0.048303527141562504 22.823127003551292 -4826.889007528867 -2.024456292605311e-05 0.004656056041890899 0.019296875151957837
-0.19936526410027486 -0.9536141450313342 5.576277246419421 564.0086666533025 531.322892756376 594.1306211492047 236.06724360771477 3.2703035913052205 3.873733711317568 -2085.005451215134 -0.048303527141562504 22.823127003551292 -4826.889007528867 -2.024456292605311e-05 0.004656056041890899 0.019296875151957837
-0.24355953446732945 -0.907455684870189 5.519522850623924 567.360546699434 532.5896208879421 590.5232981787995 234.98012692062184 3.2703035913052205 3.873733711317568 -2085.005451215134 -0.048303527141562504 22.823127003551292 -4826.889007528867 -2.024456292605311e-05 0.004656056041890899 0.019296875151957837
-0.29070008952551835 -0.8642435094001791 5.4543362483906455 570.7432885809394 533.8876602418895 585.8100488339551 233.28909831680357 3.2703035913052205 3.873733711317568 -2085.005451215134 -0.048303527141562504 22.823127003551292 -4826.889007528867 -2.024456292605311e-05 0.004656056041890899 0.019296875151957837
-0.34471530886303403 -0.822995523724261 5.364560392141724 574.1632533187221 535.2121640993573 580.0557602113113 230.99468302959576 3.2703035913052205 3.873733711317568 -2085.005451215134 -0.048303527141562504 22.823127003551292 -4826.889007528867 -2.024456292605311e-05 0.004656056041890899 0.019296875151957837
-0.40265890778872876 -0.7807654431512981 5.342192315805096 577.6272631087922 536.5577571275062 573.3361152047291 228.10483687371016 3.2703035913052205 3.873733711317568 -2085.005451215134 -0.048303527141562504 22.823127003551292 -4826.889007528867 -2.024456292605311e-05 0.004656056041890899 0.019296875151957837
-0.45962041181737423 -0.7365711727842436 5.372237406673635 581.1426013225573 537.9185353795765 565.7375925257802 224.63494623778388 3.2703035913052205 3.873733711317568 -2085.005451215134 -0.048303527141562504 22.823127003551292 -4826.889007528867 -2.024456292605311e-05 0.004656056041890899 0.019296875151957837
-0.5155998209489749 -0.6923769024171901 5.380678399215277 584.7170125066768 539.2880662943935 557.3574666711502 220.60782809136435 3.2703035913052205 3.873733711317568 -2085.005451215134 -0.048303527141562504 22.823127003551292 -4826.889007528867 -2.024456292605311e-05 0.004656056041890899 0.019296875151957837
-0.5686329453894414 -0.6462184422560437 5.428590865163551 588.3587023829459 540.6593886966002 548.3038079636171 216.05372998537496 3.2703035913052205 3.873733711317568 -2085.005451215134 -0.048303527141562504 22.823127003551292 -4826.889007528867 -2.024456292605311e-05 0.004656056041890899 0.019296875151957837
-0.6177376902417243 -0.6000599820948973 5.4668691642191 592.0763378484698 542.0250127968029 538.6954825175926 211.01033004699275 3.2703035913052205 3.873733711317568 -2085.005451215134 -0.048303527141562504 22.823127003551292 -4826.889007528867 -2.024456292605311e-05 0.004656056041890899 0.019296875151957837
-0.6629140555058237 -0.553901521933751 5.508539417573254 595.8790469756932 543.3769201913383 528.6621522568166 205.52273697638884 3.2703035913052205 3.873733711317568 -2085.005451215134 -0.048303527141562504 22.823127003551292 -4826.889007528867 -2.024456292605311e-05 0.004656056041890899 0.019296875151957837
-0.7149650850492454 -0.5057788719785139 5.458591541855064 599.7764190121379 544.7065638625936 518.3442749120295 199.64349006162956 3.2703035913052205 3.873733711317568 -2085.005451215134 -0.048303527141562504 22.823127003551292 -4826.889007528867 -2.024456292605311e-05 0.004656056041890899 0.019296875151957837
-0.7699623992838013 -0.4547099373321404 5.46076702790821 603.7785043806944 546.0048681787448 507.89310400979593 193.43255916051567 3.2703035913052205 3.873733711317568 -2085.005451215134 -0.048303527141562504 22.823127003551292 -4826.889007528867 -2.024456292605311e-05 0.004656056041890899 0.019296875151957837
-0.818085049239035 -0.40167681289167506 5.546292756022556 607.8958146793593 547.2622288934072 497.4706888939254 186.9573447154835 3.2703035913052205 3.873733711317568 -2085.005451215134 -0.048303527141562504 22.823127003551292 -4826.889007528867 -2.024456292605311e-05 0.004656056041890899 0.019296875151957837
-0.8593330349149508 -0.34569740376007096 5.648158571789306 612.1393226816435 548.4685131466249 487.24987470684573 180.29267774289474 3.2703035913052205 3.873733711317568 -2085.005451215134 -0.048303527141562504 22.823127003551292 -4826.889007528867 -2.024456292605311e-05 0.004656056041890899 0.019296875151957837
-0.8966526410026876 -0.28971799462846803 5.695182703632001 616.5204623359605 549.613059463969 477.4143023933284 173.52081984002143 3.2703035913052205 3.873733711317568 -2085.005451215134 -0.048303527141562504 22.823127003551292 -4826.889007528867 -2.024456292605311e-05 0.004656056041890899 0.019296875151957837
-0.9310259623992901 -0.2327564905998203 5.740234166747932 621.0511287663539 550.6846777569153 468.158408713527 166.7314631845802 3.2703035913052205 3.873733711317568 -2085.005451215134 -0.048303527141562504 22.823127003551292 -4826.889007528867 -2.024456292605311e-05 0.004656056041890899 0.019296875151957837
-0.9614709042077046 -0.1738307967770808 5.806293439514063 625.7436782717996 551.6716493226413 459.687426215969 160.02173052588478 3.2703035913052205 3.873733711317568 -2085.005451215134 -0.048303527141562504 22.823127003551292 -4826.889007528867 -2.024456292605311e-05 0.004656056041890899 0.019296875151957837
-0.9889695613249848 -0.10901253357206828 5.881956508174709 630.610928326787 552.5617268445203 452.2173832668923 153.49617519509047 3.2703035913052205 3.873733711317568 -2085.005451215134 -0.048303527141562504 22.823127003551292 -4826.889007528867 -2.024456292605311e-05 0.004656056041890899 0.019296875151957837
-1.0095935541629428 -0.04026589077887221 5.991728512701731 635.6661575807375 553.3421343913942 445.97510403674096 147.2667811056599 3.2703035913052205 3.873733711317568 -2085.005451215134 -0.048303527141562504 22.823127003551292 -4826.889007528867 -2.024456292605311e-05 0.004656056041890899 0.019296875151957837
-1.027271262309762 0.03240913160250515 6.0445759846714155 640.9231058585283 553.9995674181264 441.1982084987685 141.4529627431184 3.2703035913052205 3.873733711317568 -2085.005451215134 -0.048303527141562504 22.823127003551292 -4826.889007528867 -2.024456292605311e-05 0.004656056041890899 0.019296875151957837
-1.041020590868402 0.10606624888093062 6.098642509988963 646.3959741604922 554.5201927653397 438.13511242857203 136.18156517622992 3.2703035913052205 3.873733711317568 -2085.005451215134 -0.048303527141562504 22.823127003551292 -4826.889007528867 -2.024456292605311e-05 0.004656056041890899 0.019296875151957837
-1.0478952551477243 0.1787412712623091 6.188871355852369 652.0994246615737 554.8896486598242 437.0450274050236 131.58686404908076 3.312868292901801 3.8272014099727762 -2089.4854501470877 0.048309556999981185 22.64705494965047 -4814.414089045525 2.0247090108960954e-05 0.004595416582911615 0.019053042669318183
-1.0518236347359078 0.25436257833482523 6.231283908721402 658.0485807126097 555.0930447136634 438.197960822843 127.81056558573619 3.312868292901801 3.8272014099727762 -2089.4854501470877 0.048309556999981185 22.64705494965047 -4814.414089045525 2.0247090108960954e-05 0.004595416582911615 0.019053042669318183
-1.0518236347359033 0.3309659803043861 5.830094242134189e-14 664.2590268393396 555.1149619250209 441.8747158735059 125.00180658698082 3.312868292901801 3.8272014099727762 -2089.4854501470877 0.048309556999981185 22.64705494965047 -4814.414089045525 2.0247090108960954e-05 0.004595416582911615 0.019053042669318183
-1.0488773500447646 0.4134619516562212 0.035699112679345696 670.746808743017 554.9394526781107 448.3668915471062 123.31715443124995 3.312868292901801 3.8272014099727762 -2089.4854501470877 0.048309556999981185 22.64705494965047 -4814.414089045525 2.0247090108960954e-05 0.004595416582911615 0.019053042669318183
-1.0459310653536302 0.49890420769919497 0.03446910099947606 677.5284332999727 554.5500407428772 457.9768826565705 122.92060707928613 3.312868292901801 3.8272014099727762 -2089.4854501470877 0.048309556999981185 22.64705494965047 -4814.414089045525 2.0247090108960954e-05 0.004595416582911615 0.019053042669318183
-1.0361101163831692 0.5863106535362572 0.11189026617172827 684.620868561673 553.9297212748497 471.01787980040535 123.98359306855127 3.312868292901801 3.8272014099727762 -2089.4854501470877 0.048309556999981185 22.64705494965047 -4814.414089045525 2.0247090108960954e-05 0.004595416582911615 0.019053042669318183
-1.0321817367949901 0.6688066248880934 0.04758310327693967 692.0415437549527 553.0609608157538 487.8138693985529 126.68497151415795 3.312868292901801 3.8272014099727762 -2089.4854501470877 0.048309556999981185 22.64705494965047 -4814.414089045525 2.0247090108960954e-05 0.004595416582911615 0.019053042669318183
