21 -1.567423455684865 3.9470393912265 1.3791478301081883 -0.5470268576544298 4.050159355416294
-1.567423455684865 3.9470393912265 1.3791478301081883 983.4525127062807 563.8018350992352 702.1075664013624 249.72162656486034 3.1809322944404896 3.7215044240903135 -1900.508059787889 0.04406378721735907 21.91709306054165 -4126.331814352557 1.8467639236110264e-05 0.004479604128153091 0.153047455974348
-1.5045693822739419 3.957842435094001 1.4005844015094384 983.282246129238 561.8765743300319 714.7319831699133 275.5062857121229 3.1809322944404896 3.7215044240903135 -1900.508059787889 0.04406378721735907 21.91709306054165 -4126.331814352557 1.8467639236110264e-05 0.004479604128153091 0.153047455974348
-1.4446615935541578 3.964717099373321 1.456541998833448 982.8226722927066 559.9032309055328 727.1513517275453 297.6865485906601 3.1809322944404896 3.7215044240903135 -1900.508059787889 0.04406378721735907 21.91709306054165 -4126.331814352557 1.8467639236110264e-05 0.004479604128153091 0.153047455974348
-1.3877000895255167 3.9686454789615047 1.5019398374938278 982.1146266611759 557.9126809388399 739.3772524520755 316.43474139273167 3.1809322944404896 3.7215044240903135 -1900.508059787889 0.04406378721735907 21.91709306054165 -4126.331814352557 1.8467639236110264e-05 0.004479604128153091 0.153047455974348
-1.329756490599822 3.971591763652641 1.5199926227366833 981.199084201362 555.9319101274014 751.4289963953197 331.95799265801907 3.1809322944404896 3.7215044240903135 -1900.508059787889 0.04406378721735907 21.91709306054165 -4126.331814352557 1.8467639236110264e-05 0.004479604128153091 0.153047455974348
-1.2688666069829884 3.972573858549688 1.554668692951239 980.1171593830222 553.9840136449784 763.3336254507303 344.4982330054045 3.1809322944404896 3.7215044240903135 -1900.508059787889 0.04406378721735907 21.91709306054165 -4126.331814352557 1.8467639236110264e-05 0.004479604128153091 0.153047455974348
-1.2069946284691102 3.973555953446733 1.5549246438031215 978.9101061774418 552.0881962329149 775.1259121932089 354.33219546079636 3.1809322944404896 3.7215044240903135 -1900.508059787889 0.04406378721735907 21.91709306054165 -4126.331814352557 1.8467639236110264e-05 0.004479604128153091 0.153047455974348
-1.1539615040286437 3.970609668755594 1.626294832040646 977.6193180590635 550.2597721852362 786.8483600281179 361.7714149206877 3.1809322944404896 3.7215044240903135 -1900.508059787889 0.04406378721735907 21.91709306054165 -4126.331814352557 1.8467639236110264e-05 0.004479604128153091 0.153047455974348
-1.1038746642793116 3.964717099373321 1.687905071361735 976.2863280046731 548.5101652666926 798.5512030869722 367.16222853958607 3.1809322944404896 3.7215044240903135 -1900.508059787889 0.04406378721735907 21.91709306054165 -4126.331814352557 1.8467639236110264e-05 0.004479604128153091 0.153047455974348
-1.0469131602506663 3.9598066248880905 1.6567906179891803 974.9528084933991 546.8469088245183 810.2924062497914 370.88577599823475 3.1809322944404896 3.7215044240903135 -1900.508059787889 0.04406378721735907 21.91709306054165 -4126.331814352557 1.8467639236110264e-05 0.004479604128153091 0.153047455974348
-0.9938800358102042 3.9548961504028646 1.66312566152646 973.6605715071782 545.2736457493156 822.1376651786268 373.3579987883568 3.1809322944404896 3.7215044240903135 -1900.508059787889 0.04406378721735907 21.91709306054165 -4126.331814352557 1.8467639236110264e-05 0.004479604128153091 0.153047455974348
-0.9467394807520109 3.9499856759176364 1.6745886672519354 972.4515685298247 543.7901284191757 834.1604062840343 375.02964067459106 3.1809322944404896 3.7215044240903135 -1900.508059787889 0.04406378721735907 21.91709306054165 -4126.331814352557 1.8467639236110264e-05 0.004479604128153091 0.153047455974348
-0.9054914950760905 3.946057296329455 1.6657480331376147 971.3678905480774 542.3922187872231 846.4417867586017 376.38624772429466 3.1809322944404896 3.7215044240903135 -1900.508059787889 0.04406378721735907 21.91709306054165 -4126.331814352557 1.8467639236110264e-05 0.004479604128153091 0.153047455974348
-0.8603151298119955 3.9460572963294527 1.570796326794946 970.4517680511344 541.0718883182853 859.0706945247948 377.9481681138277 3.1809322944404896 3.7215044240903135 -1900.508059787889 0.04406378721735907 21.91709306054165 -4126.331814352557 1.8467639236110264e-05 0.004479604128153091 0.153047455974348
-0.8190671441360753 3.9470393912265 1.5469913006097957 969.7455710305367 539.8172180037946 872.1437483020127 380.27055221796036 3.1809322944404896 3.7215044240903135 -1900.508059787889 0.04406378721735907 21.91709306054165 -4126.331814352557 1.8467639236110264e-05 0.004479604128153091 0.153047455974348
-0.7837117278424325 3.9499856759176364 1.4876550949064657 969.2918089801678 538.6123984232545 885.7652975395322 383.943352535367 3.1809322944404896 3.7215044240903135 -1900.508059787889 0.04406378721735907 21.91709306054165 -4126.331814352557 1.8467639236110264e-05 0.004479604128153091 0.153047455974348
-0.751302596239924 3.9539140555058196 1.4501726582147734 969.1331308967201 537.4377296101302 900.0474224090576 389.59132392704487 3.1809322944404896 3.7215044240903135 -1900.508059787889 0.04406378721735907 21.91709306054165 -4126.331814352557 1.8467639236110264e-05 0.004479604128153091 0.153047455974348
-0.7120188003580976 3.9637350044762765 1.3258176636680326 969.3123252792284 536.2696211822331 915.109933976084 397.87402315437794 3.1809322944404896 3.7215044240903135 -1900.508059787889 0.04406378721735907 21.91709306054165 -4126.331814352557 1.8467639236110264e-05 0.004479604128153091 0.153047455974348
-0.6658603401969535 3.9814127126230976 1.2050490255325477 969.8723201290704 535.0805922877043 931.080373890698 409.4858095794916 3.1809322944404896 3.7215044240903135 -1900.508059787889 0.04406378721735907 21.91709306054165 -4126.331814352557 1.8467639236110264e-05 0.004479604128153091 0.153047455974348
-0.6265765443151227 4.001054610564011 1.107148717794136 970.8561829497339 533.839271588251 948.0940147079527 425.1558443903923 3.1809322944404896 3.7215044240903135 -1900.508059787889 0.04406378721735907 21.91709306054165 -4126.331814352557 1.8467639236110264e-05 0.004479604128153091 0.153047455974348
-0.5833643688451173 4.025606982990152 1.054101188032584 972.3071207487956 532.5103973075747 966.2938596978784 445.6480910331011 3.1809322944404896 3.7215044240903135 -1900.508059787889 0.04406378721735907 21.91709306054165 -4126.331814352557 1.8467639236110264e-05 0.004479604128153091 0.153047455974348
-0.5470268576544298 4.050159355416294 0.97658262299444 1066.6575966067612 482.3627694081515 629.296241812408 329.13322638114914 3.1809322944404896 3.7215044240903135 -1900.508059787889 0.04406378721735907 21.91709306054165 -4126.331814352557 1.8467639236110264e-05 0.004479604128153091 0.153047455974348
-0.5205102954341944 4.073729632945388 0.8441539861132494 1023.9546172507107 505.49041310697794 661.6058091968298 325.5330090695061 3.1809322944404896 3.7215044240903135 -1900.508059787889 0.04406378721735907 21.91709306054165 -4126.331814352557 1.8467639236110264e-05 0.004479604128153091 0.153047455974348
-0.5008683974932856 4.094353625783349 0.7610127542245838 984.2101774495095 526.8940817713737 689.340129148215 321.5576830836944 3.1809322944404896 3.7215044240903135 -1900.508059787889 0.04406378721735907 21.91709306054165 -4126.331814352557 1.8467639236110264e-05 0.004479604128153091 0.153047455974348
-0.48122649955237246 4.1169418084154 0.715743589668841 947.295789077878 546.6541864424944 712.7683485597372 317.24173127627 3.1809322944404896 3.7215044240903135 -1900.508059787889 0.04406378721735907 21.91709306054165 -4126.331814352557 1.8467639236110264e-05 0.004479604128153091 0.153047455974348
-0.46060250671441005 4.140512085944494 0.7188299996217385 913.0856187231839 564.8493482321501 732.1530420966446 312.6187563035637 3.1809322944404896 3.7215044240903135 -1900.508059787889 0.04406378721735907 21.91709306054165 -4126.331814352557 1.8467639236110264e-05 0.004479604128153091 0.153047455974348
-0.8229955237242588 3.8665076096687554 4.06499684064476 881.4564875848591 581.5563982706517 747.7502122595906 307.72148058516905 3.1809322944404896 3.7215044240903135 -1900.508059787889 0.04406378721735907 21.91709306054165 -4126.331814352557 1.8467639236110264e-05 0.004479604128153091 0.153047455974348
-1.3091324977618595 3.472687555953445 4.03151916172741 852.287871548906 596.8503777626902 759.8092893771827 302.5817463439889 3.1809322944404896 3.7215044240903135 -1900.508059787889 0.04406378721735907 21.91709306054165 -4126.331814352557 1.8467639236110264e-05 0.004479604128153091 0.153047455974348
-1.8149113697403734 3.016013428827214 3.9779670240625546 825.4619011171162 610.8045379538089 768.5731315016747 297.2305155689828 3.1809322944404896 3.7215044240903135 -1900.508059787889 0.04406378721735907 21.91709306054165 -4126.331814352557 1.8467639236110264e-05 0.004479604128153091 0.153047455974348
-2.3216723366159275 2.5357690241718887 3.953850027865677 800.8633614704013 623.4903401229531 774.2780245952308 291.6978700393811 3.1809322944404896 3.7215044240903135 -1900.508059787889 0.04406378721735907 21.91709306054165 -4126.331814352557 1.8467639236110264e-05 0.004479604128153091 0.153047455974348
-2.8205765443151236 2.0476678603401983 3.9379356535728336 778.3796924576163 634.977455612272 777.1536823809147 286.0130113228224 3.197905677907719 3.720726216819773 -1911.4335668842696 0.04944834188406621 21.87026228060364 -4113.202186678017 2.0724367931293597e-05 0.004466522965645235 0.15593177164778935
-3.3145702775290915 1.5762623097582824 3.950384310599743 757.9009885415435 645.3337658103555 777.4232463911176 280.20426076464355 3.197905677907719 3.720726216819773 -1911.4335668842696 0.04944834188406621 21.87026228060364 -4113.202186678017 2.0724367931293597e-05 0.004466522965645235 0.15593177164778935
-3.783029543419873 1.1176239928379585 3.9375836411088447 739.3199988752604 654.6253621336073 775.3032859563828 274.2990594948642 3.197905677907719 3.720726216819773 -1911.4335668842696 0.04944834188406621 21.87026228060364 -4113.202186678017 2.0724367931293597e-05 0.004466522965645235 0.15593177164778935
-4.243632050134283 0.6746991942703664 3.9465535384448343 722.5321272425354 662.9165460783988 771.003798250109 268.32396842353046 3.197905677907719 3.720726216819773 -1911.4335668842696 0.04944834188406621 21.87026228060364 -4113.202186678017 2.0724367931293597e-05 0.004466522965645235 0.15593177164778935
-4.701288272157568 0.23963115487914036 3.952287949601439 707.4354320950806 670.2698291670531 764.7282082289457 262.30466825235635 3.197905677907719 3.720726216819773 -1911.4335668842696 0.04944834188406621 21.87026228060364 -4113.202186678017 2.0724367931293597e-05 0.004466522965645235 0.15593177164778935
-5.156980304386745 -0.1885622202327668 3.958091896429214 693.9306265320629 676.7459329664707 756.6733686849475 256.2659594574943 3.197905677907719 3.720726216819773 -1911.4335668842696 0.04944834188406621 21.87026228060364 -4113.202186678017 2.0724367931293597e-05 0.004466522965645235 0.15593177164778935
-5.2316195165622235 -0.31623455684870233 3.6706231246694885 681.9210783205926 682.4037891160697 747.029560148716 250.23176230769604 3.197905677907719 3.720726216819773 -1911.4335668842696 0.04944834188406621 21.87026228060364 -4113.202186678017 2.0724367931293597e-05 0.004466522965645235 0.15593177164778935
-5.185461056401071 -0.32507341092211306 1.7599953488948314 671.3128098510206 687.3005392681807 735.9804910346866 244.22511684615165 3.197905677907719 3.720726216819773 -1911.4335668842696 0.04944834188406621 21.87026228060364 -4113.202186678017 2.0724367931293597e-05 0.004466522965645235 0.15593177164778935
-5.129481647269469 -0.2730223813786936 0.8217457844164573 662.0144981946796 691.491535147652 723.703297585249 238.2681829049252 3.197905677907719 3.720726216819773 -1911.4335668842696 0.04944834188406621 21.87026228060364 -4113.202186678017 2.0724367931293597e-05 0.004466522965645235 0.15593177164778935
-5.075466427931958 -0.19838316920322227 0.6264451935687471 653.9374750740826 695.0303385220468 710.3685437701643 232.38224010262638 3.197905677907719 3.720726216819773 -1911.4335668842696 0.04944834188406621 21.87026228060364 -4113.202186678017 2.0724367931293597e-05 0.004466522965645235 0.15593177164778935
-5.0342184422560425 -0.12177976723366138 0.4939413689195656 646.9957268554717 697.968721203506 696.1402214020491 226.58768782857805 3.197905677907719 3.720726216819773 -1911.4335668842696 0.04944834188406621 21.87026228060364 -4113.202186678017 2.0724367931293597e-05 0.004466522965645235 0.15593177164778935
-4.991006266786037 -0.061871978513879364 0.5113670147935555 641.105894561857 700.3566650487483 681.1757501102984 220.90404527354985 3.197905677907719 3.720726216819773 -1911.4335668842696 0.04944834188406621 21.87026228060364 -4113.202186678017 2.0724367931293597e-05 0.004466522965645235 0.15593177164778935
-4.961543419874663 -0.014731423455685988 0.5287926606675454 636.1872738823295 702.2423619665205 665.6259773112833 215.3499513939023 3.197905677907719 3.720726216819773 -1911.4335668842696 0.04944834188406621 21.87026228060364 -4113.202186678017 2.0724367931293597e-05 0.004466522965645235 0.15593177164778935
-4.939937332139656 0.016695613249775518 0.5462183065415354 632.1618151348084 703.6722139120102 649.635178308934 209.9431649465114 3.197905677907719 3.720726216819773 -1911.4335668842696 0.04944834188406621 21.87026228060364 -4113.202186678017 2.0724367931293597e-05 0.004466522965645235 0.15593177164778935
-4.924223813786922 0.03633751119068979 0.5636439524155252 628.9541233237833 704.6908328980207 633.3410561122 204.70056445151567 3.197905677907719 3.720726216819773 -1911.4335668842696 0.04944834188406621 21.87026228060364 -4113.202186678017 2.0724367931293597e-05 0.004466522965645235 0.15593177164778935
-4.902617726051919 0.045176365264100495 0.5810695982895151 626.4914580788463 705.341040963307 616.8747415952384 199.63814823655412 3.197905677907719 3.720726216819773 -1911.4335668842696 0.04944834188406621 21.87026228060364 -4113.202186678017 2.0724367931293597e-05 0.004466522965645235 0.15593177164778935
-4.879047448522822 0.048122649955237025 0.5984952441635051 624.7037337012589 705.6638702116907 600.3607934042811 194.77103439206257 3.197905677907719 3.720726216819773 -1911.4335668842696 0.04944834188406621 21.87026228060364 -4113.202186678017 2.0724367931293597e-05 0.004466522965645235 0.15593177164778935
-4.859405550581909 0.048122649955237025 0.615920890037495 623.5235191378742 705.6985627859831 583.9171980507672 190.11346080340445 3.197905677907719 3.720726216819773 -1911.4335668842696 0.04944834188406621 21.87026228060364 -4113.202186678017 2.0724367931293597e-05 0.004466522965645235 0.15593177164778935
-4.835835273052813 0.044194270367055734 0.6333465359114849 622.8860380090773 705.4825708847493 567.6553698070347 185.67878513596952 3.197905677907719 3.720726216819773 -1911.4335668842696 0.04944834188406621 21.87026228060364 -4113.202186678017 2.0724367931293597e-05 0.004466522965645235 0.15593177164778935
-4.81226499552372 0.039283795881825206 0.6507721817854748 622.7291685398668 705.0515567455441 551.6801507696509 181.47948483517393 3.197905677907719 3.720726216819773 -1911.4335668842696 0.04944834188406621 21.87026228060364 -4113.202186678017 2.0724367931293597e-05 0.004466522965645235 0.15593177164778935
-4.790658907788713 0.03339122649955215 0.6681978276594647 622.9934436697513 704.4393926598132 536.0898108370602 177.52715714043006 3.197905677907719 3.720726216819773 -1911.4335668842696 0.04944834188406621 21.87026228060364 -4113.202186678017 2.0724367931293597e-05 0.004466522965645235 0.15593177164778935
-4.769052820053711 0.026516562220233214 0.6856234735334547 623.6220509503037 703.6781609561294 520.9760477654636 173.83251906139776 3.197905677907719 3.720726216819773 -1911.4335668842696 0.04944834188406621 21.87026228060364 -4113.202186678017 2.0724367931293597e-05 0.004466522965645235 0.15593177164778935
-4.749410922112797 0.020623992837959043 0.7030491194074446 624.5608326103538 702.7981540393084 506.4239870272577 170.40540740499273 3.197905677907719 3.720726216819773 -1911.4335668842696 0.04944834188406621 21.87026228060364 -4113.202186678017 2.0724367931293597e-05 0.004466522965645235 0.15593177164778935
-4.72976902417188 0.015713518352730754 0.7204747652814345 625.7582855094224 701.8278743103147 492.51218197494745 167.25477874511853 3.197905677907719 3.720726216819773 -1911.4335668842696 0.04944834188406621 21.87026228060364 -4113.202186678017 2.0724367931293597e-05 0.004466522965645235 0.15593177164778935
-4.708162936436877 0.010803043867502462 0.7379004111554244 627.1655611991882 700.794034274295 479.3126137666404 164.38870945386589 3.197905677907719 3.720726216819773 -1911.4335668842696 0.04944834188406621 21.87026228060364 -4113.202186678017 2.0724367931293597e-05 0.004466522965645235 0.15593177164778935
-4.698341987466424 0.007856759176364818 0.7553260570294142 628.736465850845 699.721556449309 466.8906913101673 161.8143956810236 3.197905677907719 3.720726216819773 -1911.4335668842696 0.04944834188406621 21.87026228060364 -4113.202186678017 2.0724367931293597e-05 0.004466522965645235 0.15593177164778935
-4.698341987466424 0.005892569382274172 0.7727517029034042 630.4274602904916 698.633573403582 455.3052514232695 159.53815335826948 3.197905677907719 3.720726216819773 -1911.4335668842696 0.04944834188406621 21.87026228060364 -4113.202186678017 2.0724367931293597e-05 0.004466522965645235 0.15593177164778935
-4.698341987466424 0.005892569382274172 0.7901773487773942 632.1976600214839 697.5514277666807 444.60855862125754 157.56541820243 3.197905677907719 3.720726216819773 -1911.4335668842696 0.04944834188406621 21.87026228060364 -4113.202186678017 2.0724367931293597e-05 0.004466522965645235 0.15593177164778935
-4.702270367054608 0.005892569382274172 0.8076029946513841 634.0088351778686 696.4946722034365 434.84630532190204 155.90074571734294 3.197905677907719 3.720726216819773 -1911.4335668842696 0.04944834188406621 21.87026228060364 -4113.202186678017 2.0724367931293597e-05 0.004466522965645235 0.15593177164778935
-4.706198746642792 0.004910474485229407 0.825028640525374 635.8254105634987 695.4810694344342 426.0576116926968 154.5478111822158 3.197905677907719 3.720726216819773 -1911.4335668842696 0.04944834188406621 21.87026228060364 -4113.202186678017 2.0724367931293597e-05 0.004466522965645235 0.15593177164778935
-4.710127126230975 0.005892569382274172 0.8424542863993638 637.6144656352699 694.5265922341496 418.27502573281527 153.50940966652706 3.197905677907719 3.720726216819773 -1911.4335668842696 0.04944834188406621 21.87026228060364 -4113.202186678017 2.0724367931293597e-05 0.004466522965645235 0.15593177164778935
-4.714055505819155 0.008838854073411817 0.8598799322733538 639.3457344975322 693.6454233955592 411.5245232246816 152.7874560202472 3.197905677907719 3.720726216819773 -1911.4335668842696 0.04944834188406621 21.87026228060364 -4113.202186678017 2.0724367931293597e-05 0.004466522965645235 0.15593177164778935
-4.717983885407338 0.011785138764547226 0.8773055781473438 640.991605900228 692.8499557916075 405.825507812202 152.38298487989232 3.197905677907719 3.720726216819773 -1911.4335668842696 0.04944834188406621 21.87026228060364 -4113.202186678017 2.0724367931293597e-05 0.004466522965645235 0.15593177164778935
-4.721912264995521 0.012767233661591992 0.8947312240213336 642.527123272419 692.1507923249155 401.1908109076321 152.29615065874532 3.197905677907719 3.720726216819773 -1911.4335668842696 0.04944834188406621 21.87026228060364 -4113.202186678017 2.0724367931293597e-05 0.004466522965645235 0.15593177164778935
-4.739589973142345 0.0176777081468214 0.9121568698953235 643.9299846794456 691.5567459557205 397.6266917362809 152.5262275626883 3.197905677907719 3.720726216819773 -1911.4335668842696 0.04944834188406621 21.87026228060364 -4113.202186678017 2.0724367931293597e-05 0.004466522965645235 0.15593177164778935
-4.761196060877343 0.023570277529094453 0.9295825157693134 645.1805428341031 691.0748396776617 395.13283736258745 153.07160957111046 3.197905677907719 3.720726216819773 -1911.4335668842696 0.04944834188406621 21.87026228060364 -4113.202186678017 2.0724367931293597e-05 0.004466522965645235 0.15593177164778935
-4.778873769024167 0.029462846911369744 0.9470081616433034 646.2618051245809 690.7103065494448 393.7023625932634 153.92981046019122 3.197905677907719 3.720726216819773 -1911.4335668842696 0.04944834188406621 21.87026228060364 -4113.202186678017 2.0724367931293597e-05 0.004466522965645235 0.15593177164778935
-4.796551477170991 0.03437332139659803 0.9644338075172934 647.1594335790724 690.466589666903 393.3218101002276 155.0974637735635 3.197905677907719 3.720726216819773 -1911.4335668842696 0.04944834188406621 21.87026228060364 -4113.202186678017 2.0724367931293597e-05 0.004466522965645235 0.15593177164778935
-4.814229185317819 0.03928379588182744 0.9818594533912832 647.8617448750883 690.345342176035 393.97115037590265 156.57032285118476 3.197905677907719 3.720726216819773 -1911.4335668842696 0.04944834188406621 21.87026228060364 -4113.202186678017 2.0724367931293597e-05 0.004466522965645235 0.15593177164778935
-4.8299427036705485 0.04223008057296397 0.9992850992652731 648.359710354358 690.3464272748679 395.62378169223666 158.34326080745086 3.197905677907719 3.720726216819773 -1911.4335668842696 0.04944834188406621 21.87026228060364 -4113.202186678017 2.0724367931293597e-05 0.004466522965645235 0.15593177164778935
-4.8456562220232735 0.04419427036705462 1.016710745139263 648.6469560135156 690.4679182004184 398.2465300858021 160.41027054702863 3.197905677907719 3.720726216819773 -1911.4335668842696 0.04944834188406621 21.87026228060364 -4113.202186678017 2.0724367931293597e-05 0.004466522965645235 0.15593177164778935
-4.865298119964186 0.04517636526409938 1.034136391013253 648.7197625022382 690.706098228693 401.799649477005 162.76446475833654 3.197905677907719 3.720726216819773 -1911.4335668842696 0.04944834188406621 21.87026228060364 -4113.202186678017 2.0724367931293597e-05 0.004466522965645235 0.15593177164778935
-4.8849400179051 0.036337511190688676 1.051562036887243 648.5770651139319 691.0554607138038 406.23682160302997 165.3980759033002 3.197905677907719 3.720726216819773 -1911.4335668842696 0.04944834188406621 21.87026228060364 -4113.202186678017 2.0724367931293597e-05 0.004466522965645235 0.15593177164778935
-4.904581915846013 0.02258818263204857 1.0689876827612328 648.2204538211226 691.5087090283632 411.50515592843294 168.3024562401697 3.197905677907719 3.720726216819773 -1911.4335668842696 0.04944834188406621 21.87026228060364 -4113.202186678017 2.0724367931293597e-05 0.004466522965645235 0.15593177164778935
-4.908510295434192 0.003928379588181293 1.0864133286352227 647.6541732028127 692.0567566100508 417.5451897829771 171.4680778020993 3.197905677907719 3.720726216819773 -1911.4335668842696 0.04944834188406621 21.87026228060364 -4113.202186678017 2.0724367931293597e-05 0.004466522965645235 0.15593177164778935
-4.910474485228286 -0.016695613249776635 1.1038389745092125 646.8851225543767 692.6887269411236 424.2908883281052 174.88453241158277 3.1782226839765175 3.7004926737594164 -1893.3986782773286 0.04393777677454004 21.757082854954508 -4075.531839893388 1.8414826812464435e-05 0.004433588048586034 0.16591989460096648
-4.91047448522829 -0.038301700984781556 1.1212646203832026 645.9228557553142 693.3919535391033 431.6696444526315 178.54053166508675 3.1782226839765175 3.7004926737594164 -1893.3986782773286 0.04393777677454004 21.757082854954508 -4075.531839893388 1.8414826812464435e-05 0.004433588048586034 0.16591989460096648
-4.908510295434197 -0.057943598925693604 1.1386902662571925 644.7795814182609 694.1519799847156 439.60227893665433 182.423906955868 3.1782226839765175 3.7004926737594164 -1893.3986782773286 0.04393777677454004 21.757082854954508 -4075.531839893388 1.8414826812464435e-05 0.004433588048586034 0.16591989460096648
-4.906546105640107 -0.07562130707251724 1.1561159121311824 643.4701627381146 694.9525598958135 448.0030403099954 186.52160945208743 3.1782226839765175 3.7004926737594164 -1893.3986782773286 0.04393777677454004 21.757082854954508 -4075.531839893388 1.8414826812464435e-05 0.004433588048586034 0.16591989460096648
-4.895743061772596 -0.08838854073410923 1.1735415580051722 642.0121176112443 695.7756569404155 456.7796049788594 190.8197101028636 3.1782226839765175 3.7004926737594164 -1893.3986782773286 0.04393777677454004 21.757082854954508 -4075.531839893388 1.8414826812464435e-05 0.004433588048586034 0.16591989460096648
-4.8849400179050955 -0.09919158460161169 1.190967203879162 640.4256185572594 696.6014448329806 465.83307706192136 195.3033996480517 3.1782226839765175 3.7004926737594164 -1893.3986782773286 0.04393777677454004 21.757082854954508 -4075.531839893388 1.8414826812464435e-05 0.004433588048586034 0.16591989460096648
-4.868244404655325 -0.10901253357206828 1.2083928497531522 638.7334927786142 697.408307345584 475.0579885877669 199.95698860939592 3.1782226839765175 3.7004926737594164 -1893.3986782773286 0.04393777677454004 21.757082854954508 -4075.531839893388 1.8414826812464435e-05 0.004433588048586034 0.16591989460096648
-4.847620411817368 -0.10803043867502239 1.225818495627142 636.9612221084535 698.1728382911533 484.3422993347049 204.76390728726983 3.1782226839765175 3.7004926737594164 -1893.3986782773286 0.04393777677454004 21.757082854954508 -4075.531839893388 1.8414826812464435e-05 0.004433588048586034 0.16591989460096648
-4.819139659803042 -0.10017367949865758 1.243244141501132 635.1369430534542 698.8698415271938 493.56739688292146 209.70670577557757 3.1782226839765175 3.7004926737594164 -1893.3986782773286 0.04393777677454004 21.757082854954508 -4075.531839893388 1.8414826812464435e-05 0.004433588048586034 0.16591989460096648
-4.800479856759174 -0.09133482542524575 1.2606697873751218 633.291446743533 699.4723309576511 502.6080966703594 214.76705393055454 3.1782226839765175 3.7004926737594164 -1893.3986782773286 0.04393777677454004 21.757082854954508 -4075.531839893388 1.8414826812464435e-05 0.004433588048586034 0.16591989460096648
-4.779855863921211 -0.08249597135183506 1.2780954332491117 631.4581789970398 699.9515305329114 511.332641903311 219.92574142338708 3.1782226839765175 3.7004926737594164 -1893.3986782773286 0.04393777677454004 21.757082854954508 -4075.531839893388 1.8414826812464435e-05 0.004433588048586034 0.16591989460096648
-4.761196060877343 -0.07169292748433259 1.2955210791231018 629.673240263015 700.2768742721528 519.6027036085725 225.16267767967656 3.1782226839765175 3.7004926737594164 -1893.3986782773286 0.04393777677454004 21.757082854954508 -4075.531839893388 1.8414826812464435e-05 0.004433588048586034 0.16591989460096648
-4.744500447627574 -0.06285407341092301 1.3129467249970916 627.9753856547177 700.4160062111914 527.2733806073666 230.45689192879945 3.1782226839765175 3.7004926737594164 -1893.3986782773286 0.04393777677454004 21.757082854954508 -4075.531839893388 1.8414826812464435e-05 0.004433588048586034 0.16591989460096648
-4.727804834377799 -0.05597940913160296 1.3303723708710815 626.4060249477625 700.3347804453224 534.1931995563209 235.78653316525742 3.1782226839765175 3.7004926737594164 -1893.3986782773286 0.04393777677454004 21.757082854954508 -4075.531839893388 1.8414826812464435e-05 0.004433588048586034 0.16591989460096648
-4.721912264995526 -0.05205102954342055 1.3477980167450714 625.009222548455 699.9972611293197 540.2041149064898 241.1288701882586 3.1782226839765175 3.7004926737594164 -1893.3986782773286 0.04393777677454004 21.757082854954508 -4075.531839893388 1.8414826812464435e-05 0.004433588048586034 0.16591989460096648
-4.725840644583705 -0.05205102954342055 1.3652236626190613 623.8316975366324 699.3657224606723 545.1415089443326 246.4602915653959 3.1782226839765175 3.7004926737594164 -1893.3986782773286 0.04393777677454004 21.757082854954508 -4075.531839893388 1.8414826812464435e-05 0.004433588048586034 0.16591989460096648
-4.736643688451211 -0.05303312444046643 1.3826493084930513 622.9228236470371 698.400648670271 548.8341917023063 251.75630564521998 3.1782226839765175 3.7004926737594164 -1893.3986782773286 0.04393777677454004 21.757082854954508 -4075.531839893388 1.8414826812464435e-05 0.004433588048586034 0.16591989460096648
-4.751375111906896 -0.055979409131604076 1.4000749543670412 622.3346292581409 697.0607340484858 551.1044010855258 256.99154057120904 3.1782226839765175 3.7004926737594164 -1893.3986782773286 0.04393777677454004 21.757082854954508 -4075.531839893388 1.8414826812464435e-05 0.004433588048586034 0.16591989460096648
-4.773963294538947 -0.05990778871978537 1.417500600241031 622.1217974033207 695.3028829246759 551.7678027786314 262.1397442673333 3.1782226839765175 3.7004926737594164 -1893.3986782773286 0.04393777677454004 21.757082854954508 -4075.531839893388 1.8414826812464435e-05 0.004433588048586034 0.16591989460096648
-4.77985586392122 -0.06187197851387825 1.434926246115021 622.341665763408 693.0822096969932 550.6334902718663 267.17378443526104 3.1782226839765175 3.7004926737594164 -1893.3986782773286 0.04393777677454004 21.757082854954508 -4075.531839893388 1.8414826812464435e-05 0.004433588048586034 0.16591989460096648
-4.7837842435094 -0.06187197851387825 1.4523518919890108 623.054226692766 690.3520387839526 547.5039848983288 272.06564856879413 3.1782226839765175 3.7004926737594164 -1893.3986782773286 0.04393777677454004 21.757082854954508 -4075.531839893388 1.8414826812464435e-05 0.004433588048586034 0.16591989460096648
-4.7837842435094 -0.06187197851387713 1.469777537863001 624.3221272006631 687.0639046635479 542.1752357371151 276.78644393151626 3.1782226839765175 3.7004926737594164 -1893.3986782773286 0.04393777677454004 21.757082854954508 -4075.531839893388 1.8414826812464435e-05 0.004433588048586034 0.16591989460096648
-4.777891674127127 -0.05990778871978537 1.4872031837369908 626.2106689233333 683.1675518732518 534.4366197176278 281.3063975884579 3.1782226839765175 3.7004926737594164 -1893.3986782773286 0.04393777677454004 21.757082854954508 -4075.531839893388 1.8414826812464435e-05 0.004433588048586034 0.16591989460096648
-4.629595344673233 -0.05106893464637355 1.5046288296109807 628.7878081668168 678.6109349802136 524.0709416046739 285.59485637256876 3.1782226839765175 3.7004926737594164 -1893.3986782773286 0.04393777677454004 21.757082854954508 -4075.531839893388 1.8414826812464435e-05 0.004433588048586034 0.16591989460096648
-4.4282658907788734 -0.041247985675918086 1.5220544754849705 632.1241558883339 673.3402186017483 510.85443391650915 289.6202869093977 3.1782226839765175 3.7004926737594164 -1893.3986782773286 0.04393777677454004 21.757082854954508 -4075.531839893388 1.8414826812464435e-05 0.004433588048586034 0.16591989460096648
-4.201401969561327 -0.039283795881826324 1.5621385344651475 636.292977726087 667.2997774146497 494.5567570142448 293.3502756054513 3.1782226839765175 3.7004926737594164 -1893.3986782773286 0.04393777677454004 21.757082854954508 -4075.531839893388 1.8414826812464435e-05 0.004433588048586034 0.16591989460096648
-3.977484333034915 -0.036337511190688676 1.557639191322138 641.3701939377934 660.4321961272508 474.94099905341864 296.7515286509879 3.1782226839765175 3.7004926737594164 -1893.3986782773286 0.04393777677454004 21.757082854954508 -4075.531839893388 1.8414826812464435e-05 0.004433588048586034 0.16591989460096648
-3.766333930170094 -0.035355416293643915 1.5661451975437917 647.4343794304878 652.6782695166767 451.76367601007223 299.7898720125668 3.1782226839765175 3.7004926737594164 -1893.3986782773286 0.04393777677454004 21.757082854954508 -4075.531839893388 1.8414826812464435e-05 0.004433588048586034 0.16591989460096648
-3.563040286481645 -0.03437332139659915 1.5659654465009247 654.566763792187 643.9770023748279 424.77473163977265 302.4302514581941 3.1782226839765175 3.7004926737594164 -1893.3986782773286 0.04393777677454004 21.757082854954508 -4075.531839893388 1.8414826812464435e-05 0.004433588048586034 0.16591989460096648
-3.5296490599820918 -0.007856759176365935 0.8996524913588927 662.851231245324 634.2656095754355 393.7175375595689 304.63673251727596 3.1782226839765175 3.7004926737594164 -1893.3986782773286 0.04393777677454004 21.757082854954508 -4075.531839893388 1.8414826812464435e-05 0.004433588048586034 0.16591989460096648
