27 -0.45176365264101165 -0.9290617726051938 5.846558147365895 -0.34864368845121757 -0.0942811101163834
-0.45176365264101165 -0.9290617726051938 5.846558147365895 569.0531829297543 538.1185381822288 721.6015326678753 270.6134657859802 3.3306931422101904 3.851998765833266 -2117.80360854049 0.04849168280861446 22.795054671401275 -4887.243946555053 2.0323421126829042e-05 0.0046379220995362265 0.001566472514886295
-0.4655129811996473 -0.8995989256938242 5.846558147366144 570.683486610651 538.58720306959 720.8379015028477 278.3873567581177 3.3306931422101904 3.851998765833266 -2117.80360854049 0.04849168280861446 22.795054671401275 -4887.243946555053 2.0323421126829042e-05 0.0046379220995362265 0.001566472514886295
-0.47926230975828293 -0.8671897940913179 5.8819565081748255 572.646072909236 539.027642197907 719.8040965497494 290.02132511138916 3.3306931422101904 3.851998765833266 -2117.80360854049 0.04849168280861446 22.795054671401275 -4887.243946555053 2.0323421126829042e-05 0.0046379220995362265 0.001566472514886295
-0.4900653536257843 -0.8367448522829012 5.942206353683277 574.8881645947695 539.4390685316175 718.5650800168514 304.39320182800293 3.3306931422101904 3.851998765833266 -2117.80360854049 0.04849168280861446 22.795054671401275 -4887.243946555053 2.0323421126829042e-05 0.0046379220995362265 0.001566472514886295
-0.5047967770814692 -0.8053178155774396 5.844848747321634 577.3601899147034 539.8204830363393 717.1797763109207 320.4914336204529 3.3306931422101904 3.851998765833266 -2117.80360854049 0.04849168280861446 22.795054671401275 -4887.243946555053 2.0323421126829042e-05 0.0046379220995362265 0.001566472514886295
-0.5224744852282928 -0.7719265890778875 5.796286075368273 580.0157825499773 540.170674671419 715.7010710388422 337.4150996208191 3.3306931422101904 3.851998765833266 -2117.80360854049 0.04849168280861446 22.795054671401275 -4887.243946555053 2.0323421126829042e-05 0.0046379220995362265 0.001566472514886295
-0.5332775290957942 -0.7385353625783353 5.9702840792992244 582.8117815554142 540.4882204364985 714.1758121103048 354.3738980293274 3.3306931422101904 3.851998765833266 -2117.80360854049 0.04849168280861446 22.795054671401275 -4887.243946555053 2.0323421126829042e-05 0.0046379220995362265 0.001566472514886295
-0.548008952551479 -0.7041620411817384 5.878293520894491 585.7082314640284 540.7714853072539 712.6448089033365 370.68814516067505 3.3306931422101904 3.851998765833266 -2117.80360854049 0.04849168280861446 22.795054671401275 -4887.243946555053 2.0323421126829042e-05 0.0046379220995362265 0.001566472514886295
-0.5509552372426133 -0.6658603401969568 6.206413415909879 588.6683821678162 541.018622290343 711.1428324878216 385.78879022598267 3.32846222411814 3.8676702316999236 -2120.807168233114 0.04852879313240251 22.84028702190662 -4902.540406876034 2.0338974489690816e-05 0.004650918053906474 -0.0023585278675045175
-0.5617582811101146 -0.6275586392121753 6.008275465698941 591.6586890369654 541.227572386153 709.6986159384251 399.2173991203308 3.32846222411814 3.8676702316999236 -2120.807168233114 0.04852879313240251 22.84028702190662 -4902.540406876034 2.0338974489690816e-05 0.004650918053906474 -0.0023585278675045175
-0.5696150402864817 -0.5853285586392113 6.099241850642373 594.648812815547 541.3960646111518 708.3348538428545 410.62616205215454 3.32846222411814 3.8676702316999236 -2120.807168233114 0.04852879313240251 22.84028702190662 -4902.540406876034 2.0338974489690816e-05 0.004650918053906474 -0.0023585278675045175
-0.5725613249776205 -0.5440805729632944 6.211877842394252 597.6116197556257 541.5216159848496 707.068202778697 419.777898311615 3.32846222411814 3.8676702316999236 -2120.807168233114 0.04852879313240251 22.84028702190662 -4902.540406876034 2.0338974489690816e-05 0.004650918053906474 -0.0023585278675045175
-0.5755076096687592 -0.5038146821844222 6.210144741876423 600.5231814533472 541.6015315400437 705.9092810302973 426.5460395812988 3.32846222411814 3.8676702316999236 -2120.807168233114 0.04852879313240251 22.84028702190662 -4902.540406876034 2.0338974489690816e-05 0.004650918053906474 -0.0023585278675045175
-0.5715792300805802 -0.4615846016114593 0.09275632018806085 603.3627749681473 541.63290431723 704.8626684695482 430.91465520858765 3.32846222411814 3.8676702316999236 -2120.807168233114 0.04852879313240251 22.84028702190662 -4902.540406876034 2.0338974489690816e-05 0.004650918053906474 -0.0023585278675045175
-0.5637224709042131 -0.4262291853178154 0.21866894587398877 606.1128827929497 541.6126153599471 703.9269068688154 432.9784212112427 3.32846222411814 3.8676702316999236 -2120.807168233114 0.04852879313240251 22.84028702190662 -4902.540406876034 2.0338974489690816e-05 0.004650918053906474 -0.0023585278675045175
-0.5597940913160295 -0.3938200537153091 0.12062366858013153 608.7591928243637 541.537333721295 703.0944996774197 432.9426507949829 3.32846222411814 3.8676702316999236 -2120.807168233114 0.04852879313240251 22.84028702190662 -4902.540406876034 2.0338974489690816e-05 0.004650918053906474 -0.0023585278675045175
-0.5597940913160295 -0.3633751119068935 -0.0 611.2905984222889 541.4035164676607 702.3519124388695 431.12327575683594 3.32846222411814 3.8676702316999236 -2120.807168233114 0.04852879313240251 22.84028702190662 -4902.540406876034 2.0338974489690816e-05 0.004650918053906474 -0.0023585278675045175
-0.5558657117278416 -0.33391226499552484 0.1325515322968577 613.6991982907057 541.207408667542 701.679571852088 427.9468483924866 3.32846222411814 3.8676702316999236 -2120.807168233114 0.04852879313240251 22.84028702190662 -4902.540406876034 2.0338974489690816e-05 0.004650918053906474 -0.0023585278675045175
-0.5519373321396626 -0.3054315129811999 0.1370661743100603 615.9802965670824 540.9450434017926 701.0518669635057 423.9505476951599 3.32846222411814 3.8676702316999236 -2120.807168233114 0.04852879313240251 22.84028702190662 -4902.540406876034 2.0338974489690816e-05 0.004650918053906474 -0.0023585278675045175
-0.5372059086839777 -0.27989704565801143 0.5232783221319528 618.1324028670788 540.6122417580336 700.437148168683 419.7821750640869 3.32846222411814 3.8676702316999236 -2120.807168233114 0.04852879313240251 22.84028702190662 -4902.540406876034 2.0338974489690816e-05 0.004650918053906474 -0.0023585278675045175
-0.5224744852282928 -0.25632676812891697 0.558599315343588 620.1572323292494 540.2046128343791 699.7977278828621 416.2001552581787 3.32846222411814 3.8676702316999236 -2120.807168233114 0.04852879313240251 22.84028702190662 -4902.540406876034 2.0338974489690816e-05 0.004650918053906474 -0.0023585278675045175
-0.5047967770814692 -0.23177439570277553 0.6240230529768047 622.0597052872181 539.7175537291914 699.0898802727461 414.0735378265381 3.32846222411814 3.8676702316999236 -2120.807168233114 0.04852879313240251 22.84028702190662 -4902.540406876034 2.0338974489690816e-05 0.004650918053906474 -0.0023585278675045175
-0.4802444046553277 -0.2072220232766352 0.785398163397471 623.8479476571083 539.1462495550513 698.2638408094645 414.3819932937622 3.32846222411814 3.8676702316999236 -2120.807168233114 0.04852879313240251 22.84028702190662 -4902.540406876034 2.0338974489690816e-05 0.004650918053906474 -0.0023585278675045175
-0.4556920322291907 -0.18561593554163028 0.849141475930035 625.533290758729 538.485673436895 697.2638075053692 418.2158160209656 3.32846222411814 3.8676702316999236 -2120.807168233114 0.04852879313240251 22.84028702190662 -4902.540406876034 2.0338974489690816e-05 0.004650918053906474 -0.0023585278675045175
-0.43113965980304925 -0.1620456580125336 0.8058034940839675 627.1302712857723 537.7305864980444 696.0279395878315 426.77592420578003 3.32846222411814 3.8676702316999236 -2120.807168233114 0.04852879313240251 22.84028702190662 -4902.540406876034 2.0338974489690816e-05 0.004650918053906474 -0.0023585278675045175
-0.4026589077887332 -0.1404395702775298 0.9218007677982748 628.6566313803196 536.8755378751084 694.4883581548929 441.3738603591919 3.32846222411814 3.8676702316999236 -2120.807168233114 0.04852879313240251 22.84028702190662 -4902.540406876034 2.0338974489690816e-05 0.004650918053906474 -0.0023585278675045175
-0.37712444046554255 -0.11785138764547898 0.8465463260468042 630.1333187073469 535.9148647170514 692.5711461007595 463.4317898750305 3.32846222411814 3.8676702316999236 -2120.807168233114 0.04852879313240251 22.84028702190662 -4902.540406876034 2.0338974489690816e-05 0.004650918053906474 -0.0023585278675045175
-0.34864368845121757 -0.0942811101163834 0.8794593980254547 630.9161610659212 540.1886367364787 763.7551391124725 496.65370070934296 3.32846222411814 3.8676702316999236 -2120.807168233114 0.04852879313240251 22.84028702190662 -4902.540406876034 2.0338974489690816e-05 0.004650918053906474 -0.0023585278675045175
-0.33096598030439395 -0.07169292748433372 0.6640461628267432 633.6578384339809 538.5846818904392 735.4837790131569 470.7860941886902 3.32846222411814 3.8676702316999236 -2120.807168233114 0.04852879313240251 22.84028702190662 -4902.540406876034 2.0338974489690816e-05 0.004650918053906474 -0.0023585278675045175
-0.3201629364368881 -0.048122649955237025 0.4297622790967994 636.1858438979834 537.1474308506586 710.2307989001274 447.1423760354519 3.32846222411814 3.8676702316999236 -2120.807168233114 0.04852879313240251 22.84028702190662 -4902.540406876034 2.0338974489690816e-05 0.004650918053906474 -0.0023585278675045175
-0.31328827215757027 -0.02455237242614145 0.28379410920826054 638.5165183544159 535.8708407571539 687.8043595552444 425.60036773979664 3.32846222411814 3.8676702316999236 -2120.807168233114 0.04852879313240251 22.84028702190662 -4902.540406876034 2.0338974489690816e-05 0.004650918053906474 -0.0023585278675045175
-0.310341987466436 -0.0009820948970447648 0.12435499454664484 640.6657553371042 534.7489356664009 668.0177493989468 406.040878996253 3.32846222411814 3.8676702316999236 -2120.807168233114 0.04852879313240251 22.84028702190662 -4902.540406876034 2.0338974489690816e-05 0.004650918053906474 -0.0023585278675045175
-0.3142703670546195 0.020623992837959043 6.103331807387063 642.6490010619164 533.7758065499365 650.6893847882748 388.34770771861076 3.32846222411814 3.8676702316999236 -2120.807168233114 0.04852879313240251 22.84028702190662 -4902.540406876034 2.0338974489690816e-05 0.004650918053906474 -0.0023585278675045175
-0.32114503133393735 0.04321217547000873 5.987744470035933 644.481254376471 532.9456113008782 635.642809689045 372.407639965415 3.32846222411814 3.8676702316999236 -2120.807168233114 0.04852879313240251 22.84028702190662 -4902.540406876034 2.0338974489690816e-05 0.004650918053906474 -0.0023585278675045175
-0.32409131602507163 0.06383616830796777 6.141288252575551 646.1770668104291 532.252574713435 622.7066956758499 358.110450103879 3.32846222411814 3.8676702316999236 -2120.807168233114 0.04852879313240251 22.84028702190662 -4902.540406876034 2.0338974489690816e-05 0.004650918053906474 -0.0023585278675045175
-0.3201629364368926 0.08642435094001746 0.17219081452278884 647.7505425047129 531.6909885145724 611.7148418724537 345.3489006757736 3.32846222411814 3.8676702316999236 -2120.807168233114 0.04852879313240251 22.84028702190662 -4902.540406876034 2.0338974489690816e-05 0.004650918053906474 -0.0023585278675045175
-0.31328827215757027 0.10803043867502127 0.308052781023898 649.2153383065015 531.2552113370039 602.5061756074429 334.0187424570322 3.32846222411814 3.8676702316999236 -2120.807168233114 0.04852879313240251 22.84028702190662 -4902.540406876034 2.0338974489690816e-05 0.004650918053906474 -0.0023585278675045175
-0.3093598925693912 0.12767233661593444 0.19739555984970586 650.5846636928618 530.939668731764 594.9247510433197 324.01871433854103 3.32846222411814 3.8676702316999236 -2120.807168233114 0.04852879313240251 22.84028702190662 -4902.540406876034 2.0338974489690816e-05 0.004650918053906474 -0.0023585278675045175
-0.2946284691137064 0.14731423455684758 0.6435011087932844 651.8712807875127 530.7388531663455 588.8197509348392 315.2505436837673 3.32846222411814 3.8676702316999236 -2120.807168233114 0.04852879313240251 22.84028702190662 -4902.540406876034 2.0338974489690816e-05 0.004650918053906474 -0.0023585278675045175
-0.283825425246205 0.166956132497763 0.502843210927778 653.0875043943524 530.647324025631 584.0454852879047 307.6189456731081 3.32846222411814 3.8676702316999236 -2120.807168233114 0.04852879313240251 22.84028702190662 -4902.540406876034 2.0338974489690816e-05 0.004650918053906474 -0.0023585278675045175
-0.27302238137870366 0.18659803043867504 0.5028432109278499 654.2452019490302 530.6597076053731 580.4613917171955 301.03162409365177 3.32846222411814 3.8676702316999236 -2120.807168233114 0.04852879313240251 22.84028702190662 -4902.540406876034 2.0338974489690816e-05 0.004650918053906474 -0.0023585278675045175
-0.2622193375112023 0.2062399283795882 0.5028432109278259 655.3557935636491 530.7706971215084 577.9320356249809 295.39927069842815 3.32846222411814 3.8676702316999236 -2120.807168233114 0.04852879313240251 22.84028702190662 -4902.540406876034 2.0338974489690816e-05 0.004650918053906474 -0.0023585278675045175
-0.2543625783348353 0.22588182632050025 0.3805063771124629 656.4302519783378 530.9750527050346 576.3271102309227 290.6355655044317 3.32846222411814 3.8676702316999236 -2120.807168233114 0.04852879313240251 22.84028702190662 -4902.540406876034 2.0338974489690816e-05 0.004650918053906474 -0.0023585278675045175
-0.2543625783348353 0.24454162936436752 -0.0 657.4791026171297 531.2676014020108 575.521436303854 286.65717673301697 3.32846222411814 3.8676702316999236 -2120.807168233114 0.04852879313240251 22.84028702190662 -4902.540406876034 2.0338974489690816e-05 0.004650918053906474 -0.0023585278675045175
-0.26221933751119786 0.2651656222023277 5.919206350670077 658.5124235507101 531.6432371744886 575.394962221384 283.38376097381115 3.32846222411814 3.8676702316999236 -2120.807168233114 0.04852879313240251 22.84028702190662 -4902.540406876034 2.0338974489690816e-05 0.004650918053906474 -0.0023585278675045175
-0.2769507609668827 0.283825425246195 5.614895888348997 659.5398454945534 532.0969209000468 575.8327642679214 280.73796287178993 3.32846222411814 3.8676702316999236 -2120.807168233114 0.04852879313240251 22.84028702190662 -4902.540406876034 2.0338974489690816e-05 0.004650918053906474 -0.0023585278675045175
-0.28775380483438406 0.303467323187107 5.7803420962517365 660.570551821962 532.6236803731881 576.7250461876392 278.64541524648666 3.32846222411814 3.8676702316999236 -2120.807168233114 0.04852879313240251 22.84028702190662 -4902.540406876034 2.0338974489690816e-05 0.004650918053906474 -0.0023585278675045175
-0.2946284691137019 0.3221271262309754 5.930194919352775 661.6132785864174 533.2186103044078 577.9671396613121 277.03473925590515 3.32846222411814 3.8676702316999236 -2120.807168233114 0.04852879313240251 22.84028702190662 -4902.540406876034 2.0338974489690816e-05 0.004650918053906474 -0.0023585278675045175
-0.30543151298120325 0.33882273948075203 5.708880477004934 662.6763144601136 533.8768723178655 579.4595037400723 275.8375441581011 3.32846222411814 3.8676702316999236 -2120.807168233114 0.04852879313240251 22.84028702190662 -4902.540406876034 2.0338974489690816e-05 0.004650918053906474 -0.0023585278675045175
-0.31230617726052107 0.3545362578334828 5.8707748655823 663.7675007916987 534.5936949541792 581.1077256500721 274.9884276688099 3.32846222411814 3.8676702316999236 -2120.807168233114 0.04852879313240251 22.84028702190662 -4902.540406876034 2.0338974489690816e-05 0.004650918053906474 -0.0023585278675045175
-0.32310922112802687 0.36926768128916654 5.650436472177209 664.8942315876484 535.3643736736849 582.822519659996 274.4249753654003 3.32846222411814 3.8676702316999236 -2120.807168233114 0.04852879313240251 22.84028702190662 -4902.540406876034 2.0338974489690816e-05 0.004650918053906474 -0.0023585278675045175
-0.3368585496866625 0.3830170098478078 5.497787143782341 666.0634535066783 536.1842708466575 584.5197282731533 274.0877612531185 3.32846222411814 3.8676702316999236 -2120.807168233114 0.04852879313240251 22.84028702190662 -4902.540406876034 2.0338974489690816e-05 0.004650918053906474 -0.0023585278675045175
-0.35158997314234736 0.3957842435093998 5.426479678996787 667.2816658448428 537.0488157644868 586.1203214228153 273.92034754157066 3.32846222411814 3.8676702316999236 -2120.807168233114 0.04852879313240251 22.84028702190662 -4902.540406876034 2.0338974489690816e-05 0.004650918053906474 -0.0023585278675045175
-0.3623930170098487 0.4085514771709929 5.580928375670602 668.5549205839634 537.9535046298988 587.5503967702389 273.86928457021713 3.3231339094314447 3.8373909910202757 -2109.877432141028 0.0484216029073253 22.710175865426752 -4858.546315730168 2.0294049835425316e-05 0.004613539352217855 0.008927359258760583
-0.3761423455684933 0.41935452103849535 5.37835821776362 669.8888223394752 538.8939005648717 588.7411797344685 273.88411101698875 3.3231339094314447 3.8373909910202757 -2109.877432141028 0.0484216029073253 22.710175865426752 -4858.546315730168 2.0294049835425316e-05 0.004613539352217855 0.008927359258760583
-0.3898916741271379 0.4291754700089519 5.332638466367326 671.2885283920914 539.8656336059794 589.6290232539177 273.91735361516476 3.3231339094314447 3.8373909910202757 -2109.877432141028 0.0484216029073253 22.710175865426752 -4858.546315730168 2.0294049835425316e-05 0.004613539352217855 0.008927359258760583
-0.4144440465532749 0.43703222918531787 5.022091924927223 672.758748665452 540.864400704857 590.1554082036018 273.92452746629715 3.3231339094314447 3.8373909910202757 -2109.877432141028 0.0484216029073253 22.710175865426752 -4858.546315730168 2.0294049835425316e-05 0.004613539352217855 0.008927359258760583
-0.44685317815578335 0.44488898836168267 4.950224907842115 674.3037457596511 541.8859657291323 590.266942948103 273.864135786891 3.3231339094314447 3.8373909910202757 -2109.877432141028 0.0484216029073253 22.710175865426752 -4858.546315730168 2.0294049835425316e-05 0.004613539352217855 0.008927359258760583
-0.4822085944494217 0.45470993733213927 4.983335830723149 675.9273349214345 542.9261594642885 589.9153635501862 273.6976700723171 3.3231339094314447 3.8373909910202757 -2109.877432141028 0.0484216029073253 22.710175865426752 -4858.546315730168 2.0294049835425316e-05 0.004613539352217855 0.008927359258760583
-0.5214923903312481 0.4655129811996417 4.980755191290601 677.632884034887 543.980879609473 589.057533800602 273.38960997760296 3.3231339094314447 3.8373909910202757 -2109.877432141028 0.0484216029073253 22.710175865426752 -4858.546315730168 2.0294049835425316e-05 0.004613539352217855 0.008927359258760583
-0.5597940913160295 0.47631602506714416 4.9872988218653616 679.4233136586845 545.04609078262 587.6554453372955 272.9074233174324 3.3231339094314447 3.8373909910202757 -2109.877432141028 0.0484216029073253 22.710175865426752 -4858.546315730168 2.0294049835425316e-05 0.004613539352217855 0.008927359258760583
-0.6020241718889947 0.4881011638316914 4.9845348709158515 681.3010970167816 546.1178245106712 585.6762170791626 272.2215662896633 3.3231339094314447 3.8373909910202757 -2109.877432141028 0.0484216029073253 22.710175865426752 -4858.546315730168 2.0294049835425316e-05 0.004613539352217855 0.008927359258760583
-0.6501468218442328 0.5028325872873773 5.009453192725749 683.268259966746 547.1921792458743 583.0920962393284 271.3054831326008 3.3231339094314447 3.8373909910202757 -2109.877432141028 0.0484216029073253 22.710175865426752 -4858.546315730168 2.0294049835425316e-05 0.004613539352217855 0.008927359258760583
-0.698269471799471 0.5214923903312446 5.082295047841237 685.3263810314238 548.265320349019 579.8804569840431 270.135606482625 3.3231339094314447 3.8373909910202757 -2109.877432141028 0.0484216029073253 22.710175865426752 -4858.546315730168 2.0294049835425316e-05 0.004613539352217855 0.008927359258760583
-0.7463921217547046 0.5440805729632955 5.151248279348236 687.4765913709998 549.3334800992161 576.0238019227982 268.6913569867611 3.3231339094314447 3.8373909910202757 -2109.877432141028 0.0484216029073253 22.710175865426752 -4858.546315730168 2.0294049835425316e-05 0.004613539352217855 0.008927359258760583
-0.7984431512981218 0.5715792300805723 5.198420909724784 689.7195748556405 550.3929576929659 571.5097607970238 266.95514354109764 3.3231339094314447 3.8373909910202757 -2109.877432141028 0.0484216029073253 22.710175865426752 -4858.546315730168 2.0294049835425316e-05 0.004613539352217855 0.008927359258760583
-0.84656580125336 0.6010420769919421 5.261763465156232 692.0555679351091 551.4401192399673 566.3310911357403 264.9123635292053 3.3231339094314447 3.8373909910202757 -2109.877432141028 0.0484216029073253 22.710175865426752 -4858.546315730168 2.0294049835425316e-05 0.004613539352217855 0.008927359258760583
-0.8976347358997324 0.6305049239033118 5.23566730251668 694.4843597691506 552.4713977673091 560.4856784045696 262.55140213668346 3.3231339094314447 3.8373909910202757 -2109.877432141028 0.0484216029073253 22.710175865426752 -4858.546315730168 2.0294049835425316e-05 0.004613539352217855 0.008927359258760583
-0.951649955237248 0.6599677708146827 5.211735702064801 697.0052921567112 553.4832932166755 553.9765355587006 259.8636330515146 3.3231339094314447 3.8373909910202757 -2109.877432141028 0.0484216029073253 22.710175865426752 -4858.546315730168 2.0294049835425316e-05 0.004613539352217855 0.008927359258760583
-1.0056651745747547 0.6894306177260513 5.211735702064838 699.617259554565 554.4723724466749 546.8118032515049 256.84341809153557 3.3231339094314447 3.8373909910202757 -2109.877432141028 0.0484216029073253 22.710175865426752 -4858.546315730168 2.0294049835425316e-05 0.004613539352217855 0.008927359258760583
-1.0626266786034047 0.7238039391226505 5.2553401208162835 702.3187090680003 555.435269233305 539.0047498643398 253.48810723423958 3.3231339094314447 3.8373909910202757 -2109.877432141028 0.0484216029073253 22.710175865426752 -4858.546315730168 2.0294049835425316e-05 0.004613539352217855 0.008927359258760583
-1.1127135183527324 0.7601414503133391 5.340018406186184 705.1076404545456 556.3686842648312 530.573771417141 249.79803876578808 3.3231339094314447 3.8373909910202757 -2109.877432141028 0.0484216029073253 22.710175865426752 -4858.546315730168 2.0294049835425316e-05 0.004613539352217855 0.008927359258760583
-1.152979409131608 0.8004073410922113 5.497787143782096 707.981606144458 557.2693851483054 521.5423917174339 245.77653908729553 3.3231339094314447 3.8373909910202757 -2109.877432141028 0.0484216029073253 22.710175865426752 -4858.546315730168 2.0294049835425316e-05 0.004613539352217855 0.008927359258760583
-1.1991378692927521 0.8406732318710836 5.42971068552416 710.937711218372 558.1342064044438 511.93926218152046 241.42992287874222 3.3231339094314447 3.8373909910202757 -2109.877432141028 0.0484216029073253 22.710175865426752 -4858.546315730168 2.0294049835425316e-05 0.004613539352217855 0.008927359258760583
-1.2384216651745739 0.8809391226499558 5.510132195626422 713.9726133905351 558.9600494732149 501.79816177487373 236.76749305427074 3.3231339094314447 3.8373909910202757 -2109.877432141028 0.0484216029073253 22.710175865426752 -4858.546315730168 2.0294049835425316e-05 0.004613539352217855 0.008927359258760583
-1.2767233661593556 0.921205013428828 5.522781937401049 717.0825230590999 559.7438827049918 491.1579976081848 231.80154065787792 3.3231339094314447 3.8373909910202757 -2109.877432141028 0.0484216029073253 22.710175865426752 -4858.546315730168 2.0294049835425316e-05 0.004613539352217855 0.008927359258760583
-1.3160071620411817 0.9644171888988378 5.5453702470591315 720.2632032688707 560.4827413698658 480.0628038942814 226.54734507203102 3.3231339094314447 3.8373909910202757 -2109.877432141028 0.0484216029073253 22.710175865426752 -4858.546315730168 2.0294049835425316e-05 0.004613539352217855 0.008927359258760583
-1.3484162936436948 1.0135219337511185 5.699812300185621 723.5099697113037 561.1737276543863 468.5617430508137 221.02317370474339 3.3231339094314447 3.8373909910202757 -2109.877432141028 0.0484216029073253 22.710175865426752 -4858.546315730168 2.0294049835425316e-05 0.004613539352217855 0.008927359258760583
-1.3778791405550646 1.0675371530886297 5.783838585499456 726.8176907319576 561.8140106583014 456.7091047465801 215.2502824217081 3.3231339094314447 3.8373909910202757 -2109.877432141028 0.0484216029073253 22.710175865426752 -4858.546315730168 2.0294049835425316e-05 0.004613539352217855 0.008927359258760583
-1.406359892569385 1.1254807520143222 5.826340314333629 730.1807873696089 562.4008264006115 444.5643066763878 209.25291506946087 3.3231339094314447 3.8373909910202757 -2109.877432141028 0.0484216029073253 22.710175865426752 -4858.546315730168 2.0294049835425316e-05 0.004613539352217855 0.008927359258760583
-1.4250196956132535 1.18244225604297 5.966616053567166 733.5932332538068 562.9314778111875 432.1918939650059 203.05830386281013 3.3231339094314447 3.8373909910202757 -2109.877432141028 0.0484216029073253 22.710175865426752 -4858.546315730168 2.0294049835425316e-05 0.004613539352217855 0.008927359258760583
-1.4377869292748489 1.238421665174575 6.05895055607047 737.0485547222197 563.4033347400837 419.66153970360756 196.69666920602322 3.3231339094314447 3.8373909910202757 -2109.877432141028 0.0484216029073253 22.710175865426752 -4858.546315730168 2.0294049835425316e-05 0.004613539352217855 0.008927359258760583
-1.4466257833482605 1.2914547896150403 6.1180366297649424 740.5398307424039 563.8138339533471 407.04804441332817 190.2012195289135 3.3231339094314447 3.8373909910202757 -2109.877432141028 0.0484216029073253 22.710175865426752 -4858.546315730168 2.0294049835425316e-05 0.004613539352217855 0.008927359258760583
-1.4466257833482605 1.3444879140555057 -0.0 744.059692947194 564.1604791278951 394.4313364624977 183.60815179347992 3.3231339094314447 3.8373909910202757 -2109.877432141028 0.0484216029073253 22.710175865426752 -4858.546315730168 2.0294049835425316e-05 0.004613539352217855 0.008927359258760583
-1.4436794986571218 1.396538943598925 0.056543436944852074 747.6003256272525 564.4408408608288 381.89647167921066 176.9566510617733 3.3231339094314447 3.8373909910202757 -2109.877432141028 0.0484216029073253 22.710175865426752 -4858.546315730168 2.0294049835425316e-05 0.004613539352217855 0.008927359258760583
-1.4338585496866654 1.4476078782453 0.1899882879187141 751.1534657273442 564.6525566671044 369.5336340367794 170.28889037668705 3.3231339094314447 3.8373909910202757 -2109.877432141028 0.0484216029073253 22.710175865426752 -4858.546315730168 2.0294049835425316e-05 0.004613539352217855 0.008927359258760583
-1.4171629364368865 1.4957305282005369 0.33394507184494515 754.7104028295726 564.7933309702203 357.43813467025757 163.6500313282013 3.3231339094314447 3.8373909910202757 -2109.877432141028 0.0484216029073253 22.710175865426752 -4858.546315730168 2.0294049835425316e-05 0.004613539352217855 0.008927359258760583
-1.3975210384959778 1.5389427036705456 0.4266274931267924 758.2619791869074 564.8609351157211 345.7104127109051 157.08822351694107 3.3231339094314447 3.8373909910202757 -2109.877432141028 0.0484216029073253 22.710175865426752 -4858.546315730168 2.0294049835425316e-05 0.004613539352217855 0.008927359258760583
-1.3710044762757423 1.5792085944494167 0.5823529461440398 761.7985897213221 564.8532073642127 334.4560351073742 150.6546048372984 3.3231339094314447 3.8373909910202757 -2109.877432141028 0.0484216029073253 22.710175865426752 -4858.546315730168 2.0294049835425316e-05 0.004613539352217855 0.008927359258760583
-1.341541629364377 1.6175102954341982 0.6556956262414517 765.3101819828153 564.7680528890342 323.78569585084915 144.40330135822296 3.3231339094314447 3.8373909910202757 -2109.877432141028 0.0484216029073253 22.710175865426752 -4858.546315730168 2.0294049835425316e-05 0.004613539352217855 0.008927359258760583
-1.3061862130707342 1.6548299015219339 0.758377714210162 768.78625619784 564.6034437837079 313.8152176141739 138.391427308321 3.3231339094314447 3.8373909910202757 -2109.877432141028 0.0484216029073253 22.710175865426752 -4858.546315730168 2.0294049835425316e-05 0.004613539352217855 0.008927359258760583
-1.272794986571181 1.6911674127126226 0.7431697612844689 772.2158652432263 564.3574190535583 304.66554978489876 132.67908541858196 3.3231339094314447 3.8373909910202757 -2109.877432141028 0.0484216029073253 22.710175865426752 -4858.546315730168 2.0294049835425316e-05 0.004613539352217855 0.008927359258760583
-1.240385854968668 1.7255407341092217 0.7559948751935233 775.5876146368682 564.0280846212991 296.4627700448036 127.3293662071228 3.3231339094314447 3.8373909910202757 -2109.877432141028 0.0484216029073253 22.710175865426752 -4858.546315730168 2.0294049835425316e-05 0.004613539352217855 0.008927359258760583
-1.2109230080572981 1.756967770814682 0.7531512809622051 778.8896625693887 563.6136133284308 289.33808359503746 122.40834873914719 3.3231339094314447 3.8373909910202757 -2109.877432141028 0.0484216029073253 22.710175865426752 -4858.546315730168 2.0294049835425316e-05 0.004613539352217855 0.008927359258760583
-1.1804780662488836 1.785448522829006 0.8187191592756847 782.1097198855132 563.1122449259274 283.42782321572304 117.98510001599789 3.3231339094314447 3.8373909910202757 -2109.877432141028 0.0484216029073253 22.710175865426752 -4858.546315730168 2.0294049835425316e-05 0.004613539352217855 0.008927359258760583
-1.1539615040286528 1.810982990152192 0.8042638494191029 785.2350500766188 562.5222860854119 278.8734495937824 114.13167557120323 3.3231339094314447 3.8373909910202757 -2109.877432141028 0.0484216029073253 22.710175865426752 -4858.546315730168 2.0294049835425316e-05 0.004613539352217855 0.008927359258760583
-1.130391226499565 1.833571172784244 0.8066715494212996 788.2524692937732 561.8421103935689 275.82155096530914 110.92311891913414 3.3231339094314447 3.8373909910202757 -2109.877432141028 0.0484216029073253 22.710175865426752 -4858.546315730168 2.0294049835425316e-05 0.004613539352217855 0.008927359258760583
-1.1068209489704683 1.8561593554162938 0.8066715494215383 791.1483463477343 561.0701583530754 274.4238431751728 108.4374618679285 3.3231339094314447 3.8373909910202757 -2109.877432141028 0.0484216029073253 22.710175865426752 -4858.546315730168 2.0294049835425316e-05 0.004613539352217855 0.008927359258760583
-1.0832506714413672 1.8767833482542529 0.8519663271733794 793.9086027015001 560.2049373826012 274.8371698856354 106.75572438538074 3.334352785373746 3.90838040162891 -2141.1348324701908 0.04862635820842168 22.95870604996289 -4942.701599052325 2.0379865133454102e-05 0.004684986468193126 -0.012701040479535176
-1.0596803939122705 1.8944610564010742 0.9272952180016425 796.5187124591321 559.2450218140148 277.2235024869442 105.96191470324993 3.334352785373746 3.90838040162891 -2141.1348324701908 0.04862635820842168 22.95870604996289 -4942.701599052325 2.0379865133454102e-05 0.004684986468193126 -0.012701040479535176
-1.0390564010743124 1.9111566696508508 0.8902751021276479 798.9637024104595 558.1890528965741 281.7499399483204 106.14302931725979 3.334352785373746 3.90838040162891 -2141.1348324701908 0.04862635820842168 22.95870604996289 -4942.701599052325 2.0379865133454102e-05 0.004684986468193126 -0.012701040479535176
-1.0194145031333994 1.9278522829006253 0.8663022625527317 801.2281519826502 557.035738799721 288.5887089073658 107.38905285298824 3.334352785373746 3.90838040162891 -2141.1348324701908 0.04862635820842168 22.95870604996289 -4942.701599052325 2.0379865133454102e-05 0.004684986468193126 -0.012701040479535176
-1.0027188898836206 1.946512085944496 0.729899658151728 803.2961932402104 555.7838546009734 297.91716375947 109.79295817017555 3.334352785373746 3.90838040162891 -2141.1348324701908 0.04862635820842168 22.95870604996289 -4942.701599052325 2.0379865133454102e-05 0.004684986468193126 -0.012701040479535176
-0.9791486123545282 1.9661539838854067 0.8760580505981748 805.15151094459 554.4322422975674 309.91778683662415 113.4507063627243 3.334352785373746 3.90838040162891 -2141.1348324701908 0.04862635820842168 22.95870604996289 -4942.701599052325 2.0379865133454102e-05 0.004684986468193126 -0.012701040479535176
-0.9487036705461137 1.9907063563115506 0.8921338360465252 806.7773424778134 552.9798108055256 324.77818739414215 118.46124666929245 3.334352785373746 3.90838040162891 -2141.1348324701908 0.04862635820842168 22.95870604996289 -4942.701599052325 2.0379865133454102e-05 0.004684986468193126 -0.012701040479535176
-0.9045094001790591 2.0250796777081486 0.9097531579442097 808.1564779076725 551.425535950344 342.6911032497883 124.92651668190956 3.334352785373746 3.90838040162891 -2141.1348324701908 0.04862635820842168 22.95870604996289 -4942.701599052325 2.0379865133454102e-05 0.004684986468193126 -0.012701040479535176
-0.8534404655326823 2.068291853178154 0.8685393952859561 809.271259913221 549.7684604818933 363.85439944267273 132.95144200325012 3.334352785373746 3.90838040162891 -2141.1348324701908 0.04862635820842168 22.95870604996289 -4942.701599052325 2.0379865133454102e-05 0.004684986468193126 -0.012701040479535176
-0.8053178155774441 2.116414503133392 0.7853981633974483 810.1035838779062 548.007694054395 388.47106888890266 142.64393658936024 3.334352785373746 3.90838040162891 -2141.1348324701908 0.04862635820842168 22.95870604996289 -4942.701599052325 2.0379865133454102e-05 0.004684986468193126 -0.012701040479535176
-0.757195165622206 2.1694476275738586 0.7368925511570656 810.634897807613 546.1424132478423 416.7492319047451 154.11490273475647 3.334352785373746 3.90838040162891 -2141.1348324701908 0.04862635820842168 22.95870604996289 -4942.701599052325 2.0379865133454102e-05 0.004684986468193126 -0.012701040479535176
-0.7090725156669634 2.2273912264995532 0.6930688286658965 810.8462023809552 544.1718615563586 448.90213683247566 167.47823064029217 3.334352785373746 3.90838040162891 -2141.1348324701908 0.04862635820842168 22.95870604996289 -4942.701599052325 2.0379865133454102e-05 0.004684986468193126 -0.012701040479535176
-0.6609498657117296 2.2872990152193373 0.6767369475568316 810.7180509157479 542.0953493835405 485.1481595337391 182.85079899430275 3.334352785373746 3.90838040162891 -2141.1348324701908 0.04862635820842168 22.95870604996289 -4942.701599052325 2.0379865133454102e-05 0.004684986468193126 -0.012701040479535176
-0.6157735004476304 2.3501530886302584 0.6231993299340667 810.2305494137108 539.9122540564276 525.7108035385609 200.3524744361639 3.334352785373746 3.90838040162891 -2141.1348324701908 0.04862635820842168 22.95870604996289 -4942.701599052325 2.0379865133454102e-05 0.004684986468193126 -0.012701040479535176
-0.5705971351835354 2.4149713518352707 0.6086893073273625 809.3633564934134 537.6220198157243 570.8187001645565 220.10611210763454 3.334352785373746 3.90838040162891 -2141.1348324701908 0.04862635820842168 22.95870604996289 -4942.701599052325 2.0379865133454102e-05 0.004684986468193126 -0.012701040479535176
