29 -1.9003536257833484 -0.5244386750223823 6.065534690892526 -2.3825622202327654 2.6477278424350943
-1.9003536257833484 -0.5244386750223823 6.065534690892526 592.9188274466433 574.2278344929218 689.6061684191227 231.41845679283142 3.199121631425894 3.6890477153970638 -1902.6644507319293 0.08931181867789661 21.832386815121158 -4165.152854998662 3.7431608833988394e-05 0.00442791396918497 0.14797492160281364
-1.9170492390331273 -0.42033661593554233 6.1241621274233005 602.5225692712702 574.036019064486 697.0105423927307 226.74730801582336 3.199121631425894 3.6890477153970638 -1902.6644507319293 0.08931181867789661 21.832386815121158 -4165.152854998662 3.7431608833988394e-05 0.00442791396918497 0.14797492160281364
-1.9249059982094898 -0.31328827215756583 6.209922173440371 612.1046104603447 573.8768545947969 705.5080637931824 229.01060438156128 3.199121631425894 3.6890477153970638 -1902.6644507319293 0.08931181867789661 21.832386815121158 -4165.152854998662 3.7431608833988394e-05 0.00442791396918497 0.14797492160281364
-1.9268701880035795 -0.2032936436884528 6.26533006204005 621.6716541405767 573.7627093307674 714.9267010092735 236.93223524093628 3.199121631425894 3.6890477153970638 -1902.6644507319293 0.08931181867789661 21.832386815121158 -4165.152854998662 3.7431608833988394e-05 0.00442791396918497 0.14797492160281364
-1.9239239033124451 -0.09329901521933975 0.026779311019741823 631.2301623262465 573.7042240351439 725.10712698102 249.33123755455017 3.199121631425894 3.6890477153970638 -1902.6644507319293 0.08931181867789661 21.832386815121158 -4165.152854998662 3.7431608833988394e-05 0.00442791396918497 0.14797492160281364
-1.919995523724266 0.019641897940912045 0.03476859185605042 640.7863559126854 573.7103119939566 735.9027182459831 265.1217975616455 3.199121631425894 3.6890477153970638 -1902.6644507319293 0.08931181867789661 21.832386815121158 -4165.152854998662 3.7431608833988394e-05 0.00442791396918497 0.14797492160281364
-1.9160671441360781 0.13160071620411795 0.0350733305332729 650.3462146837264 573.7881589829922 747.1795554757118 283.3132472038269 3.199121631425894 3.6890477153970638 -1902.6644507319293 0.08931181867789661 21.832386815121158 -4165.152854998662 3.7431608833988394e-05 0.00442791396918497 0.14797492160281364
-1.9091924798567603 0.24454162936436863 0.060794555874773164 659.9154773000628 573.9432232938707 758.8164232969284 303.0100665092468 3.199121631425894 3.6890477153970638 -1902.6644507319293 0.08931181867789661 21.832386815121158 -4165.152854998662 3.7431608833988394e-05 0.00442791396918497 0.14797492160281364
-1.9023178155774378 0.35650044762757455 0.06132651114038882 669.4996413127519 574.1792357265949 770.7048101723194 323.41188168525696 3.199121631425894 3.6890477153970638 -1902.6644507319293 0.08931181867789661 21.832386815121158 -4165.152854998662 3.7431608833988394e-05 0.00442791396918497 0.14797492160281364
-1.9013357206803931 0.4655129811996417 0.009008765290408794 679.1039631594904 574.4981996268034 782.7489085495472 343.81346797943115 3.199121631425894 3.6890477153970638 -1902.6644507319293 0.08931181867789661 21.832386815121158 -4165.152854998662 3.7431608833988394e-05 0.00442791396918497 0.14797492160281364
-1.9091924798567603 0.5715792300805723 6.209246269521628 688.7334581571631 574.9003907814622 794.8656152188778 363.60474705696106 3.199121631425894 3.6890477153970638 -1902.6644507319293 0.08931181867789661 21.832386815121158 -4165.152854998662 3.7431608833988394e-05 0.00442791396918497 0.14797492160281364
-1.92588809310653 0.6796096687555947 6.12985291878132 698.3929005078971 575.384357586503 806.9845302402973 382.27078890800476 3.199121631425894 3.6890477153970638 -1902.6644507319293 0.08931181867789661 21.832386815121158 -4165.152854998662 3.7431608833988394e-05 0.00442791396918497 0.14797492160281364
-1.9504404655326806 0.787640107430616 6.059708706038872 708.0868232999928 575.946920838207 819.0479582846165 399.3918092250824 3.199121631425894 3.6890477153970638 -1902.6644507319293 0.08931181867789661 21.832386815121158 -4165.152854998662 3.7431608833988394e-05 0.00442791396918497 0.14797492160281364
-1.9779391226499519 0.8937063563115488 6.029511211041011 717.8195185060613 576.5831739194691 831.0109075903893 414.6431736946106 3.199121631425894 3.6890477153970638 -1902.6644507319293 0.08931181867789661 21.832386815121158 -4165.152854998662 3.7431608833988394e-05 0.00442791396918497 0.14797492160281364
-2.008384064458366 1.003700984780663 6.013159691034734 727.5950369811617 577.2864827178419 842.8410906493664 427.79539227485657 3.199121631425894 3.6890477153970638 -1902.6644507319293 0.08931181867789661 21.832386815121158 -4165.152854998662 3.7431608833988394e-05 0.00442791396918497 0.14797492160281364
-2.03981110116383 1.1127135183527312 6.002507531373376 737.4171884725802 578.0484855957329 854.5189235806465 438.71412444114685 3.199121631425894 3.6890477153970638 -1902.6644507319293 0.08931181867789661 21.832386815121158 -4165.152854998662 3.7431608833988394e-05 0.00442791396918497 0.14797492160281364
-2.0653455684870163 1.2236902417188902 6.057032871446792 747.2895415988751 578.8590934425592 866.0375266373158 447.3601772785187 3.199121631425894 3.6890477153970638 -1902.6644507319293 0.08931181867789661 21.832386815121158 -4165.152854998662 3.7431608833988394e-05 0.00442791396918497 0.14797492160281364
-2.084987466427934 1.335649059982095 6.109514108837973 757.2154238722287 579.7064896710217 877.4027241766453 453.7895019054413 3.199121631425894 3.6890477153970638 -1902.6644507319293 0.08931181867789661 21.832386815121158 -4165.152854998662 3.7431608833988394e-05 0.00442791396918497 0.14797492160281364
-2.1046293643688427 1.4485899731423446 6.110994492656684 767.1979216895998 580.5771302059293 888.6330443322659 458.15320205688477 3.199121631425894 3.6890477153970638 -1902.6644507319293 0.08931181867789661 21.832386815121158 -4165.152854998662 3.7431608833988394e-05 0.00442791396918497 0.14797492160281364
-2.125253357206805 1.5576025067144128 6.094546090955051 777.2398803229444 581.455743458122 899.7597191333771 460.6975255012512 3.199121631425894 3.6890477153970638 -1902.6644507319293 0.08931181867789661 21.832386815121158 -4165.152854998662 3.7431608833988394e-05 0.00442791396918497 0.14797492160281364
-2.1488236347358973 1.666615040286481 6.068369906777959 787.3439039452933 582.3253303878009 910.8266847729683 461.76386737823486 3.199121631425894 3.6890477153970638 -1902.6644507319293 0.08931181867789661 21.832386815121158 -4165.152854998662 3.7431608833988394e-05 0.00442791396918497 0.14797492160281364
-2.1694476275738594 1.7756275738585494 6.094546090955051 797.5123555976897 583.1671644039452 921.8905814886093 461.78877115249634 3.199121631425894 3.6890477153970638 -1902.6644507319293 0.08931181867789661 21.832386815121158 -4165.152854998662 3.7431608833988394e-05 0.00442791396918497 0.14797492160281364
-2.1881074306177237 1.887586392121753 6.116601910519852 807.747357216198 583.9607914984226 933.0207531452179 461.30392837524414 3.199121631425894 3.6890477153970638 -1902.6644507319293 0.08931181867789661 21.832386815121158 -4165.152854998662 3.7431608833988394e-05 0.00442791396918497 0.14797492160281364
-2.2008746642793144 2.004455684870186 6.173458318295533 818.0507896151394 584.6840301305056 944.2992477118969 460.93617582321167 3.1484271131390464 3.6697337895071396 -1874.1000489521173 -5.911172705234312e-16 21.792473850049554 -4109.637834354436 -2.1943703199302896e-19 0.004425808063189259 0.16537845178911842
-2.2106956132497753 2.1203428827215767 6.19792243773902 828.4242924964055 585.3129712827504 955.8208171725273 461.40749979019165 3.1484271131390464 3.6697337895071396 -1874.1000489521173 -5.911172705234312e-16 21.792473850049554 -4109.637834354436 -2.1943703199302896e-19 0.004425808063189259 0.16537845178911842
-2.228373321396599 2.233283795881825 6.126583430197553 838.8692644475959 585.8219784349203 967.6929177045822 463.5350317955017 3.1484271131390464 3.6697337895071396 -1874.1000489521173 -5.911172705234312e-16 21.792473850049554 -4109.637834354436 -2.1943703199302896e-19 0.004425808063189259 0.16537845178911842
-2.257836168307964 2.3413142345568487 6.014605876660747 849.386862937361 586.1836875863373 980.0357088148594 468.2310531139374 3.1484271131390464 3.6697337895071396 -1874.1000489521173 -5.911172705234312e-16 21.792473850049554 -4109.637834354436 -2.1943703199302896e-19 0.004425808063189259 0.16537845178911842
-2.2951557743956967 2.444434198746644 5.93287109494421 859.978004321456 586.3690072856843 992.9820545911789 476.50299167633057 3.1484271131390464 3.6697337895071396 -1874.1000489521173 -5.911172705234312e-16 21.792473850049554 -4109.637834354436 -2.1943703199302896e-19 0.004425808063189259 0.16537845178911842
-2.338367949865711 2.5436257833482534 5.868678432594746 870.6433638343588 586.3471185266972 1006.6775225996971 489.4534206390381 3.1484271131390464 3.6697337895071396 -1874.1000489521173 -5.911172705234312e-16 21.792473850049554 -4109.637834354436 -2.1943703199302896e-19 0.004425808063189259 0.16537845178911842
-2.3825622202327654 2.6477278424350943 5.881714260117465 839.0819558575749 591.936799870804 1045.9630002602935 523.5407283455133 3.1484271131390464 3.6697337895071396 -1874.1000489521173 -5.911172705234312e-16 21.792473850049554 -4109.637834354436 -2.1943703199302896e-19 0.004425808063189259 0.16537845178911842
-2.417917636526413 2.7547761862130677 5.964189566750761 862.1217202544212 592.8727907650173 1003.2641410753131 473.43611557781696 3.1484271131390464 3.6697337895071396 -1874.1000489521173 -5.911172705234312e-16 21.792473850049554 -4109.637834354436 -2.1943703199302896e-19 0.004425808063189259 0.16537845178911842
-2.4611298119964182 2.8628066248880923 5.902678930067257 883.587688781321 594.0313779879361 963.2773151174188 428.1353172361851 3.1484271131390464 3.6697337895071396 -1874.1000489521173 -5.911172705234312e-16 21.792473850049554 -4109.637834354436 -2.1943703199302896e-19 0.004425808063189259 0.16537845178911842
-2.5151450313339296 2.9659265890778865 5.80067201215711 903.5664691254497 595.3942281920463 925.896274395287 387.38248820602894 3.1484271131390464 3.6697337895071396 -1874.1000489521173 -5.911172705234312e-16 21.792473850049554 -4109.637834354436 -2.1943703199302896e-19 0.004425808063189259 0.16537845178911842
-2.5770170098477987 3.065118173679497 5.725476463550842 922.1421501785517 596.9435368720442 891.0166968405247 350.92784191668034 3.1484271131390464 3.6697337895071396 -1874.1000489521173 -5.911172705234312e-16 21.792473850049554 -4109.637834354436 -2.1943703199302896e-19 0.004425808063189259 0.16537845178911842
-2.641835273052816 3.1643097582811097 5.704377846770287 939.3963022902608 598.6620283313096 858.5361862108111 318.52764965593815 3.1484271131390464 3.6697337895071396 -1874.1000489521173 -5.911172705234312e-16 21.792473850049554 -4109.637834354436 -2.1943703199302896e-19 0.004425808063189259 0.16537845178911842
-2.7017430617726044 3.2684118173679506 5.7609966059729425 955.407976873219 600.5329557210207 828.3542721495032 289.9442409873009 3.1484271131390464 3.6697337895071396 -1874.1000489521173 -5.911172705234312e-16 21.792473850049554 -4109.637834354436 -2.1943703199302896e-19 0.004425808063189259 0.16537845178911842
-2.7577224709042096 3.377424350940018 5.808785424387656 970.2537068501115 602.5401010047644 800.3724102005363 264.9460037648678 3.1484271131390464 3.6697337895071396 -1874.1000489521173 -5.911172705234312e-16 21.792473850049554 -4109.637834354436 -2.1943703199302896e-19 0.004425808063189259 0.16537845178911842
-2.816648164726945 3.493311548791405 5.812781044243024 984.0075063630939 604.6677749790251 774.4939816966653 243.30738392472267 3.1484271131390464 3.6697337895071396 -1874.1000489521173 -5.911172705234312e-16 21.792473850049554 -4109.637834354436 -2.1943703199302896e-19 0.004425808063189259 0.16537845178911842
-2.8716454789615007 3.609198746642792 5.840082752212185 996.7408708408475 606.9008172750473 750.6242939904332 224.80888552963734 3.1484271131390464 3.6697337895071396 -1874.1000489521173 -5.911172705234312e-16 21.792473850049554 -4109.637834354436 -2.1943703199302896e-19 0.004425808063189259 0.16537845178911842
-2.9207502238137835 3.7241038495971326 5.879325512272204 1008.5227770134807 609.2245963457972 728.6705801486969 209.23707108199596 3.1484271131390464 3.6697337895071396 -1874.1000489521173 -5.911172705234312e-16 21.792473850049554 -4109.637834354436 -2.1943703199302896e-19 0.004425808063189259 0.16537845178911842
-2.977711727842429 3.8360626678603387 5.812544805173469 1019.4196829944849 611.6250094752759 708.5419991910458 196.38456097245216 3.1484271131390464 3.6697337895071396 -1874.1000489521173 -5.911172705234312e-16 21.792473850049554 -4109.637834354436 -2.1943703199302896e-19 0.004425808063189259 0.16537845178911842
-3.03172694717994 3.9450752014324055 5.823147790798777 1029.495528101921 614.0884827747941 690.1496360003948 186.0500340014696 3.1484271131390464 3.6697337895071396 -1874.1000489521173 -5.911172705234312e-16 21.792473850049554 -4109.637834354436 -2.1943703199302896e-19 0.004425808063189259 0.16537845178911842
-3.0798495971351785 4.053105640107432 5.864117807479774 1038.8117329403758 616.6019711885601 673.4065013974905 178.03822696208954 3.1484271131390464 3.6697337895071396 -1874.1000489521173 -5.911172705234312e-16 21.792473850049554 -4109.637834354436 -2.1943703199302896e-19 0.004425808063189259 0.16537845178911842
-3.127972247090412 4.158189794091316 5.853744881950145 1047.4271994829178 619.152958476916 658.2275319173932 172.15993502736092 3.1484271131390464 3.6697337895071396 -1874.1000489521173 -5.911172705234312e-16 21.792473850049554 -4109.637834354436 -2.1943703199302896e-19 0.004425808063189259 0.16537845178911842
-3.1760948970456546 4.259345568487018 5.83914302903594 1055.3983109891415 621.7294572461396 644.5295900627971 168.2320114672184 3.1484271131390464 3.6697337895071396 -1874.1000489521173 -5.911172705234312e-16 21.792473850049554 -4109.637834354436 -2.1943703199302896e-19 0.004425808063189259 0.16537845178911842
-3.2261817367949823 4.3546087735004475 5.799132367492251 1062.7789320126176 624.3200089167804 632.2314642295241 166.07736763358116 3.1484271131390464 3.6697337895071396 -1874.1000489521173 -5.911172705234312e-16 21.792473850049554 -4109.637834354436 -2.1943703199302896e-19 0.004425808063189259 0.16537845178911842
-3.27626857654431 4.443979409131604 5.772362425221777 1069.620408423245 626.9136837441474 621.2538686916232 165.52497324347496 3.1484271131390464 3.6697337895071396 -1874.1000489521173 -5.911172705234312e-16 21.792473850049554 -4109.637834354436 -2.1943703199302896e-19 0.004425808063189259 0.16537845178911842
-3.3332300805729647 4.525493285586391 5.673268404102452 1075.97156727314 629.5000808145851 611.5194435417652 166.40985614061356 3.1484271131390464 3.6697337895071396 -1874.1000489521173 -5.911172705234312e-16 21.792473850049554 -4109.637834354436 -2.1943703199302896e-19 0.004425808063189259 0.16537845178911842
-3.3892094897045695 4.601114592658905 5.645947164513935 1081.8787171468139 632.0693280398846 602.9527547359467 168.57310216128826 3.1484271131390464 3.6697337895071396 -1874.1000489521173 -5.911172705234312e-16 21.792473850049554 -4109.637834354436 -2.1943703199302896e-19 0.004425808063189259 0.16537845178911842
-3.455009847806627 4.675753804834378 5.5606413042077465 1087.3856476694345 634.6120821610093 595.480294175446 171.86185565590858 3.1484271131390464 3.6697337895071396 -1874.1000489521173 -5.911172705234312e-16 21.792473850049554 -4109.637834354436 -2.1943703199302896e-19 0.004425808063189259 0.16537845178911842
-3.5178639212175455 4.744500447627572 5.542533375236766 1092.5336299836636 637.1195287331939 589.0304795727134 176.12931901216507 3.1484271131390464 3.6697337895071396 -1874.1000489521173 -5.911172705234312e-16 21.792473850049554 -4109.637834354436 -2.1943703199302896e-19 0.004425808063189259 0.16537845178911842
-3.578753804834379 4.806372426141451 5.505786973122017 1097.3614163771272 639.5833821687847 583.5336545184255 181.23475271463394 3.1484271131390464 3.6697337895071396 -1874.1000489521173 -5.911172705234312e-16 21.792473850049554 -4109.637834354436 -2.1943703199302896e-19 0.004425808063189259 0.16537845178911842
-3.6416078782452974 4.864316025067143 5.457159106100781 1101.905240535736 641.9958856832236 578.9220885336399 187.0434755384922 3.1484271131390464 3.6697337895071396 -1874.1000489521173 -5.911172705234312e-16 21.792473850049554 -4109.637834354436 -2.1943703199302896e-19 0.004425808063189259 0.16537845178911842
-3.7015156669650864 4.914402864816473 5.408737561147624 1106.1988174319267 644.3498113360256 575.1299769133329 193.426864489913 3.1484271131390464 3.6697337895071396 -1874.1000489521173 -5.911172705234312e-16 21.792473850049554 -4109.637834354436 -2.1943703199302896e-19 0.004425808063189259 0.16537845178911842
-3.767316025067139 4.959579230080572 5.31404261304305 1110.2733432725072 646.6384600009769 572.0934409350157 200.26235461235046 3.1484271131390464 3.6697337895071396 -1874.1000489521173 -5.911172705234312e-16 21.792473850049554 -4109.637834354436 -2.1943703199302896e-19 0.004425808063189259 0.16537845178911842
-3.833116383169201 5.001809310653537 5.28297174338048 1114.157495610416 648.8556613959372 569.7505276724696 207.43343916535378 3.1484271131390464 3.6697337895071396 -1874.1000489521173 -5.911172705234312e-16 21.792473850049554 -4109.637834354436 -2.1943703199302896e-19 0.004425808063189259 0.16537845178911842
-3.897934646374209 5.041093106535364 5.25725289583627 1117.877433307469 650.9957740530372 568.0412100628018 214.82966975867748 3.1484271131390464 3.6697337895071396 -1874.1000489521173 -5.911172705234312e-16 21.792473850049554 -4109.637834354436 -2.1943703199302896e-19 0.004425808063189259 0.16537845178911842
-3.9529319606087694 5.074484333034914 5.258044034911634 1121.4567965343595 653.0536853503436 566.9073869884014 222.3466559946537 3.1484271131390464 3.6697337895071396 -1874.1000489521173 -5.911172705234312e-16 21.792473850049554 -4109.637834354436 -2.1943703199302896e-19 0.004425808063189259 0.16537845178911842
-4.010875559534459 5.103947179946284 5.182793243321306 1124.9167067185044 655.0248114783317 566.2928831428289 229.88606572151184 3.1484271131390464 3.6697337895071396 -1874.1000489521173 -5.911172705234312e-16 21.792473850049554 -4109.637834354436 -2.1943703199302896e-19 0.004425808063189259 0.16537845178911842
-4.060962399283787 5.123589077887198 5.08611580035025 1128.2757666260004 656.905097456649 566.1434490829706 237.35562504827976 3.1484271131390464 3.6697337895071396 -1874.1000489521173 -5.911172705234312e-16 21.792473850049554 -4109.637834354436 -2.1943703199302896e-19 0.004425808063189259 0.16537845178911842
-4.113013428827209 5.140284691136975 5.022776387517039 1131.5500603243709 658.6910171471536 566.4067613109946 244.66911819577217 3.1484271131390464 3.6697337895071396 -1874.1000489521173 -5.911172705234312e-16 21.792473850049554 -4109.637834354436 -2.1943703199302896e-19 0.004425808063189259 0.16537845178911842
-4.168010743061774 5.150105640107431 4.889097836454701 1134.7531531229615 660.3795732278377 567.0324221551418 251.74638758599758 3.1484271131390464 3.6697337895071396 -1874.1000489521173 -5.911172705234312e-16 21.792473850049554 -4109.637834354436 -2.1943703199302896e-19 0.004425808063189259 0.16537845178911842
-4.216133393017012 5.154034019695614 4.793841024690577 1137.8960917145014 661.9682971984148 567.9719597697258 258.5133337378502 3.1484271131390464 3.6697337895071396 -1874.1000489521173 -5.911172705234312e-16 21.792473850049554 -4109.637834354436 -2.1943703199302896e-19 0.004425808063189259 0.16537845178911842
-4.262291853178156 5.155998209489704 4.754916515004437 1140.9874040409923 663.4552494101226 569.1788282617927 264.9019155651331 3.1484271131390464 3.6697337895071396 -1874.1000489521173 -5.911172705234312e-16 21.792473850049554 -4109.637834354436 -2.1943703199302896e-19 0.004425808063189259 0.16537845178911842
-4.158189794091313 5.132427931960606 1.002068444377787 1144.0330993384123 664.8390190191567 570.6084075719118 270.8501500636339 3.1484271131390464 3.6697337895071396 -1874.1000489521173 -5.911172705234312e-16 21.792473850049554 -4109.637834354436 -2.1943703199302896e-19 0.004425808063189259 0.16537845178911842
-4.047213070725156 5.105911369740374 1.0547622356970094 1147.0366682112217 666.1187240313739 572.21800352633 276.30211217701435 3.1484271131390464 3.6697337895071396 -1874.1000489521173 -5.911172705234312e-16 21.792473850049554 -4109.637834354436 -2.1943703199302896e-19 0.004425808063189259 0.16537845178911842
-3.9323079677708113 5.075466427931958 1.0997687779754244 1149.999082453549 667.2940112613142 573.9668477997184 281.2079354673624 3.1484271131390464 3.6697337895071396 -1874.1000489521173 -5.911172705234312e-16 21.792473850049554 -4109.637834354436 -2.1943703199302896e-19 0.004425808063189259 0.16537845178911842
-3.8124923903312387 5.045021486123545 1.1178244687815357 1152.9187952950597 668.3650563657284 575.8160979747772 285.52381137013435 3.1484271131390464 3.6697337895071396 -1874.1000489521173 -5.911172705234312e-16 21.792473850049554 -4109.637834354436 -2.1943703199302896e-19 0.004425808063189259 0.16537845178911842
-3.685802148612352 5.016540734109221 1.1273479903751553 1155.7917411029339 669.3325638268143 577.7288374453783 289.21198973059654 4.1628539224880585 4.811314436522319 -2188.1756968701834 0.11875576633490208 24.623629353346438 -3345.1555204431293 -3.82895649592047e-06 0.005844391908390561 0.21789896200121772
-3.5542014324082287 4.990024171888987 1.1297985654402682 1158.6113356724381 670.1977669466287 579.6700755953789 292.2407782226801 4.1628539224880585 4.811314436522319 -2188.1756968701834 0.11875576633490208 24.623629353346438 -3345.1555204431293 -3.82895649592047e-06 0.005844391908390561 0.21789896200121772
-3.4157260519248007 4.962525514771709 1.1567973241826819 1161.3684760704637 670.9624278675765 581.6067475527525 294.58454316854477 4.1628539224880585 4.811314436522319 -2188.1756968701834 0.11875576633490208 24.623629353346438 -3345.1555204431293 -3.82895649592047e-06 0.005844391908390561 0.21789896200121772
-3.271358102059082 4.938955237242611 1.148545173343653 1164.0515406504273 671.628837550059 583.50771433115 296.22370874881744 4.1628539224880585 4.811314436522319 -2188.1756968701834 0.11875576633490208 24.623629353346438 -3345.1555204431293 -3.82895649592047e-06 0.005844391908390561 0.21789896200121772
-3.126990152193372 4.917349149507607 1.1365520059980827 1166.6463890820742 672.1998158004135 585.3437629267573 297.1447573453188 4.1628539224880585 4.811314436522319 -2188.1756968701834 0.11875576633490208 24.623629353346438 -3345.1555204431293 -3.82895649592047e-06 0.005844391908390561 0.21789896200121772
-2.9826222023276574 4.896725156669648 1.1306048256402197 1169.1363622620702 672.6787112317979 587.0876061469316 297.34022971987724 4.1628539224880585 4.811314436522319 -2188.1756968701834 0.11875576633490208 24.623629353346438 -3345.1555204431293 -3.82895649592047e-06 0.005844391908390561 0.21789896200121772
-2.9796759176365186 4.897707251566693 1.2490457723987092 1171.5022825151682 673.0694012865424 588.7138826102018 296.80872462689877 4.1628539224880585 4.811314436522319 -2188.1756968701834 0.11875576633490208 24.623629353346438 -3345.1555204431293 -3.82895649592047e-06 0.005844391908390561 0.21789896200121772
-2.9786938227394737 4.8986893464637395 0.7853981633963114 1173.7224533855915 673.3762922622263 590.1991568356752 295.55489921569824 4.1628539224880585 4.811314436522319 -2188.1756968701834 0.11875576633490208 24.623629353346438 -3345.1555204431293 -3.82895649592047e-06 0.005844391908390561 0.21789896200121772
-2.977711727842429 4.900653536257834 0.4636476089998966 1175.7726596966386 673.6043192576617 591.5219193249941 293.5894685089588 4.1628539224880585 4.811314436522319 -2188.1756968701834 0.11875576633490208 24.623629353346438 -3345.1555204431293 -3.82895649592047e-06 0.005844391908390561 0.21789896200121772
-2.97672963294538 4.9026177260519255 0.46364760900217034 1177.6261676177382 673.7589462064207 592.6625863015652 290.92920607328415 4.1628539224880585 4.811314436522319 -2188.1756968701834 0.11875576633490208 24.623629353346438 -3345.1555204431293 -3.82895649592047e-06 0.005844391908390561 0.21789896200121772
-2.975747538048335 4.904581915846015 0.4636476090008061 1179.2537246122956 673.8461658824235 593.6034999191761 287.59694339334965 4.1628539224880585 4.811314436522319 -2188.1756968701834 0.11875576633490208 24.623629353346438 -3345.1555204431293 -3.82895649592047e-06 0.005844391908390561 0.21789896200121772
-2.975747538048335 4.9055640107430625 -0.0 1180.6235594972968 673.8724998738617 594.3289282843471 283.62157014012337 4.1628539224880585 4.811314436522319 -2188.1756968701834 0.11875576633490208 24.623629353346438 -3345.1555204431293 -3.82895649592047e-06 0.005844391908390561 0.21789896200121772
-2.975747538048335 4.906546105640107 -0.0 1181.7013822570443 673.8449986036867 594.8250652179122 279.0380344390869 4.1628539224880585 4.811314436522319 -2188.1756968701834 0.11875576633490208 24.623629353346438 -3345.1555204431293 -3.82895649592047e-06 0.005844391908390561 0.21789896200121772
-2.975747538048335 4.907528200537154 -0.0 1182.4503842443228 673.7712413202971 595.08003051579 273.8873423188925 4.1628539224880585 4.811314436522319 -2188.1756968701834 0.11875576633490208 24.623629353346438 -3345.1555204431293 -3.82895649592047e-06 0.005844391908390561 0.21789896200121772
-2.975747538048335 4.908510295434199 -0.0 1182.8312381580472 673.6593361068517 595.0838698670268 268.2165580689907 4.1628539224880585 4.811314436522319 -2188.1756968701834 0.11875576633490208 24.623629353346438 -3345.1555204431293 -3.82895649592047e-06 0.005844391908390561 0.21789896200121772
-2.975747538048335 4.909492390331246 -0.0 1182.802097953856 673.5179198645055 594.8285547494888 262.078804269433 4.1628539224880585 4.811314436522319 -2188.1756968701834 0.11875576633490208 24.623629353346438 -3345.1555204431293 -3.82895649592047e-06 0.005844391908390561 0.21789896200121772
-2.975747538048335 4.91047448522829 -0.0 1182.3185988888144 673.3561583273113 594.3079825639725 255.5332615673542 4.1628539224880585 4.811314436522319 -2188.1756968701834 0.11875576633490208 24.623629353346438 -3345.1555204431293 -3.82895649592047e-06 0.005844391908390561 0.21789896200121772
-2.975747538048335 4.909492390331243 3.141592653589793 1181.3338574916124 673.1837460678071 593.5179765969515 248.64516888558865 4.1628539224880585 4.811314436522319 -2188.1756968701834 0.11875576633490208 24.623629353346438 -3345.1555204431293 -3.82895649592047e-06 0.005844391908390561 0.21789896200121772
-2.975747538048335 4.908510295434197 3.141592653589793 1179.798471711576 673.0109064746648 592.4562859982252 241.48582318425179 4.1628539224880585 4.811314436522319 -2188.1756968701834 0.11875576633490208 24.623629353346438 -3345.1555204431293 -3.82895649592047e-06 0.005844391908390561 0.21789896200121772
-2.975747538048335 4.907528200537151 3.141592653589793 1177.660520605743 672.8483917731792 591.1225857064128 234.13257978856564 4.1628539224880585 4.811314436522319 -2188.1756968701834 0.11875576633490208 24.623629353346438 -3345.1555204431293 -3.82895649592047e-06 0.005844391908390561 0.21789896200121772
-2.975747538048335 4.906546105640104 3.141592653589793 1174.8655646592379 672.7074830047786 589.5184767022729 226.66885210573673 4.1628539224880585 4.811314436522319 -2188.1756968701834 0.11875576633490208 24.623629353346438 -3345.1555204431293 -3.82895649592047e-06 0.005844391908390561 0.21789896200121772
-2.975747538048335 4.90556401074306 3.141592653589793 1171.3566456735134 672.5999900493771 587.6474856734276 219.1841117888689 4.1628539224880585 4.811314436522319 -2188.1756968701834 0.11875576633490208 24.623629353346438 -3345.1555204431293 -3.82895649592047e-06 0.005844391908390561 0.21789896200121772
-2.975747538048335 4.904581915846013 3.141592653589793 1167.0742866843939 672.538251619786 585.5150652751327 211.77388863265514 4.1628539224880585 4.811314436522319 -2188.1756968701834 0.11875576633490208 24.623629353346438 -3345.1555204431293 -3.82895649592047e-06 0.005844391908390561 0.21789896200121772
-2.975747538048335 4.903599820948968 3.141592653589793 1161.956492036581 672.5351352468133 583.1285939663649 204.53977052867413 4.1628539224880585 4.811314436522319 -2188.1756968701834 0.11875576633490208 24.623629353346438 -3345.1555204431293 -3.82895649592047e-06 0.005844391908390561 0.21789896200121772
-2.975747538048335 4.902617726051921 3.141592653589793 1155.938747473061 672.6040372923017 580.4973762109876 197.58940370380878 4.1628539224880585 4.811314436522319 -2188.1756968701834 0.11875576633490208 24.623629353346438 -3345.1555204431293 -3.82895649592047e-06 0.005844391908390561 0.21789896200121772
-2.975747538048335 4.9016356311548765 3.141592653589793 1148.9540198668838 672.7588829454035 577.6326421871781 191.03649255633354 4.1628539224880585 4.811314436522319 -2188.1756968701834 0.11875576633490208 24.623629353346438 -3345.1555204431293 -3.82895649592047e-06 0.005844391908390561 0.21789896200121772
-2.975747538048335 4.9016356311548765 3.141592653589793 1140.9327575042844 673.0141262356192 574.5475479960442 185.00079968571663 4.1628539224880585 4.811314436522319 -2188.1756968701834 0.11875576633490208 24.623629353346438 -3345.1555204431293 -3.82895649592047e-06 0.005844391908390561 0.21789896200121772
-2.975747538048335 4.902617726051924 -0.0 1131.8028899654746 673.3847499992698 571.2571756690741 179.60814568400383 4.1628539224880585 4.811314436522319 -2188.1756968701834 0.11875576633490208 24.623629353346438 -3345.1555204431293 -3.82895649592047e-06 0.005844391908390561 0.21789896200121772
-2.975747538048335 4.90359982094897 -0.0 1121.4898280873895 673.8862659223378 567.778533063829 174.9904094785452 4.1628539224880585 4.811314436522319 -2188.1756968701834 0.11875576633490208 24.623629353346438 -3345.1555204431293 -3.82895649592047e-06 0.005844391908390561 0.21789896200121772
-2.975747538048335 4.904581915846015 -0.0 1109.9164640754461 674.534714512527 564.1305539011955 171.28552836179733 4.1628539224880585 4.811314436522319 -2188.1756968701834 0.11875576633490208 24.623629353346438 -3345.1555204431293 -3.82895649592047e-06 0.005844391908390561 0.21789896200121772
-2.975747538048335 4.9055640107430625 -0.0 1097.0031713545322 675.3466650974005 560.334097802639 168.63749738037586 4.1628539224880585 4.811314436522319 -2188.1756968701834 0.11875576633490208 24.623629353346438 -3345.1555204431293 -3.82895649592047e-06 0.005844391908390561 0.21789896200121772
-2.999317815577432 4.710127126230975 3.2616159920604186 1082.6678046956658 676.339215843007 556.4119502231479 167.19637009501457 4.1628539224880585 4.811314436522319 -2188.1756968701834 0.11875576633490208 24.623629353346438 -3345.1555204431293 -3.82895649592047e-06 0.005844391908390561 0.21789896200121772
-3.0297627573858508 4.4046956132497765 3.240942936145846 1066.825700223446 677.5299937371165 552.3888225182891 167.11825823783875 4.1628539224880585 4.811314436522319 -2188.1756968701834 0.11875576633490208 24.623629353346438 -3345.1555204431293 -3.82895649592047e-06 0.005844391908390561 0.21789896200121772
-3.06118979409131 4.047213070725156 3.2292793087192884 1049.3896751776338 678.9371546059847 548.2913519665599 168.56533154845238 4.1628539224880585 4.811314436522319 -2188.1756968701834 0.11875576633490208 24.623629353346438 -3345.1555204431293 -3.82895649592047e-06 0.005844391908390561 0.21789896200121772
-3.092616830796778 3.674017009847806 3.2256049653973067 1030.2700283676386 680.5793830901384 544.148101605475 171.7058180719614 4.1628539224880585 4.811314436522319 -2188.1756968701834 0.11875576633490208 24.623629353346438 -3345.1555204431293 -3.82895649592047e-06 0.005844391908390561 0.21789896200121772
-3.1240438675022375 3.305731423455682 3.226719761067128 1009.3745396509767 682.47589266859 539.9895604252815 176.71400409936905 4.1628539224880585 4.811314436522319 -2188.1756968701834 0.11875576633490208 24.623629353346438 -3345.1555204431293 -3.82895649592047e-06 0.005844391908390561 0.21789896200121772
-3.1544888093106564 2.9511951656222 3.227255081144779 986.6084703058004 684.6464256420732 535.8481432572007 183.77023395895958 4.1628539224880585 4.811314436522319 -2188.1756968701834 0.11875576633490208 24.623629353346438 -3345.1555204431293 -3.82895649592047e-06 0.005844391908390561 0.21789896200121772
-3.1839516562220216 2.6123724261414507 3.2283309922657657 961.8745629787445 687.1112531516701 531.7581908553839 193.06091025471687 4.1628539224880585 4.811314436522319 -2188.1756968701834 0.11875576633490208 24.623629353346438 -3345.1555204431293 -3.82895649592047e-06 0.005844391908390561 0.21789896200121772
-3.214396598030436 2.289263205013428 3.235540200178248 935.0730414688587 689.8911751545966 527.7559697255492 204.77849377691746 4.1628539224880585 4.811314436522319 -2188.1756968701834 0.11875576633490208 24.623629353346438 -3345.1555204431293 -3.82895649592047e-06 0.005844391908390561 0.21789896200121772
-3.2438594449418017 1.9789212175469988 3.23624567415886 906.1016109213233 693.0075204409659 523.8796724006534 219.12150344252586 4.1628539224880585 4.811314436522319 -2188.1756968701834 0.11875576633490208 24.623629353346438 -3345.1555204431293 -3.82895649592047e-06 0.005844391908390561 0.21789896200121772
-3.2733222918531757 1.6764359892569365 3.2386889644877814 874.8554578721523 696.4821466300637 520.1694172024727 236.2945164591074 4.1628539224880585 4.811314436522319 -2188.1756968701834 0.11875576633490208 24.623629353346438 -3345.1555204431293 -3.82895649592047e-06 0.005844391908390561 0.21789896200121772
-3.4265290957922976 1.5644771709937306 3.7745593060574874 841.2272500246763 700.3374401703477 516.667248301208 256.50816808640957 4.1628539224880585 4.811314436522319 -2188.1756968701834 0.11875576633490208 24.623629353346438 -3345.1555204431293 -3.82895649592047e-06 0.005844391908390561 0.21789896200121772
-3.559111906893466 1.5045693822739463 3.849654591691614 805.1071364954114 704.5963163375854 513.4171357825398 279.979151815176 4.1628539224880585 4.811314436522319 -2188.1756968701834 0.11875576633490208 24.623629353346438 -3345.1555204431293 -3.82895649592047e-06 0.005844391908390561 0.21789896200121772
-3.6867842435094014 1.465285586392118 3.906585486300694 766.3827476426959 709.2822192311287 510.4649756476283 306.9302195608616 4.1628539224880585 4.811314436522319 -2188.1756968701834 0.11875576633490208 24.623629353346438 -3345.1555204431293 -3.82895649592047e-06 0.005844391908390561 0.21789896200121772
-3.814456580125337 1.4318943598925669 3.9311748929893215 724.9391951113939 714.4191217888147 507.85858964174986 337.590180978179 4.1628539224880585 4.811314436522319 -2188.1756968701834 0.11875576633490208 24.623629353346438 -3345.1555204431293 -3.82895649592047e-06 0.005844391908390561 0.21789896200121772
