32 -4.511743957027767 0.17284870188003493 1.125164786348138 -3.4098334825425365 0.6393437779767236
-4.511743957027767 0.17284870188003493 1.125164786348138 648.5350893735886 680.6157214194536 626.6643306892365 262.0606348514557 3.1869804698272413 3.676296186828528 -1897.6511545168646 0.045254746390756224 21.911955765245764 -4213.671791547032 1.896678390224486e-05 0.00443235679754404 0.14398235199826243
-4.294700984780674 0.27695076096687493 1.1235705990913558 663.5509984791279 665.9957973659039 631.4718388747424 293.9744910001755 3.1869804698272413 3.676296186828528 -1897.6511545168646 0.045254746390756224 21.911955765245764 -4213.671791547032 1.896678390224486e-05 0.00443235679754404 0.14398235199826243
-4.082568487018808 0.3761423455684866 1.1334090961877727 675.617779776454 654.0635267645121 635.7945987135172 319.06199142336845 3.1869804698272413 3.676296186828528 -1897.6511545168646 0.045254746390756224 21.911955765245764 -4213.671791547032 1.896678390224486e-05 0.00443235679754404 0.14398235199826243
-3.8753464637421704 0.47042345568487 1.1438118183315344 685.0947131216526 644.5069749802351 639.6880952063948 338.15318098664284 3.1869804698272413 3.676296186828528 -1897.6511545168646 0.045254746390756224 21.911955765245764 -4213.671791547032 1.896678390224486e-05 0.00443235679754404 0.14398235199826243
-3.6730349149507657 0.559794091316024 1.1548262765350437 692.3199607729912 637.0318841487169 643.204906065017 352.0334050953388 3.1869804698272413 3.676296186828528 -1897.6511545168646 0.045254746390756224 21.911955765245764 -4213.671791547032 1.896678390224486e-05 0.00443235679754404 0.14398235199826243
-3.4736696508504954 0.6452363473589967 1.1659045405098145 697.6105675250292 631.3616734445095 646.3947017751634 361.44331285357475 3.1869804698272413 3.676296186828528 -1897.6511545168646 0.045254746390756224 21.911955765245764 -4213.671791547032 1.896678390224486e-05 0.00443235679754404 0.14398235199826243
-3.276268576544319 0.7277323187108329 1.1844963156302664 701.2624606490135 627.2374388724566 649.3042455036193 367.0788535773754 3.1869804698272413 3.676296186828528 -1897.6511545168646 0.045254746390756224 21.911955765245764 -4213.671791547032 1.896678390224486e-05 0.00443235679754404 0.14398235199826243
-3.2291280214861255 0.7581772605192485 1.203088090750718 703.5504499673843 624.417953401804 651.9773931596428 369.5912794470787 3.1869804698272413 3.676296186828528 -1897.6511545168646 0.045254746390756224 21.911955765245764 -4213.671791547032 1.896678390224486e-05 0.00443235679754404 0.14398235199826243
-3.2418952551477256 0.7532667860340202 1.2216798658711698 704.7282278239727 622.6796667575836 654.4550934340805 369.5871442556381 3.1869804698272413 3.676296186828528 -1897.6511545168646 0.045254746390756224 21.911955765245764 -4213.671791547032 1.896678390224486e-05 0.00443235679754404 0.14398235199826243
-3.270376007162046 0.7326427931960601 1.2402716409916217 705.0283689051867 621.81670576334 656.7753876633942 367.62830367684364 3.1869804698272413 3.676296186828528 -1897.6511545168646 0.045254746390756224 21.911955765245764 -4213.671791547032 1.896678390224486e-05 0.00443235679754404 0.14398235199826243
-3.3008209489704603 0.7071083258728739 1.2588634161120735 704.6623305976391 621.6408739537001 658.9734099730849 364.2319157421589 3.1869804698272413 3.676296186828528 -1897.6511545168646 0.045254746390756224 21.911955765245764 -4213.671791547032 1.896678390224486e-05 0.00443235679754404 0.14398235199826243
-3.328319606087745 0.6825559534467313 1.2774551912325252 703.8204528838396 621.9816518574953 661.0813871957362 359.8704392015934 3.1869804698272413 3.676296186828528 -1897.6511545168646 0.045254746390756224 21.911955765245764 -4213.671791547032 1.896678390224486e-05 0.00443235679754404 0.14398235199826243
-3.350907788719797 0.6629140555058181 1.296046966352977 702.6719578653574 622.6861969977617 663.1286388933659 354.97163608670235 3.1869804698272413 3.676296186828528 -1897.6511545168646 0.045254746390756224 21.911955765245764 -4213.671791547032 1.896678390224486e-05 0.00443235679754404 0.14398235199826243
-3.3715317815577506 0.6481826320501333 1.3146387414734289 701.3649505376816 623.6193435192108 665.1415773574263 349.9185693860054 3.1869804698272413 3.676296186828528 -1897.6511545168646 0.045254746390756224 21.911955765245764 -4213.671791547032 1.896678390224486e-05 0.00443235679754404 0.14398235199826243
-3.3872452999104845 0.6383616830796767 1.3332305165938805 700.0264181792736 624.6636027544737 667.1437076367438 345.04960426688194 3.1869804698272413 3.676296186828528 -1897.6511545168646 0.045254746390756224 21.911955765245764 -4213.671791547032 1.896678390224486e-05 0.00443235679754404 0.14398235199826243
-3.400012533572071 0.6324691136974036 1.3518222917143323 698.7622307240963 625.7191627770662 669.1556274387985 340.65840768814087 3.1869804698272413 3.676296186828528 -1897.6511545168646 0.045254746390756224 21.911955765245764 -4213.671791547032 1.896678390224486e-05 0.00443235679754404 0.14398235199826243
-3.410815577439577 0.629522829006266 1.3704140668347842 697.6571404337883 626.7038887143135 671.1950272787362 336.99394902586937 3.1869804698272413 3.676296186828528 -1897.6511545168646 0.045254746390756224 21.911955765245764 -4213.671791547032 1.896678390224486e-05 0.00443235679754404 0.14398235199826243
-3.418672336615944 0.6285407341092201 1.389005841955236 696.7747823148966 627.5533222705126 673.2766903545707 334.26049852371216 3.1869804698272413 3.676296186828528 -1897.6511545168646 0.045254746390756224 21.911955765245764 -4213.671791547032 1.896678390224486e-05 0.00443235679754404 0.14398235199826243
-3.423582811101172 0.629522829006266 1.4075976170756876 696.1576736718416 628.2206824868917 675.4124926067889 332.6176294386387 3.1869804698272413 3.676296186828528 -1897.6511545168646 0.045254746390756224 21.911955765245764 -4213.671791547032 1.896678390224486e-05 0.00443235679754404 0.14398235199826243
-3.4284932855863914 0.6305049239033118 1.4261893921961395 695.8272144049406 628.6768649369478 677.6114027220756 332.18021607398987 3.1869804698272413 3.676296186828528 -1897.6511545168646 0.045254746390756224 21.911955765245764 -4213.671791547032 1.896678390224486e-05 0.00443235679754404 0.14398235199826243
-3.43143957027753 0.6314870188003577 1.4447811673165913 695.7836869060993 628.9104422926903 679.8794820848852 333.01843494176865 3.1869804698272413 3.676296186828528 -1897.6511545168646 0.045254746390756224 21.911955765245764 -4213.671791547032 1.896678390224486e-05 0.00443235679754404 0.14398235199826243
-3.434385854968669 0.6324691136974036 1.4633729424370432 696.0062561184168 628.927664026618 682.2198848165572 335.1577646434307 3.1869804698272413 3.676296186828528 -1897.6511545168646 0.045254746390756224 21.911955765245764 -4213.671791547032 1.896678390224486e-05 0.00443235679754404 0.14398235199826243
-3.4373321396598078 0.6334512085944495 1.4819647175574948 696.4529693722725 628.7524565756321 684.6328577958047 338.5789853334427 3.1869804698272413 3.676296186828528 -1897.6511545168646 0.045254746390756224 21.911955765245764 -4213.671791547032 1.896678390224486e-05 0.00443235679754404 0.14398235199826243
-3.4373321396598078 0.6344333034914954 1.5005564926779467 697.0607566833496 628.4264232814312 687.1157405842096 343.21817913651466 3.1869804698272413 3.676296186828528 -1897.6511545168646 0.045254746390756224 21.911955765245764 -4213.671791547032 1.896678390224486e-05 0.00443235679754404 0.14398235199826243
-3.4373321396598078 0.6354153983885412 1.5191482677983985 697.7454304993153 628.0088443756104 689.6629655193537 348.96673023700714 3.1869804698272413 3.676296186828528 -1897.6511545168646 0.045254746390756224 21.911955765245764 -4213.671791547032 1.896678390224486e-05 0.00443235679754404 0.14398235199826243
-3.4373321396598078 0.6363974932855871 1.5377400429188501 698.4016856700182 627.5766769200563 692.2660576384515 355.6713244318962 3.1869804698272413 3.676296186828528 -1897.6511545168646 0.045254746390756224 21.911955765245764 -4213.671791547032 1.896678390224486e-05 0.00443235679754404 0.14398235199826243
-3.4334037600716285 0.6383616830796789 1.556331818039302 698.9030995815992 627.2245549559593 694.9136347044259 363.13394969701767 3.1869804698272413 3.676296186828528 -1897.6511545168646 0.045254746390756224 21.911955765245764 -4213.671791547032 1.896678390224486e-05 0.00443235679754404 0.14398235199826243
-3.4294753804834497 0.6393437779767236 1.5749235931597538 699.1021324396133 627.0647894591093 697.5914072431624 371.1118958592415 3.1869804698272413 3.676296186828528 -1897.6511545168646 0.045254746390756224 21.911955765245764 -4213.671791547032 1.896678390224486e-05 0.00443235679754404 0.14398235199826243
-3.4255470008952704 0.6393437779767236 1.5935153682802055 698.8301264643669 627.227368041873 700.2821784820408 379.31775438785553 3.1869804698272413 3.676296186828528 -1897.6511545168646 0.045254746390756224 21.911955765245764 -4213.671791547032 1.896678390224486e-05 0.00443235679754404 0.14398235199826243
-3.421618621307087 0.6393437779767236 1.6121071434006573 697.8973067104816 627.859955728054 702.9658443778753 387.4194190502167 3.1869804698272413 3.676296186828528 -1897.6511545168646 0.045254746390756224 21.911955765245764 -4213.671791547032 1.896678390224486e-05 0.00443235679754404 0.14398235199826243
-3.4176902417189035 0.6393437779767236 1.6306989185211092 696.0927806943655 629.1278938800097 705.61939362064 395.0400846898556 3.2056353892483926 3.7155935482313915 -1912.622236752171 0.0451322329054361 21.981536312851876 -4198.91439304375 1.8915437093644696e-05 0.004467805512951356 0.14289518143134006
-3.41376186213072 0.6393437779767236 1.649290693641561 693.1845383644104 631.2142010778189 708.2169076316059 401.7582494020462 3.2056353892483926 3.7155935482313915 -1912.622236752171 0.0451322329054361 21.981536312851876 -4198.91439304375 1.8915437093644696e-05 0.004467805512951356 0.14289518143134006
-3.4098334825425365 0.6393437779767236 1.6678824687620126 697.2134193317033 627.9272320889868 724.8967043594457 449.6868716403842 3.2056353892483926 3.7155935482313915 -1912.622236752171 0.0451322329054361 21.981536312851876 -4198.91439304375 1.8915437093644696e-05 0.004467805512951356 0.14289518143134006
-3.405905102954353 0.6393437779767236 1.6864742438824645 697.1995912749553 627.9815475621726 708.6333824913017 426.8395165242255 3.2056353892483926 3.7155935482313915 -1912.622236752171 0.0451322329054361 21.981536312851876 -4198.91439304375 1.8915437093644696e-05 0.004467805512951356 0.14289518143134006
-3.4019767233661695 0.6393437779767236 1.7050660190029163 697.200561326812 628.0183173913974 693.303535245359 405.3188738413155 3.2056353892483926 3.7155935482313915 -1912.622236752171 0.0451322329054361 21.981536312851876 -4198.91439304375 1.8915437093644696e-05 0.004467805512951356 0.14289518143134006
-3.398048343777986 0.6393437779767236 1.7236577941233682 697.2143360441551 628.0403028873261 678.8763988553546 385.13274490460753 3.2056353892483926 3.7155935482313915 -1912.622236752171 0.0451322329054361 21.981536312851876 -4198.91439304375 1.8915437093644696e-05 0.004467805512951356 0.14289518143134006
-3.398048343777986 0.6383616830796778 1.7422495692438198 697.2390262397239 628.0501044737175 665.3213637424633 366.28392884880304 3.2056353892483926 3.7155935482313915 -1912.622236752171 0.0451322329054361 21.981536312851876 -4198.91439304375 1.8915437093644696e-05 0.004467805512951356 0.14289518143134006
-3.398048343777986 0.6393437779767236 1.7608413443642716 697.2728469809517 628.0501616958063 652.6079745092429 348.7702227309346 3.2056353892483926 3.7155935482313915 -1912.622236752171 0.0451322329054361 21.981536312851876 -4198.91439304375 1.8915437093644696e-05 0.004467805512951356 0.14289518143134006
-3.398048343777986 0.6403258728737695 1.7794331194847235 697.3141175882192 628.0427532116883 640.7059299377725 332.5844215080142 3.2056353892483926 3.7155935482313915 -1912.622236752171 0.0451322329054361 21.981536312851876 -4198.91439304375 1.8915437093644696e-05 0.004467805512951356 0.14289518143134006
-3.398048343777986 0.6413079677708154 1.7980248946051751 697.3612616384635 628.029996795347 629.5850829971023 317.71431801468134 3.2056353892483926 3.7155935482313915 -1912.622236752171 0.0451322329054361 21.981536312851876 -4198.91439304375 1.8915437093644696e-05 0.004467805512951356 0.14289518143134006
-3.398048343777986 0.6422900626678613 1.816616669725627 697.4128069626167 628.0138493371196 619.2154408325441 304.1427029557526 3.2056353892483926 3.7155935482313915 -1912.622236752171 0.0451322329054361 21.981536312851876 -4198.91439304375 1.8915437093644696e-05 0.004467805512951356 0.14289518143134006
-3.398048343777986 0.6432721575649072 1.8352084448460788 697.4673856451409 627.9961068432312 609.5671647754498 291.8473650328815 3.2056353892483926 3.7155935482313915 -1912.622236752171 0.0451322329054361 21.981536312851876 -4198.91439304375 1.8915437093644696e-05 0.004467805512951356 0.14289518143134006
-3.398048343777986 0.644254252461953 1.8538002199665304 697.5237340276362 627.9784044381231 600.6105703385547 280.8010907135904 3.2056353892483926 3.7155935482313915 -1912.622236752171 0.0451322329054361 21.981536312851876 -4198.91439304375 1.8915437093644696e-05 0.004467805512951356 0.14289518143134006
-3.398048343777986 0.6452363473589978 1.8723919950869825 697.5806927029043 627.9622163593303 592.3161272183061 270.97166446223855 3.2056353892483926 3.7155935482313915 -1912.622236752171 0.0451322329054361 21.981536312851876 -4198.91439304375 1.8915437093644696e-05 0.004467805512951356 0.14289518143134006
-3.398048343777986 0.6462184422560437 1.8909837702074341 697.6372065208852 627.9488559609745 584.6544592892751 262.32186859846115 3.2056353892483926 3.7155935482313915 -1912.622236752171 0.0451322329054361 21.981536312851876 -4198.91439304375 1.8915437093644696e-05 0.004467805512951356 0.14289518143134006
-3.398048343777986 0.6462184422560437 1.9095755453278858 697.6923245852813 627.9394757146947 577.5963446116075 254.8094833046198 3.2056353892483926 3.7155935482313915 -1912.622236752171 0.0451322329054361 21.981536312851876 -4198.91439304375 1.8915437093644696e-05 0.004467805512951356 0.14289518143134006
-3.398048343777986 0.6472005371530896 1.9281673204483378 697.7452002549544 627.9350672063883 571.1127154282294 248.38728674128652 3.2056353892483926 3.7155935482313915 -1912.622236752171 0.0451322329054361 21.981536312851876 -4198.91439304375 1.8915437093644696e-05 0.004467805512951356 0.14289518143134006
-3.398048343777986 0.6472005371530896 1.9467590955687895 697.7950911428779 627.9364611394703 565.1746581606567 243.00305489078164 3.2056353892483926 3.7155935482313915 -1912.622236752171 0.0451322329054361 21.981536312851876 -4198.91439304375 1.8915437093644696e-05 0.004467805512951356 0.14289518143134006
-3.398048343777986 0.6472005371530896 1.965350870689241 697.841359115555 627.9443273313809 559.7534134164453 238.59956166520715 3.2056353892483926 3.7155935482313915 -1912.622236752171 0.0451322329054361 21.981536312851876 -4198.91439304375 1.8915437093644696e-05 0.004467805512951356 0.14289518143134006
-3.398048343777986 0.6472005371530896 1.9839426458096932 697.8834702959284 627.9591747203376 554.820375981275 235.11457885056734 3.2056353892483926 3.7155935482313915 -1912.622236752171 0.0451322329054361 21.981536312851876 -4198.91439304375 1.8915437093644696e-05 0.004467805512951356 0.14289518143134006
-3.398048343777986 0.6472005371530896 2.0025344209301448 697.920995061053 627.9813513529953 550.3470948282629 232.48087617754936 3.2056353892483926 3.7155935482313915 -1912.622236752171 0.0451322329054361 21.981536312851876 -4198.91439304375 1.8915437093644696e-05 0.004467805512951356 0.14289518143134006
-3.398048343777986 0.6472005371530896 2.021126196050597 697.9536080416292 628.0110443991143 546.3052731095813 230.62622118741274 3.2056353892483926 3.7155935482313915 -1912.622236752171 0.0451322329054361 21.981536312851876 -4198.91439304375 1.8915437093644696e-05 0.004467805512951356 0.14289518143134006
-3.398048343777986 0.6472005371530896 2.0397179711710485 697.9810881250305 628.048280140385 542.6667681569234 229.47337944805622 3.2056353892483926 3.7155935482313915 -1912.622236752171 0.0451322329054361 21.981536312851876 -4198.91439304375 1.8915437093644696e-05 0.004467805512951356 0.14289518143134006
-3.398048343777986 0.6472005371530896 2.0583097462915 698.0033184500644 628.092923975084 539.4035914894193 228.9401142410934 3.2056353892483926 3.7155935482313915 -1912.622236752171 0.0451322329054361 21.981536312851876 -4198.91439304375 1.8915437093644696e-05 0.004467805512951356 0.14289518143134006
-3.398048343777986 0.6472005371530896 2.076901521411952 698.0202864133753 628.1446804194711 536.4879088075832 228.93918691202998 3.2056353892483926 3.7155935482313915 -1912.622236752171 0.0451322329054361 21.981536312851876 -4198.91439304375 1.8915437093644696e-05 0.004467805512951356 0.14289518143134006
-3.40099462846912 0.6481826320501355 2.095493296532404 698.0320836640894 628.2030931038316 533.8920399905182 229.37835662439466 3.2056353892483926 3.7155935482313915 -1912.622236752171 0.0451322329054361 21.981536312851876 -4198.91439304375 1.8915437093644696e-05 0.004467805512951356 0.14289518143134006
-3.4039409131602545 0.6481826320501355 2.1140850716528554 698.0389061066089 628.2675447762012 531.5884591010399 230.16038043797016 3.2056353892483926 3.7155935482313915 -1912.622236752171 0.0451322329054361 21.981536312851876 -4198.91439304375 1.8915437093644696e-05 0.004467805512951356 0.14289518143134006
-3.406887197851389 0.6481826320501355 2.1326768467733075 698.0410539006116 628.3372572979424 529.549794386141 231.1830133460462 3.2056353892483926 3.7155935482313915 -1912.622236752171 0.0451322329054361 21.981536312851876 -4198.91439304375 1.8915437093644696e-05 0.004467805512951356 0.14289518143134006
-3.4098334825425276 0.6481826320501355 2.151268621893759 698.0389314589556 628.4112916493323 527.7488282737322 232.33900818228722 3.2056353892483926 3.7155935482313915 -1912.622236752171 0.0451322329054361 21.981536312851876 -4198.91439304375 1.8915437093644696e-05 0.004467805512951356 0.14289518143134006
-3.412779767233662 0.6481826320501355 2.1698603970142107 698.0330474498915 628.4885479246732 526.1584973731078 233.5161156952381 3.2056353892483926 3.7155935482313915 -1912.622236752171 0.0451322329054361 21.981536312851876 -4198.91439304375 1.8915437093644696e-05 0.004467805512951356 0.14289518143134006
-3.4157260519248007 0.6481826320501355 2.188452172134663 698.0240147968289 628.5677653350867 524.7518924772739 234.5970846004784 3.2056353892483926 3.7155935482313915 -1912.622236752171 0.0451322329054361 21.981536312851876 -4198.91439304375 1.8915437093644696e-05 0.004467805512951356 0.14289518143134006
-3.418672336615935 0.6481826320501355 2.2070439472551144 698.01255067694 628.6475222075824 523.5022585592233 235.45966136455536 3.2056353892483926 3.7155935482313915 -1912.622236752171 0.0451322329054361 21.981536312851876 -4198.91439304375 1.8915437093644696e-05 0.004467805512951356 0.14289518143134006
-3.421618621307074 0.6481826320501355 2.225635722375566 697.9994765226729 628.7262359866872 522.3829947765917 235.97659047693014 3.2056353892483926 3.7155935482313915 -1912.622236752171 0.0451322329054361 21.981536312851876 -4198.91439304375 1.8915437093644696e-05 0.004467805512951356 0.14289518143134006
-3.4245649059982126 0.6481826320501355 2.244227497496018 697.9857180200052 628.8021632297896 521.3676544693299 236.01561430469155 3.2056353892483926 3.7155935482313915 -1912.622236752171 0.0451322329054361 21.981536312851876 -4198.91439304375 1.8915437093644696e-05 0.004467805512951356 0.14289518143134006
-3.427511190689347 0.6481826320501355 2.2628192726164698 697.9723051108886 628.873399613658 520.4299451569095 235.43947300314903 3.2056353892483926 3.7155935482313915 -1912.622236752171 0.0451322329054361 21.981536312851876 -4198.91439304375 1.8915437093644696e-05 0.004467805512951356 0.14289518143134006
-3.427511190689347 0.6481826320501355 2.2814110477369214 697.960371990921 628.937879927922 519.5437285434455 234.10590480268002 3.2056353892483926 3.7155935482313915 -1912.622236752171 0.0451322329054361 21.981536312851876 -4198.91439304375 1.8915437093644696e-05 0.004467805512951356 0.14289518143134006
-3.427511190689347 0.6481826320501355 2.3000028228573735 697.9511571094627 628.9933780808933 518.6830205121078 231.86764564737678 3.2056353892483926 3.7155935482313915 -1912.622236752171 0.0451322329054361 21.981536312851876 -4198.91439304375 1.8915437093644696e-05 0.004467805512951356 0.14289518143134006
-3.427511190689347 0.6481826320501355 2.318594597977825 697.946003173478 629.037507095607 517.8219911339693 228.5724295079708 3.2056353892483926 3.7155935482313915 -1912.622236752171 0.0451322329054361 21.981536312851876 -4198.91439304375 1.8915437093644696e-05 0.004467805512951356 0.14289518143134006
-3.427511190689347 0.6481826320501355 2.3371863730982767 697.9463571414817 629.067719111219 516.9349646568298 224.06298821046948 3.2056353892483926 3.7155935482313915 -1912.622236752171 0.0451322329054361 21.981536312851876 -4198.91439304375 1.8915437093644696e-05 0.004467805512951356 0.14289518143134006
-3.427511190689347 0.6481826320501355 2.3557781482187288 697.9537702279631 629.0813053839374 515.9964195131324 218.17705142498016 3.2056353892483926 3.7155935482313915 -1912.622236752171 0.0451322329054361 21.981536312851876 -4198.91439304375 1.8915437093644696e-05 0.004467805512951356 0.14289518143134006
-3.427511190689347 0.6481826320501355 2.3743699233391804 697.9698979022214 629.0753962835297 514.9809883157723 210.74734680354595 3.2056353892483926 3.7155935482313915 -1912.622236752171 0.0451322329054361 21.981536312851876 -4198.91439304375 1.8915437093644696e-05 0.004467805512951356 0.14289518143134006
-3.4284932855863914 0.6442542524619519 2.392961698459632 697.9964998870855 629.0469612982124 513.8634578627534 201.60159984603524 3.2056353892483926 3.7155935482313915 -1912.622236752171 0.0451322329054361 21.981536312851876 -4198.91439304375 1.8915437093644696e-05 0.004467805512951356 0.14289518143134006
-3.4294753804834364 0.6403258728737684 2.411553473580084 698.0354401610093 628.9928090311587 512.6187691329978 190.56253392621875 3.2056353892483926 3.7155935482313915 -1912.622236752171 0.0451322329054361 21.981536312851876 -4198.91439304375 1.8915437093644696e-05 0.004467805512951356 0.14289518143134006
-3.430457475380481 0.6363974932855849 2.430145248700536 698.0886869567912 628.9095872032922 511.22201728634536 177.4478704072535 3.2056353892483926 3.7155935482313915 -1912.622236752171 0.0451322329054361 21.981536312851876 -4198.91439304375 1.8915437093644696e-05 0.004467805512951356 0.14289518143134006
-3.43143957027753 0.6324691136974013 2.448737023820988 698.1583127614576 628.793782647932 509.64845166541636 162.07032841444016 3.2056353892483926 3.7155935482313915 -1912.622236752171 0.0451322329054361 21.981536312851876 -4198.91439304375 1.8915437093644696e-05 0.004467805512951356 0.14289518143134006
