32 -1.094053715308864 -3.190826320501344 1.7894652726688431 0.5264028648164629 -4.7886947179946295
-1.094053715308864 -3.190826320501344 1.7894652726688431 386.5486453920603 559.6784889362752 570.5508404001594 232.44885420799255 3.358152276963738 3.907045048473434 -2168.9918008796426 0.04936015911791944 23.028211301179574 -5074.218251356565 2.068740952134088e-05 0.004688340385662689 -0.03722017644612298
-1.0429847806624917 -3.2075219337511207 1.8867665987478952 386.55751214921474 557.9796921284869 559.7172642126679 251.880047082901 3.358152276963738 3.907045048473434 -2168.9918008796426 0.04936015911791944 23.028211301179574 -5074.218251356565 2.068740952134088e-05 0.004688340385662689 -0.03722017644612298
-0.9928979409131639 -3.227163831692034 1.9445231467604562 385.8781362771988 556.3772535780445 549.2145863175392 270.37964737415314 3.358152276963738 3.907045048473434 -2168.9918008796426 0.04936015911791944 23.028211301179574 -5074.218251356565 2.068740952134088e-05 0.004688340385662689 -0.03722017644612298
-0.9447752909579302 -3.253680393912266 2.0744226229190135 384.59481367468834 554.8604147499427 538.9869503229856 287.73178017139435 3.358152276963738 3.907045048473434 -2168.9918008796426 0.04936015911791944 23.028211301179574 -5074.218251356565 2.068740952134088e-05 0.004688340385662689 -0.03722017644612298
-0.9005810205908756 -3.2851074306177273 2.1889405527300907 382.7870761305094 553.4187754914165 528.981260240078 303.7562383413315 3.358152276963738 3.907045048473434 -2168.9918008796426 0.04936015911791944 23.028211301179574 -5074.218251356565 2.068740952134088e-05 0.004688340385662689 -0.03722017644612298
-0.8593330349149553 -3.3194807520143255 2.265534602991568 380.5296916514635 552.0422940477729 519.147180698812 318.30848252773285 3.358152276963738 3.907045048473434 -2168.9918008796426 0.04936015911791944 23.028211301179574 -5074.218251356565 2.068740952134088e-05 0.004688340385662689 -0.03722017644612298
-0.8072820053715426 -3.3597466427931972 2.2292217005783286 377.8926641494036 550.7212870446965 509.43713691085577 331.27963948249817 3.358152276963738 3.907045048473434 -2168.9918008796426 0.04936015911791944 23.028211301179574 -5074.218251356565 2.068740952134088e-05 0.004688340385662689 -0.03722017644612298
-0.7552309758281209 -3.4049230080572976 2.285604900373457 374.9412336051464 549.4464295124635 499.80631459504366 342.5965038537979 3.358152276963738 3.907045048473434 -2168.9918008796426 0.04936015911791944 23.028211301179574 -5074.218251356565 2.068740952134088e-05 0.004688340385662689 -0.03722017644612298
-0.70219785138765 -3.455009847806626 2.327630832353531 371.73587606847286 548.2087548514828 490.2126599624753 352.2215361595154 3.358152276963738 3.907045048473434 -2168.9918008796426 0.04936015911791944 23.028211301179574 -5074.218251356565 2.068740952134088e-05 0.004688340385662689 -0.03722017644612298
-0.6530931065353627 -3.508042972247091 2.3946370802134855 368.3323036581278 546.9996548760682 480.61687991023064 360.15286564826965 3.358152276963738 3.907045048473434 -2168.9918008796426 0.04936015911791944 23.028211301179574 -5074.218251356565 2.068740952134088e-05 0.004688340385662689 -0.03722017644612298
-0.6138093106535363 -3.561076096687557 2.5040438554511035 364.78146451711655 545.810879769735 470.98244175314903 366.42428755760193 3.358152276963738 3.907045048473434 -2168.9918008796426 0.04936015911791944 23.028211301179574 -5074.218251356565 2.068740952134088e-05 0.004688340385662689 -0.03722017644612298
-0.5755076096687592 -3.6160734109221133 2.5332676449712612 361.1295426785946 544.6345381177962 461.27557338774204 371.1052646636963 3.358152276963738 3.907045048473434 -2168.9918008796426 0.04936015911791944 23.028211301179574 -5074.218251356565 2.068740952134088e-05 0.004688340385662689 -0.03722017644612298
-0.5362238137869328 -3.673034914950762 2.5378433201923625 357.4179584980011 543.4630968868732 451.4652632921934 374.30092680454254 3.358152276963738 3.907045048473434 -2168.9918008796426 0.04936015911791944 23.028211301179574 -5074.218251356565 2.068740952134088e-05 0.004688340385662689 -0.03722017644612298
-0.50086839749329 -3.7299964189794106 2.5860989183242618 353.68336813151836 542.2893814407289 441.5232604518533 376.15207076072693 3.358152276963738 3.907045048473434 -2168.9918008796426 0.04936015911791944 23.028211301179574 -5074.218251356565 2.068740952134088e-05 0.004688340385662689 -0.03722017644612298
-0.4576562220232847 -3.7879400179051044 2.5008089294123232 349.95766396820545 541.106575531885 431.4240743741393 376.8351619243622 3.358152276963738 3.907045048473434 -2168.9918008796426 0.04936015911791944 23.028211301179574 -5074.218251356565 2.068740952134088e-05 0.004688340385662689 -0.03722017644612298
-0.4114977618621361 -3.848829901521935 2.492950201923221 346.2679742127657 539.9082213044167 421.14497524499893 376.56232964992523 3.358152276963738 3.907045048473434 -2168.9918008796426 0.04936015911791944 23.028211301179574 -5074.218251356565 2.068740952134088e-05 0.004688340385662689 -0.03722017644612298
-0.3682855863921263 -3.9057914055505836 2.4925970945932883 342.63666331768036 538.6882192818448 410.6659936308861 375.58137357234955 3.358152276963738 3.907045048473434 -2168.9918008796426 0.04936015911791944 23.028211301179574 -5074.218251356565 2.068740952134088e-05 0.004688340385662689 -0.03722017644612298
-0.3201629364368881 -3.9647170993733223 2.4567714076471745 339.0813316553831 537.4408283894882 399.96992072463036 374.17575895786285 3.358152276963738 3.907045048473434 -2168.9918008796426 0.04936015911791944 23.028211301179574 -5074.218251356565 2.068740952134088e-05 0.004688340385662689 -0.03722017644612298
-0.2838254252462005 -4.016768128916743 2.5321341156449018 335.6148157566786 536.1606659376994 389.04230826348066 372.6646180152893 3.358152276963738 3.907045048473434 -2168.9918008796426 0.04936015911791944 23.028211301179574 -5074.218251356565 2.068740952134088e-05 0.004688340385662689 -0.03722017644612298
-0.243559534467325 -4.066854968666071 2.4644650810527597 332.2451880276203 534.8427076293156 377.871468514204 371.40275037288666 3.358152276963738 3.907045048473434 -2168.9918008796426 0.04936015911791944 23.028211301179574 -5074.218251356565 2.068740952134088e-05 0.004688340385662689 -0.03722017644612298
-0.19249059982095704 -4.119888093106537 2.375060176214075 328.975757047534 533.4822875512764 366.4484743177891 370.78062403202057 3.358152276963738 3.907045048473434 -2168.9918008796426 0.04936015911791944 23.028211301179574 -5074.218251356565 2.068740952134088e-05 0.004688340385662689 -0.03722017644612298
-0.14436794986571888 -4.171939122649957 2.3953900921193916 325.80506740510464 532.0750981858 354.7671590447426 371.22437143325806 3.358152276963738 3.907045048473434 -2168.9918008796426 0.04936015911791944 23.028211301179574 -5074.218251356565 2.068740952134088e-05 0.004688340385662689 -0.03722017644612298
-0.08838854073411816 -4.224972247090421 2.3291740410050887 322.72689969837666 530.6171904085204 342.8241165280342 373.19579470157623 3.358152276963738 3.907045048473434 -2168.9918008796426 0.04936015911791944 23.028211301179574 -5074.218251356565 2.068740952134088e-05 0.004688340385662689 -0.03722017644612298
-0.02455237242614592 -4.278005371530887 2.2640194526358517 319.7302706390619 529.1049734763801 330.61870136111975 377.19236183166504 3.358152276963738 3.907045048473434 -2168.9918008796426 0.04936015911791944 23.028211301179574 -5074.218251356565 2.068740952134088e-05 0.004688340385662689 -0.03722017644612298
0.047140555058184444 -4.333002685765444 2.2251665727654664 316.7994328290224 527.5352150360122 318.15302846580744 383.74720799922943 3.358152276963738 3.907045048473434 -2168.9918008796426 0.04936015911791944 23.028211301179574 -5074.218251356565 2.068740952134088e-05 0.004688340385662689 -0.03722017644612298
0.12472605192479679 -4.388000000000001 2.187444387772013 313.913875117898 525.9050411321223 305.4319733828306 393.42913568019867 3.358152276963738 3.907045048473434 -2168.9918008796426 0.04936015911791944 23.028211301179574 -5074.218251356565 2.068740952134088e-05 0.004688340385662689 -0.03722017644612298
0.1856159355416258 -4.442015219337513 2.2964366638039673 311.04832223057747 524.211936198175 292.463172249496 406.8426148891449 3.358152276963738 3.907045048473434 -2168.9918008796426 0.04936015911791944 23.028211301179574 -5074.218251356565 2.068740952134088e-05 0.004688340385662689 -0.03722017644612298
0.24748791405549958 -4.495048343777978 2.279422598922586 308.17273503541946 522.4537430498749 279.2570217475295 424.62778186798096 3.358152276963738 3.907045048473434 -2168.9918008796426 0.04936015911791944 23.028211301179574 -5074.218251356565 2.068740952134088e-05 0.004688340385662689 -0.03722017644612298
0.31721665174574043 -4.552009847806627 2.255758378143501 305.2523103505373 520.6286629028618 265.8266789764166 447.4604400396347 3.358152276963738 3.907045048473434 -2168.9918008796426 0.04936015911791944 23.028211301179574 -5074.218251356565 2.068740952134088e-05 0.004688340385662689 -0.03722017644612298
0.38301700984779774 -4.6099534467323195 2.2927875382255247 302.2474811524153 518.7352553494275 252.18806175142527 476.0520615577698 3.358152276963738 3.907045048473434 -2168.9918008796426 0.04936015911791944 23.028211301179574 -5074.218251356565 2.068740952134088e-05 0.004688340385662689 -0.03722017644612298
0.43801432408235813 -4.667897045658013 2.382275531483063 299.1139163374901 516.7724383892491 238.359848305583 511.1497836112976 3.358152276963738 3.907045048473434 -2168.9918008796426 0.04936015911791944 23.028211301179574 -5074.218251356565 2.068740952134088e-05 0.004688340385662689 -0.03722017644612298
0.48810116383168584 -4.728786929274845 2.4532338761743566 295.80252090096474 514.7394883977249 224.36347747594118 553.5364120006561 3.358152276963738 3.907045048473434 -2168.9918008796426 0.04936015911791944 23.028211301179574 -5074.218251356565 2.068740952134088e-05 0.004688340385662689 -0.03722017644612298
0.5264028648164629 -4.7886947179946295 2.572744795168474 304.6330103240907 512.7605477985926 464.7043385207653 374.69744469597936 3.358152276963738 3.907045048473434 -2168.9918008796426 0.04936015911791944 23.028211301179574 -5074.218251356565 2.068740952134088e-05 0.004688340385662689 -0.03722017644612298
0.5568478066248774 -4.850566696508507 2.6843143852076627 295.8552138051018 512.8014180078171 480.9692340195179 365.3522381968796 3.358152276963738 3.907045048473434 -2168.9918008796426 0.04936015911791944 23.028211301179574 -5074.218251356565 2.068740952134088e-05 0.004688340385662689 -0.03722017644612298
0.5715792300805668 -4.907528200537154 2.9247190379233547 287.68488460592926 512.9364194623195 494.37067940831184 355.9810149539262 3.358152276963738 3.907045048473434 -2168.9918008796426 0.04936015911791944 23.028211301179574 -5074.218251356565 2.068740952134088e-05 0.004688340385662689 -0.03722017644612298
0.5696150402864772 -4.96252551477171 3.2116532362282646 280.10504599660635 513.1591312596574 505.1343223452568 346.59620783571154 3.358152276963738 3.907045048473434 -2168.9918008796426 0.04936015911791944 23.028211301179574 -5074.218251356565 2.068740952134088e-05 0.004688340385662689 -0.03722017644612298
0.5725613249776205 -5.019487018800358 3.124645123783327 273.0989710241556 513.4632980325259 513.4791117310524 337.2099270457402 3.358152276963738 3.907045048473434 -2168.9918008796426 0.04936015911791944 23.028211301179574 -5074.218251356565 2.068740952134088e-05 0.004688340385662689 -0.03722017644612298
0.5627403760071639 -5.075466427931961 3.345610633182309 266.6501824846491 513.8428299468942 519.6172984242439 327.83396014850587 3.358152276963738 3.907045048473434 -2168.9918008796426 0.04936015911791944 23.028211301179574 -5074.218251356565 2.068740952134088e-05 0.004688340385662689 -0.03722017644612298
0.5450626678603402 -5.130463742166519 3.479048722817643 260.7424529530108 514.2918027047999 523.7544350922108 318.4797720462084 3.3767908619937965 3.933726975516459 -2185.9881959650584 0.0994549523285227 23.138420057218394 -5144.247905957573 4.168271262720982e-05 0.0047063806792325006 -0.05471948551624051
0.5273849597135166 -5.186443151298121 3.4736521211326807 255.35980475787073 514.8044575406238 526.0893760025501 309.1585050066933 3.3767908619937965 3.933726975516459 -2185.9881959650584 0.0994549523285227 23.138420057218394 -5144.247905957573 4.168271262720982e-05 0.0047063806792325006 -0.05471948551624051
0.5097072515666975 -5.24144046553268 3.479048722817572 250.48650999274105 515.3752012229525 526.8142770528793 299.8809786327183 3.3767908619937965 3.933726975516459 -2185.9881959650584 0.0994549523285227 23.138420057218394 -5144.247905957573 4.168271262720982e-05 0.0047063806792325006 -0.05471948551624051
0.5008683974932856 -5.29741987466428 3.329021766033453 246.1070905169472 515.9986060587689 526.1145959794521 290.657689884305 3.3767908619937965 3.933726975516459 -2185.9881959650584 0.0994549523285227 23.138420057218394 -5144.247905957573 4.168271262720982e-05 0.0047063806792325006 -0.05471948551624051
0.4881011638316903 -5.350452999104747 3.4078447027407184 242.20631795655936 516.6694098906592 524.1690921187401 281.4988130731508 3.3767908619937965 3.933726975516459 -2185.9881959650584 0.0994549523285227 23.138420057218394 -5144.247905957573 4.168271262720982e-05 0.0047063806792325006 -0.05471948551624051
0.4714055505819159 -5.39955774395703 3.498212789541239 238.76921370159835 517.3825160874985 521.1498266756535 272.41419985704124 3.3767908619937965 3.933726975516459 -2185.9881959650584 0.0994549523285227 23.138420057218394 -5144.247905957573 4.168271262720982e-05 0.0047063806792325006 -0.05471948551624051
0.4517636526410027 -5.449644583706358 3.5153194735553486 235.78104889579117 518.1329935588874 517.222162425518 263.4133792389184 3.3767908619937965 3.933726975516459 -2185.9881959650584 0.0994549523285227 23.138420057218394 -5144.247905957573 4.168271262720982e-05 0.0047063806792325006 -0.05471948551624051
0.43212175470008957 -5.496785138764549 3.5363837732895536 233.2273444570601 518.9160767495632 512.5447638630867 254.505557583645 3.3767908619937965 3.933726975516459 -2185.9881959650584 0.0994549523285227 23.138420057218394 -5144.247905957573 4.168271262720982e-05 0.0047063806792325006 -0.05471948551624051
0.4085514771709973 -5.540979409131603 3.6315499798434634 231.09387106448412 519.7271656366065 507.26959720253944 245.69961859751493 3.3767908619937965 3.933726975516459 -2185.9881959650584 0.0994549523285227 23.138420057218394 -5144.247905957573 4.168271262720982e-05 0.0047063806792325006 -0.05471948551624051
0.38498119964190064 -5.579281110116385 3.6932476361183464 229.3666491676122 520.5618257350288 501.54193046689034 237.00412333197892 3.3767908619937965 3.933726975516459 -2185.9881959650584 0.0994549523285227 23.138420057218394 -5144.247905957573 4.168271262720982e-05 0.0047063806792325006 -0.05471948551624051
0.3574825425246249 -5.610708146821846 3.860422653211371 228.03194896131754 521.4157880870625 495.5003333091736 228.4273102050647 3.3767908619937965 3.933726975516459 -2185.9881959650584 0.0994549523285227 23.138420057218394 -5144.247905957573 4.168271262720982e-05 0.0047063806792325006 -0.05471948551624051
0.32605550581916565 -5.631332139659804 4.131632626817001 227.07629042770714 522.284949278459 489.27667701244354 219.97709496226162 3.3767908619937965 3.933726975516459 -2185.9881959650584 0.0994549523285227 23.138420057218394 -5144.247905957573 4.168271262720982e-05 0.0047063806792325006 -0.05471948551624051
0.2828433303491513 -5.6411530886302605 4.488912379244083 226.48644329234958 523.1653714254498 482.9961347281933 211.6610707230866 3.3767908619937965 3.933726975516459 -2185.9881959650584 0.0994549523285227 23.138420057218394 -5144.247905957573 4.168271262720982e-05 0.0047063806792325006 -0.05471948551624051
0.22784601611459535 -5.639188898836169 4.748088093064013 226.2494270633906 524.0532821752131 476.77718114852905 203.48650793079287 3.3767908619937965 3.933726975516459 -2185.9881959650584 0.0994549523285227 23.138420057218394 -5144.247905957573 4.168271262720982e-05 0.0047063806792325006 -0.05471948551624051
0.16990241718890065 -5.63035004476276 4.86376442411871 226.35251099430025 524.9450747156516 470.73159289360046 195.46035440452397 3.3767908619937965 3.933726975516459 -2185.9881959650584 0.0994549523285227 23.138420057218394 -5144.247905957573 4.168271262720982e-05 0.0047063806792325006 -0.05471948551624051
0.11195881826320592 -5.615618621307075 4.961351686177403 226.78321411367506 525.8373077674769 464.96444806456566 187.589235288091 3.3767908619937965 3.933726975516459 -2185.9881959650584 0.0994549523285227 23.138420057218394 -5144.247905957573 4.168271262720982e-05 0.0047063806792325006 -0.05471948551624051
0.05008683974933213 -5.593030438675024 5.062433868629851 227.529305213131 526.7267055851407 459.5741266310215 179.87945310305804 3.3767908619937965 3.933726975516459 -2185.9881959650584 0.0994549523285227 23.138420057218394 -5144.247905957573 4.168271262720982e-05 0.0047063806792325006 -0.05471948551624051
-0.011785138764546111 -5.5645496866607 5.143789706950235 228.5788028491661 527.6101579600945 454.6523102223873 172.33698768820614 3.3767908619937965 3.933726975516459 -2185.9881959650584 0.0994549523285227 23.138420057218394 -5144.247905957573 4.168271262720982e-05 0.0047063806792325006 -0.05471948551624051
-0.0687466427931916 -5.52821217547001 5.280233024648149 229.91997534036636 528.4847202091478 450.28398221731186 164.9674962684512 3.3767908619937965 3.933726975516459 -2185.9881959650584 0.0994549523285227 23.138420057218394 -5144.247905957573 4.168271262720982e-05 0.0047063806792325006 -0.05471948551624051
-0.1257081468218371 -5.486964189794092 5.339131881595757 231.54134076461196 529.347613198217 446.54742750525475 157.77631337940693 3.3767908619937965 3.933726975516459 -2185.9881959650584 0.0994549523285227 23.138420057218394 -5144.247905957573 4.168271262720982e-05 0.0047063806792325006 -0.05471948551624051
-0.178741271262308 -5.441787824529992 5.417957158069847 233.431666970253 530.1962233167142 443.5142329633236 150.7684509474784 3.3767908619937965 3.933726975516459 -2185.9881959650584 0.0994549523285227 23.138420057218394 -5144.247905957573 4.168271262720982e-05 0.0047063806792325006 -0.05471948551624051
-0.22784601611458644 -5.396611459265892 5.456144564683598 235.57997156865895 531.0281024943106 441.2492869794369 143.9485982088372 3.3767908619937965 3.933726975516459 -2185.9881959650584 0.0994549523285227 23.138420057218394 -5144.247905957573 4.168271262720982e-05 0.0047063806792325006 -0.05471948551624051
-0.2651656222023232 -5.351435094001792 5.592738850124867 237.97552193328738 531.840968193952 439.81077989935875 137.3211217848584 3.3767908619937965 3.933726975516459 -2185.9881959650584 0.0994549523285227 23.138420057218394 -5144.247905957573 4.168271262720982e-05 0.0047063806792325006 -0.05471948551624051
-0.2946284691136885 -5.3042945389436005 5.724585991836093 240.60783519409597 532.6327034081332 439.25020346045494 130.89006561040878 3.3767908619937965 3.933726975516459 -2185.9881959650584 0.0994549523285227 23.138420057218394 -5144.247905957573 4.168271262720982e-05 0.0047063806792325006 -0.05471948551624051
-0.31721665174574043 -5.256171888988362 5.844326008216057 243.46667827107012 533.4013566724025 439.61235120892525 124.6591510148719 3.3767908619937965 3.933726975516459 -2185.9881959650584 0.0994549523285227 23.138420057218394 -5144.247905957573 4.168271262720982e-05 0.0047063806792325006 -0.05471948551624051
-0.33489435989256405 -5.204120859444943 5.955785095379326 246.54206781089306 534.1451420523226 440.93531861901283 118.6317766290158 3.3767908619937965 3.933726975516459 -2185.9881959650584 0.0994549523285227 23.138420057218394 -5144.247905957573 4.168271262720982e-05 0.0047063806792325006 -0.05471948551624051
-0.35257206803938324 -5.14814145031334 5.977306435774777 249.82427025213838 534.8624391462654 443.25050246715546 112.81101847719401 3.3767908619937965 3.933726975516459 -2185.9881959650584 0.0994549523285227 23.138420057218394 -5144.247905957573 4.168271262720982e-05 0.0047063806792325006 -0.05471948551624051
-0.3702497761862113 -5.089215756490601 5.991728512701622 253.3038017852232 535.5517930961214 446.58260160684586 107.1996298963204 3.3767908619937965 3.933726975516459 -2185.9881959650584 0.0994549523285227 23.138420057218394 -5144.247905957573 4.168271262720982e-05 0.0047063806792325006 -0.05471948551624051
-0.3849811996418962 -5.029307967770817 6.042067628728117 256.97142837475985 536.2119145644829 450.9496166110039 101.80004160664976 3.3767908619937965 3.933726975516459 -2185.9881959650584 0.0994549523285227 23.138420057218394 -5144.247905957573 4.168271262720982e-05 0.0047063806792325006 -0.05471948551624051
-0.395784243509402 -4.969400179051031 6.1047748078284885 260.8181657381356 536.841679757461 456.36284947395325 96.61436164472252 3.3767908619937965 3.933726975516459 -2185.9881959650584 0.0994549523285227 23.138420057218394 -5144.247905957573 4.168271262720982e-05 0.0047063806792325006 -0.05471948551624051
-0.4056051924798586 -4.9085102954341995 6.123272184021368 264.8352793548256 537.4401304195635 462.82690408825874 91.64437543228269 3.3767908619937965 3.933726975516459 -2185.9881959650584 0.0994549523285227 23.138420057218394 -5144.247905957573 4.168271262720982e-05 0.0047063806792325006 -0.05471948551624051
-0.4154261414503107 -4.844674127126232 6.13053597878439 269.0142844822258 538.0064738159999 470.33968594670296 86.89154570177197 3.3767908619937965 3.933726975516459 -2185.9881959650584 0.0994549523285227 23.138420057218394 -5144.247905957573 4.168271262720982e-05 0.0047063806792325006 -0.05471948551624051
-0.4223008057296285 -4.780837958818264 6.175906451531211 273.3469461258501 538.5400827620178 478.89240235090256 82.35701258201152 3.3767908619937965 3.933726975516459 -2185.9881959650584 0.0994549523285227 23.138420057218394 -5144.247905957573 4.168271262720982e-05 0.0047063806792325006 -0.05471948551624051
-0.42524709042076725 -4.716019695613251 6.237762027757982 277.82527907099575 539.0404955986887 488.4695623219013 78.04159349668771 3.3767908619937965 3.933726975516459 -2185.9881959650584 0.0994549523285227 23.138420057218394 -5144.247905957573 4.168271262720982e-05 0.0047063806792325006 -0.05471948551624051
-0.428193375111906 -4.648255147717101 6.239734411788029 282.44154785294086 539.5074162008241 499.0489765703678 73.94578327517956 3.3767908619937965 3.933726975516459 -2185.9881959650584 0.0994549523285227 23.138420057218394 -5144.247905957573 4.168271262720982e-05 0.0047063806792325006 -0.05471948551624051
-0.428193375111906 -4.58049059982095 -0.0 287.18826678209007 539.9407139872201 510.60175743699074 70.06975405476987 3.3767908619937965 3.933726975516459 -2185.9881959650584 0.0994549523285227 23.138420057218394 -5144.247905957573 4.168271262720982e-05 0.0047063806792325006 -0.05471948551624051
-0.42426499552371805 -4.5127260519248 0.057906205248186265 292.0581999216229 540.3404238983057 523.0923191010952 66.41335533838719 3.3767908619937965 3.933726975516459 -2185.9881959650584 0.0994549523285227 23.138420057218394 -5144.247905957573 4.168271262720982e-05 0.0047063806792325006 -0.05471948551624051
-0.41640823634735546 -4.443979409131604 0.11379200714366867 297.0443611070514 540.7067464157008 536.4783773422241 62.97611398156732 3.3767908619937965 3.933726975516459 -2185.9881959650584 0.0994549523285227 23.138420057218394 -5144.247905957573 4.168271262720982e-05 0.0047063806792325006 -0.05471948551624051
-0.4124798567591764 -4.37228648164727 0.05473978004983136 302.1400139313191 541.0400475598872 550.7109496891499 59.75723418593407 3.3767908619937965 3.933726975516459 -2185.9881959650584 0.0994549523285227 23.138420057218394 -5144.247905957573 4.168271262720982e-05 0.0047063806792325006 -0.05471948551624051
-0.41149776186212716 -4.296665174574755 0.012986282920219645 307.33867175970227 541.3408588757738 565.7343553900719 56.755597503855824 3.3767908619937965 3.933726975516459 -2185.9881959650584 0.0994549523285227 23.138420057218394 -5144.247905957573 4.168271262720982e-05 0.0047063806792325006 -0.05471948551624051
-0.4075693822739436 -4.221043867502239 0.05190139845818481 312.63409771211445 541.6098774578422 581.4862153530121 53.96976283751428 3.3767908619937965 3.933726975516459 -2185.9881959650584 0.0994549523285227 23.138420057218394 -5144.247905957573 4.168271262720982e-05 0.0047063806792325006 -0.05471948551624051
-0.4026589077887153 -4.148368845120861 0.09306372872445402 318.02030468638986 541.847965916153 597.8974523544312 51.39796643331647 3.3767908619937965 3.933726975516459 -2185.9881959650584 0.0994549523285227 23.138420057218394 -5144.247905957573 4.168271262720982e-05 0.0047063806792325006 -0.05471948551624051
-0.4036410026857646 -4.071765443151301 0.01265755183404058 323.4915553238243 542.0561524075456 614.8922906517982 49.038121898658574 3.3767908619937965 3.933726975516459 -2185.9881959650584 0.0994549523285227 23.138420057218394 -5144.247905957573 4.168271262720982e-05 0.0047063806792325006 -0.05471948551624051
-0.4085514771709973 -3.995162041181739 6.245228861991249 329.04236204829067 542.2356306253932 632.3882564604282 46.887820176780224 3.3767908619937965 3.933726975516459 -2185.9881959650584 0.0994549523285227 23.138420057218394 -5144.247905957573 4.168271262720982e-05 0.0047063806792325006 -0.05471948551624051
-0.4134619516562212 -3.919540734109223 6.2447427171584335 334.6674870373681 542.3877597879618 650.2961774468422 44.944329576566815 3.3767908619937965 3.933726975516459 -2185.9881959650584 0.0994549523285227 23.138420057218394 -5144.247905957573 4.168271262720982e-05 0.0047063806792325006 -0.05471948551624051
-0.42230080572963297 -3.845883616830799 6.191339180914873 340.36194223258644 542.5140646584332 668.5201831758022 43.20459574274719 3.34989735045657 3.8852108018738547 -2155.576729901403 0.04929814990486327 22.953862844316227 -5048.690713152445 2.066142074805657e-05 0.00466695427128235 -0.03063622083992545
-0.43506803939122835 -3.77320859444942 6.137556926608715 346.1209893440828 542.6162355248816 686.9577048122883 41.665241678245366 3.34989735045657 3.8852108018738547 -2155.576729901403 0.04929814990486327 22.953862844316227 -5048.690713152445 2.066142074805657e-05 0.00466695427128235 -0.03063622083992545
-0.44783527305282367 -3.7015156669650864 6.135617235865605 351.9401398478076 542.6961282189004 705.4994753301144 40.32256773672998 3.34989735045657 3.8852108018738547 -2155.576729901403 0.04929814990486327 22.953862844316227 -5048.690713152445 2.066142074805657e-05 0.00466695427128235 -0.03063622083992545
-0.456674127126231 -3.631786929274845 6.1862676793852485 357.8151549762115 542.7557640993036 724.0295293927193 39.172551612369716 3.34989735045657 3.8852108018738547 -2155.576729901403 0.04929814990486327 22.953862844316227 -5048.690713152445 2.066142074805657e-05 0.00466695427128235 -0.03063622083992545
-0.4664950760966876 -3.5610760966875565 6.174031844270684 363.7420457229018 542.797330064699 742.4252031445503 38.210848356597126 3.34989735045657 3.8852108018738547 -2155.576729901403 0.04929814990486327 22.953862844316227 -5048.690713152445 2.066142074805657e-05 0.00466695427128235 -0.03063622083992545
-0.47631602506714865 -3.49036526410027 6.174031844270683 369.7170728640631 542.8231785465032 760.5571348369122 37.43279036600143 3.34989735045657 3.8852108018738547 -2155.576729901403 0.04929814990486327 22.953862844316227 -5048.690713152445 2.066142074805657e-05 0.00466695427128235 -0.03063622083992545
-0.49006535362578874 -3.4167081468218448 6.098642509988961 375.73674691841006 542.835827509407 778.2892641723156 36.833387394435704 3.34989735045657 3.8852108018738547 -2155.576729901403 0.04929814990486327 22.953862844316227 -5048.690713152445 2.066142074805657e-05 0.00466695427128235 -0.03063622083992545
-0.4979221128021513 -3.3459973142345576 6.172528086005728 381.79782818164676 542.8379604532383 795.4788326919079 36.407326543703675 3.34989735045657 3.8852108018738547 -2155.576729901403 0.04929814990486327 22.953862844316227 -5048.690713152445 2.066142074805657e-05 0.00466695427128235 -0.03063622083992545
-0.5087251566696571 -3.2772506714413616 6.127317105781213 387.8973267059773 542.8324264157563 811.9763833582401 36.14897225238383 3.34989735045657 3.8852108018738547 -2155.576729901403 0.04929814990486327 22.953862844316227 -5048.690713152445 2.066142074805657e-05 0.00466695427128235 -0.03063622083992545
-0.523456580125342 -3.208504028648166 6.072091973956838 394.03250231500715 542.8222399638034 827.62576135993 36.05236633121967 3.34989735045657 3.8852108018738547 -2155.576729901403 0.04929814990486327 22.953862844316227 -5048.690713152445 2.066142074805657e-05 0.00466695427128235 -0.03063622083992545
-0.5381880035810269 -3.136811101163834 6.080526638032107 400.2008645897731 542.8105812044814 842.2641130685806 36.11122791841626 3.34989735045657 3.8852108018738547 -2155.576729901403 0.04929814990486327 22.953862844316227 -5048.690713152445 2.066142074805657e-05 0.00466695427128235 -0.03063622083992545
-0.5489910474485238 -3.0651181736795 6.133625567305957 406.4001728761941 542.8007957744412 855.7218869030476 36.3189535215497 3.34989735045657 3.8852108018738547 -2155.576729901403 0.04929814990486327 22.953862844316227 -5048.690713152445 2.066142074805657e-05 0.00466695427128235 -0.03063622083992545
-0.5627403760071639 -2.9924431512981218 6.096206037260663 412.62843628413975 542.7963948477991 867.822832852602 36.668616984039545 3.34989735045657 3.8852108018738547 -2155.576729901403 0.04929814990486327 22.953862844316227 -5048.690713152445 2.066142074805657e-05 0.00466695427128235 -0.03063622083992545
-0.5735434198746652 -2.9178039391226513 6.139446634031272 418.88391369767487 542.8010551333427 878.3840026855469 37.152969502843916 3.34989735045657 3.8852108018738547 -2155.576729901403 0.04929814990486327 22.953862844316227 -5048.690713152445 2.066142074805657e-05 0.00466695427128235 -0.03063622083992545
-0.580418084153983 -2.8431647269471814 6.191339180914873 425.16511374525726 542.8186188735999 887.2157497107983 37.764439621940255 3.34989735045657 3.8852108018738547 -2155.576729901403 0.04929814990486327 22.953862844316227 -5048.690713152445 2.066142074805657e-05 0.00466695427128235 -0.03063622083992545
-0.5872927484333008 -2.7655792300805744 6.19480852103476 431.47079483699054 542.8530938434415 894.121729195118 38.4951332481578 3.34989735045657 3.8852108018738547 -2155.576729901403 0.04929814990486327 22.953862844316227 -5048.690713152445 2.066142074805657e-05 0.00466695427128235 -0.03063622083992545
-0.5902390331244396 -2.6830832587287383 6.247486194500241 437.7999651366845 542.9086533579975 898.8988980650902 39.33683362416923 3.34989735045657 3.8852108018738547 -2155.576729901403 0.04929814990486327 22.953862844316227 -5048.690713152445 2.066142074805657e-05 0.00466695427128235 -0.03063622083992545
-0.6000599820949006 -2.5956768128916763 6.171295041007858 444.15188257489353 542.9896362610161 901.3375148177147 40.281001350842416 3.34989735045657 3.8852108018738547 -2155.576729901403 0.04929814990486327 22.953862844316227 -5048.690713152445 2.066142074805657e-05 0.00466695427128235 -0.03063622083992545
-0.6069346463742185 -2.5023777976723376 6.209634016691067 450.52605484891683 543.1005469402298 901.2211395800114 41.31877436581999 3.34989735045657 3.8852108018738547 -2155.576729901403 0.04929814990486327 22.953862844316227 -5048.690713152445 2.066142074805657e-05 0.00466695427128235 -0.03063622083992545
-0.6098809310653572 -2.4071145926589095 6.252267327616525 456.9222394116223 543.2460553026758 898.3266346156597 42.440967976115644 3.34989735045657 3.8852108018738547 -2155.576729901403 0.04929814990486327 22.953862844316227 -5048.690713152445 2.066142074805657e-05 0.00466695427128235 -0.03063622083992545
-0.612827215756496 -2.310869292748435 6.252582619250849 463.34044349193573 543.4309968012385 892.4241634607315 43.63807482458651 3.34989735045657 3.8852108018738547 -2155.576729901403 0.04929814990486327 22.953862844316227 -5048.690713152445 2.066142074805657e-05 0.00466695427128235 -0.03063622083992545
-0.6118451208594512 -2.2126598030438682 0.00999966668665603 469.78092407248914 543.6603724253364 883.2771915495396 44.90026490483433 3.34989735045657 3.8852108018738547 -2155.576729901403 0.04929814990486327 22.953862844316227 -5048.690713152445 2.066142074805657e-05 0.00466695427128235 -0.03063622083992545
-0.6079167412712633 -2.113468218442257 0.039583273937150616 476.2441879110411 543.9393486892805 870.6424859464169 46.21738556493074 3.34989735045657 3.8852108018738547 -2155.576729901403 0.04929814990486327 22.953862844316227 -5048.690713152445 2.066142074805657e-05 0.00466695427128235 -0.03063622083992545
-0.6039883616830842 -2.015258728737691 0.03997868712325372 482.7309915078804 544.2732576513663 854.270115584135 47.57896150369197 3.34989735045657 3.8852108018738547 -2155.576729901403 0.04929814990486327 22.953862844316227 -5048.690713152445 2.066142074805657e-05 0.00466695427128235 -0.03063622083992545
-0.5961316025067216 -1.918031333930172 0.08063287594514755 489.24234115798026 544.6675968957134 833.903451025486 48.974194762296975 3.34989735045657 3.8852108018738547 -2155.576729901403 0.04929814990486327 22.953862844316227 -5048.690713152445 2.066142074805657e-05 0.00466695427128235 -0.03063622083992545
-0.584346463742171 -1.8237502238137886 0.12435499454678912 495.7794928913936 545.1280295485631 809.279164403677 50.391964740119874 3.34989735045657 3.8852108018738547 -2155.576729901403 0.04929814990486327 22.953862844316227 -5048.690713152445 2.066142074805657e-05 0.00466695427128235 -0.03063622083992545
-0.5666687555953519 -1.7343795881826336 0.19528139809486994 502.3439525151625 545.6603842689656 780.1272297501564 51.8208281788975 3.34989735045657 3.8852108018738547 -2155.576729901403 0.04929814990486327 22.953862844316227 -5048.690713152445 2.066142074805657e-05 0.00466695427128235 -0.03063622083992545
-0.5381880035810224 -1.649919427036708 0.3252348608538437 508.9374756021425 546.2706552464515 746.1709226667881 53.24901917949319 3.34989735045657 3.8852108018738547 -2155.576729901403 0.04929814990486327 22.953862844316227 -5048.690713152445 2.066142074805657e-05 0.00466695427128235 -0.03063622083992545
-0.5087251566696571 -1.5674234556848716 0.34302394042065193 515.5620674900711 546.9650022117421 707.126820743084 54.664449179545045 3.34989735045657 3.8852108018738547 -2155.576729901403 0.04929814990486327 22.953862844316227 -5048.690713152445 2.066142074805657e-05 0.00466695427128235 -0.03063622083992545
-0.47238764547896955 -1.4868916741271272 0.4238676105297588 522.2199832722545 547.7497504218481 662.7048027515411 56.05470697954297 3.34989735045657 3.8852108018738547 -2155.576729901403 0.04929814990486327 22.953862844316227 -5048.690713152445 2.066142074805657e-05 0.00466695427128235 -0.03063622083992545
