31 -1.9720465532676876 0.622648164726947 1.9228406411103298 -1.2069946284691058 -1.4859095792300814
-1.9720465532676876 0.622648164726947 1.9228406411103298 697.4042708872411 613.0280108964405 511.9274840434709 225.97910197799865 4.03214273407751 4.688022344836949 -2386.1113820295063 -1.1061864927961719e-15 24.128997380148597 -3278.204602061179 -4.62409541171431e-19 0.0056447227724196625 0.23309883629355738
-1.9190134288272214 0.6020241718889879 1.9416876156075569 697.063031215113 609.631224806132 509.1416673606442 227.9882349718955 4.03214273407751 4.688022344836949 -2386.1113820295063 -1.1061864927961719e-15 24.128997380148597 -3278.204602061179 -4.62409541171431e-19 0.0056447227724196625 0.23309883629355738
-1.8640161145926608 0.5755076096687559 2.020056439406742 695.6722525424333 606.3166852553535 506.1310770136749 235.00575852749353 4.03214273407751 4.688022344836949 -2386.1113820295063 -1.1061864927961719e-15 24.128997380148597 -3278.204602061179 -4.62409541171431e-19 0.0056447227724196625 0.23309883629355738
-1.809018800358105 0.5440805729632933 2.089942441041448 693.3415455620521 603.1011368070103 502.92882812949154 245.97779557885588 4.03214273407751 4.688022344836949 -2386.1113820295063 -1.1061864927961719e-15 24.128997380148597 -3278.204602061179 -4.62409541171431e-19 0.0056447227724196625 0.23309883629355738
-1.7530393912264997 0.5106893464637422 2.132717889051686 690.1748065297837 599.9996683458293 499.56532062835555 259.93469771990567 4.03214273407751 4.688022344836949 -2386.1113820295063 -1.1061864927961719e-15 24.128997380148597 -3278.204602061179 -4.62409541171431e-19 0.0056447227724196625 0.23309883629355738
-1.7000062667860332 0.4782802148612337 2.1451011569696314 686.2702172644027 597.0257130783583 496.06823922386053 275.99104520438414 4.03214273407751 4.688022344836949 -2386.1113820295063 -1.1061864927961719e-15 24.128997380148597 -3278.204602061179 -4.62409541171431e-19 0.0056447227724196625 0.23309883629355738
-1.6440268576544281 0.441942703670545 2.171510110105874 681.7202451476454 594.1910485329669 492.46255342293324 293.34564694590154 4.03214273407751 4.688022344836949 -2386.1113820295063 -1.1061864927961719e-15 24.128997380148597 -3278.204602061179 -4.62409541171431e-19 0.0056447227724196625 0.23309883629355738
-1.5890295434198767 0.39971262309758326 2.252402149735309 676.6116431242093 591.5057965598461 488.7705175258329 311.2815405178935 4.03214273407751 4.688022344836949 -2386.1113820295063 -1.1061864927961719e-15 24.128997380148597 -3278.204602061179 -4.62409541171431e-19 0.0056447227724196625 0.23309883629355738
-1.5369785138764505 0.34569740376007096 2.4037775934692935 671.025449701756 588.9784233310081 485.0116706261516 329.1659921536484 4.028339139714217 4.723658161680518 -2393.957565190658 -2.490662848263403e-15 24.232565509564033 -3298.460622541558 -1.0410047002164497e-18 0.005671650932441391 0.2279927084866215
-1.4878737690241675 0.2818612354521032 2.5155461310962344 665.0369889509046 586.6157393402864 481.2028366108136 346.45049674629445 4.028339139714217 4.723658161680518 -2393.957565190658 -2.490662848263403e-15 24.232565509564033 -3298.460622541558 -1.0410047002164497e-18 0.005671650932441391 0.2279927084866215
-1.447607878245292 0.21115040286481648 2.655970560292301 658.7158705052374 584.4228994033363 477.35812416007656 362.67077784879984 4.028339139714217 4.723658161680518 -2393.957565190658 -2.490662848263403e-15 24.232565509564033 -3298.460622541558 -1.0410047002164497e-18 0.005671650932441391 0.2279927084866215
-1.4112703670546045 0.13454700089525673 2.7305281061999116 652.1259895613008 582.4034026576339 473.4889267475303 377.44678767399455 4.028339139714217 4.723658161680518 -2393.957565190658 -2.490662848263403e-15 24.232565509564033 -3298.460622541558 -1.0410047002164497e-18 0.005671650932441391 0.2279927084866215
-1.3808254252461944 0.054015219337511196 2.8125429587495394 645.3255268785989 580.5590925624774 469.60392264009806 390.48270709453027 4.028339139714217 4.723658161680518 -2393.957565190658 -2.490662848263403e-15 24.232565509564033 -3298.460622541558 -1.0410047002164497e-18 0.005671650932441391 0.2279927084866215
-1.3493983885407306 -0.029462846911370858 2.812799962084833 638.3669487795995 578.8901568989858 465.7090748980344 401.56694564291865 4.028339139714217 4.723658161680518 -2393.957565190658 -2.490662848263403e-15 24.232565509564033 -3298.460622541558 -1.0410047002164497e-18 0.005671650932441391 0.2279927084866215
-1.3209176365264101 -0.11588719785138832 2.823255055224725 631.2970071497294 577.3951277700997 461.8076313749281 410.5721415115004 4.028339139714217 4.723658161680518 -2393.957565190658 -2.490662848263403e-15 24.232565509564033 -3298.460622541558 -1.0410047002164497e-18 0.005671650932441391 0.2279927084866215
-1.2944010743061702 -0.20525783348254342 2.8531630950713254 624.1567394373825 576.0708816005812 457.9001247176997 417.4551615524633 4.028339139714217 4.723658161680518 -2393.957565190658 -2.490662848263403e-15 24.232565509564033 -3298.460622541558 -1.0410047002164497e-18 0.005671650932441391 0.2279927084866215
-1.2757412712623017 -0.2916821844225598 2.9289477312320082 616.9814686539079 574.9126391370137 453.9843723666028 422.25710127785715 4.028339139714217 4.723658161680518 -2393.957565190658 -2.490662848263403e-15 24.232565509564033 -3298.460622541558 -1.0410047002164497e-18 0.005671650932441391 0.2279927084866215
-1.261009847806617 -0.3761423455684866 2.9689111619717883 609.8008033736218 573.9139654478014 450.05547655522287 425.1032848595587 4.028339139714217 4.723658161680518 -2393.957565190658 -2.490662848263403e-15 24.232565509564033 -3298.460622541558 -1.0410047002164497e-18 0.005671650932441391 0.2279927084866215
-1.2472605192479813 -0.45470993733213927 2.9683469871374726 602.6386377337959 573.0667699231713 446.10582431047993 426.2032651292793 4.028339139714217 4.723658161680518 -2393.957565190658 -2.490662848263403e-15 24.232565509564033 -3298.460622541558 -1.0410047002164497e-18 0.005671650932441391 0.2279927084866215
-1.2335111906893457 -0.5283670546105637 2.957049856399226 595.5131514346689 572.36130627517 442.1250874526252 425.8508235785848 4.028339139714217 4.723658161680518 -2393.957565190658 -2.490662848263403e-15 24.232565509564033 -3298.460622541558 -1.0410047002164497e-18 0.005671650932441391 0.2279927084866215
-1.2168155774395712 -0.602024171888989 2.918692421261444 588.4368097394389 571.7861725376674 438.1002225952424 424.4239703589046 4.028339139714217 4.723658161680518 -2393.957565190658 -2.490662848263403e-15 24.232565509564033 -3298.460622541558 -1.0410047002164497e-18 0.005671650932441391 0.2279927084866215
-1.2020841539838865 -0.6766633840644583 2.946728733900919 581.4163634742646 571.3283110663533 434.01547114524874 422.3849442814753 4.028339139714217 4.723658161680518 -2393.957565190658 -2.490662848263403e-15 24.232565509564033 -3298.460622541558 -1.0410047002164497e-18 0.005671650932441391 0.2279927084866215
-1.1922632050134254 -0.7522846911369743 3.012445363461716 574.4528490282684 570.9730085387395 429.8523593028933 420.2802128173953 4.028339139714217 4.723658161680518 -2393.957565190658 -2.490662848263403e-15 24.232565509564033 -3298.460622541558 -1.0410047002164497e-18 0.005671650932441391 0.2279927084866215
-1.1883348254252417 -0.829870188003581 3.091002944820397 567.5415883535328 570.7038959541587 425.58969806175986 418.7404720976119 4.028339139714217 4.723658161680518 -2393.957565190658 -2.490662848263403e-15 24.232565509564033 -3298.460622541558 -1.0410047002164497e-18 0.005671650932441391 0.2279927084866215
-1.181460161145924 -0.9094198746642796 3.055387079914037 560.6721889651002 570.502948633766 421.2035832087621 418.48064691291256 4.028339139714217 4.723658161680518 -2393.957565190658 -2.490662848263403e-15 24.232565509564033 -3298.460622541558 -1.0410047002164497e-18 0.005671650932441391 0.2279927084866215
-1.17949597135183 -0.9879874664279322 3.116597859970839 553.82854394098 570.3504862205369 416.6673953241484 420.2998907139099 4.028339139714217 4.723658161680518 -2393.957565190658 -2.490662848263403e-15 24.232565509564033 -3298.460622541558 -1.0410047002164497e-18 0.005671650932441391 0.2279927084866215
-1.1755675917636466 -1.0704834377797685 3.0940095503127996 546.9888319221367 570.2251726792687 411.9517997814982 425.08158561111304 4.028339139714217 4.723658161680518 -2393.957565190658 -2.490662848263403e-15 24.232565509564033 -3298.460622541558 -1.0410047002164497e-18 0.005671650932441391 0.2279927084866215
-1.173603401969557 -1.1539615040286493 3.118067582604598 540.1255171125007 570.1040162965804 407.02474674772577 433.7933423747854 4.028339139714217 4.723658161680518 -2393.957565190658 -2.490662848263403e-15 24.232565509564033 -3298.460622541558 -1.0410047002164497e-18 0.005671650932441391 0.2279927084866215
-1.1736034019695614 -1.2374395702775303 3.1415926535898464 533.2053492789618 569.9623696809115 401.85147118307617 447.48700043513963 4.028339139714217 4.723658161680518 -2393.957565190658 -2.490662848263403e-15 24.232565509564033 -3298.460622541558 -1.0410047002164497e-18 0.005671650932441391 0.2279927084866215
-1.1794959713518345 -1.3209176365264113 3.212063998168578 526.1893637513714 569.7739297625236 396.39449284112834 467.2986278821045 4.028339139714217 4.723658161680518 -2393.957565190658 -2.490662848263403e-15 24.232565509564033 -3298.460622541558 -1.0410047002164497e-18 0.005671650932441391 0.2279927084866215
-1.1902990152193358 -1.4043957027752922 3.270289154867797 519.0328814225455 569.5107377934994 390.6136162687927 494.448521465627 4.028339139714217 4.723658161680518 -2393.957565190658 -2.490662848263403e-15 24.232565509564033 -3298.460622541558 -1.0410047002164497e-18 0.005671650932441391 0.2279927084866215
-1.2069946284691058 -1.4859095792300814 3.343617809993313 505.28600507309784 569.7714580214936 377.6088788104116 508.1201881591403 4.028339139714217 4.723658161680518 -2393.957565190658 -2.490662848263403e-15 24.232565509564033 -3298.460622541558 -1.0410047002164497e-18 0.005671650932441391 0.2279927084866215
-1.2256544315129696 -1.5664413607878247 3.3692819733584085 500.67453680280414 571.9271034995813 381.727922226225 481.46110790597936 4.028339139714217 4.723658161680518 -2393.957565190658 -2.490662848263403e-15 24.232565509564033 -3298.460622541558 -1.0410047002164497e-18 0.005671650932441391 0.2279927084866215
-1.2462784243509322 -1.6440268576544315 3.401407023435675 495.5957415673338 573.9890019147599 386.29639306030913 455.84639532740766 4.028339139714217 4.723658161680518 -2393.957565190658 -2.490662848263403e-15 24.232565509564033 -3298.460622541558 -1.0410047002164497e-18 0.005671650932441391 0.2279927084866215
-1.2777054610563914 -1.7196481647269475 3.5354612643261323 490.09650967582456 575.9697077044218 391.23627651466813 431.2937061007758 4.028339139714217 4.723658161680518 -2393.957565190658 -2.490662848263403e-15 24.232565509564033 -3298.460622541558 -1.0410047002164497e-18 0.005671650932441391 0.2279927084866215
-1.3061862130707207 -1.7972336615935554 3.4934093330355367 484.2225659222845 577.8811420841016 396.47342524667056 407.81824962010523 4.028339139714217 4.723658161680518 -2393.957565190658 -2.490662848263403e-15 24.232565509564033 -3298.460622541558 -1.0410047002164497e-18 0.005671650932441391 0.2279927084866215
-1.340559534467319 -1.8718728737690256 3.573165704813297 478.0184695856001 579.734593047478 401.93755936906473 385.4327889960948 4.028339139714217 4.723658161680518 -2393.957565190658 -2.490662848263403e-15 24.232565509564033 -3298.460622541558 -1.0410047002164497e-18 0.005671650932441391 0.2279927084866215
-1.3788612354521048 -1.9435658012533583 3.6322607117779246 471.5276144295285 581.5407153663698 407.5622664499633 364.14764105610743 4.028339139714217 4.723658161680518 -2393.957565190658 -2.490662848263403e-15 24.232565509564033 -3298.460622541558 -1.0410047002164497e-18 0.005671650932441391 0.2279927084866215
-1.419127126230976 -2.013294538943599 3.665277314586032 464.79222870269814 583.3095305907423 413.285001512847 343.9706763441832 4.028339139714217 4.723658161680518 -2393.957565190658 -2.490662848263403e-15 24.232565509564033 -3298.460622541558 -1.0410047002164497e-18 0.005671650932441391 0.2279927084866215
-1.4544825425246142 -2.082041181736795 3.6166034098548283 457.8533751386117 585.0504270487011 419.0470870365825 324.90731912103433 4.028339139714217 4.723658161680518 -2393.957565190658 -2.490662848263403e-15 24.232565509564033 -3298.460622541558 -1.0410047002164497e-18 0.005671650932441391 0.2279927084866215
-1.493766338406445 -2.1478415398388546 3.6798143552013185 450.75095095564393 586.772159846495 424.79371295538476 306.96054736404517 4.028339139714217 4.723658161680518 -2393.957565190658 -2.490662848263403e-15 24.232565509564033 -3298.460622541558 -1.0410047002164497e-18 0.005671650932441391 0.2279927084866215
-1.5330501342882714 -2.213641897940914 3.6798143552012683 443.52368785704766 588.4828508685159 430.4739366588574 290.1308927672735 4.028339139714217 4.723658161680518 -2393.957565190658 -2.490662848263403e-15 24.232565509564033 -3298.460622541558 -1.0410047002164497e-18 0.005671650932441391 0.2279927084866215
-1.5703697403760082 -2.2784601611459268 3.6639960853063482 436.2091520309409 590.189988777299 436.0406829919748 274.4164407414444 4.028339139714217 4.723658161680518 -2393.957565190658 -2.490662848263403e-15 24.232565509564033 -3298.460622541558 -1.0410047002164497e-18 0.005671650932441391 0.2279927084866215
-1.6076893464637405 -2.3432784243509417 3.6639960853062816 428.8437441503197 591.9004290135213 441.4507442550621 259.8128304139616 4.028339139714217 4.723658161680518 -2393.957565190658 -2.490662848263403e-15 24.232565509564033 -3298.460622541558 -1.0410047002164497e-18 0.005671650932441391 0.2279927084866215
-1.6430447627573879 -2.4080966875559553 3.640939375269964 421.4626993730508 593.6203937960024 446.664780203846 246.3132546288964 4.028339139714217 4.723658161680518 -2393.957565190658 -2.490662848263403e-15 24.232565509564033 -3298.460622541558 -1.0410047002164497e-18 0.005671650932441391 0.2279927084866215
-1.6774180841539814 -2.470950760966876 3.6420334667370415 414.1000873418775 595.3554721217074 451.64731804939856 233.90845994699362 4.028339139714217 4.723658161680518 -2393.957565190658 -2.490662848263403e-15 24.232565509564033 -3298.460622541558 -1.0410047002164497e-18 0.005671650932441391 0.2279927084866215
-1.7078630259624004 -2.5357690241718895 3.5807053095279073 406.78881218441575 597.1106197657398 456.3667524581715 222.58674664567388 4.028339139714217 4.723658161680518 -2393.957565190658 -2.490662848263403e-15 24.232565509564033 -3298.460622541558 -1.0410047002164497e-18 0.005671650932441391 0.2279927084866215
-1.7383079677708193 -2.6035335720680397 3.5638438070411103 399.5606125131453 598.8901592813511 460.795345551991 212.33396871902437 4.028339139714217 4.723658161680518 -2393.957565190658 -2.490662848263403e-15 24.232565509564033 -3298.460622541558 -1.0410047002164497e-18 0.005671650932441391 0.2279927084866215
-1.7687529095792294 -2.6722802148612357 3.5584907239996215 392.44606142543034 600.6977799999299 464.90922690804655 203.133533877809 4.028339139714217 4.723658161680518 -2393.957565190658 -2.490662848263403e-15 24.232565509564033 -3298.460622541558 -1.0410047002164497e-18 0.005671650932441391 0.2279927084866215
-1.896425246195165 -2.7439731423455695 4.165864549854163 385.4745665035048 602.5365380310125 468.6883935589094 194.9664035494618 4.028339139714217 4.723658161680518 -2393.957565190658 -2.490662848263403e-15 24.232565509564033 -3298.460622541558 -1.0410047002164497e-18 0.005671650932441391 0.2279927084866215
-2.0231154879140556 -2.8146839749328563 4.168270360118431 378.6743698144719 604.4088562622755 472.1167099925133 187.81109287809159 4.028339139714217 4.723658161680518 -2393.957565190658 -2.490662848263403e-15 24.232565509564033 -3298.460622541558 -1.0410047002164497e-18 0.005671650932441391 0.2279927084866215
-2.1488236347358973 -2.8834306177260536 4.1769694384480465 372.07254791031664 606.3165243595383 475.18190815215985 181.64367072447317 4.028339139714217 4.723658161680518 -2393.957565190658 -2.490662848263403e-15 24.232565509564033 -3298.460622541558 -1.0410047002164497e-18 0.005671650932441391 0.2279927084866215
-2.2774780662488774 -2.9511951656222037 4.194133337852935 365.69501182787917 608.2606987667657 477.87558743653426 176.43775966605745 4.028339139714217 4.723658161680518 -2393.957565190658 -2.490662848263403e-15 24.232565509564033 -3298.460622541558 -1.0410047002164497e-18 0.005671650932441391 0.2279927084866215
-2.4090787824529967 -3.016995523724263 4.217005997855425 359.5665070888981 610.2419027060607 480.19321469967963 172.16453599697456 3.0972512894533737 3.6118335294875825 -1829.4656699556235 -0.07384826370938988 21.46098335913189 -3957.8137405563084 -2.1751525217072418e-05 0.004349003382077793 0.200499900127315
-2.54264368845121 -3.079849597135185 4.242412341967695 353.71061369996505 612.2600261776736 482.1341242510189 168.7927297280155 3.0972512894533737 3.6118335294875825 -1829.4656699556235 -0.07384826370938988 21.46098335913189 -3957.8137405563084 -2.1751525217072418e-05 0.004349003382077793 0.200499900127315
-2.6801369740376018 -3.1387752909579247 4.279981204814152 348.1497461525514 614.3143259599947 483.70151785533744 166.28862458664867 3.0972512894533737 3.6118335294875825 -1829.4656699556235 -0.07384826370938988 21.46098335913189 -3957.8137405563084 -2.1751525217072418e-05 0.004349003382077793 0.200499900127315
-2.8225407341092223 -3.190826320501344 4.338284564464775 342.90515342300023 616.4034256095586 484.90246473278785 164.6160580170192 3.0972512894533737 3.6118335294875825 -1829.4656699556235 -0.07384826370938988 21.46098335913189 -3957.8137405563084 -2.1751525217072418e-05 0.004349003382077793 0.200499900127315
-2.965926589077883 -3.236002685765444 4.386233168141226 337.99691897253024 618.525315461042 485.7479015589188 163.73642117993177 3.0972512894533737 3.6118335294875825 -1829.4656699556235 -0.07384826370938988 21.46098335913189 -3957.8137405563084 -2.1751525217072418e-05 0.004349003382077793 0.200499900127315
-3.1142229185317762 -3.275286481647271 4.435963733429919 333.4439607472359 620.6773526272641 486.25263246462873 163.6086589528784 3.0972512894533737 3.6118335294875825 -1829.4656699556235 -0.07384826370938988 21.46098335913189 -3957.8137405563084 -2.1751525217072418e-05 0.004349003382077793 0.200499900127315
-3.169220232766337 -3.306713518352731 4.193242866138204 329.2640311780724 622.8562609991877 486.4353290361878 164.18926993001332 3.0972512894533737 3.6118335294875825 -1829.4656699556235 -0.07384826370938988 21.46098335913189 -3957.8137405563084 -2.1751525217072418e-05 0.004349003382077793 0.200499900127315
-3.224217547000893 -3.335194270367056 4.234557925392563 325.4737171808797 625.058131245919 486.3185303152377 165.43230642216326 3.0972512894533737 3.6118335294875825 -1829.4656699556235 -0.07384826370938988 21.46098335913189 -3957.8137405563084 -2.1751525217072418e-05 0.004349003382077793 0.200499900127315
-3.2821611459265876 -3.3597466427931977 4.311595531809452 322.0884401563667 627.2784208147045 485.92864279879996 167.2893744568396 3.0972512894533737 3.6118335294875825 -1829.4656699556235 -0.07384826370938988 21.46098335913189 -3957.8137405563084 -2.1751525217072418e-05 0.004349003382077793 0.200499900127315
-3.341086839749327 -3.3793885407341104 4.390638425988056 319.12245599011703 629.5119539309364 485.29594043925135 169.70963377820817 3.0972512894533737 3.6118335294875825 -1829.4656699556235 -0.07384826370938988 21.46098335913189 -3957.8137405563084 -2.1751525217072418e-05 0.004349003382077793 0.200499900127315
-3.3980483437779725 -3.395102059086841 4.443221487598974 316.5888550525883 631.7529215981474 484.4545646443612 172.639797847115 3.0972512894533737 3.6118335294875825 -1829.4656699556235 -0.07384826370938988 21.46098335913189 -3957.8137405563084 -2.1751525217072418e-05 0.004349003382077793 0.200499900127315
-3.455991942703667 -3.4059051029543435 4.52806457148499 314.4995621991029 633.9948815980149 483.44252427724405 176.02413384108763 3.0972512894533737 3.6118335294875825 -1829.4656699556235 -0.07384826370938988 21.46098335913189 -3957.8137405563084 -2.1751525217072418e-05 0.004349003382077793 0.200499900127315
-3.513935541629362 -3.411797672336617 4.611042477119029 312.86533676986346 636.2307584903588 482.3016956564097 179.80446265430692 3.0972512894533737 3.6118335294875825 -1829.4656699556235 -0.07384826370938988 21.46098335913189 -3957.8137405563084 -2.1751525217072418e-05 0.004349003382077793 0.200499900127315
-3.568932855863922 -3.4137618621307086 4.67668986770536 311.6957725899465 638.4528436131388 481.07782255571874 183.9201588976423 3.0972512894533737 3.6118335294875825 -1829.4656699556235 -0.07384826370938988 21.46098335913189 -3957.8137405563084 -2.1751525217072418e-05 0.004349003382077793 0.200499900127315
-3.6258943598925724 -3.4137618621307086 3.141592653589793 310.9992979692979 640.6527950824632 479.8205162044196 188.30815089862904 3.0972512894533737 3.6118335294875825 -1829.4656699556235 -0.07384826370938988 21.46098335913189 -3957.8137405563084 -2.1751525217072418e-05 0.004349003382077793 0.200499900127315
-3.6828558639212177 -3.409833482542526 4.781245469685743 310.7831757027411 642.8216377925762 478.5832552871134 192.90292070146893 3.0972512894533737 3.6118335294875825 -1829.4656699556235 -0.07384826370938988 21.46098335913189 -3957.8137405563084 -2.1751525217072418e-05 0.004349003382077793 0.200499900127315
-3.7398173679498634 -3.400994628469115 4.866333644843053 311.05350306996843 644.9497634158718 477.42338594379453 197.63650406705506 3.0972512894533737 3.6118335294875825 -1829.4656699556235 -0.07384826370938988 21.46098335913189 -3957.8137405563084 -2.1751525217072418e-05 0.004349003382077793 0.200499900127315
-3.798743061772603 -3.385281110116384 4.972991372132034 311.8152118355447 647.0269304028807 476.4021217698082 202.4384904729227 3.0972512894533737 3.6118335294875825 -1829.4656699556235 -0.07384826370938988 21.46098335913189 -3957.8137405563084 -2.1751525217072418e-05 0.004349003382077793 0.200499900127315
-3.851776186213069 -3.3646571172784254 5.083280269197341 313.07206824890636 649.0422639822807 475.58454381587853 207.23602311331 3.0972512894533737 3.6118335294875825 -1829.4656699556235 -0.07384826370938988 21.46098335913189 -3957.8137405563084 -2.1751525217072418e-05 0.004349003382077793 0.200499900127315
-3.8998988361683073 -3.3401047448522845 5.184166491565422 314.8266730443729 650.9842561608907 475.0396005880966 211.95379889911078 3.0972512894533737 3.6118335294875825 -1829.4656699556235 -0.07384826370938988 21.46098335913189 -3957.8137405563084 -2.1751525217072418e-05 0.004349003382077793 0.200499900127315
-3.946057296329456 -3.309659803043868 5.295465515403819 317.0804614411272 652.8407657236723 474.84010804793706 216.51406845788756 3.0972512894533737 3.6118335294875825 -1829.4656699556235 -0.07384826370938988 21.46098335913189 -3957.8137405563084 -2.1751525217072418e-05 0.004349003382077793 0.200499900127315
-3.985341092211282 -3.2703760071620427 5.497787143782131 319.8337031432261 654.5990182337305 475.06274961222425 220.83663613389444 3.0972512894533737 3.6118335294875825 -1829.4656699556235 -0.07384826370938988 21.46098335913189 -3957.8137405563084 -2.1751525217072418e-05 0.004349003382077793 0.200499900127315
-4.019714413607884 -3.2281459265890793 5.599993861889329 323.0855023396034 656.2456060323132 475.78807615317965 224.83885998803612 3.0972512894533737 3.6118335294875825 -1829.4656699556235 -0.07384826370938988 21.46098335913189 -3957.8137405563084 -2.1751525217072418e-05 0.004349003382077793 0.200499900127315
-4.052123545210389 -3.1790411817367956 5.699812300185774 326.8337977040601 657.7664882388083 477.1005059983727 228.4356517978979 3.0972512894533737 3.6118335294875825 -1829.4656699556235 -0.07384826370938988 21.46098335913189 -3957.8137405563084 -2.1751525217072418e-05 0.004349003382077793 0.200499900127315
-4.074711727842437 -3.123061772605194 5.899657791222632 331.07536239527826 659.1469907507519 479.088324930759 231.53947705775113 3.0972512894533737 3.6118335294875825 -1829.4656699556235 -0.07384826370938988 21.46098335913189 -3957.8137405563084 -2.1751525217072418e-05 0.004349003382077793 0.200499900127315
-4.090425246195162 -3.060207699194271 6.0382066440528055 335.80580405680803 660.3718062438186 481.8436861886421 234.06035497850735 3.0972512894533737 3.6118335294875825 -1829.4656699556235 -0.07384826370938988 21.46098335913189 -3957.8137405563084 -2.1751525217072418e-05 0.004349003382077793 0.200499900127315
-4.104174574753801 -2.9924431512981204 6.083004239213684 341.01956481706884 661.4249941718274 485.46261046573454 235.90585848778323 3.0972512894533737 3.6118335294875825 -1829.4656699556235 -0.07384826370938988 21.46098335913189 -3957.8137405563084 -2.1751525217072418e-05 0.004349003382077793 0.200499900127315
-4.1110492390331235 -2.9227144136078786 6.184911353923539 346.7099212893627 662.2899807667386 490.0449859110731 236.98111422985153 3.0972512894533737 3.6118335294875825 -1829.4656699556235 -0.07384826370938988 21.46098335913189 -3957.8137405563084 -2.1751525217072418e-05 0.004349003382077793 0.200499900127315
-4.117923903312442 -2.8500393912265003 6.18887135585243 352.8689845718586 662.9495590386578 495.69456812911176 237.18880256564807 3.0972512894533737 3.6118335294875825 -1829.4656699556235 -0.07384826370938988 21.46098335913189 -3957.8137405563084 -2.1751525217072418e-05 0.004349003382077793 0.200499900127315
-4.12283437779767 -2.7763822739480757 6.216617143403762 359.4877002475946 663.3858887758338 502.51898017964413 236.4291575728173 3.0972512894533737 3.6118335294875825 -1829.4656699556235 -0.07384826370938988 21.46098335913189 -3957.8137405563084 -2.1751525217072418e-05 0.004349003382077793 0.200499900127315
-4.12479856759176 -2.7027251566696524 6.256524958805012 366.5558483844893 663.5804965446523 510.62971257784466 234.59996704562855 3.0972512894533737 3.6118335294875825 -1829.4656699556235 -0.07384826370938988 21.46098335913189 -3957.8137405563084 -2.1751525217072418e-05 0.004349003382077793 0.200499900127315
-4.12479856759176 -2.6349606087735014 -0.0 374.06204353533303 663.5142756896498 520.1421232942621 231.59657249505676 3.0972512894533737 3.6118335294875825 -1829.4656699556235 -0.07384826370938988 21.46098335913189 -3957.8137405563084 -2.1751525217072418e-05 0.004349003382077793 0.200499900127315
-4.121852282900621 -2.5652318710832605 0.04222840211302801 381.9937347377836 663.1674863334993 531.1754377548195 227.31186914874093 3.0972512894533737 3.6118335294875825 -1829.4656699556235 -0.07384826370938988 21.46098335913189 -3957.8137405563084 -2.1751525217072418e-05 0.004349003382077793 0.200499900127315
-4.116941808415397 -2.499431512981201 0.07448879021381373 390.3372055143818 662.5197553770217 543.8527488407799 221.6363059509747 3.0972512894533737 3.6118335294875825 -1829.4656699556235 -0.07384826370938988 21.46098335913189 -3957.8137405563084 -2.1751525217072418e-05 0.004349003382077793 0.200499900127315
-4.113013428827213 -2.4346132497761874 0.06053201978212065 399.0775738725338 661.5500764991766 558.3010168888168 214.45788556276193 3.0972512894533737 3.6118335294875825 -1829.4656699556235 -0.07384826370938988 21.46098335913189 -3957.8137405563084 -2.1751525217072418e-05 0.004349003382077793 0.200499900127315
-4.104174574753797 -2.3727412712623113 0.1418970546042498 408.19879230451625 660.2368101570685 574.6510696909672 205.66216436174523 3.0972512894533737 3.6118335294875825 -1829.4656699556235 -0.07384826370938988 21.46098335913189 -3957.8137405563084 -2.1751525217072418e-05 0.004349003382077793 0.200499900127315
-4.090425246195162 -2.312833482542526 0.22560124383596653 417.6836477874858 658.5576835859447 593.0376024946127 195.13225244223463 3.0972512894533737 3.6118335294875825 -1829.4656699556235 -0.07384826370938988 21.46098335913189 -3957.8137405563084 -2.1751525217072418e-05 0.004349003382077793 0.200499900127315
-4.069801253357199 -2.2519435989256937 0.3265814346906633 427.513761783468 656.4897907991933 613.5991780025179 182.7488136152665 3.0972512894533737 3.6118335294875825 -1829.4656699556235 -0.07384826370938988 21.46098335913189 -3957.8137405563084 -2.1751525217072418e-05 0.004349003382077793 0.200499900127315
