28 0.013749328558640106 -1.1421763652641 1.249045772398277 0.43212175470008063 -1.335649059982096
0.013749328558640106 -1.1421763652641 1.249045772398277 554.7750034369528 522.4212311282754 706.812278162688 257.7528414130211 3.260463254560433 3.819910686802764 -2067.3097852867554 -0.048519058572649064 22.708552564342977 -4780.971284219351 -2.0334894623909776e-05 0.00460674542300867 0.03416797132188998
0.02848075201432051 -1.1382479856759176 1.3101939350474943 555.2657092884183 522.2591610755771 704.9594583958387 254.5991324186325 3.260463254560433 3.819910686802764 -2067.3097852867554 -0.048519058572649064 22.708552564342977 -4780.971284219351 -2.0334894623909776e-05 0.00460674542300867 0.03416797132188998
0.039283795881821855 -1.1343196060877352 1.2220253232109812 555.709604145959 522.1484295427799 702.6532478611916 256.82240068912506 3.260463254560433 3.819910686802764 -2067.3097852867554 -0.048519058572649064 22.708552564342977 -4780.971284219351 -2.0334894623909776e-05 0.00460674542300867 0.03416797132188998
0.047140555058188906 -1.1303912264995526 1.107148717794204 556.0748244617134 522.0627179611474 699.9560977295041 263.38405376672745 3.260463254560433 3.819910686802764 -2067.3097852867554 -0.048519058572649064 22.708552564342977 -4780.971284219351 -2.0334894623909776e-05 0.00460674542300867 0.03416797132188998
0.05106893464637243 -1.128427036705462 1.1071487177943178 556.3343123290688 521.9787975512445 696.9262049552053 273.32714515924454 3.260463254560433 3.819910686802764 -2067.3097852867554 -0.048519058572649064 22.708552564342977 -4780.971284219351 -2.0334894623909776e-05 0.00460674542300867 0.03416797132188998
0.05106893464637243 -1.1274449418084163 -0.0 556.4658156316727 521.8765293247998 693.6175122745335 285.7763737440109 3.260463254560433 3.819910686802764 -2067.3097852867554 -0.048519058572649064 22.708552564342977 -4780.971284219351 -2.0334894623909776e-05 0.00460674542300867 0.03416797132188998
0.05106893464636797 -1.1274449418084163 3.141592653589793 556.4518878906965 521.7388640958816 690.0797082725912 299.9380847811699 3.260463254560433 3.819910686802764 -2067.3097852867554 -0.048519058572649064 22.708552564342977 -4780.971284219351 -2.0334894623909776e-05 0.00460674542300867 0.03416797132188998
0.05106893464636797 -1.1294091316025079 3.141592653589793 556.2798883970827 521.5518424678594 686.3582272846252 315.1002686023712 3.260463254560433 3.819910686802764 -2067.3097852867554 -0.048519058572649064 22.708552564342977 -4780.971284219351 -2.0334894623909776e-05 0.00460674542300867 0.03416797132188998
0.054997314234547026 -1.1323554162936444 2.214297435588545 555.9419821165502 521.304594842717 682.4942494835705 330.63256192207336 3.260463254560433 3.819910686802764 -2067.3097852867554 -0.048519058572649064 22.708552564342977 -4780.971284219351 -2.0334894623909776e-05 0.00460674542300867 0.03416797132188998
0.07071083258728113 -1.1382479856759187 1.9295669970654066 555.4351397361606 520.9893414098769 678.5247008055449 345.9862467646599 3.260463254560433 3.819910686802764 -2067.3097852867554 -0.048519058572649064 22.708552564342977 -4780.971284219351 -2.0334894623909776e-05 0.00460674542300867 0.03416797132188998
0.08642435094001523 -1.1470868397493303 2.0831857871055806 554.7611376810819 520.601392166689 674.4822530057281 360.6942512989044 3.260463254560433 3.819910686802764 -2067.3097852867554 -0.048519058572649064 22.708552564342977 -4780.971284219351 -2.0334894623909776e-05 0.00460674542300867 0.03416797132188998
0.10508415398388363 -1.1588719785138777 2.1341125882868175 553.9265580438077 520.1391468904912 670.3953236509115 374.37114948034286 3.260463254560433 3.819910686802764 -2067.3097852867554 -0.048519058572649064 22.708552564342977 -4780.971284219351 -2.0334894623909776e-05 0.00460674542300867 0.03416797132188998
0.12767233661593108 -1.1745854968666074 2.178598322908886 552.9427886586636 519.6040951702744 666.2880760766566 386.7131604552269 3.260463254560433 3.819910686802764 -2067.3097852867554 -0.048519058572649064 22.708552564342977 -4780.971284219351 -2.0334894623909776e-05 0.00460674542300867 0.03416797132188998
0.15418889883616207 -1.1922632050134299 2.158798930342513 551.8260230608284 519.0008163731545 662.1804194431752 397.4981500506401 3.260463254560433 3.819910686802764 -2067.3097852867554 -0.048519058572649064 22.708552564342977 -4780.971284219351 -2.0334894623909776e-05 0.00460674542300867 0.03416797132188998
0.1807054610563975 -1.210923008057297 2.1840036756693526 550.5972604714334 518.3369796741754 658.0880087148398 406.58562928438187 3.260463254560433 3.819910686802764 -2067.3097852867554 -0.048519058572649064 22.708552564342977 -4780.971284219351 -2.0334894623909776e-05 0.00460674542300867 0.03416797132188998
0.21115040286481201 -1.231547000895255 2.1662062022736226 549.2823058795184 517.6233440432698 654.0222446229309 413.9167545437813 3.260463254560433 3.819910686802764 -2067.3097852867554 -0.048519058572649064 22.708552564342977 -4780.971284219351 -2.0334894623909776e-05 0.00460674542300867 0.03416797132188998
0.24159534467322652 -1.2511888988361692 2.143762469683642 547.9117699433118 516.8737582415342 649.9902737159282 419.5143291950226 3.260463254560433 3.819910686802764 -2067.3097852867554 -0.048519058572649064 22.708552564342977 -4780.971284219351 -2.0334894623909776e-05 0.00460674542300867 0.03416797132188998
0.2720402864816455 -1.2727949865711743 2.187987718335213 546.5210690423846 516.105160811916 645.9949883725494 423.48280131816864 3.260463254560433 3.819910686802764 -2067.3097852867554 -0.048519058572649064 22.708552564342977 -4780.971284219351 -2.0334894623909776e-05 0.00460674542300867 0.03416797132188998
0.30641360787823907 -1.2934189794091322 2.111215827065519 545.1504252739251 515.337580120191 642.0350267123431 426.0082654953003 3.260463254560433 3.819910686802764 -2067.3097852867554 -0.048519058572649064 22.708552564342977 -4780.971284219351 -2.0334894623909776e-05 0.00460674542300867 0.03416797132188998
0.3319480752014253 -1.3110966875559535 2.149870596162625 543.8448664341122 514.5941343046725 638.1047726925462 427.35846108198166 3.260463254560433 3.819910686802764 -2067.3097852867554 -0.048519058572649064 22.708552564342977 -4780.971284219351 -2.0334894623909776e-05 0.00460674542300867 0.03416797132188998
0.3574825425246115 -1.3258281110116406 2.0647376957145536 542.6542260348797 513.9010313078761 634.1943560745567 427.88277477025986 3.260463254560433 3.819910686802764 -2067.3097852867554 -0.048519058572649064 22.708552564342977 -4780.971284219351 -2.0334894623909776e-05 0.00460674542300867 0.03416797132188998
0.37614234556848436 -1.337613249776189 2.149476111287541 541.6331433150917 513.287568859756 630.2896523997188 428.0122375488281 3.260463254560433 3.819910686802764 -2067.3097852867554 -0.048519058572649064 22.708552564342977 -4780.971284219351 -2.0334894623909776e-05 0.00460674542300867 0.03416797132188998
0.39087376902416476 -1.3454700089525549 2.2342145268605282 540.8410632014275 512.7861345037818 626.372283006087 428.25952684879303 3.260463254560433 3.819910686802764 -2067.3097852867554 -0.048519058572649064 22.708552564342977 -4780.971284219351 -2.0334894623909776e-05 0.00460674542300867 0.03416797132188998
0.40560519247984966 -1.3493983885407372 2.3189529424335156 540.3422363530844 512.4322055596858 622.4196150582284 429.218965947628 3.3319802418926256 3.912909986303673 -2131.344194786981 0.04851658294444721 22.967581952745586 -4899.6772812989275 2.0333857059701228e-05 0.004687557638173852 -0.004066835143703204
0.420336615935539 -1.350380483437781 2.4036913580065034 540.2057191096246 512.2643491439521 618.4047615006566 431.56652373075485 3.3319802418926256 3.912909986303673 -2131.344194786981 0.04851658294444721 22.967581952745586 -4899.6772812989275 2.0333857059701228e-05 0.004687557638173852 -0.004066835143703204
0.43113965980303587 -1.3484162936436903 2.4884297735794907 540.505373571068 512.3242221809924 614.2965810541064 436.0598145723343 3.3319802418926256 3.912909986303673 -2131.344194786981 0.04851658294444721 22.967581952745586 -4899.6772812989275 2.0333857059701228e-05 0.004687557638173852 -0.004066835143703204
0.43408594449417465 -1.3464521038495987 2.573168189152478 541.3198674954474 512.6565713826567 610.0596782807261 443.53809946775436 3.3319802418926256 3.912909986303673 -2131.344194786981 0.04851658294444721 22.967581952745586 -4899.6772812989275 2.0333857059701228e-05 0.004687557638173852 -0.004066835143703204
0.43703222918531337 -1.3415416293643692 2.6579066047254654 542.7326743919402 513.3092332519591 605.6544035412371 454.9222843050957 3.3319802418926256 3.912909986303673 -2131.344194786981 0.04851658294444721 22.967581952745586 -4899.6772812989275 2.0333857059701228e-05 0.004687557638173852 -0.004066835143703204
0.43212175470008063 -1.335649059982096 2.742645020298453 540.2426827908494 511.84121098485775 540.8241931349039 478.6979347616434 3.3319802418926256 3.912909986303673 -2131.344194786981 0.04851658294444721 22.967581952745586 -4899.6772812989275 2.0333857059701228e-05 0.004687557638173852 -0.004066835143703204
0.42426499552371355 -1.329756490599822 2.8273834358714405 541.1556731997989 512.1589438524097 583.494731426239 464.5843072347343 3.3319802418926256 3.912909986303673 -2131.344194786981 0.04851658294444721 22.967581952745586 -4899.6772812989275 2.0333857059701228e-05 0.004687557638173852 -0.004066835143703204
0.42033661593553007 -1.3258281110116394 2.912121851444428 541.9541538744234 512.3774969475344 616.6615271419287 449.48983988165855 3.3319802418926256 3.912909986303673 -2131.344194786981 0.04851658294444721 22.967581952745586 -4899.6772812989275 2.0333857059701228e-05 0.004687557638173852 -0.004066835143703204
0.4203366159355345 -1.3209176365264113 2.996860267017415 542.6481812202837 512.5069019934162 641.0993048995733 433.5621652677655 3.3319802418926256 3.912909986303673 -2131.344194786981 0.04851658294444721 22.967581952745586 -4899.6772812989275 2.0333857059701228e-05 0.004687557638173852 -0.004066835143703204
0.42426499552371805 -1.3140429722470923 3.0815986825904025 543.2475507191848 512.5568763969932 657.5581233501434 416.94337134435773 3.3319802418926256 3.912909986303673 -2131.344194786981 0.04851658294444721 22.967581952745586 -4899.6772812989275 2.0333857059701228e-05 0.004687557638173852 -0.004066835143703204
0.4281933751119016 -1.308150402864817 3.16633709816339 543.7617969326675 512.5368232463952 666.7633752077818 399.77000127360225 3.3319802418926256 3.912909986303673 -2131.344194786981 0.04851658294444721 22.967581952745586 -4899.6772812989275 2.0333857059701228e-05 0.004687557638173852 -0.004066835143703204
0.4360501342882686 -1.3052041181736793 3.251075513736377 544.2001935013104 512.4558313153684 669.4157864749432 382.17305351421237 3.3319802418926256 3.912909986303673 -2131.344194786981 0.04851658294444721 22.967581952745586 -4899.6772812989275 2.0333857059701228e-05 0.004687557638173852 -0.004066835143703204
0.4439068934646357 -1.3032399283795888 3.3358139293093645 544.5717531435657 512.3226750579197 666.1914174854755 364.2779818326235 3.3319802418926256 3.912909986303673 -2131.344194786981 0.04851658294444721 22.967581952745586 -4899.6772812989275 2.0333857059701228e-05 0.004687557638173852 -0.004066835143703204
0.4517636526410027 -1.2993115487914064 3.4205523448823523 544.8852276569232 512.1458146134391 657.7416622340679 346.20469523593783 3.3319802418926256 3.912909986303673 -2131.344194786981 0.04851658294444721 22.967581952745586 -4899.6772812989275 2.0333857059701228e-05 0.004687557638173852 -0.004066835143703204
0.46354879140554883 -1.2953831692032227 3.5052907604553396 545.1491079169791 511.93339580320753 644.6932485103607 328.0675580650568 3.3319802418926256 3.912909986303673 -2131.344194786981 0.04851658294444721 22.967581952745586 -4899.6772812989275 2.0333857059701228e-05 0.004687557638173852 -0.004066835143703204
0.48319068934645754 -1.2914547896150415 3.5900291760283274 545.3716238774359 511.69325013342313 627.6482382714748 309.97538989409804 3.3319802418926256 3.912909986303673 -2131.344194786981 0.04851658294444721 22.967581952745586 -4899.6772812989275 2.0333857059701228e-05 0.004687557638173852 -0.004066835143703204
0.5028325872873707 -1.288508504923905 3.6747675916013147 545.5607445714995 511.43289479007944 607.1840268522501 292.0314656086266 3.3319802418926256 3.912909986303673 -2131.344194786981 0.04851658294444721 22.967581952745586 -4899.6772812989275 2.0333857059701228e-05 0.004687557638173852 -0.004066835143703204
0.5224744852282839 -1.2835980304386767 3.759506007174302 545.7241781097837 511.15953264501877 583.8533438444138 274.33351539075375 3.3319802418926256 3.912909986303673 -2131.344194786981 0.04851658294444721 22.967581952745586 -4899.6772812989275 2.0333857059701228e-05 0.004687557638173852 -0.004066835143703204
0.5381880035810135 -1.2796696508504943 3.8442444227472894 545.8693716835696 510.8800522524398 558.1842522919178 256.97372467815876 3.3319802418926256 3.912909986303673 -2131.344194786981 0.04851658294444721 22.967581952745586 -4899.6772812989275 2.0333857059701228e-05 0.004687557638173852 -0.004066835143703204
0.549973142345564 -1.2777054610564025 3.9289828383202767 546.003511559451 510.60102784936316 530.6801496893167 240.038734190166 3.3319802418926256 3.912909986303673 -2131.344194786981 0.04851658294444721 22.967581952745586 -4899.6772812989275 2.0333857059701228e-05 0.004687557638173852 -0.004066835143703204
0.5578299015219267 -1.275741271262312 4.013721253893264 546.1335230853874 510.3287193567958 501.8197667002678 223.60963994637132 3.3319802418926256 3.912909986303673 -2131.344194786981 0.04851658294444721 22.967581952745586 -4899.6772812989275 2.0333857059701228e-05 0.004687557638173852 -0.004066835143703204
0.5617582811101057 -1.2727949865711743 4.098459669466251 546.2660706858151 510.0690723771695 472.0571683496237 207.7619932629168 3.3319802418926256 3.912909986303673 -2131.344194786981 0.04851658294444721 22.967581952745586 -4899.6772812989275 2.0333857059701228e-05 0.004687557638173852 -0.004066835143703204
0.5656866606982892 -1.2698487018800377 4.183198085039239 546.4075578656048 509.8277181973681 441.8217532634735 192.5658006966114 3.3319802418926256 3.912909986303673 -2131.344194786981 0.04851658294444721 22.967581952745586 -4899.6772812989275 2.0333857059701228e-05 0.004687557638173852 -0.004066835143703204
0.5735434198746563 -1.2678845120859459 4.267936500612226 546.5641272077337 509.60997378709726 411.5182539820671 178.08552411198616 3.3319802418926256 3.912909986303673 -2131.344194786981 0.04851658294444721 22.967581952745586 -4899.6772812989275 2.0333857059701228e-05 0.004687557638173852 -0.004066835143703204
0.5774717994628398 -1.2669024171889012 4.352674916185213 546.7416603707243 509.42084179935046 381.52673684060574 164.38008067384362 3.3319802418926256 3.912909986303673 -2131.344194786981 0.04851658294444721 22.967581952745586 -4899.6772812989275 2.0333857059701228e-05 0.004687557638173852 -0.004066835143703204
0.5735434198746607 -1.2669024171889012 4.437413331758201 546.9457780967932 509.26501057017595 352.2026021629572 151.5028427951038 3.3319802418926256 3.912909986303673 -2131.344194786981 0.04851658294444721 22.967581952745586 -4899.6772812989275 2.0333857059701228e-05 0.004687557638173852 -0.004066835143703204
0.5656866606982982 -1.2649382273948093 4.522151747331188 547.181840201607 509.1468541172799 323.87658400833607 139.50163820013404 3.3319802418926256 3.912909986303673 -2131.344194786981 0.04851658294444721 22.967581952745586 -4899.6772812989275 2.0333857059701228e-05 0.004687557638173852 -0.004066835143703204
0.5539015219337521 -1.2619919427036717 4.606890162904175 547.454945583595 509.07043214375153 296.85475036501884 128.4187498576939 3.3319802418926256 3.912909986303673 -2131.344194786981 0.04851658294444721 22.967581952745586 -4899.6772812989275 2.0333857059701228e-05 0.004687557638173852 -0.004066835143703204
0.5421163831692015 -1.2580635631154882 4.691628578477164 547.7699322169647 509.0394900352694 271.41850286722183 118.29091610386968 3.3319802418926256 3.912909986303673 -2131.344194786981 0.04851658294444721 22.967581952745586 -4899.6772812989275 2.0333857059701228e-05 0.004687557638173852 -0.004066835143703204
0.5303312444046508 -1.2521709937332153 4.776366994050151 548.1313771547284 509.0574588594027 247.8245773166418 109.14933042600751 3.3319802418926256 3.912909986303673 -2131.344194786981 0.04851658294444721 22.967581952745586 -4899.6772812989275 2.0333857059701228e-05 0.004687557638173852 -0.004066835143703204
0.5146177260519212 -1.246278424350941 4.861105409623138 548.5435965301003 509.1274553667754 226.3050431460142 101.01964173838496 3.3319802418926256 3.912909986303673 -2131.344194786981 0.04851658294444721 22.967581952745586 -4899.6772812989275 2.0333857059701228e-05 0.004687557638173852 -0.004066835143703204
0.49497582811100366 -1.238421665174576 4.945843825196126 549.0106455532368 509.25228199362755 207.06730370223522 93.92195412516594 3.3319802418926256 3.912909986303673 -2131.344194786981 0.04851658294444721 22.967581952745586 -4899.6772812989275 2.0333857059701228e-05 0.004687557638173852 -0.004066835143703204
0.47533393017009046 -1.2276186213070737 5.030582240769113 549.5363185130991 509.4344268555287 190.29409620165825 87.87082702293992 3.3319802418926256 3.912909986303673 -2131.344194786981 0.04851658294444721 22.967581952745586 -4899.6772812989275 2.0333857059701228e-05 0.004687557638173852 -0.004066835143703204
0.45962041181735636 -1.2158334825425265 5.115320656342101 550.1241487776861 509.6760637550615 176.14349174499512 82.87527511268854 3.3319802418926256 3.912909986303673 -2131.344194786981 0.04851658294444721 22.967581952745586 -4899.6772812989275 2.0333857059701228e-05 0.004687557638173852 -0.004066835143703204
0.4439068934646312 -1.2030662488809323 5.2000590719150885 550.7774087935686 509.9790521748364 164.74889512360096 78.93876837193966 3.3319802418926256 3.912909986303673 -2131.344194786981 0.04851658294444721 22.967581952745586 -4899.6772812989275 2.0333857059701228e-05 0.004687557638173852 -0.004066835143703204
0.43605013428826417 -1.190299015219338 5.284797487488076 551.4991100847255 510.34493728284724 156.21904514729977 76.05923208966851 3.3319802418926256 3.912909986303673 -2131.344194786981 0.04851658294444721 22.967581952745586 -4899.6772812989275 2.0333857059701228e-05 0.004687557638173852 -0.004066835143703204
0.43212175470008507 -1.1785138764547898 5.369535903061063 552.2920032548718 510.7749499271158 150.63801436126232 74.22904676571488 3.3319802418926256 3.912909986303673 -2131.344194786981 0.04851658294444721 22.967581952745586 -4899.6772812989275 2.0333857059701228e-05 0.004687557638173852 -0.004066835143703204
0.42426499552371805 -1.1647645478961508 5.4542743186340505 553.1585779853631 511.2700066429097 148.0652093887329 73.43504826352 3.3319802418926256 3.912909986303673 -2131.344194786981 0.04851658294444721 22.967581952745586 -4899.6772812989275 2.0333857059701228e-05 0.004687557638173852 -0.004066835143703204
0.41640823634735097 -1.1500331244404647 5.539012734207038 554.1010630377568 511.8307096459903 148.5353702902794 73.65852768346667 3.3319802418926256 3.912909986303673 -2131.344194786981 0.04851658294444721 22.967581952745586 -4899.6772812989275 2.0333857059701228e-05 0.004687557638173852 -0.004066835143703204
0.40855147717098395 -1.1343196060877363 5.623751149780025 555.1214262498543 512.4573468342423 152.0585713982582 74.87523140758276 3.3319802418926256 3.912909986303673 -2131.344194786981 0.04851658294444721 22.967581952745586 -4899.6772812989275 2.0333857059701228e-05 0.004687557638173852 -0.004066835143703204
0.40069471799462136 -1.1176239928379597 5.7084895653530126 556.2213745391928 513.1498917916324 158.62022072076797 77.05536113679409 3.3319802418926256 3.912909986303673 -2131.344194786981 0.04851658294444721 22.967581952745586 -4899.6772812989275 2.0333857059701228e-05 0.004687557638173852 -0.004066835143703204
0.3928379588182588 -1.1028925693822746 5.793227980926 557.4023539016489 513.9080037840176 168.18105998635292 80.16357380896807 3.3319802418926256 3.912909986303673 -2131.344194786981 0.04851658294444721 22.967581952745586 -4899.6772812989275 2.0333857059701228e-05 0.004687557638173852 -0.004066835143703204
0.3810528200537082 -1.0891432408236357 5.574559035051796 558.6655494126026 514.7310277589131 180.67716518044472 84.15898168459535 3.3319802418926256 3.912909986303673 -2131.344194786981 0.04851658294444721 22.967581952745586 -4899.6772812989275 2.0333857059701228e-05 0.004687557638173852 -0.004066835143703204
0.361410922112795 -1.0763760071620425 5.288764200975857 560.0118852232117 515.6179943475872 196.01994551718235 88.99515227973461 3.3319802418926256 3.912909986303673 -2131.344194786981 0.04851658294444721 22.967581952745586 -4899.6772812989275 2.0333857059701228e-05 0.004687557638173852 -0.004066835143703204
0.33784064458369834 -1.0616445837063577 5.270988295728235 561.4420245666988 516.5676198669244 214.09614458680153 94.62010842189193 3.3319802418926256 3.912909986303673 -2131.344194786981 0.04851658294444721 22.967581952745586 -4899.6772812989275 2.0333857059701228e-05 0.004687557638173852 -0.004066835143703204
0.3034673231871003 -1.044948970456581 5.164542842670476 562.9563697520643 517.5783063126728 234.7678396254778 100.97632817178965 3.32600092874627 3.8604528816891426 -2110.891312268256 0.04834188732522484 22.752138929169515 -4827.187984695383 2.0260640119541065e-05 0.004625614424651536 0.014548417336236913
0.26516562220231876 -1.0253070725156679 5.186240316879441 564.5550621689763 518.6481413675938 257.87244184315205 108.00074493139982 3.32600092874627 3.8604528816891426 -2110.891312268256 0.04834188732522484 22.752138929169515 -4827.187984695383 2.0260640119541065e-05 0.004625614424651536 0.014548417336236913
0.2229355416293626 -1.0056651745747536 5.147742255537079 566.237982282415 519.7748983951751 283.2226960659027 115.62474736571312 3.32600092874627 3.8604528816891426 -2110.891312268256 0.04834188732522484 22.752138929169515 -4827.187984695383 2.0260640119541065e-05 0.004625614424651536 0.014548417336236913
0.1738307967770797 -0.9850411817367958 5.110016971906804 568.0047496403567 520.9560364424251 310.6066811233759 123.77417938783765 3.32600092874627 3.8604528816891426 -2110.891312268256 0.04834188732522484 22.752138929169515 -4827.187984695383 2.0260640119541065e-05 0.004625614424651536 0.014548417336236913
0.12472605192479233 -0.9644171888988367 5.1100169719067905 569.85472286609 522.1887002391741 339.78780983388424 132.3693402633071 3.32600092874627 3.8604528816891426 -2110.891312268256 0.04834188732522484 22.752138929169515 -4827.187984695383 2.0260640119541065e-05 0.004625614424651536 0.014548417336236913
0.07562130707250941 -0.9418290062667881 5.143527721103446 571.7869996612426 523.4697202008683 370.50482849776745 141.32498445734382 3.32600092874627 3.8604528816891426 -2110.891312268256 0.04834188732522484 22.752138929169515 -4827.187984695383 2.0260640119541065e-05 0.004625614424651536 0.014548417336236913
0.019641897940904228 -0.9133482542524631 5.183029482390822 573.8004168081097 524.7956124241464 402.4718177318573 150.55032182857394 3.32600092874627 3.8604528816891426 -2110.891312268256 0.04834188732522484 22.752138929169515 -4827.187984695383 2.0260640119541065e-05 0.004625614424651536 0.014548417336236913
-0.039283795881835254 -0.8819212175470027 5.202346306638409 575.8935501668602 526.1625786856748 435.37819151580334 159.9490173496306 3.32600092874627 3.8604528816891426 -2110.891312268256 0.04834188732522484 22.752138929169515 -4827.187984695383 2.0260640119541065e-05 0.004625614424651536 0.014548417336236913
-0.10901253357207609 -0.8436195165622201 5.2146913584826695 578.0647146743722 527.5665064514615 468.88869811594486 169.41919147595763 3.32600092874627 3.8604528816891426 -2110.891312268256 0.04834188732522484 22.752138929169515 -4827.187984695383 2.0260640119541065e-05 0.004625614424651536 0.014548417336236913
-0.17481289167413339 -0.802371530886302 5.272328777499095 580.3119643481914 529.0029688649811 502.64341935515404 178.8534198142588 3.32600092874627 3.8604528816891426 -2110.891312268256 0.04834188732522484 22.752138929169515 -4827.187984695383 2.0260640119541065e-05 0.004625614424651536 0.014548417336236913
-0.2406132497761907 -0.7591593554162944 5.293471279182015 582.6330922835041 530.4672247576527 536.2577711045742 188.13873328641057 3.32600092874627 3.8604528816891426 -2110.891312268256 0.04834188732522484 22.752138929169515 -4827.187984695383 2.0260640119541065e-05 0.004625614424651536 0.014548417336236913
-0.3093598925693868 -0.7159471799462834 5.2735523926730625 585.0256306545343 531.954218638828 569.3225028514862 197.1566180922091 3.32600092874627 3.8604528816891426 -2110.891312268256 0.04834188732522484 22.752138929169515 -4827.187984695383 2.0260640119541065e-05 0.004625614424651536 0.014548417336236913
-0.3741781557743993 -0.6727350044762769 5.300391583932237 587.4868507131469 533.4585807065014 601.4036981612444 205.783015742898 3.32600092874627 3.8604528816891426 -2110.891312268256 0.04834188732522484 22.752138929169515 -4827.187984695383 2.0260640119541065e-05 0.004625614424651536 0.014548417336236913
-0.4350680393912328 -0.6285407341092223 5.340225574196458 590.0137627909426 534.9746268375311 632.0427743792534 213.88832300901413 3.32600092874627 3.8604528816891426 -2110.891312268256 0.04834188732522484 22.752138929169515 -4827.187984695383 2.0260640119541065e-05 0.004625614424651536 0.014548417336236913
-0.4959579230080618 -0.5863106535362583 5.318771866760674 592.6031162964646 536.4963585934602 660.7564827352762 221.33739192783833 3.32600092874627 3.8604528816891426 -2110.891312268256 0.04834188732522484 22.752138929169515 -4827.187984695383 2.0260640119541065e-05 0.004625614424651536 0.014548417336236913
-0.5597940913160295 -0.5450626678603414 5.286055648552843 595.2513997179922 538.0174632191192 687.0369080752134 227.9895298667252 3.32600092874627 3.8604528816891426 -2110.891312268256 0.04834188732522484 22.752138929169515 -4827.187984695383 2.0260640119541065e-05 0.004625614424651536 0.014548417336236913
-0.6157735004476304 -0.5097072515666975 5.2757052418766754 597.954840621911 539.5313136419281 710.3514693528414 233.69849943742156 3.32600092874627 3.8604528816891426 -2110.891312268256 0.04834188732522484 22.752138929169515 -4827.187984695383 2.0260640119541065e-05 0.004625614424651536 0.014548417336236913
-0.6648782452999132 -0.4772981199641901 5.295761987378555 600.709405652713 541.0309684721287 730.1429195404053 238.31251853704453 3.32600092874627 3.8604528816891426 -2110.891312268256 0.04834188732522484 22.752138929169515 -4827.187984695383 2.0260640119541065e-05 0.004625614424651536 0.014548417336236913
-0.706126230975829 -0.44783527305282034 5.3326384663675315 603.510800535325 542.509172005346 745.8293448537588 241.67426039278507 3.32600092874627 3.8604528816891426 -2110.891312268256 0.04834188732522484 22.752138929169515 -4827.187984695383 2.0260640119541065e-05 0.004625614424651536 0.014548417336236913
-0.7542488809310672 -0.4203366159355412 5.231535094631215 606.3544700699858 543.9583542172331 756.804166033864 243.62085341662169 3.32600092874627 3.8604528816891426 -2110.891312268256 0.04834188732522484 22.752138929169515 -4827.187984695383 2.0260640119541065e-05 0.004625614424651536 0.014548417336236913
-0.8023715308863053 -0.3898916741271256 5.276472701434342 609.2355981399305 545.3706307676621 762.4361372292042 243.9838814549148 3.32600092874627 3.8604528816891426 -2110.891312268256 0.04834188732522484 22.752138929169515 -4827.187984695383 2.0260640119541065e-05 0.004625614424651536 0.014548417336236913
-0.8436195165622257 -0.35846463742166634 5.363465701829111 612.149107701378 546.7378030000255 762.0693466067314 242.589383456856 3.32600092874627 3.8604528816891426 -2110.891312268256 0.04834188732522484 22.752138929169515 -4827.187984695383 2.0260640119541065e-05 0.004625614424651536 0.014548417336236913
-0.880939122649958 -0.3250734109221153 5.442288638536437 615.0896607930772 548.0513579405379 755.0232161283493 239.25785380974412 3.32600092874627 3.8604528816891426 -2110.891312268256 0.04834188732522484 22.752138929169515 -4827.187984695383 2.0260640119541065e-05 0.004625614424651536 0.014548417336236913
-0.915312444046556 -0.29070008952551724 5.497787143782138 618.0516585316509 549.3024683000986 740.5925016701221 233.80424206331372 3.32600092874627 3.8604528816891426 -2110.891312268256 0.04834188732522484 22.752138929169515 -4827.187984695383 2.0260640119541065e-05 0.004625614424651536 0.014548417336236913
-0.9457573858549705 -0.25338048343778047 5.598890515518474 621.0292411111295 550.4819924689364 718.0472929924726 226.03795317932963 3.32600092874627 3.8604528816891426 -2110.891312268256 0.04834188732522484 22.752138929169515 -4827.187984695383 2.0260640119541065e-05 0.004625614424651536 0.014548417336236913
-0.972273948075206 -0.214096687555953 5.689435640468782 624.0162878055125 551.5804745228961 686.6330134421587 215.76284726709127 3.32600092874627 3.8604528816891426 -2110.891312268256 0.04834188732522484 22.752138929169515 -4827.187984695383 2.0260640119541065e-05 0.004625614424651536 0.014548417336236913
-0.9928979409131639 -0.1708845120859443 5.837884263291915 627.006416965276 552.5881442227401 645.5704207122326 202.77723978459835 3.32600092874627 3.8604528816891426 -2110.891312268256 0.04834188732522484 22.752138929169515 -4827.187984695383 2.0260640119541065e-05 0.004625614424651536 0.014548417336236913
-1.0135219337511219 -0.12472605192479902 5.862988593570321 629.9929860215634 553.4949170083273 594.0556056797504 186.87390153855085 3.32600092874627 3.8604528816891426 -2110.891312268256 0.04834188732522484 22.752138929169515 -4827.187984695383 2.0260640119541065e-05 0.004625614424651536 0.014548417336236913
-1.027271262309762 -0.07856759176365376 5.993681635218176 632.9690914838575 554.290394006297 531.2599937617779 167.84005846083164 3.32600092874627 3.8604528816891426 -2110.891312268256 0.04834188732522484 22.752138929169515 -4827.187984695383 2.0260640119541065e-05 0.004625614424651536 0.014548417336236913
-1.0302175470008963 -0.03044494180841674 6.22203714453034 635.9275689383503 554.9638620216865 456.3303438127041 145.45739195123315 3.32600092874627 3.8604528816891426 -2110.891312268256 0.04834188732522484 22.752138929169515 -4827.187984695383 2.0260640119541065e-05 0.004625614424651536 0.014548417336236913
