24 -2.2627466427931973 -2.7862032229185325 1.0093026635277873 -0.787640107430616 -2.5357690241718895
-2.2627466427931973 -2.7862032229185325 1.0093026635277873 429.9204124780372 586.7233667597175 623.6899867914617 226.37868762016296 3.0878870527934135 3.6151755649751873 -1989.7296845652788 -0.11675688190296707 21.85434465336597 -4388.08471228951 -3.597266369334792e-06 0.004348783644010719 0.11883056748659133
-2.203820948970462 -2.7488836168307977 1.010674942611484 434.66791526786983 585.1939424313605 614.1762808896601 236.81567257642746 3.0878870527934135 3.6151755649751873 -1989.7296845652788 -0.11675688190296707 21.85434465336597 -4388.08471228951 -3.597266369334792e-06 0.004348783644010719 0.11883056748659133
-2.1409668755595304 -2.7145102954342 1.0759088843638835 438.8808665215038 583.325846772641 604.5896210595965 250.81542646884918 3.0878870527934135 3.6151755649751873 -1989.7296845652788 -0.11675688190296707 21.85434465336597 -4388.08471228951 -3.597266369334792e-06 0.004348783644010719 0.11883056748659133
-2.0918621307072516 -2.6791548791405573 0.9505468408120554 442.58879091544077 581.1983784511685 595.0145572647452 267.12966108322144 3.0878870527934135 3.6151755649751873 -1989.7296845652788 -0.11675688190296707 21.85434465336597 -4388.08471228951 -3.597266369334792e-06 0.004348783644010719 0.11883056748659133
-2.038829006266785 -2.6477278424350956 1.0415495459630635 445.8226563250646 578.8837454207242 585.5236431844532 284.6569855213165 3.0878870527934135 3.6151755649751873 -1989.7296845652788 -0.11675688190296707 21.85434465336597 -4388.08471228951 -3.597266369334792e-06 0.004348783644010719 0.11883056748659133
-1.9759749328558622 -2.623175470008953 1.2068173702852256 448.6148738171905 576.447064884007 576.1774361953139 302.4429061412811 3.0878870527934135 3.6151755649751873 -1989.7296845652788 -0.11675688190296707 21.85434465336597 -4388.08471228951 -3.597266369334792e-06 0.004348783644010719 0.11883056748659133
-1.892496866606986 -2.6064798567591776 1.3734007669450132 450.9992976523936 573.946363337338 567.0244973860681 319.6798250079155 3.0878870527934135 3.6151755649751873 -1989.7296845652788 -0.11675688190296707 21.85434465336597 -4388.08471228951 -3.597266369334792e-06 0.004348783644010719 0.11883056748659133
-1.8090188003581005 -2.595676812891675 1.4420998255168866 453.01122528500855 571.4325765557587 558.1013914942741 335.7070418000221 3.0878870527934135 3.6151755649751873 -1989.7296845652788 -0.11675688190296707 21.85434465336597 -4388.08471228951 -3.597266369334792e-06 0.004348783644010719 0.11883056748659133
-1.7255407341092195 -2.588802148612355 1.4886288044331912 454.68739737337455 568.9495495595038 549.4326870664954 350.0107527375221 3.0878870527934135 3.6151755649751873 -1989.7296845652788 -0.11675688190296707 21.85434465336597 -4388.08471228951 -3.597266369334792e-06 0.004348783644010719 0.11883056748659133
-1.6440268576544281 -2.5858558639212186 1.5346674762821273 456.0659977584146 566.534036654979 541.0309562422335 362.2240513563156 3.0878870527934135 3.6151755649751873 -1989.7296845652788 -0.11675688190296707 21.85434465336597 -4388.08471228951 -3.597266369334792e-06 0.004348783644010719 0.11883056748659133
-1.569387645478959 -2.5829095792300807 1.5313431256978478 457.18665347713977 564.2157014198601 532.8967749401927 372.126926779747 3.0878870527934135 3.6151755649751873 -1989.7296845652788 -0.11675688190296707 21.85434465336597 -4388.08471228951 -3.597266369334792e-06 0.004348783644010719 0.11883056748659133
-1.497694717994624 -2.5809453894359913 1.5434059183200597 458.0904347682372 562.0171167179942 525.0187227278948 379.6462660431862 3.0878870527934135 3.6151755649751873 -1989.7296845652788 -0.11675688190296707 21.85434465336597 -4388.08471228951 -3.597266369334792e-06 0.004348783644010719 0.11883056748659133
-1.4318943598925669 -2.5799632945389455 1.5558720618048079 458.8198550590314 559.9537646733224 517.3733829073608 384.8558524250984 3.0878870527934135 3.6151755649751873 -1989.7296845652788 -0.11675688190296707 21.85434465336597 -4388.08471228951 -3.597266369334792e-06 0.004348783644010719 0.11883056748659133
-1.3631477170993707 -2.5838916741271265 1.6278771092011417 459.4188709706068 558.0340366587043 509.92534248903394 387.9763659834862 3.0878870527934135 3.6151755649751873 -1989.7296845652788 -0.11675688190296707 21.85434465336597 -4388.08471228951 -3.597266369334792e-06 0.004348783644010719 0.11883056748659133
-1.3002936436884478 -2.58782005371531 1.6332151367908672 459.93288232013583 556.2592333555222 502.627192158252 389.3753843307495 3.0878870527934135 3.6151755649751873 -1989.7296845652788 -0.11675688190296707 21.85434465336597 -4388.08471228951 -3.597266369334792e-06 0.004348783644010719 0.11883056748659133
-1.2433321396597978 -2.5917484333034926 1.6396528160959352 460.40873212506995 554.6235647052526 495.41952634602785 389.5673806667328 3.0878870527934135 3.6151755649751873 -1989.7296845652788 -0.11675688190296707 21.85434465336597 -4388.08471228951 -3.597266369334792e-06 0.004348783644010719 0.11883056748659133
-1.2030662488809312 -2.5907663384064468 1.5464109176221692 460.89470658637583 553.1141499131918 488.23094311729074 389.2137256860733 3.0878870527934135 3.6151755649751873 -1989.7296845652788 -0.11675688190296707 21.85434465336597 -4388.08471228951 -3.597266369334792e-06 0.004348783644010719 0.11883056748659133
-1.161818263205011 -2.583891674127128 1.405647649380296 461.4405351080932 551.7110174670815 480.97804430499673 389.12268686294556 3.0878870527934135 3.6151755649751873 -1989.7296845652788 -0.11675688190296707 21.85434465336597 -4388.08471228951 -3.597266369334792e-06 0.004348783644010719 0.11883056748659133
-1.1176239928379563 -2.58094538943599 1.5042281630190577 462.0973902824335 550.387105114758 473.56543542072177 390.2494287490845 3.0878870527934135 3.6151755649751873 -1989.7296845652788 -0.11675688190296707 21.85434465336597 -4388.08471228951 -3.597266369334792e-06 0.004348783644010719 0.11883056748659133
-1.0724476275738524 -2.5770170098478076 1.4840579881189233 462.91788790142164 549.1082598939538 465.8857256397605 393.6960111260414 3.0878870527934135 3.6151755649751873 -1989.7296845652788 -0.11675688190296707 21.85434465336597 -4388.08471228951 -3.597266369334792e-06 0.004348783644010719 0.11883056748659133
-1.0243249776186187 -2.5711244404655336 1.4489538897749659 463.95608694897965 547.833238106221 457.81952795758843 400.7113931775093 3.0878870527934135 3.6151755649751873 -1989.7296845652788 -0.11675688190296707 21.85434465336597 -4388.08471228951 -3.597266369334792e-06 0.004348783644010719 0.11883056748659133
-0.9712918531781523 -2.563267681289169 1.423717971406505 465.2674895999953 546.5137053094804 449.23545890673995 412.6914287805557 3.0878870527934135 3.6151755649751873 -1989.7296845652788 -0.11675688190296707 21.85434465336597 -4388.08471228951 -3.597266369334792e-06 0.004348783644010719 0.11883056748659133
-0.9221871083258738 -2.5524646374216675 1.3542460218188057 466.90904123242944 545.0942363552749 439.9901388734579 431.1788691878319 3.0878870527934135 3.6151755649751873 -1989.7296845652788 -0.11675688190296707 21.85434465336597 -4388.08471228951 -3.597266369334792e-06 0.004348783644010719 0.11883056748659133
-0.8622793196060852 -2.5426436884512085 1.4083072175776665 468.939130410552 543.512315351516 429.92819183319807 457.8633628487587 3.0878870527934135 3.6151755649751873 -1989.7296845652788 -0.11675688190296707 21.85434465336597 -4388.08471228951 -3.597266369334792e-06 0.004348783644010719 0.11883056748659133
-0.787640107430616 -2.5357690241718895 1.478950200530167 473.50925969611853 542.3731734075409 242.9779144152999 403.8368387762457 3.0878870527934135 3.6151755649751873 -1989.7296845652788 -0.11675688190296707 21.85434465336597 -4388.08471228951 -3.597266369334792e-06 0.004348783644010719 0.11883056748659133
-0.7159471799462812 -2.525948075201432 1.4346573659417439 473.6476090122014 539.930865749353 308.4442573040724 399.53612937778234 3.0878870527934135 3.6151755649751873 -1989.7296845652788 -0.11675688190296707 21.85434465336597 -4388.08471228951 -3.597266369334792e-06 0.004348783644010719 0.11883056748659133
-0.6403258728737629 -2.515145031333932 1.4288992721907636 474.1843462814577 537.7274875717994 365.1206438988447 393.6962192170322 3.0878870527934135 3.6151755649751873 -1989.7296845652788 -0.11675688190296707 21.85434465336597 -4388.08471228951 -3.597266369334792e-06 0.004348783644010719 0.11883056748659133
-0.578453894359889 -2.504341987466429 1.397935720007741 475.0927411043085 535.7567305647099 413.54565043747425 386.45815724506974 3.0878870527934135 3.6151755649751873 -1989.7296845652788 -0.11675688190296707 21.85434465336597 -4388.08471228951 -3.597266369334792e-06 0.004348783644010719 0.11883056748659133
-0.5195282005371495 -2.485682184422562 1.2641200073932173 476.3468256467022 534.012254115587 454.24435847997665 377.9587660841644 3.0878870527934135 3.6151755649751873 -1989.7296845652788 -0.11675688190296707 21.85434465336597 -4388.08471228951 -3.597266369334792e-06 0.004348783644010719 0.11883056748659133
-0.4763160250671397 -2.4611298119964204 1.0541011880326283 477.9213946466334 532.4876853097521 487.72835497558117 368.3306419737637 3.0878870527934135 3.6151755649751873 -1989.7296845652788 -0.11675688190296707 21.85434465336597 -4388.08471228951 -3.597266369334792e-06 0.004348783644010719 0.11883056748659133
-0.43212175470008507 -2.437559534467325 1.0808390005411723 479.7920054118149 531.1766189303307 514.4957322850823 357.70215477980673 3.0878870527934135 3.6151755649751873 -1989.7296845652788 -0.11675688190296707 21.85434465336597 -4388.08471228951 -3.597266369334792e-06 0.004348783644010719 0.11883056748659133
-0.391855863921214 -2.4120250671441363 1.0056468867881034 481.93497781734914 530.0726174582087 535.0310880243778 346.19744804129004 3.0878870527934135 3.6151755649751873 -1989.7296845652788 -0.11675688190296707 21.85434465336597 -4388.08471228951 -3.597266369334792e-06 0.004348783644010719 0.11883056748659133
-0.3515899731423429 -2.3845264100268584 0.971621003808587 484.32739430945367 529.1692110721197 549.8055252954364 333.9364388920367 3.0878870527934135 3.6151755649751873 -1989.7296845652788 -0.11675688190296707 21.85434465336597 -4388.08471228951 -3.597266369334792e-06 0.004348783644010719 0.11883056748659133
-0.32801969561324623 -2.34818889883617 0.5754246505353107 486.9470999035984 528.4598976484849 559.2766523882747 321.0348180998117 3.0878870527934135 3.6151755649751873 -1989.7296845652788 -0.11675688190296707 21.85434465336597 -4388.08471228951 -3.597266369334792e-06 0.004348783644010719 0.11883056748659133
-0.32310922112801793 -2.305958818263207 0.11575921772081194 489.7727021840401 527.9381427616463 563.8885832056403 307.6040500961244 3.0878870527934135 3.6151755649751873 -1989.7296845652788 -0.11675688190296707 21.85434465336597 -4388.08471228951 -3.597266369334792e-06 0.004348783644010719 0.11883056748659133
-0.32212712623096873 -2.2617645478961514 0.022218565326799302 492.7835713052191 527.5973796836042 564.0719367712736 293.75137293338776 3.0878870527934135 3.6151755649751873 -1989.7296845652788 -0.11675688190296707 21.85434465336597 -4388.08471228951 -3.597266369334792e-06 0.004348783644010719 0.11883056748659133
-0.3309659803043805 -2.215606087735005 6.093986285079601 495.9598399917595 527.4310093841486 560.2438376396894 279.57979829981923 3.0878870527934135 3.6151755649751873 -1989.7296845652788 -0.11675688190296707 21.85434465336597 -4388.08471228951 -3.597266369334792e-06 0.004348783644010719 0.11883056748659133
-0.33685854968665807 -2.1694476275738594 6.15621251756543 499.2824035366066 527.4324005309609 552.8079156279564 265.1881115101278 3.0878870527934135 3.6151755649751873 -1989.7296845652788 -0.11675688190296707 21.85434465336597 -4388.08471228951 -3.597266369334792e-06 0.004348783644010719 0.11883056748659133
-0.35355416293643244 -2.1232891674127146 5.936123703640125 502.7329198019579 527.5948894894245 542.1543059870601 250.67087152972817 3.0878870527934135 3.6151755649751873 -1989.7296845652788 -0.11675688190296707 21.85434465336597 -4388.08471228951 -3.597266369334792e-06 0.004348783644010719 0.11883056748659133
-0.35551835273052645 -2.0790948970456595 6.238770091932615 506.29380921972916 527.9117803227273 528.6596492603421 236.11841095797718 3.0878870527934135 3.6151755649751873 -1989.7296845652788 -0.11675688190296707 21.85434465336597 -4388.08471228951 -3.597266369334792e-06 0.004348783644010719 0.11883056748659133
-0.3614109221127995 -2.03588272157565 6.147657593194109 509.94825479388237 528.3763447918755 512.6870914623141 221.61683600954711 3.0878870527934135 3.6151755649751873 -1989.7296845652788 -0.11675688190296707 21.85434465336597 -4388.08471228951 -3.597266369334792e-06 0.004348783644010719 0.11883056748659133
-0.3771244404655336 -1.9907063563115495 5.9877444700358495 513.6802020957693 528.9818223556067 494.5862838625908 207.2480265442282 3.0878870527934135 3.6151755649751873 -1989.7296845652788 -0.11675688190296707 21.85434465336597 -4388.08471228951 -3.597266369334792e-06 0.004348783644010719 0.11883056748659133
-0.39676633840644676 -1.9445478961504041 5.917438005917288 517.4743592641316 529.7214201704774 474.6933830603957 193.08963607624173 3.0878870527934135 3.6151755649751873 -1989.7296845652788 -0.11675688190296707 21.85434465336597 -4388.08471228951 -3.597266369334792e-06 0.004348783644010719 0.11883056748659133
-0.41739033124440916 -1.903299910474486 5.85835314426023 521.3161970106885 530.5883130908333 453.33105122298 179.21509172394872 3.0878870527934135 3.6151755649751873 -1989.7296845652788 -0.11675688190296707 21.85434465336597 -4388.08471228951 -3.597266369334792e-06 0.004348783644010719 0.11883056748659133
-0.43801432408236707 -1.8630340196956139 5.849231937785674 525.1919486150146 531.5756436688243 430.8084557130933 165.69359427690506 3.0878870527934135 3.6151755649751873 -1989.7296845652788 -0.11675688190296707 21.85434465336597 -4388.08471228951 -3.597266369334792e-06 0.004348783644010719 0.11883056748659133
-0.46158460161146375 -1.8247323187108333 5.7695793024568705 529.0886099268682 532.6765221543756 407.42126920074224 152.59011810831726 3.0342260258345877 3.6065900613012327 -1958.157850465141 -0.20961284498216273 21.78109025764993 -4333.262231782564 -3.884669298445577e-05 0.004323222474927876 0.1387968134369438
-0.48908325872873953 -1.7874127126230976 5.6831350937778575 532.9939393661916 533.884026495085 383.4516699537635 139.96541127935052 3.0342260258345877 3.6065900613012327 -1958.157850465141 -0.20961284498216273 21.78109025764993 -4333.262231782564 -3.884669298445577e-05 0.004323222474927876 0.1387968134369438
-0.5273849597135211 -1.7491110116383173 5.524096861035082 536.896457919851 535.1912023365148 359.1683413386345 127.87599544785917 3.0342260258345877 3.6065900613012327 -1958.157850465141 -0.20961284498216273 21.78109025764993 -4333.262231782564 -3.884669298445577e-05 0.004323222474927876 0.1387968134369438
-0.5617582811101192 -1.7117914055505827 5.568093607900729 540.7854491462931 536.5910630219587 334.8264722749591 116.37416592799127 3.0342260258345877 3.6065900613012327 -1958.157850465141 -0.20961284498216273 21.78109025764993 -4333.262231782564 -3.884669298445577e-05 0.004323222474927876 0.1387968134369438
-0.6098809310653528 -1.6734897045658024 5.405030823594011 544.6509591736831 538.0765895924123 310.66775696724653 105.50799167901278 3.0342260258345877 3.6065900613012327 -1958.157850465141 -0.20961284498216273 21.78109025764993 -4333.262231782564 -3.884669298445577e-05 0.004323222474927876 0.1387968134369438
-0.6619319606087789 -1.6322417188898852 5.401313368599508 548.4837966971099 539.6407307867048 286.9203950241208 95.32131524942815 3.0342260258345877 3.6065900613012327 -1958.157850465141 -0.20961284498216273 21.78109025764993 -4333.262231782564 -3.884669298445577e-05 0.004323222474927876 0.1387968134369438
-0.7110367054610618 -1.5919758281110141 5.399206630143324 552.2755329860374 541.2764030415856 263.79909129440784 85.85375288128853 3.0342260258345877 3.6065900613012327 -1958.157850465141 -0.20961284498216273 21.78109025764993 -4333.262231782564 -3.884669298445577e-05 0.004323222474927876 0.1387968134369438
-0.7562130707251701 -1.5536741271262327 5.415619621420362 556.0185018749908 542.9764904913172 241.50505620986223 77.14069440215826 3.0342260258345877 3.6065900613012327 -1958.157850465141 -0.20961284498216273 21.78109025764993 -4333.262231782564 -3.884669298445577e-05 0.004323222474927876 0.1387968134369438
-0.8004073410922202 -1.5104619516562239 5.486551661524223 559.7057997686788 544.7338449681993 220.22600533813238 69.21330330893397 3.0342260258345877 3.6065900613012327 -1958.157850465141 -0.20961284498216273 21.78109025764993 -4333.262231782564 -3.884669298445577e-05 0.004323222474927876 0.1387968134369438
-0.9015631154879249 -1.439751119068936 5.322463054383837 563.33128564246 546.5412860022188 200.13615979999304 62.09851669706404 3.0342260258345877 3.6065900613012327 -1958.157850465141 -0.20961284498216273 21.78109025764993 -4333.262231782564 -3.884669298445577e-05 0.004323222474927876 0.1387968134369438
-1.0223607878245382 -1.3582372426141458 5.305999001795447 566.8895810423419 548.3916008210945 181.39624589681625 55.81904536113143 3.0342260258345877 3.6065900613012327 -1958.157850465141 -0.20961284498216273 21.78109025764993 -4333.262231782564 -3.884669298445577e-05 0.004323222474927876 0.1387968134369438
-1.1294091316025112 -1.282615935541631 5.327412033119534 570.3760700807907 550.2775443504943 164.153495490551 50.393373645842075 3.0342260258345877 3.6065900613012327 -1958.157850465141 -0.20961284498216273 21.78109025764993 -4333.262231782564 -3.884669298445577e-05 0.004323222474927876 0.1387968134369438
-1.206994628469119 -1.2197618621307078 5.393274238526906 573.7868994423188 552.1918392136286 148.54164562374353 45.83575961180031 3.0342260258345877 3.6065900613012327 -1958.157850465141 -0.20961284498216273 21.78109025764993 -4333.262231782564 -3.884669298445577e-05 0.004323222474927876 0.1387968134369438
-1.2511888988361783 -1.1647645478961508 5.606270455337062 577.1189783797599 554.1271757317008 134.68093878775835 42.156234888359904 3.0342260258345877 3.6065900613012327 -1958.157850465141 -0.20961284498216273 21.78109025764993 -4333.262231782564 -3.884669298445577e-05 0.004323222474927876 0.1387968134369438
-1.2816338406445882 -1.1166418979409136 5.719101586130007 580.3699787161313 556.076211923646 122.67812289297581 39.360604798421264 3.0342260258345877 3.6065900613012327 -1958.157850465141 -0.20961284498216273 21.78109025764993 -4333.262231782564 -3.884669298445577e-05 0.004323222474927876 0.1387968134369438
-1.324846016114598 -1.0753939122649956 5.47453552097167 583.5383348427713 558.0315735061595 112.62645111232996 37.450448241084814 3.0342260258345877 3.6065900613012327 -1958.157850465141 -0.20961284498216273 21.78109025764993 -4333.262231782564 -3.884669298445577e-05 0.004323222474927876 0.1387968134369438
-1.3651119068934736 -1.0400384959713518 5.43294311622889 586.623243722599 559.9858538937115 104.60568206012249 36.423117792233825 3.0342260258345877 3.6065900613012327 -1958.157850465141 -0.20961284498216273 21.78109025764993 -4333.262231782564 -3.884669298445577e-05 0.004323222474927876 0.1387968134369438
-1.425019695613258 -0.9997726051924817 5.304165150926177 589.624664884992 561.9316141986055 98.68207963556051 36.27173964865506 3.0342260258345877 3.6065900613012327 -1958.157850465141 -0.20961284498216273 21.78109025764993 -4333.262231782564 -3.884669298445577e-05 0.004323222474927876 0.1387968134369438
-1.5291217547001013 -0.9320080572963315 5.289427111054422 592.543320432771 563.8613832308911 94.90841314196587 36.98521366156638 3.0342260258345877 3.6065900613012327 -1958.157850465141 -0.20961284498216273 21.78109025764993 -4333.262231782564 -3.884669298445577e-05 0.004323222474927876 0.1387968134369438
-1.5851011638316974 -0.8848675022381393 5.412281850103995 595.3806950352155 565.7676574984653 93.32395727187395 38.548213282600045 3.0342260258345877 3.6065900613012327 -1958.157850465141 -0.20961284498216273 21.78109025764993 -4333.262231782564 -3.884669298445577e-05 0.004323222474927876 0.1387968134369438
-1.6243849597135283 -0.8465658012533588 5.485129591948026 598.1390359299257 567.6429012069275 93.95449202507734 40.9411856085062 3.0342260258345877 3.6065900613012327 -1958.157850465141 -0.20961284498216273 21.78109025764993 -4333.262231782564 -3.884669298445577e-05 0.004323222474927876 0.1387968134369438
-1.6734897045658113 -0.8072820053715325 5.387129922608242 600.8213529288769 569.4795462596667 96.8123028576374 44.14035140350461 3.0342260258345877 3.6065900613012327 -1958.157850465141 -0.20961284498216273 21.78109025764993 -4333.262231782564 -3.884669298445577e-05 0.004323222474927876 0.1387968134369438
-1.748128916741276 -0.7591593554162944 5.285055363090569 603.431418409571 571.2699922580068 101.89618045091629 48.11770503781736 3.0342260258345877 3.6065900613012327 -1958.157850465141 -0.20961284498216273 21.78109025764993 -4333.262231782564 -3.884669298445577e-05 0.004323222474927876 0.1387968134369438
-1.8463384064458461 -0.7090725156669656 5.1840045482470005 605.9737673206255 573.0066065008141 109.1914209574461 52.84101449139416 3.0342260258345877 3.6065900613012327 -1958.157850465141 -0.20961284498216273 21.78109025764993 -4333.262231782564 -3.884669298445577e-05 0.004323222474927876 0.1387968134369438
-1.9425837063563134 -0.664878245299911 5.1428537532190255 608.4536971794441 574.6817239850061 118.66982589662075 58.273821422830224 3.0342260258345877 3.6065900613012327 -1958.157850465141 -0.20961284498216273 21.78109025764993 -4333.262231782564 -3.884669298445577e-05 0.004323222474927876 0.1387968134369438
-2.0496320501342957 -0.6285407341092212 5.039633984984537 610.8772680740803 576.2876474050136 130.28970208019018 64.37544113770127 3.0342260258345877 3.6065900613012327 -1958.157850465141 -0.20961284498216273 21.78109025764993 -4333.262231782564 -3.884669298445577e-05 0.004323222474927876 0.1387968134369438
-2.1409668755595392 -0.5912211280214866 5.100288938112628 613.2513026604429 577.8166471532604 143.9958617091179 71.10096252337098 3.0342260258345877 3.6065900613012327 -1958.157850465141 -0.20961284498216273 21.78109025764993 -4333.262231782564 -3.884669298445577e-05 0.004323222474927876 0.1387968134369438
-2.2097135183527397 -0.560776186213071 5.129287050794562 615.5833861641586 579.2609613199311 159.7196223884821 78.40124813094735 3.0342260258345877 3.6065900613012327 -1958.157850465141 -0.20961284498216273 21.78109025764993 -4333.262231782564 -3.884669298445577e-05 0.004323222474927876 0.1387968134369438
-2.2313196060877467 -0.5597940913160262 4.75781225980622 617.8818663819693 580.6127956928685 177.3788070231676 86.22293413616717 3.0342260258345877 3.6065900613012327 -1958.157850465141 -0.20961284498216273 21.78109025764993 -4333.262231782564 -3.884669298445577e-05 0.004323222474927876 0.1387968134369438
-2.2381942703670648 -0.5696150402864828 3.7523186179788794 620.1558536798693 581.8643237578508 196.87774394452572 94.508430397138 3.0342260258345877 3.6065900613012327 -1958.157850465141 -0.20961284498216273 21.78109025764993 -4333.262231782564 -3.884669298445577e-05 0.004323222474927876 0.1387968134369438
-2.232301700984787 -0.5823822739480771 2.7091848780190446 622.4152209917083 583.0076866983873 218.10726681351662 103.19592033140361 3.0342260258345877 3.6065900613012327 -1958.157850465141 -0.20961284498216273 21.78109025764993 -4333.262231782564 -3.884669298445577e-05 0.004323222474927876 0.1387968134369438
-2.2332837958818317 -0.589256938227396 3.2834897081938434 624.6706038215198 584.0349933957332 240.94471465051174 112.21936103329062 3.0342260258345877 3.6065900613012327 -1958.157850465141 -0.20961284498216273 21.78109025764993 -4333.262231782564 -3.884669298445577e-05 0.004323222474927876 0.1387968134369438
-2.217570277529102 -0.595149507609669 1.9295669970654377 626.9334002425894 584.9383204289916 265.25393184274435 121.5084832366556 3.0342260258345877 3.6065900613012327 -1958.157850465141 -0.20961284498216273 21.78109025764993 -4333.262231782564 -3.884669298445577e-05 0.004323222474927876 0.1387968134369438
-2.204803043867507 -0.5931853178155773 1.4181469983996182 629.2157709011808 585.7097120749968 290.8852681815624 130.98879130929708 3.0342260258345877 3.6065900613012327 -1958.157850465141 -0.20961284498216273 21.78109025764993 -4333.262231782564 -3.884669298445577e-05 0.004323222474927876 0.1387968134369438
-2.203820948970462 -0.5764897045658017 0.05875582271567173 631.5306390104815 586.3411803084018 317.67557871341705 140.58156323060393 3.0342260258345877 3.6065900613012327 -1958.157850465141 -0.20961284498216273 21.78109025764993 -4333.262231782564 -3.884669298445577e-05 0.004323222474927876 0.1387968134369438
-2.169447627573864 -0.5440805729632955 0.8148014516014603 633.891690346878 586.8247048016492 345.448223978281 150.20385063625872 3.0342260258345877 3.6065900613012327 -1958.157850465141 -0.20961284498216273 21.78109025764993 -4333.262231782564 -3.884669298445577e-05 0.004323222474927876 0.1387968134369438
-2.1625729632945463 -0.5077430617726068 0.186979269918867 636.3133732681163 587.1522329249419 374.01306979358196 159.76847878284752 3.0342260258345877 3.6065900613012327 -1958.157850465141 -0.20961284498216273 21.78109025764993 -4333.262231782564 -3.884669298445577e-05 0.004323222474927876 0.1387968134369438
-2.1674834377797745 -0.4674771709937346 6.161833306608823 638.8108986909501 587.3156797463307 403.16648741811514 169.18404659628868 3.0342260258345877 3.6065900613012327 -1958.157850465141 -0.20961284498216273 21.78109025764993 -4333.262231782564 -3.884669298445577e-05 0.004323222474927876 0.1387968134369438
-2.1694476275738683 -0.429175470008953 6.231948139776099 641.4002401120961 587.3069280315394 432.691353328526 178.35492658615112 3.0342260258345877 3.6065900613012327 -1958.157850465141 -0.20961284498216273 21.78109025764993 -4333.262231782564 -3.884669298445577e-05 0.004323222474927876 0.1387968134369438
-2.171411817367958 -0.38498119964189953 6.2387700919327145 644.0981335863471 587.1178282441979 462.3570495918393 187.1812649127096 3.0342260258345877 3.6065900613012327 -1958.157850465141 -0.20961284498216273 21.78109025764993 -4333.262231782564 -3.884669298445577e-05 0.004323222474927876 0.1387968134369438
-2.1861432408236383 -0.34078692927484494 5.961434752783035 646.9220777484588 586.7401985456963 491.9194633960724 195.5589814092964 3.0342260258345877 3.6065900613012327 -1958.157850465141 -0.20961284498216273 21.78109025764993 -4333.262231782564 -3.884669298445577e-05 0.004323222474927876 0.1387968134369438
-2.1576624888093137 -0.2523983885407357 0.29145679447784856 649.890333793126 586.1658247951127 521.1209874078631 203.37976951152086 3.0342260258345877 3.6065900613012327 -1958.157850465141 -0.20961284498216273 21.78109025764993 -4333.262231782564 -3.884669298445577e-05 0.004323222474927876 0.1387968134369438
-2.136056401074306 -0.15811727842435117 0.20539538918976455 653.0219254903495 585.3864605494309 549.6905197352171 210.53109627962112 3.0342260258345877 3.6065900613012327 -1958.157850465141 -0.20961284498216273 21.78109025764993 -4333.262231782564 -3.884669298445577e-05 0.004323222474927876 0.1387968134369438
-2.108557743957026 -0.06580035810206065 0.269849155938464 656.3366391807795 584.393827063439 577.3434636816382 216.89620244130492 3.0342260258345877 3.6065900613012327 -1958.157850465141 -0.20961284498216273 21.78109025764993 -4333.262231782564 -3.884669298445577e-05 0.004323222474927876 0.1387968134369438
-2.075166517457477 0.02455237242614145 0.33473683731679166 659.8550237729214 583.1796132894815 603.7817280888557 222.35410231351852 3.0342260258345877 3.6065900613012327 -1958.157850465141 -0.20961284498216273 21.78109025764993 -4333.262231782564 -3.884669298445577e-05 0.004323222474927876 0.1387968134369438
-2.044721575649058 0.11392300805729656 0.30850629573192145 663.5983907426707 581.735475878013 628.6937269642949 226.77958391420543 3.2115979918698745 3.7571710332613812 -1959.682786441904 0.04490929073244309 22.054577895396044 -4361.69635666915 1.8821999468752398e-05 0.004504101248686575 0.10556701939272492
-1.9848137869292741 0.20427573858549644 0.5702379750540553 667.5888141370378 580.0530391770735 651.7543798536062 230.04320883005857 3.2115979918698745 3.7571710332613812 -1959.682786441904 0.04490929073244309 22.054577895396044 -4361.69635666915 1.8821999468752398e-05 0.004504101248686575 0.10556701939272492
-1.9032999104744872 0.2936463742166515 0.7273240038344597 671.8491305708885 578.1238952324784 672.6251115947962 232.01131233759224 3.2115979918698745 3.7571710332613812 -1959.682786441904 0.04490929073244309 22.054577895396044 -4361.69635666915 1.8821999468752398e-05 0.004504101248686575 0.10556701939272492
-1.8158934646374183 0.3849811996418984 0.7520771675192391 676.4029392329976 575.9396037879196 690.9538524225354 232.54600328952074 3.2115979918698745 3.7571710332613812 -1959.682786441904 0.04490929073244309 22.054577895396044 -4361.69635666915 1.8821999468752398e-05 0.004504101248686575 0.10556701939272492
-1.7245586392121792 0.47336974037600765 0.790922969063091 681.274601879064 573.4916922848788 706.3750378414989 231.50516423024237 3.2115979918698745 3.7571710332613812 -1959.682786441904 0.04490929073244309 22.054577895396044 -4361.69635666915 1.8821999468752398e-05 0.004504101248686575 0.10556701939272492
-1.6057251566696509 0.560776186213071 0.92864111220914 686.4892428317107 570.7716558625252 718.5096088051796 228.74245129711926 3.2115979918698745 3.7571710332613812 -1959.682786441904 0.04490929073244309 22.054577895396044 -4361.69635666915 1.8821999468752398e-05 0.004504101248686575 0.10556701939272492
-1.5143903312443985 0.5980957923008056 1.1828963690669925 692.0727489870042 567.7709573579341 726.9650116488338 224.10729430802166 3.2115979918698745 3.7571710332613812 -1959.682786441904 0.04490929073244309 22.054577895396044 -4361.69635666915 1.8821999468752398e-05 0.004504101248686575 0.10556701939272492
