51 -3.445188898836166 1.5183187108325877 3.417018757285772 -1.9720465532676787 0.4340859444941802
-3.445188898836166 1.5183187108325877 3.417018757285772 786.2699462687597 633.0730598475784 581.9660490266979 246.6748223155737 3.1938432508191363 3.7244083640739016 -1923.0086638933733 -3.633940199644044e-15 22.05730113996565 -4253.134965851605 -1.348949724456497e-18 0.00448659420790014 0.1348855155886454
-3.453045658012533 1.4701960608773506 3.303430084828253 778.8259637942538 632.1965408218093 584.8104725219309 278.871768116951 3.1938432508191363 3.7244083640739016 -1923.0086638933733 -3.633940199644044e-15 22.05730113996565 -4253.134965851605 -1.348949724456497e-18 0.00448659420790014 0.1348855155886454
-3.450099373321394 1.419127126230976 3.083964226112285 772.0306988125667 631.2187288191635 587.1288885101676 306.0066521912813 3.1938432508191363 3.7244083640739016 -1923.0086638933733 -3.633940199644044e-15 22.05730113996565 -4253.134965851605 -1.348949724456497e-18 0.00448659420790014 0.1348855155886454
-3.4343858549686646 1.3660940017905105 2.8535372065391815 765.838575324975 630.1469369559782 588.9875407256186 328.58391243219376 3.1938432508191363 3.7244083640739016 -1923.0086638933733 -3.633940199644044e-15 22.05730113996565 -4253.134965851605 -1.348949724456497e-18 0.00448659420790014 0.1348855155886454
-3.4088513876454782 1.3130608773500454 2.692869309579084 760.2055948199704 628.9883605521172 590.448491986841 347.0853946506977 3.1938432508191363 3.7244083640739016 -1923.0086638933733 -3.633940199644044e-15 22.05730113996565 -4253.134965851605 -1.348949724456497e-18 0.00448659420790014 0.1348855155886454
-3.3744780662488805 1.2619919427036705 2.549165300157919 755.0893362304196 627.7500771285268 591.5696242265403 361.9703531861305 3.1938432508191363 3.7244083640739016 -1923.0086638933733 -3.633940199644044e-15 22.05730113996565 -4253.134965851605 -1.348949724456497e-18 0.00448659420790014 0.1348855155886454
-3.3342121754700047 1.2128871978513878 2.4547750038311045 750.4489559894428 626.4390464075841 592.4046384058893 373.67545038461685 3.1938432508191363 3.7244083640739016 -1923.0086638933733 -3.633940199644044e-15 22.05730113996565 -4253.134965851605 -1.348949724456497e-18 0.00448659420790014 0.1348855155886454
-3.2890358102059096 1.1677108325872871 2.3561944901924066 746.2451879447326 625.0621103153098 593.0030546188354 382.6147567629814 3.1938432508191363 3.7244083640739016 -1923.0086638933733 -3.633940199644044e-15 22.05730113996565 -4253.134965851605 -1.348949724456497e-18 0.00448659420790014 0.1348855155886454
-3.2409131602506673 1.1244986571172775 2.3024827608890672 742.4403434507549 623.6259929788066 593.4102119877934 389.1797512322664 3.1938432508191363 3.7244083640739016 -1923.0086638933733 -3.633940199644044e-15 22.05730113996565 -4253.134965851605 -1.348949724456497e-18 0.00448659420790014 0.1348855155886454
-3.192790510295429 1.0852148612354533 2.2554134911076402 738.9983112905174 622.1373007262591 593.6672687865794 393.73932062089443 3.1938432508191363 3.7244083640739016 -1923.0086638933733 -3.633940199644044e-15 22.05730113996565 -4253.134965851605 -1.348949724456497e-18 0.00448659420790014 0.1348855155886454
-3.1466320501342895 1.0488773500447635 2.237704531034279 735.8845577454194 620.6025220897282 593.8112022951245 396.639760106802 3.1938432508191363 3.7244083640739016 -1923.0086638933733 -3.633940199644044e-15 22.05730113996565 -4253.134965851605 -1.348949724456497e-18 0.00448659420790014 0.1348855155886454
-3.0955631154879124 1.0135219337511197 2.176340990399845 733.06612653099 619.0280278014252 593.87480892241 398.2047730535269 3.1938432508191363 3.7244083640739016 -1923.0086638933733 -3.633940199644044e-15 22.05730113996565 -4253.134965851605 -1.348949724456497e-18 0.00448659420790014 0.1348855155886454
-3.0523509400179027 0.9820948970456581 2.1995926132103265 730.5116388490424 617.420070797205 593.886704146862 398.7354710549116 3.1938432508191363 3.7244083640739016 -1923.0086638933733 -3.633940199644044e-15 22.05730113996565 -4253.134965851605 -1.348949724456497e-18 0.00448659420790014 0.1348855155886454
-3.0140492390331213 0.9555783348254249 2.1763409903998636 728.1912933457643 615.784786213655 593.8713225163519 398.5103737562895 3.1938432508191363 3.7244083640739016 -1923.0086638933733 -3.633940199644044e-15 22.05730113996565 -4253.134965851605 -1.348949724456497e-18 0.00448659420790014 0.1348855155886454
-2.9757475380483394 0.9329901521933741 2.103640214414288 726.0768661480397 614.1281913899584 593.848917696625 397.78540909290314 3.1938432508191363 3.7244083640739016 -1923.0086638933733 -3.633940199644044e-15 22.05730113996565 -4253.134965851605 -1.348949724456497e-18 0.00448659420790014 0.1348855155886454
-2.941374216651746 0.912366159355415 2.111215827065543 724.1417108420283 612.4561858669622 593.8355623818934 396.79391334950924 3.195668984680134 3.710329478741515 -1920.5097656691212 -1.4148728862076176e-15 22.02080250206978 -4241.411668389351 -5.25222624949983e-19 0.0044761090831798725 0.13785969913683976
-2.9050367054610584 0.8937063563115488 2.045196209586795 722.3607584675774 610.7745513879927 593.8431483879685 395.746630653739 3.195668984680134 3.710329478741515 -1920.5097656691212 -1.4148728862076176e-15 22.02080250206978 -4241.411668389351 -5.25222624949983e-19 0.0044761090831798725 0.13785969913683976
-2.868699194270371 0.877992837958817 1.978945430550035 720.7105175424367 609.0889518978074 593.8793866187334 394.831713616848 3.195668984680134 3.710329478741515 -1920.5097656691212 -1.4148728862076176e-15 22.02080250206978 -4241.411668389351 -5.25222624949983e-19 0.0044761090831798725 0.13785969913683976
-2.82941539838854 0.864243509400178 1.9074711461815832 719.1690740417689 607.4049335438758 593.9478070214391 394.21472288668156 3.195668984680134 3.710329478741515 -1920.5097656691212 -1.4148728862076176e-15 22.02080250206978 -4241.411668389351 -5.25222624949983e-19 0.0044761090831798725 0.13785969913683976
-2.7930778871978434 0.8514762757385838 1.9086745150351299 717.716091404669 605.7279246744001 594.0477586500347 394.0386274009943 3.195668984680134 3.710329478741515 -1920.5097656691212 -1.4148728862076176e-15 22.02080250206978 -4241.411668389351 -5.25222624949983e-19 0.0044761090831798725 0.13785969913683976
-2.7557582811101113 0.8406732318710824 1.852568194068246 716.3328105323017 604.063235840993 594.1744096316397 394.4238042384386 3.195668984680134 3.710329478741515 -1920.5097656691212 -1.4148728862076176e-15 22.02080250206978 -4241.411668389351 -5.25222624949983e-19 0.0044761090831798725 0.13785969913683976
-2.718438675022379 0.8328164726947165 1.778292553230131 715.0020497953519 602.4160597964656 594.3187471777201 395.4680386185646 3.195668984680134 3.710329478741515 -1920.5097656691212 -1.4148728862076176e-15 22.02080250206978 -4241.411668389351 -5.25222624949983e-19 0.0044761090831798725 0.13785969913683976
-2.6781727842435035 0.8259418084153964 1.7398975527962697 713.7082050256431 600.7914714956423 594.4675775840878 397.2465241998434 3.195668984680134 3.710329478741515 -1920.5097656691212 -1.4148728862076176e-15 22.02080250206978 -4241.411668389351 -5.25222624949983e-19 0.0044761090831798725 0.13785969913683976
-2.6379068934646366 0.8200492390331234 1.716106337430596 712.4372495198622 599.1944280960597 594.6035262420774 399.8118624985218 3.195668984680134 3.710329478741515 -1920.5097656691212 -1.4148728862076176e-15 22.02080250206978 -4241.411668389351 -5.25222624949983e-19 0.0044761090831798725 0.13785969913683976
-2.5996051924798596 0.8151387645478929 1.698305885010204 711.1767340237275 597.6297689558705 594.7050375938416 403.1940633803606 3.195668984680134 3.710329478741515 -1920.5097656691212 -1.4148728862076176e-15 22.02080250206978 -4241.411668389351 -5.25222624949983e-19 0.0044761090831798725 0.13785969913683976
-2.55639301700985 0.808264100268574 1.7285650643908324 709.9157867785543 596.1022156368708 594.7463751547039 407.40054501593113 3.195668984680134 3.710329478741515 -1920.5097656691212 -1.4148728862076176e-15 22.02080250206978 -4241.411668389351 -5.25222624949983e-19 0.0044761090831798725 0.13785969913683976
-2.5121987466427864 0.7994252461951654 1.768191886644685 708.6451134663075 594.6163719010074 594.6976215876639 412.4161335974932 3.195668984680134 3.710329478741515 -1920.5097656691212 -1.4148728862076176e-15 22.02080250206978 -4241.411668389351 -5.25222624949983e-19 0.0044761090831798725 0.13785969913683976
-2.4650581915846064 0.788622202327663 1.79607310600901 707.3569972347468 593.1767237143358 594.5246785804629 418.20306354761124 3.195668984680134 3.710329478741515 -1920.5097656691212 -1.4148728862076176e-15 22.02080250206978 -4241.411668389351 -5.25222624949983e-19 0.0044761090831798725 0.13785969913683976
-2.4228281110116368 0.7768370635631147 1.8429422173260555 706.045298691839 591.7876392428298 594.189266897738 424.70097754895687 3.195668984680134 3.710329478741515 -1920.5097656691212 -1.4148728862076176e-15 22.02080250206978 -4241.411668389351 -5.25222624949983e-19 0.0044761090831798725 0.13785969913683976
-2.372741271262309 0.7630877350044757 1.8387067492182367 704.7054559355602 590.4533688558731 593.6489264331758 431.8269263803959 3.195668984680134 3.710329478741515 -1920.5097656691212 -1.4148728862076176e-15 22.02080250206978 -4241.411668389351 -5.25222624949983e-19 0.0044761090831798725 0.13785969913683976
-2.322654431512977 0.7463921217547002 1.8925468811915054 703.3344844942912 589.1780451247469 592.857016094029 439.4753691703081 3.195668984680134 3.710329478741515 -1920.5097656691212 -1.4148728862076176e-15 22.02080250206978 -4241.411668389351 -5.25222624949983e-19 0.0044761090831798725 0.13785969913683976
-2.280424350940016 0.7267502238137881 2.0061496019472016 701.9309773817658 587.9656828213483 591.7627139501274 447.5181730687618 3.195668984680134 3.710329478741515 -1920.5097656691212 -1.4148728862076176e-15 22.02080250206978 -4241.411668389351 -5.25222624949983e-19 0.0044761090831798725 0.13785969913683976
-2.238194270367056 0.7061262309758279 2.0250984134882635 700.4951050626114 586.8201789215673 590.3110170923173 455.8046134263277 3.195668984680134 3.710329478741515 -1920.5097656691212 -1.4148728862076176e-15 22.02080250206978 -4241.411668389351 -5.25222624949983e-19 0.0044761090831798725 0.13785969913683976
-2.2018567591763683 0.68550223813787 2.087026997406647 699.0286154737696 585.7453126015607 588.4427416957915 464.16137394309044 3.195668984680134 3.710329478741515 -1920.5097656691212 -1.4148728862076176e-15 22.02080250206978 -4241.411668389351 -5.25222624949983e-19 0.0044761090831798725 0.13785969913683976
-2.165519247985676 0.6629140555058181 2.126962556915352 697.5348340161145 584.744745240896 586.0945230685174 472.3925464898348 3.195668984680134 3.710329478741515 -1920.5097656691212 -1.4148728862076176e-15 22.02080250206978 -4241.411668389351 -5.25222624949983e-19 0.0044761090831798725 0.13785969913683976
-2.1340922112802123 0.6413079677708154 2.173083672929782 696.0186635544524 583.8220204201061 583.1988155394793 480.27963085472584 3.195668984680134 3.710329478741515 -1920.5097656691212 -1.4148728862076176e-15 22.02080250206978 -4241.411668389351 -5.25222624949983e-19 0.0044761090831798725 0.13785969913683976
-2.1115040286481603 0.6216660698299022 2.2865399164637377 694.48658440914 582.9805639219703 579.6838925555348 487.5815354734659 3.195668984680134 3.710329478741515 -1920.5097656691212 -1.4148728862076176e-15 22.02080250206978 -4241.411668389351 -5.25222624949983e-19 0.0044761090831798725 0.13785969913683976
-2.0977547000895247 0.6030062667860339 2.5065659181996263 692.9466543737799 582.2236837310484 575.4738466255367 494.03457652032375 3.195668984680134 3.710329478741515 -1920.5097656691212 -1.4148728862076176e-15 22.02080250206978 -4241.411668389351 -5.25222624949983e-19 0.0044761090831798725 0.13785969913683976
-2.0898979409131577 0.5863106535362572 2.586830706361277 691.4085087040439 581.5545700350776 570.4885893464088 499.3524786233902 3.195668984680134 3.710329478741515 -1920.5097656691212 -1.4148728862076176e-15 22.02080250206978 -4241.411668389351 -5.25222624949983e-19 0.0044761090831798725 0.13785969913683976
-2.0898979409131577 0.5696150402864806 2.6670954945229273 689.8833601130173 580.9762952217134 564.6438514180481 503.2263747602701 3.195668984680134 3.710329478741515 -1920.5097656691212 -1.4148728862076176e-15 22.02080250206978 -4241.411668389351 -5.25222624949983e-19 0.0044761090831798725 0.13785969913683976
-2.092844225604292 0.5578299015219322 2.747360282684578 688.3839987879619 580.491813883069 557.8511825799942 505.32480551302433 3.195668984680134 3.710329478741515 -1920.5097656691212 -1.4148728862076176e-15 22.02080250206978 -4241.411668389351 -5.25222624949983e-19 0.0044761090831798725 0.13785969913683976
-2.0898979409131577 0.5489910474485216 2.8276250708462287 686.924792370759 580.1039628112921 550.01795168221 505.2937203794718 3.195668984680134 3.710329478741515 -1920.5097656691212 -1.4148728862076176e-15 22.02080250206978 -4241.411668389351 -5.25222624949983e-19 0.0044761090831798725 0.13785969913683976
-2.0987367949865696 0.5362238137869273 2.907889859007879 685.5216859802604 579.8154610014753 541.04734666273 502.7564766407013 3.195668984680134 3.710329478741515 -1920.5097656691212 -1.4148728862076176e-15 22.02080250206978 -4241.411668389351 -5.25222624949983e-19 0.0044761090831798725 0.13785969913683976
-2.1046293643688427 0.5205102954341977 2.9881546471695297 684.1922021741048 579.6289096496766 530.8383745215833 497.313839673996 3.195668984680134 3.710329478741515 -1920.5097656691212 -1.4148728862076176e-15 22.02080250206978 -4241.411668389351 -5.25222624949983e-19 0.0044761090831798725 0.13785969913683976
-2.110521933751116 0.5057788719785128 3.0684194353311804 682.9554410120472 579.5467921555974 519.285861350596 488.54398334026337 3.195668984680134 3.710329478741515 -1920.5097656691212 -1.4148728862076176e-15 22.02080250206978 -4241.411668389351 -5.25222624949983e-19 0.0044761090831798725 0.13785969913683976
-2.107575649059977 0.49595792300805736 3.1486842234928307 681.8320799777284 579.5714741193224 506.2804522998631 476.00248950719833 3.195668984680134 3.710329478741515 -1920.5097656691212 -1.4148728862076176e-15 22.02080250206978 -4241.411668389351 -5.25222624949983e-19 0.0044761090831798725 0.13785969913683976
-2.0957905102954353 0.4881011638316914 3.2289490116544814 680.844374046661 579.7052033442305 491.70861165225506 459.22234849631786 3.195668984680134 3.710329478741515 -1920.5097656691212 -1.4148728862076176e-15 22.02080250206978 -4241.411668389351 -5.25222624949983e-19 0.0044761090831798725 0.13785969913683976
-2.0781128021486115 0.4792623097582807 3.309213799816132 680.01615564432 579.9501098348992 475.4526227004826 437.7139583826065 3.195668984680134 3.710329478741515 -1920.5097656691212 -1.4148728862076176e-15 22.02080250206978 -4241.411668389351 -5.25222624949983e-19 0.0044761090831798725 0.13785969913683976
-2.0545425246195195 0.46845926589077824 3.3894785879777825 679.3728346647695 580.3082057978027 457.3905878961086 410.9651258289814 3.195668984680134 3.710329478741515 -1920.5097656691212 -1.4148728862076176e-15 22.02080250206978 -4241.411668389351 -5.25222624949983e-19 0.0044761090831798725 0.13785969913683976
-2.030972247090418 0.4576562220232769 3.4697433761394327 678.9413984706625 580.7813856425928 437.3964287266135 378.4410654306412 3.195668984680134 3.710329478741515 -1920.5097656691212 -1.4148728862076176e-15 22.02080250206978 -4241.411668389351 -5.25222624949983e-19 0.0044761090831798725 0.13785969913683976
-2.0074019695613217 0.4439068934646379 3.550008164301084 678.7504118736833 581.3714259784902 415.3398857600987 339.58440017700195 3.195668984680134 3.710329478741515 -1920.5097656691212 -1.4148728862076176e-15 22.02080250206978 -4241.411668389351 -5.25222624949983e-19 0.0044761090831798725 0.13785969913683976
-1.9720465532676787 0.4340859444941802 3.630272952462734 688.7208579480648 569.1173448912741 754.9440940618515 619.2497697249055 3.195668984680134 3.710329478741515 -1920.5097656691212 -1.4148728862076176e-15 22.02080250206978 -4241.411668389351 -5.25222624949983e-19 0.0044761090831798725 0.13785969913683976
-1.918031333930172 0.43310384959713544 3.7105377406243845 684.5178697407246 569.7501533494215 704.7965536862612 569.0602901354432 3.195668984680134 3.710329478741515 -1920.5097656691212 -1.4148728862076176e-15 22.02080250206978 -4241.411668389351 -5.25222624949983e-19 0.0044761090831798725 0.13785969913683976
-1.8640161145926564 0.4380143240823626 3.790802528786035 681.1090628337115 570.3519791780855 662.0799830108881 523.3710411414504 3.195668984680134 3.710329478741515 -1920.5097656691212 -1.4148728862076176e-15 22.02080250206978 -4241.411668389351 -5.25222624949983e-19 0.0044761090831798725 0.13785969913683976
-1.8198218442256018 0.4468531781557733 3.871067316947686 678.4419420864433 570.9221189506643 626.2773630321026 481.9310090839863 3.195668984680134 3.710329478741515 -1920.5097656691212 -1.4148728862076176e-15 22.02080250206978 -4241.411668389351 -5.25222624949983e-19 0.0044761090831798725 0.13785969913683976
-1.790358997314232 0.45569203222918625 3.951332105109336 676.4653240256011 571.45990904051 596.8860618025064 444.49547628313303 3.195668984680134 3.710329478741515 -1920.5097656691212 -1.4148728862076176e-15 22.02080250206978 -4241.411668389351 -5.25222624949983e-19 0.0044761090831798725 0.13785969913683976
-1.782502238137874 0.46354879140554994 4.0315968932709865 675.1293368693441 571.9647256203461 573.4178347140551 410.8260207772255 3.195668984680134 3.710329478741515 -1920.5097656691212 -1.4148728862076176e-15 22.02080250206978 -4241.411668389351 -5.25222624949983e-19 0.0044761090831798725 0.13785969913683976
-1.7805380483437843 0.47238764547896067 4.111861681432638 674.3854205030948 572.4359846631123 555.3988243043423 380.69051641225815 3.195668984680134 3.710329478741515 -1920.5097656691212 -1.4148728862076176e-15 22.02080250206978 -4241.411668389351 -5.25222624949983e-19 0.0044761090831798725 0.13785969913683976
-1.7815201432408292 0.48319068934646425 4.192126469594288 674.1863265354186 572.8731419405085 542.369560316205 353.8631328865886 3.195668984680134 3.710329478741515 -1920.5097656691212 -1.4148728862076176e-15 22.02080250206978 -4241.411668389351 -5.25222624949983e-19 0.0044761090831798725 0.13785969913683976
-1.782502238137874 0.49595792300805736 4.272391257755939 674.4861182235181 573.2756930246251 533.8849596232176 330.1243356689811 3.195668984680134 3.710329478741515 -1920.5097656691212 -1.4148728862076176e-15 22.02080250206978 -4241.411668389351 -5.25222624949983e-19 0.0044761090831798725 0.13785969913683976
-1.786430617726053 0.5116714413607881 4.352656045917589 675.2401705365628 573.6431732869823 529.514326274395 309.26088609546423 3.213729042355672 3.7156846339395533 -1931.4584604658996 0.04567462098446818 22.100079754454594 -4296.28504346621 1.914275816616427e-05 0.004486348568225644 0.12412520578922012
-1.802144136078787 0.5264028648164729 4.43292083407924 676.4051701109856 573.9751578982978 528.8413515090942 291.0658412873745 3.213729042355672 3.7156846339395533 -1931.4584604658996 0.04567462098446818 22.100079754454594 -4296.28504346621 1.914275816616427e-05 0.004486348568225644 0.12412520578922012
-1.8217860340197003 0.5411342882721578 4.51318562224089 677.9391152951866 574.2712618299411 531.4641138315201 275.33855413645506 3.213729042355672 3.7156846339395533 -1931.4584604658996 0.04567462098446818 22.100079754454594 -4296.28504346621 1.914275816616427e-05 0.004486348568225644 0.12412520578922012
-1.8414279319606088 0.5558657117278416 4.593450410402541 679.8013160899282 574.5311398518679 536.9950788617134 261.8846734762192 3.213729042355672 3.7156846339395533 -1931.4584604658996 0.04567462098446818 22.100079754454594 -4296.28504346621 1.914275816616427e-05 0.004486348568225644 0.12412520578922012
-1.8600877350044818 0.5705971351835276 4.673715198564191 681.9523942116648 574.7544865340751 545.0610994249582 250.51614379137754 3.213729042355672 3.7156846339395533 -1931.4584604658996 0.04567462098446818 22.100079754454594 -4296.28504346621 1.914275816616427e-05 0.004486348568225644 0.12412520578922012
-1.8816938227394935 0.5833643688451196 4.753979986725842 684.3542830441147 574.941036246455 555.3034155070782 241.0512054488063 3.213729042355672 3.7156846339395533 -1931.4584604658996 0.04567462098446818 22.100079754454594 -4296.28504346621 1.914275816616427e-05 0.004486348568225644 0.12412520578922012
-1.8934789615040395 0.5961316025067138 4.834244774887493 686.9702276699245 575.0905631580681 567.37765429914 233.3143946826458 3.213729042355672 3.7156846339395533 -1931.4584604658996 0.04567462098446818 22.100079754454594 -4296.28504346621 1.914275816616427e-05 0.004486348568225644 0.12412520578922012
-1.9052641002685857 0.6108630259623975 4.914509563049143 689.7647848427296 575.2028812382487 580.95383015275 227.13654346764088 3.213729042355672 3.7156846339395533 -1931.4584604658996 0.04567462098446818 22.100079754454594 -4296.28504346621 1.914275816616427e-05 0.004486348568225644 0.12412520578922012
-1.9170492390331317 0.6285407341092201 4.994774351210793 692.7038230262697 575.2778442552662 595.7163446843624 222.35477958619595 3.213729042355672 3.7156846339395533 -1931.4584604658996 0.04567462098446818 22.100079754454594 -4296.28504346621 1.914275816616427e-05 0.004486348568225644 0.12412520578922012
-1.9317806624888165 0.6472005371530873 5.0750391393724446 695.7545223366469 575.3153457776643 611.363986492157 218.81252670288086 3.213729042355672 3.7156846339395533 -1931.4584604658996 0.04567462098446818 22.100079754454594 -4296.28504346621 1.914275816616427e-05 0.004486348568225644 0.12412520578922012
-1.9494583706356403 0.6668424350940005 5.155303927534095 698.8853746056557 575.3153191729507 627.6099316626787 216.35950419306755 3.213729042355672 3.7156846339395533 -1931.4584604658996 0.04567462098446818 22.100079754454594 -4296.28504346621 1.914275816616427e-05 0.004486348568225644 0.12412520578922012
-1.9671360787824594 0.6884485228290066 5.235568715695745 702.066183347255 575.2777376091108 644.1817431598902 214.85172741115093 3.213729042355672 3.7156846339395533 -1931.4584604658996 0.04567462098446818 22.100079754454594 -4296.28504346621 1.914275816616427e-05 0.004486348568225644 0.12412520578922012
-1.9936526410026905 0.7090725156669634 5.315833503857396 705.2680637426674 575.2026140529779 660.8213713914156 214.1515073031187 3.213729042355672 3.7156846339395533 -1931.4584604658996 0.04567462098446818 22.100079754454594 -4296.28504346621 1.914275816616427e-05 0.004486348568225644 0.12412520578922012
-2.0201692032229257 0.7306786034019694 5.396098292019047 708.4634426850826 575.0900012714847 677.2851537913084 214.12745083123446 3.213729042355672 3.7156846339395533 -1931.4584604658996 0.04567462098446818 22.100079754454594 -4296.28504346621 1.914275816616427e-05 0.004486348568225644 0.12412520578922012
-2.040793196060884 0.7532667860340191 5.5432104232037265 711.6260587275028 574.939991831081 693.3438149988651 214.65446062386036 3.213729042355672 3.7156846339395533 -1931.4584604658996 0.04567462098446818 22.100079754454594 -4296.28504346621 1.914275816616427e-05 0.004486348568225644 0.12412520578922012
-2.055524619516569 0.7797833482542512 5.776086802787239 714.7309621218592 574.7527180979378 708.7824668884277 215.6137351989746 3.213729042355672 3.7156846339395533 -1931.4584604658996 0.04567462098446818 22.100079754454594 -4296.28504346621 1.914275816616427e-05 0.004486348568225644 0.12412520578922012
-2.0643634735899847 0.8082641002685773 5.982265072819009 717.7545148171484 574.5283522376849 723.4006084799767 216.89276888221502 3.213729042355672 3.7156846339395533 -1931.4584604658996 0.04567462098446818 22.100079754454594 -4296.28504346621 1.914275816616427e-05 0.004486348568225644 0.12412520578922012
-2.070256042972258 0.8396911369740387 6.097837357183922 720.6743904352188 574.2671062160516 737.012125954032 218.38535176962614 3.213729042355672 3.7156846339395533 -1931.4584604658996 0.04567462098446818 22.100079754454594 -4296.28504346621 1.914275816616427e-05 0.004486348568225644 0.12412520578922012
-2.070256042972258 0.8711181736794981 -0.0 723.4695742744952 573.9692317975278 749.4452928006649 219.99156982451677 3.213729042355672 3.7156846339395533 -1931.4584604658996 0.04567462098446818 22.100079754454594 -4296.28504346621 1.914275816616427e-05 0.004486348568225644 0.12412520578922012
-2.0673097582811235 0.9064735899731431 0.08314123188836282 726.1203633472323 573.635020547139 760.5427695065737 221.61780475080013 3.213729042355672 3.7156846339395533 -1931.4584604658996 0.04567462098446818 22.100079754454594 -4296.28504346621 1.914275816616427e-05 0.004486348568225644 0.12412520578922012
-2.0555246195165777 0.9437931960608776 0.30587887140481207 728.6083663199097 573.264803829341 770.1616039276123 223.17673417925835 3.213729042355672 3.7156846339395533 -1931.4584604658996 0.04567462098446818 22.100079754454594 -4296.28504346621 1.914275816616427e-05 0.004486348568225644 0.12412520578922012
-2.0407931960608883 0.9820948970456581 0.36717383381832275 730.9165035802871 572.8589528076409 778.1732308864594 224.58733148127794 3.213729042355672 3.7156846339395533 -1931.4584604658996 0.04567462098446818 22.100079754454594 -4296.28504346621 1.914275816616427e-05 0.004486348568225644 0.12412520578922012
-2.0201692032229257 1.0213786929274833 0.483447001567282 733.0290071666241 572.4178784461401 784.4634726196527 225.77486580610275 3.213729042355672 3.7156846339395533 -1931.4584604658996 0.04567462098446818 22.100079754454594 -4296.28504346621 1.914275816616427e-05 0.004486348568225644 0.12412520578922012
-1.9965989256938292 1.0596803939122637 0.5516549825285664 734.9314208365977 571.9420315075549 788.9325383752584 226.67090215533972 3.213729042355672 3.7156846339395533 -1931.4584604658996 0.04567462098446818 22.100079754454594 -4296.28504346621 1.914275816616427e-05 0.004486348568225644 0.12412520578922012
-1.9691002685765489 1.0960179051029535 0.6478114269271238 736.6106000002474 571.4319025553996 791.4950248003006 227.2133013829589 3.213729042355672 3.7156846339395533 -1931.4584604658996 0.04567462098446818 22.100079754454594 -4296.28504346621 1.914275816616427e-05 0.004486348568225644 0.12412520578922012
-1.9357090420770002 1.1313733213965975 0.7568345055586317 738.0547117870301 570.8880219516286 792.0799153894186 227.3462200537324 3.213729042355672 3.7156846339395533 -1931.4584604658996 0.04567462098446818 22.100079754454594 -4296.28504346621 1.914275816616427e-05 0.004486348568225644 0.12412520578922012
-1.8964252461951738 1.1667287376902413 0.8379812250083869 739.2532349769026 570.3109598588198 790.6305811405182 227.02011067420244 3.213729042355672 3.7156846339395533 -1931.4584604658996 0.04567462098446818 22.100079754454594 -4296.28504346621 1.914275816616427e-05 0.004486348568225644 0.12412520578922012
-1.8512488809310745 1.1991378692927477 0.9484934556076863 740.1969600841403 569.7013262387482 787.1047801077366 226.19172144681215 3.213729042355672 3.7156846339395533 -1931.4584604658996 0.04567462098446818 22.100079754454594 -4296.28504346621 1.914275816616427e-05 0.004486348568225644 0.12412520578922012
-1.8090188003581094 1.2276186213070714 0.9774461806382017 740.8779892567545 569.0597708525893 781.4746575504541 224.82409642636776 3.213729042355672 3.7156846339395533 -1931.4584604658996 0.04567462098446818 22.100079754454594 -4296.28504346621 1.914275816616427e-05 0.004486348568225644 0.12412520578922012
-1.76384243509401 1.2492247090420765 1.1246907778514772 741.2897363621742 568.386983261822 773.726745814085 222.8865755647421 3.213729042355672 3.7156846339395533 -1931.4584604658996 0.04567462098446818 22.100079754454594 -4296.28504346621 1.914275816616427e-05 0.004486348568225644 0.12412520578922012
-1.7176839749328614 1.264938227394807 1.2426764317796046 741.4269269388169 567.6836928268604 763.8619645088911 220.3547945022583 3.213729042355672 3.7156846339395533 -1931.4584604658996 0.04567462098446818 22.100079754454594 -4296.28504346621 1.914275816616427e-05 0.004486348568225644 0.12412520578922012
-1.6774180841539903 1.2737770814682179 1.3547113544981109 741.285598224029 566.9506687085377 751.8956204801798 217.210684761405 3.213729042355672 3.7156846339395533 -1931.4584604658996 0.04567462098446818 22.100079754454594 -4296.28504346621 1.914275816616427e-05 0.004486348568225644 0.12412520578922012
-1.6371521933751148 1.2777054610564014 1.4735431285433174 740.8630991298705 566.1887198662444 737.8574077486992 213.44247364252806 3.213729042355672 3.7156846339395533 -1931.4584604658996 0.04567462098446818 22.100079754454594 -4296.28504346621 1.914275816616427e-05 0.004486348568225644 0.12412520578922012
-1.5968863025962436 1.2757412712623097 1.6195381781048404 740.1580902617425 565.3986950603721 721.7914074510336 209.04468428343534 3.213729042355672 3.7156846339395533 -1931.4584604658996 0.04567462098446818 22.100079754454594 -4296.28504346621 1.914275816616427e-05 0.004486348568225644 0.12412520578922012
-1.5576025067144172 1.2678845120859437 1.7681918866447939 739.1705439090729 564.5814828499279 703.7560878694057 204.01813560724258 3.213729042355672 3.7156846339395533 -1931.4584604658996 0.04567462098446818 22.100079754454594 -4296.28504346621 1.914275816616427e-05 0.004486348568225644 0.12412520578922012
-1.5212649955237298 1.2541351835273047 1.9325255683148397 737.9017440453172 563.7380115936976 683.824304625392 198.36994236707687 3.213729042355672 3.7156846339395533 -1931.4584604658996 0.04567462098446818 22.100079754454594 -4296.28504346621 1.914275816616427e-05 0.004486348568225644 0.12412520578922012
-1.4839453894359929 1.2335111906893468 2.0756576984539845 736.354286333546 562.8692494505085 662.0833003520966 192.1135152131319 3.213729042355672 3.7156846339395533 -1931.4584604658996 0.04567462098446818 22.100079754454594 -4296.28504346621 1.914275816616427e-05 0.004486348568225644 0.12412520578922012
-1.4525183527305336 1.2089588182632054 2.2339993195010175 734.5320781134069 561.9762043784722 638.6347049921751 185.26856038719416 3.213729042355672 3.7156846339395533 -1931.4584604658996 0.04567462098446818 22.100079754454594 -4296.28504346621 1.914275816616427e-05 0.004486348568225644 0.12412520578922012
-1.4210913160250744 1.1804780662488803 2.307053755776369 732.4403384346515 561.0599241355667 613.5945356786251 177.86108019948006 3.213729042355672 3.7156846339395533 -1931.4584604658996 0.04567462098446818 22.100079754454594 -4296.28504346621 1.914275816616427e-05 0.004486348568225644 0.12412520578922012
-1.3926105640107538 1.1490510295434189 2.4053352246084345 730.0855979956686 560.1214962796075 587.0931965112686 169.92337261885405 3.213729042355672 3.7156846339395533 -1931.4584604658996 0.04567462098446818 22.100079754454594 -4296.28504346621 1.914275816616427e-05 0.004486348568225644 0.12412520578922012
-1.3710044762757512 1.1127135183527301 2.60515719598509 727.4756992217153 559.1620481671707 559.2754792124033 161.49403143674135 3.213729042355672 3.7156846339395533 -1931.4584604658996 0.04567462098446818 22.100079754454594 -4296.28504346621 1.914275816616427e-05 0.004486348568225644 0.12412520578922012
-1.339577439570283 1.072447627573858 2.509902019250754 724.6197961904109 558.182746955601 530.3005622476339 152.61794631183147 3.213729042355672 3.7156846339395533 -1931.4584604658996 0.04567462098446818 22.100079754454594 -4296.28504346621 1.914275816616427e-05 0.004486348568225644 0.12412520578922012
-1.3081504028648148 1.0272712623097586 2.563690716627469 721.5283546894789 557.1847996010329 500.34201143682003 143.34630271047354 3.213729042355672 3.7156846339395533 -1931.4584604658996 0.04567462098446818 22.100079754454594 -4296.28504346621 1.914275816616427e-05 0.004486348568225644 0.12412520578922012
-1.2796696508504855 0.9762023276633839 2.6626790550421693 718.2131521776319 556.1694528598746 469.58777990937233 133.73658180236816 3.213729042355672 3.7156846339395533 -1931.4584604658996 0.04567462098446818 22.100079754454594 -4296.28504346621 1.914275816616427e-05 0.004486348568225644 0.12412520578922012
-1.25020680393912 0.9212050134288258 2.677945044589036 714.6872778087854 555.1379932876735 438.2402077168226 123.85256074368954 3.213729042355672 3.7156846339395533 -1931.4584604658996 0.04567462098446818 22.100079754454594 -4296.28504346621 1.914275816616427e-05 0.004486348568225644 0.12412520578922012
-1.2276186213070637 0.8632614145031321 2.7996428266120272 710.965132413432 554.091747239785 406.5160222798586 113.76431242376566 3.1920157252071455 3.727791442524936 -1923.1325449679562 7.505196395629528e-16 22.09373417352223 -4264.840868293526 2.785941908435768e-19 0.004497062888340659 0.13191416883858673
-1.2079767233661594 0.8053178155774385 2.84547750771494 707.062428522855 553.0320808715478 374.6463381946087 103.54820545762777 3.1920157252071455 3.727791442524936 -1923.1325449679562 7.505196395629528e-16 22.09373417352223 -4264.840868293526 2.785941908435768e-19 0.004497062888340659 0.13191416883858673
-1.1853885407341076 0.7444279319606073 2.81501121889919 702.9961903337389 551.96040013741 342.87665717303753 93.2869044393301 3.1920157252071455 3.727791442524936 -1923.1325449679562 7.505196395629528e-16 22.09373417352223 -4264.840868293526 2.785941908435768e-19 0.004497062888340659 0.13191416883858673
-1.1628003581020556 0.6825559534467313 2.819842099193097 698.7847537603229 550.8781507915119 311.4668681919575 83.06936962157488 3.1920157252071455 3.727791442524936 -1923.1325449679562 7.505196395629528e-16 22.09373417352223 -4264.840868293526 2.785941908435768e-19 0.004497062888340659 0.13191416883858673
-1.1372658907788649 0.6187197851387635 2.787889507508659 694.4477663654834 549.7868183882674 280.69124732911587 72.99085718393326 3.1920157252071455 3.727791442524936 -1923.1325449679562 7.505196395629528e-16 22.09373417352223 -4264.840868293526 2.785941908435768e-19 0.004497062888340659 0.13191416883858673
-1.1117314234556788 0.553901521933751 2.7928216500058696 690.0061874240637 548.6879282808222 250.8384578973055 63.152919083833694 3.1920157252071455 3.727791442524936 -1923.1325449679562 7.505196395629528e-16 22.09373417352223 -4264.840868293526 2.785941908435768e-19 0.004497062888340659 0.13191416883858673
-1.09208952551477 0.4920295434198727 2.8341951804670455 685.4822878837585 547.583045622916 222.2115503847599 53.663403034210205 3.1920157252071455 3.727791442524936 -1923.1325449679562 7.505196395629528e-16 22.09373417352223 -4264.840868293526 2.785941908435768e-19 0.004497062888340659 0.13191416883858673
-1.069501342882718 0.43212175470008957 2.7810266531116503 680.8996503949165 546.4737753670488 195.1279624402523 44.63645261526108 3.1920157252071455 3.727791442524936 -1923.1325449679562 7.505196395629528e-16 22.09373417352223 -4264.840868293526 2.785941908435768e-19 0.004497062888340659 0.13191416883858673
-1.0469131602506707 0.37908863025962203 2.738938000037977 676.283169278875 545.3617622658203 169.91951890289783 36.19250722229481 3.1920157252071455 3.727791442524936 -1923.1325449679562 7.505196395629528e-16 22.09373417352223 -4264.840868293526 2.785941908435768e-19 0.004497062888340659 0.13191416883858673
-1.0243249776186187 0.3309659803043861 2.7027333546262455 671.6590505447239 544.248690871842 146.93243178725243 28.458302073180676 3.1920157252071455 3.727791442524936 -1923.1325449679562 7.505196395629528e-16 22.09373417352223 -4264.840868293526 2.785941908435768e-19 0.004497062888340659 0.13191416883858673
-0.9948621307072489 0.28480752014324084 2.5734879211153596 667.0548118855804 543.1362855363113 126.52730037271976 21.566868148744106 3.1920157252071455 3.727791442524936 -1923.1325449679562 7.505196395629528e-16 22.09373417352223 -4264.840868293526 2.785941908435768e-19 0.004497062888340659 0.13191416883858673
-0.966381378692924 0.241595344673231 2.558853159339816 662.4992826972157 542.0263104109326 109.07911112904549 15.657532297074795 3.1920157252071455 3.727791442524936 -1923.1325449679562 7.505196395629528e-16 22.09373417352223 -4264.840868293526 2.785941908435768e-19 0.004497062888340659 0.13191416883858673
-0.9369185317815543 0.19936526410026814 2.532429187929016 658.0226040426642 540.9205694471311 94.9772375524044 10.875917114317417 3.1920157252071455 3.727791442524936 -1923.1325449679562 7.505196395629528e-16 22.09373417352223 -4264.840868293526 2.785941908435768e-19 0.004497062888340659 0.13191416883858673
-0.9074556848701845 0.15811727842435117 2.521343167606964 653.6562286838889 539.8209063951217 84.6254404336214 7.373941108584404 3.1920157252071455 3.727791442524936 -1923.1325449679562 7.505196395629528e-16 22.09373417352223 -4264.840868293526 2.785941908435768e-19 0.004497062888340659 0.13191416883858673
-0.8740644583706312 0.11981557743957073 2.4245808337828323 649.4329210612923 538.7292048056261 78.44186766445637 5.309818513691425 3.1920157252071455 3.727791442524936 -1923.1325449679562 7.505196395629528e-16 22.09373417352223 -4264.840868293526 2.785941908435768e-19 0.004497062888340659 0.13191416883858673
-0.8377269471799437 0.08446016114592571 2.3424967168195225 645.3867572955787 537.6473880287376 76.85905455052853 4.848059378564358 3.1920157252071455 3.727791442524936 -1923.1325449679562 7.505196395629528e-16 22.09373417352223 -4264.840868293526 2.785941908435768e-19 0.004497062888340659 0.13191416883858673
-0.8013894359892516 0.049104744852281786 2.3424967168194453 641.5531252156943 536.5774192141544 80.32392327487469 6.15946963429451 3.1920157252071455 3.727791442524936 -1923.1325449679562 7.505196395629528e-16 22.09373417352223 -4264.840868293526 2.785941908435768e-19 0.004497062888340659 0.13191416883858673
-0.7640698299015193 0.013749328558637874 2.329174041005119 637.9687243066728 535.5213013107132 89.29778341948986 9.42115094512701 3.1920157252071455 3.727791442524936 -1923.1325449679562 7.505196395629528e-16 22.09373417352223 -4264.840868293526 2.785941908435768e-19 0.004497062888340659 0.13191416883858673
-0.7198755595344647 -0.02062399283796016 2.2318394956455836 634.6715657729656 534.4810770682234 104.25633162260056 14.816500827670097 3.1920157252071455 3.727791442524936 -1923.1325449679562 7.505196395629528e-16 22.09373417352223 -4264.840868293526 2.785941908435768e-19 0.004497062888340659 0.13191416883858673
-0.6727350044762713 -0.05499731423455819 2.200830236340794 631.7009724639356 533.4588290345273 125.68965186178684 22.535212606191635 3.1920157252071455 3.727791442524936 -1923.1325449679562 7.505196395629528e-16 22.09373417352223 -4264.840868293526 2.785941908435768e-19 0.004497062888340659 0.13191416883858673
-0.6255944494180824 -0.08642435094001859 2.1587989303424804 629.0975789744407 532.456679558265 154.10221518576145 32.77327544987202 3.1920157252071455 3.727791442524936 -1923.1325449679562 7.505196395629528e-16 22.09373417352223 -4264.840868293526 2.785941908435768e-19 0.004497062888340659 0.13191416883858673
-0.5745255147717055 -0.11785138764548009 2.1224513093234263 626.9033315144479 531.4767907872156 190.01287971436977 45.73297430574894 3.1920157252071455 3.727791442524936 -1923.1325449679562 7.505196395629528e-16 22.09373417352223 -4264.840868293526 2.785941908435768e-19 0.004497062888340659 0.13191416883858673
-0.5234565801253331 -0.1443679498657133 2.049709925342504 625.161488039419 530.5213646689663 233.9548910856247 61.6228898987174 3.1920157252071455 3.727791442524936 -1923.1325449679562 7.505196395629528e-16 22.09373417352223 -4264.840868293526 2.785941908435768e-19 0.004497062888340659 0.13191416883858673
-0.4714055505819114 -0.16499194270367235 1.9480453864372476 623.9166181627661 529.592642950709 286.47588166594505 80.65789887309074 3.1920157252071455 3.727791442524936 -1923.1325449679562 7.505196395629528e-16 22.09373417352223 -4264.840868293526 2.785941908435768e-19 0.004497062888340659 0.13191416883858673
-0.4232829006266777 -0.1787412712623102 1.8490959858000018 623.2146031744778 528.6929071793857 348.1378714889288 103.05917353928089 3.1920157252071455 3.727791442524936 -1923.1325449679562 7.505196395629528e-16 22.09373417352223 -4264.840868293526 2.785941908435768e-19 0.004497062888340659 0.13191416883858673
-0.37417815577439484 -0.1875801253357209 1.7488892650260897 623.1026360858232 527.8244787010772 419.51726745069027 129.0541821271181 3.1920157252071455 3.727791442524936 -1923.1325449679562 7.505196395629528e-16 22.09373417352223 -4264.840868293526 2.785941908435768e-19 0.004497062888340659 0.13191416883858673
-0.32212712623096873 -0.18954431512981268 1.6085142792617648 623.6292215567082 526.9897186624003 501.2048636674881 158.87668865919113 3.1920157252071455 3.727791442524936 -1923.1325449679562 7.505196395629528e-16 22.09373417352223 -4264.840868293526 2.785941908435768e-19 0.004497062888340659 0.13191416883858673
-0.2700760966875515 -0.18463384064458438 1.4767350921669056 624.8441759571433 526.1910280087031 593.8058415949345 192.7667529657483 3.1920157252071455 3.727791442524936 -1923.1325449679562 7.505196395629528e-16 22.09373417352223 -4264.840868293526 2.785941908435768e-19 0.004497062888340659 0.13191416883858673
-0.22097135183526861 -0.17677708146821847 1.412141064608482 626.7986273337156 525.4308474858408 697.9397696554661 230.9707306995988 3.1920157252071455 3.727791442524936 -1923.1325449679562 7.505196395629528e-16 22.09373417352223 -4264.840868293526 2.785941908435768e-19 0.004497062888340659 0.13191416883858673
-0.17481289167412892 -0.16302775290957947 1.2812926548334758 629.54501542449 524.7116576383414 814.2406038194895 273.74127328395844 3.1920157252071455 3.727791442524936 -1923.1325449679562 7.505196395629528e-16 22.09373417352223 -4264.840868293526 2.785941908435768e-19 0.004497062888340659 0.13191416883858673
