26 -4.184706356311557 -0.43310384959713655 3.539467011206975 -4.115959713518361 -2.475861235452104
-4.184706356311557 -0.43310384959713655 3.539467011206975 596.6933215443969 665.4567933981889 634.327969348702 284.93109342716343 3.4187061443363143 3.9778018394120096 -2256.6492017525748 2.1349315756477695e-15 23.5576555357269 -5358.230713068375 7.925330083240904e-19 0.004785473927233648 -0.08846456875149578
-4.213187108325882 -0.5067609668755609 3.51055219979566 592.1459239611213 667.0902917772005 627.3210433245295 295.77256115496857 3.4187061443363143 3.9778018394120096 -2256.6492017525748 2.1349315756477695e-15 23.5576555357269 -5358.230713068375 7.925330083240904e-19 0.004785473927233648 -0.08846456875149578
-4.239703670546113 -0.5804180841539853 3.4871482341714835 586.5355310806281 668.4336512513069 619.7677007650236 309.6843129714689 3.4187061443363143 3.9778018394120096 -2256.6492017525748 2.1349315756477695e-15 23.5576555357269 -5358.230713068375 7.925330083240904e-19 0.004785473927233648 -0.08846456875149578
-4.270148612354528 -0.6491647269471813 3.558490723999676 580.0240483837388 669.518964165944 611.7870890895101 325.67356438313436 3.4187061443363143 3.9778018394120096 -2256.6492017525748 2.1349315756477695e-15 23.5576555357269 -5358.230713068375 7.925330083240904e-19 0.004785473927233648 -0.08846456875149578
-4.29175470008953 -0.7198755595344669 3.4381384626594773 572.7640847408547 670.3760338012889 603.4847555243559 342.8572872070654 3.4187061443363143 3.9778018394120096 -2256.6492017525748 2.1349315756477695e-15 23.5576555357269 -5358.230713068375 7.925330083240904e-19 0.004785473927233648 -0.08846456875149578
-4.306486123545215 -0.7935326768128924 3.338988213439671 564.8989524119079 671.032374372262 594.9526471030385 360.46220957099285 3.4187061443363143 3.9778018394120096 -2256.6492017525748 2.1349315756477695e-15 23.5576555357269 -5358.230713068375 7.925330083240904e-19 0.004785473927233648 -0.08846456875149578
-4.321217547000896 -0.8730823634735909 3.3247034708522225 556.5626670464353 671.5132110285267 586.2691106661241 377.8248159135983 3.4187061443363143 3.9778018394120096 -2256.6492017525748 2.1349315756477695e-15 23.5576555357269 -5358.230713068375 7.925330083240904e-19 0.004785473927233648 -0.08846456875149578
-4.333002685765446 -0.9624529991047471 3.272704302072367 547.8799476835084 671.8414798544864 577.4988928612765 394.39134698371345 3.4187061443363143 3.9778018394120096 -2256.6492017525748 2.1349315756477695e-15 23.5576555357269 -5358.230713068375 7.925330083240904e-19 0.004785473927233648 -0.08846456875149578
-4.337913160250674 -1.0577162041181754 3.1930934645410187 538.9662167517763 672.0378278692901 568.6931401432357 409.71779984117893 3.4187061443363143 3.9778018394120096 -2256.6492017525748 2.1349315756477695e-15 23.5576555357269 -5358.230713068375 7.925330083240904e-19 0.004785473927233648 -0.08846456875149578
-4.340859444941813 -1.15592569382274 3.171583658446689 529.9276000694426 672.1206130268283 559.8893987738284 423.4699278564076 3.4187061443363143 3.9778018394120096 -2256.6492017525748 2.1349315756477695e-15 23.5576555357269 -5358.230713068375 7.925330083240904e-19 0.004785473927233648 -0.08846456875149578
-4.3438057296329475 -1.2560993733213976 3.1709959417937714 520.8609268442851 672.1059042157331 551.1116148219808 435.4232407104719 3.4187061443363143 3.9778018394120096 -2256.6492017525748 2.1349315756477695e-15 23.5576555357269 -5358.230713068375 7.925330083240904e-19 0.004785473927233648 -0.08846456875149578
-4.338895255147723 -1.3572551477171 3.093087041349454 511.8537296736431 672.0074812593812 542.3701341637134 445.463004395031 3.4187061443363143 3.9778018394120096 -2256.6492017525748 2.1349315756477695e-15 23.5576555357269 -5358.230713068375 7.925330083240904e-19 0.004785473927233648 -0.08846456875149578
-4.331038495971361 -1.460375111906894 3.065549094310702 502.9842445444101 671.8368349158859 533.6617024821135 453.5842412125494 3.4187061443363143 3.9778018394120096 -2256.6492017525748 2.1349315756477695e-15 23.5576555357269 -5358.230713068375 7.925330083240904e-19 0.004785473927233648 -0.08846456875149578
-4.319253357206815 -1.5634950760966881 3.0278006464461025 494.32141083306306 671.6031668781088 524.9694652673934 459.8917297759035 3.4187061443363143 3.9778018394120096 -2256.6492017525748 2.1349315756477695e-15 23.5576555357269 -5358.230713068375 7.925330083240904e-19 0.004785473927233648 -0.08846456875149578
-4.314342882721582 -1.6577761862130704 3.0895563387805294 485.92487130562586 671.3133897736566 516.262967816816 464.60000500894967 3.4187061443363143 3.9778018394120096 -2256.6492017525748 2.1349315756477695e-15 23.5576555357269 -5358.230713068375 7.925330083240904e-19 0.004785473927233648 -0.08846456875149578
-4.301575649059991 -1.7461647269471807 2.998140390286166 477.8449721176876 670.9721271648655 507.49815523475627 468.0333581459272 3.4187061443363143 3.9778018394120096 -2256.6492017525748 2.1349315756477695e-15 23.5576555357269 -5358.230713068375 7.925330083240904e-19 0.004785473927233648 -0.08846456875149578
-4.29175470008953 -1.8257144136078804 3.0187574147118448 470.1227628144152 670.5817135488305 498.6173724326818 470.62583673182235 3.4187061443363143 3.9778018394120096 -2256.6492017525748 2.1349315756477695e-15 23.5576555357269 -5358.230713068375 7.925330083240904e-19 0.004785473927233648 -0.08846456875149578
-4.2819337511190785 -1.8993715308863037 3.0090411212931767 462.7899963305281 670.1421943573769 489.5493641291541 472.92124462225183 3.4187061443363143 3.9778018394120096 -2256.6492017525748 2.1349315756477695e-15 23.5576555357269 -5358.230713068375 7.925330083240904e-19 0.004785473927233648 -0.08846456875149578
-4.274076991942711 -1.9691002685765455 3.0293898385925138 455.86912899029994 669.6513259570779 480.20927484977256 475.5731419836229 3.4187061443363143 3.9778018394120096 -2256.6492017525748 2.1349315756477695e-15 23.5576555357269 -5358.230713068375 7.925330083240904e-19 0.004785473927233648 -0.08846456875149578
-4.264256042972255 -2.034900626678604 2.9934326328579606 449.3733205075878 669.1045756492476 470.49864892729966 479.3448452928278 3.4187061443363143 3.9778018394120096 -2256.6492017525748 2.1349315756477695e-15 23.5576555357269 -5358.230713068375 7.925330083240904e-19 0.004785473927233648 -0.08846456875149578
-4.2524709042077085 -2.0997188898836177 2.961739153797342 443.30643398582106 668.4951216699442 460.30543050155757 485.10942733749107 3.4187061443363143 3.9778018394120096 -2256.6492017525748 2.1349315756477695e-15 23.5576555357269 -5358.230713068375 7.925330083240904e-19 0.004785473927233648 -0.08846456875149578
-4.2387215756490635 -2.1635550581915854 2.9294489005852373 437.6630359179526 667.8138531899649 449.503963519428 493.8497172158095 3.4187061443363143 3.9778018394120096 -2256.6492017525748 2.1349315756477695e-15 23.5576555357269 -5358.230713068375 7.925330083240904e-19 0.004785473927233648 -0.08846456875149578
-4.2200617726052 -2.2254270367054616 2.8486802560643207 432.4283961865458 667.0493703148545 437.9549917349286 506.65830033681414 3.4187061443363143 3.9778018394120096 -2256.6492017525748 2.1349315756477695e-15 23.5576555357269 -5358.230713068375 7.925330083240904e-19 0.004785473927233648 -0.08846456875149578
-4.193545210384969 -2.2882811101163845 2.74237188401457 427.57848806368565 666.1879840848942 425.5056587091458 524.7375184200791 3.4187061443363143 3.9778018394120096 -2256.6492017525748 2.1349315756477695e-15 23.5576555357269 -5358.230713068375 7.925330083240904e-19 0.004785473927233648 -0.08846456875149578
-4.162118173679505 -2.353099373321398 2.690139562037207 423.07998821105684 665.2137164751111 411.9895078102418 549.3994694957073 3.4187061443363143 3.9778018394120096 -2256.6492017525748 2.1349315756477695e-15 23.5576555357269 -5358.230713068375 7.925330083240904e-19 0.004785473927233648 -0.08846456875149578
-4.140512085944502 -2.4139892569382284 2.8006137000934666 418.8902766798983 664.1083003952758 397.226482213493 582.0660079047666 3.4187061443363143 3.9778018394120096 -2256.6492017525748 2.1349315756477695e-15 23.5576555357269 -5358.230713068375 7.925330083240904e-19 0.004785473927233648 -0.08846456875149578
-4.115959713518361 -2.475861235452104 2.7638259956499693 426.68976532440365 654.7266150917612 210.46865799505758 448.3339192258594 3.4187061443363143 3.9778018394120096 -2256.6492017525748 2.1349315756477695e-15 23.5576555357269 -5358.230713068375 7.925330083240904e-19 0.004785473927233648 -0.08846456875149578
-4.087478961504036 -2.5357690241718895 2.6978099808401415 416.42669872332 656.0568458044572 243.82866720184393 437.53575608497295 3.4187061443363143 3.9778018394120096 -2256.6492017525748 2.1349315756477695e-15 23.5576555357269 -5358.230713068375 7.925330083240904e-19 0.004785473927233648 -0.08846456875149578
-4.054087735004483 -2.594694717994629 2.6260436461308028 406.7470985150035 657.1292117774497 274.56302900485025 426.8531845314704 3.4187061443363143 3.9778018394120096 -2256.6492017525748 2.1349315756477695e-15 23.5576555357269 -5358.230713068375 7.925330083240904e-19 0.004785473927233648 -0.08846456875149578
-4.019714413607884 -2.6546025067144146 2.620682872741579 397.64095092949947 657.95821175124 302.78624534954724 416.2961314984158 3.4187061443363143 3.9778018394120096 -2256.6492017525748 2.1349315756477695e-15 23.5576555357269 -5358.230713068375 7.925330083240904e-19 0.004785473927233648 -0.08846456875149578
-3.984358997314242 -2.7164744852282907 2.622446539343278 389.09821209688107 658.558045293662 328.6106475592496 405.8741644411321 3.4187061443363143 3.9778018394120096 -2256.6492017525748 2.1349315756477695e-15 23.5576555357269 -5358.230713068375 7.925330083240904e-19 0.004785473927233648 -0.08846456875149578
-3.9519498657117333 -2.780310653536258 2.671810152231089 381.10880804724684 658.9426127998868 352.14639633503975 395.596491337202 3.4187061443363143 3.9778018394120096 -2256.6492017525748 2.1349315756477695e-15 23.5576555357269 -5358.230713068375 7.925330083240904e-19 0.004785473927233648 -0.08846456875149578
-3.9244512085944576 -2.8470931065353637 2.7509856098921444 373.6626347107217 659.1255154924202 373.50148175589493 385.4719606864699 3.4187061443363143 3.9778018394120096 -2256.6492017525748 2.1349315756477695e-15 23.5576555357269 -5358.230713068375 7.925330083240904e-19 0.004785473927233648 -0.08846456875149578
-3.9067735004476343 -2.9109292748433315 2.871439453878362 366.7495579174588 659.1200554211032 392.7817232785419 375.50906151103754 3.4187061443363143 3.9778018394120096 -2256.6492017525748 2.1349315756477695e-15 23.5576555357269 -5358.230713068375 7.925330083240904e-19 0.004785473927233648 -0.08846456875149578
-3.8979346463742224 -2.9737833482542535 3.0326506965999553 360.35941339763485 658.9392354631109 410.0907697375842 365.71592335526594 3.4187061443363143 3.9778018394120096 -2256.6492017525748 2.1349315756477695e-15 23.5576555357269 -5358.230713068375 7.925330083240904e-19 0.004785473927233648 -0.08846456875149578
-3.887131602506712 -3.038601611459267 3.0060649396042116 354.4820067814553 658.5957593229546 425.53009934540023 356.1003162857798 3.4187061443363143 3.9778018394120096 -2256.6492017525748 2.1349315756477695e-15 23.5576555357269 -5358.230713068375 7.925330083240904e-19 0.004785473927233648 -0.08846456875149578
-3.8733822739480765 -3.1044019695613256 2.964367268640164 349.1071135991483 658.1020315324813 439.19901969219063 346.669650891456 3.4187061443363143 3.9778018394120096 -2256.6492017525748 2.1349315756477695e-15 23.5576555357269 -5358.230713068375 7.925330083240904e-19 0.004785473927233648 -0.08846456875149578
-3.866507609668754 -3.170202327663385 3.0671038633758445 344.22447928097336 657.4701574508713 451.1946677460255 337.43097828343764 3.4187061443363143 3.9778018394120096 -2256.6492017525748 2.1349315756477695e-15 23.5576555357269 -5358.230713068375 7.925330083240904e-19 0.004785473927233648 -0.08846456875149578
-3.8645434198746647 -3.2350205908683987 3.141592653589862 339.82381915721226 656.7119432646437 461.612009852739 328.3909900951227 3.432587980899331 3.9715395328989014 -2262.1599687810826 0.05234377226448855 23.534431732153358 -5383.883786615608 2.1937876053850973e-05 0.004764451493634011 -0.09442950043517999
-3.865525514771714 -3.297874664279321 3.188433366505791 335.8948184581759 655.8388959876493 470.5438417360092 319.5560184821753 3.432587980899331 3.9715395328989014 -2262.1599687810826 0.05234377226448855 23.534431732153358 -5383.883786615608 2.1937876053850973e-05 0.004764451493634011 -0.09442950043517999
-3.874364368845121 -3.355818263205015 3.3259170624894776 332.4271323142002 654.8622234610743 478.0807884973219 310.9320361225099 3.432587980899331 3.9715395328989014 -2262.1599687810826 0.05234377226448855 23.534431732153358 -5383.883786615608 2.1937876053850973e-05 0.004764451493634011 -0.09442950043517999
-3.8861495076096717 -3.405905102954343 3.409503076013151 329.41038575564744 653.7928343534431 484.3113046160033 302.5246562163078 3.432587980899331 3.9715395328989014 -2262.1599687810826 0.05234377226448855 23.534431732153358 -5383.883786615608 2.1937876053850973e-05 0.004764451493634011 -0.09442950043517999
-3.894988361683079 -3.449117278424352 3.3865713167166387 326.8341737129058 652.6413381606121 489.32167394916905 294.3391324860064 3.432587980899331 3.9715395328989014 -2262.1599687810826 0.05234377226448855 23.534431732153358 -5383.883786615608 2.1937876053850973e-05 0.004764451493634011 -0.09442950043517999
-3.8969525514771686 -3.4893831692032244 3.238845851841269 324.68806101639075 651.4180452057749 493.1960097317897 286.3803591763042 3.432587980899331 3.9715395328989014 -2262.1599687810826 0.05234377226448855 23.534431732153358 -5383.883786615608 2.1937876053850973e-05 0.004764451493634011 -0.09442950043517999
-3.887131602506712 -3.5237564905998213 2.8632929945846732 322.9615823965446 650.1329666394595 496.0162545766216 278.65287105415763 3.432587980899331 3.9715395328989014 -2262.1599687810826 0.05234377226448855 23.534431732153358 -5383.883786615608 2.1937876053850973e-05 0.004764451493634011 -0.09442950043517999
-3.8714180841539823 -3.552237242614145 2.637426692110661 321.6442424838342 648.7958144395288 497.8621804742761 271.16084340878643 3.432587980899331 3.9715395328989014 -2262.1599687810826 0.05234377226448855 23.534431732153358 -5383.883786615608 2.1937876053850973e-05 0.004764451493634011 -0.09442950043517999
-3.8537403760071545 -3.573843330349151 2.4558631426833566 320.72551580875324 647.4160014111835 498.81138879315404 263.9080920516618 3.432587980899331 3.9715395328989014 -2262.1599687810826 0.05234377226448855 23.534431732153358 -5383.883786615608 2.1937876053850973e-05 0.004764451493634011 -0.09442950043517999
-3.831152193375107 -3.5925031333930177 2.261242783849641 320.19484680182404 646.0026411869526 498.93931027946746 256.8980733165263 3.432587980899331 3.9715395328989014 -2262.1599687810826 0.05234377226448855 23.534431732153358 -5383.883786615608 2.1937876053850973e-05 0.004764451493634011 -0.09442950043517999
-3.8007072515666924 -3.6052703670546116 1.9678757720198925 320.0416497935921 644.56454822671 498.3192050572943 250.13388405937008 3.432587980899331 3.9715395328989014 -2262.1599687810826 0.05234377226448855 23.534431732153358 -5383.883786615608 2.1937876053850973e-05 0.004764451493634011 -0.09442950043517999
-3.7702623097582824 -3.612145031333932 1.7928782287004286 320.25530901463117 643.1102378176579 497.0221626284947 243.6182616584519 3.432587980899331 3.9715395328989014 -2262.1599687810826 0.05234377226448855 23.534431732153358 -5383.883786615608 2.1937876053850973e-05 0.004764451493634011 -0.09442950043517999
-3.7290143240823665 -3.6131271262309776 1.594601352979973 320.8251785955408 641.6479260743354 495.1171018727473 237.35358401428397 3.432587980899331 3.9715395328989014 -2262.1599687810826 0.05234377226448855 23.534431732153358 -5383.883786615608 2.1937876053850973e-05 0.004764451493634011 -0.09442950043517999
-3.681873769024173 -3.611162936436886 1.5291537476963004 321.7405825669457 640.1855299386184 492.67077104756754 231.34186954964193 3.432587980899331 3.9715395328989014 -2262.1599687810826 0.05234377226448855 23.534431732153358 -5383.883786615608 2.1937876053850973e-05 0.004764451493634011 -0.09442950043517999
-3.626876454789608 -3.6082166517457486 1.5172760583355873 322.9908148595018 638.7306671797169 489.7477477882858 225.58477720956088 3.432587980899331 3.9715395328989014 -2262.1599687810826 0.05234377226448855 23.534431732153358 -5383.883786615608 2.1937876053850973e-05 0.004764451493634011 -0.09442950043517999
-3.5689328558639177 -3.602324082363475 1.4694498235292284 324.5651393038829 637.2906563941742 486.41043910807275 220.08360646133093 3.432587980899331 3.9715395328989014 -2262.1599687810826 0.05234377226448855 23.534431732153358 -5383.883786615608 2.1937876053850973e-05 0.004764451493634011 -0.09442950043517999
-3.510007162041183 -3.593485228290064 1.4219063791853828 326.45278963079636 635.8725170058706 482.71908139784864 214.83929729450705 3.432587980899331 3.9715395328989014 -2262.1599687810826 0.05234377226448855 23.534431732153358 -5383.883786615608 2.1937876053850973e-05 0.004764451493634011 -0.09442950043517999
-3.4540277529095778 -3.5807179946284706 1.3465615756858185 328.6429694709759 634.4829692660242 478.7317404264322 209.8524302209015 3.432587980899331 3.9715395328989014 -2262.1599687810826 0.05234377226448855 23.534431732153358 -5383.883786615608 2.1937876053850973e-05 0.004764451493634011 -0.09442950043517999
-3.400012533572071 -3.564022381378694 1.271020256694886 331.1248523551744 633.1284342531835 474.5043113404354 205.1232262745861 3.432587980899331 3.9715395328989014 -2262.1599687810826 0.05234377226448855 23.534431732153358 -5383.883786615608 2.1937876053850973e-05 0.004764451493634011 -0.09442950043517999
-3.3489435989256897 -3.5394700089525526 1.1226513517191616 333.88758171418067 631.8150338732348 470.0905186642667 200.6515470118922 3.432587980899331 3.9715395328989014 -2262.1599687810826 0.05234377226448855 23.534431732153358 -5383.883786615608 2.1937876053850973e-05 0.004764451493634011 -0.09442950043517999
-3.305731423455684 -3.5080429722470923 0.9420000403794345 336.92027087880115 630.5485908593996 465.54191630014975 196.4368945114106 3.432587980899331 3.9715395328989014 -2262.1599687810826 0.05234377226448855 23.534431732153358 -5383.883786615608 2.1937876053850973e-05 0.004764451493634011 -0.09442950043517999
-3.262519247985679 -3.4726875559534482 0.8850668158885667 340.212003079876 629.3346287722366 460.90788752820663 192.47841137399342 3.432587980899331 3.9715395328989014 -2262.1599687810826 0.05234377226448855 23.534431732153358 -5383.883786615608 2.1937876053850973e-05 0.004764451493634011 -0.09442950043517999
-3.2242175470008974 -3.4324216651745756 0.7604033697785301 343.7518314482654 628.1783719996329 456.235645006298 188.7748807227498 3.432587980899331 3.9715395328989014 -2262.1599687810826 0.05234377226448855 23.534431732153358 -5383.883786615608 2.1937876053850973e-05 0.004764451493634011 -0.09442950043517999
-3.1908263205013485 -3.385281110116383 0.6162969373960141 347.52877901486136 627.0847457568188 451.57023077011036 185.32472620304927 3.432587980899331 3.9715395328989014 -2262.1599687810826 0.05234377226448855 23.534431732153358 -5383.883786615608 2.1937876053850973e-05 0.004764451493634011 -0.09442950043517999
-3.1682381378692965 -3.3302837958818268 0.3897085713428957 351.5318387105781 626.0583760863537 446.9545162331924 182.1260119825217 3.432587980899331 3.9715395328989014 -2262.1599687810826 0.05234377226448855 23.534431732153358 -5383.883786615608 2.1937876053850973e-05 0.004764451493634011 -0.09442950043517999
-3.1515425246195177 -3.271358102059087 0.2760970193954786 355.74997336635715 625.1035898581385 442.4292021868532 179.17644275105488 3.432587980899331 3.9715395328989014 -2262.1599687810826 0.05234377226448855 23.534431732153358 -5383.883786615608 2.1937876053850973e-05 0.004764451493634011 -0.09442950043517999
-3.139757385854967 -3.2085040286481656 0.1853479499957366 360.1721157131692 624.2244147694009 438.03281880028953 176.47336372079866 3.432587980899331 3.9715395328989014 -2262.1599687810826 0.05234377226448855 23.534431732153358 -5383.883786615608 2.1937876053850973e-05 0.004764451493634011 -0.09442950043517999
-3.126008057296327 -3.145649955237243 0.2153576996977505 364.7871683820076 623.4245793447135 433.8017256204839 174.01376062615898 3.432587980899331 3.9715395328989014 -2262.1599687810826 0.05234377226448855 23.534431732153358 -5383.883786615608 2.1937876053850973e-05 0.004764451493634011 -0.09442950043517999
-3.115205013428821 -3.081813786929276 0.16764243783127156 369.5840039038949 622.707512935975 429.7701115722193 171.79425972380574 3.432587980899331 3.9715395328989014 -2262.1599687810826 0.05234377226448855 23.534431732153358 -5383.883786615608 2.1937876053850973e-05 0.004764451493634011 -0.09442950043517999
-3.1004735899731406 -3.0199418084153997 0.23374318086883475 374.5514647098771 622.076345722428 425.9699949581227 169.81112779266394 3.432587980899331 3.9715395328989014 -2262.1599687810826 0.05234377226448855 23.534431732153358 -5383.883786615608 2.1937876053850973e-05 0.004764451493634011 -0.09442950043517999
-3.085742166517456 -2.9600340196956143 0.2411176784514675 379.6783631310291 621.5339087106408 422.4312234586323 168.0602721339217 3.432587980899331 3.9715395328989014 -2262.1599687810826 0.05234377226448855 23.534431732153358 -5383.883786615608 2.1937876053850973e-05 0.004764451493634011 -0.09442950043517999
-3.071010743061771 -2.900126230975829 0.2411176784514675 384.953481398451 621.0827337345263 419.18147413202314 166.53724057102312 3.432587980899331 3.9715395328989014 -2262.1599687810826 0.05234377226448855 23.534431732153358 -5383.883786615608 2.1937876053850973e-05 0.004764451493634011 -0.09442950043517999
-3.0602076991942697 -2.8402184422560435 0.17841049935102526 390.36557164326996 620.725053455325 416.2462534143706 165.2372214496763 3.432587980899331 3.9715395328989014 -2262.1599687810826 0.05234377226448855 23.534431732153358 -5383.883786615608 2.1937876053850973e-05 0.004764451493634011 -0.09442950043517999
-3.049404655326764 -2.7793285586392136 0.17559216195023902 395.90335589663755 620.4628013616184 413.6488971195722 164.15504363784441 3.432587980899331 3.9715395328989014 -2262.1599687810826 0.05234377226448855 23.534431732153358 -5383.883786615608 2.1937876053850973e-05 0.004764451493634011 -0.09442950043517999
-3.0386016114592582 -2.7174565801253365 0.17286060678719914 401.5555260897345 620.2976117693192 411.4105704393587 163.2851765257538 3.432587980899331 3.9715395328989014 -2262.1599687810826 0.05234377226448855 23.534431732153358 -5383.883786615608 2.1937876053850973e-05 0.004764451493634011 -0.09442950043517999
-3.0297627573858508 -2.6536204118173687 0.13758673647029496 407.31074405376603 620.2308198216774 409.5502679432393 162.62173002588668 3.432587980899331 3.9715395328989014 -2262.1599687810826 0.05234377226448855 23.534431732153358 -5383.883786615608 2.1937876053850973e-05 0.004764451493634011 -0.09442950043517999
-3.021905998209484 -2.586837958818263 0.11710874456688951 413.1576415199643 620.2634614892781 408.08481357858545 162.15845457298943 3.432587980899331 3.9715395328989014 -2262.1599687810826 0.05234377226448855 23.534431732153358 -5383.883786615608 2.1937876053850973e-05 0.004764451493634011 -0.09442950043517999
-3.0160134288272107 -2.519073410922113 0.08673833867597232 419.0848201195877 620.3962735700416 407.02886067061263 161.88874112406333 3.432587980899331 3.9715395328989014 -2262.1599687810826 0.05234377226448855 23.534431732153358 -5383.883786615608 2.1937876053850973e-05 0.004764451493634011 -0.09442950043517999
-3.007174574753799 -2.451308863025964 0.1297025371559276 425.08085138392016 620.6296936892195 406.39489192227484 161.80562115837296 3.432587980899331 3.9715395328989014 -2262.1599687810826 0.05234377226448855 23.534431732153358 -5383.883786615608 2.1937876053850973e-05 0.004764451493634011 -0.09442950043517999
-3.0091387645478926 -2.381580125335722 6.255023740191655 431.13427674427476 620.9638602994055 406.193219414381 161.9017666774406 3.432587980899331 3.9715395328989014 -2262.1599687810826 0.05234377226448855 23.534431732153358 -5383.883786615608 2.1937876053850973e-05 0.004764451493634011 -0.09442950043517999
-3.019941808415394 -2.3089051029543435 6.135617235865603 437.2336075319877 621.3986126805244 406.4319846056169 162.16949020504705 3.432587980899331 3.9715395328989014 -2262.1599687810826 0.05234377226448855 23.534431732153358 -5383.883786615608 2.1937876053850973e-05 0.004764451493634011 -0.09442950043517999
-3.0258343777976715 -2.2372121754700096 6.201177861653352 443.36732497842195 621.9334909398381 407.11715833240305 162.60074478723368 3.432587980899331 3.9715395328989014 -2262.1599687810826 0.05234377226448855 23.534431732153358 -5383.883786615608 2.1937876053850973e-05 0.004764451493634011 -0.09442950043517999
-3.0307448522829 -2.1645371530886313 6.215720282657681 449.52388021496927 622.5677360119412 408.2525408090114 163.18712399230324 3.432587980899331 3.9715395328989014 -2262.1599687810826 0.05234377226448855 23.534431732153358 -5383.883786615608 2.1937876053850973e-05 0.004764451493634011 -0.09442950043517999
-3.04449418084154 -2.0928442256042987 6.093705149298426 455.6916942730468 623.3002896587632 409.8397616275688 163.9198619108152 3.432587980899331 3.9715395328989014 -2262.1599687810826 0.05234377226448855 23.534431732153358 -5383.883786615608 2.1937876053850973e-05 0.004764451493634011 -0.09442950043517999
-3.06118979409131 -2.022133393017012 6.051320646330279 461.85915808409345 624.1297944695725 411.8782797579697 164.78983315559054 3.432587980899331 3.9715395328989014 -2262.1599687810826 0.05234377226448855 23.534431732153358 -5383.883786615608 2.1937876053850973e-05 0.004764451493634011 -0.09442950043517999
-3.0827958818263173 -1.951422560429723 5.986639498109858 468.01463247958236 625.0545938609725 414.3653835479272 165.78755286171074 3.3797806382560207 3.9763015612172903 -2237.536413688309 -0.05213558306468988 23.497423328938584 -5319.804574872987 -2.1850621569442427e-05 0.004764798779748116 -0.07429693047700094
-3.107348254252463 -1.883658012533573 5.935578447423625 474.14644819100977 626.0727320768956 417.2961907230274 166.9031766865109 3.3797806382560207 3.9763015612172903 -2237.536413688309 -0.05213558306468988 23.497423328938584 -5319.804574872987 -2.1850621569442427e-05 0.004764798779748116 -0.07429693047700094
-3.137793196060873 -1.814911369740377 5.866287236769757 480.2429058498956 627.1819541886184 420.66364838663867 168.12650080959156 3.3797806382560207 3.9763015612172903 -2237.536413688309 -0.05213558306468988 23.497423328938584 -5319.804574872987 -2.1850621569442427e-05 0.004764798779748116 -0.07429693047700094
-3.179041181736798 -1.745182632050135 5.7490027322741275 486.2922759877888 628.3797060947431 424.4585330199552 169.44696193281297 3.3797806382560207 3.9763015612172903 -2237.536413688309 -0.05213558306468988 23.497423328938584 -5319.804574872987 -2.1850621569442427e-05 0.004764798779748116 -0.07429693047700094
-3.223235452103848 -1.674471799462847 5.724585991836072 492.28279903626117 629.6631345212168 428.6694504819825 170.8536372802928 3.3797806382560207 3.9763015612172903 -2237.536413688309 -0.05213558306468988 23.497423328938584 -5319.804574872987 -2.1850621569442427e-05 0.004764798779748116 -0.07429693047700094
-3.2615371530886295 -1.606707251566698 5.76873399412054 498.2026853269158 631.0290870213171 433.2828360095882 172.33524459840623 3.3797806382560207 3.9763015612172903 -2237.536413688309 -0.05213558306468988 23.497423328938584 -5319.804574872987 -2.1850621569442427e-05 0.004764798779748116 -0.07429693047700094
-3.3096598030438678 -1.5379606087735018 5.6724593427903685 504.04011509138354 632.4741119756541 438.28295421736766 173.880142155788 3.3797806382560207 3.9763015612172903 -2237.536413688309 -0.05213558306468988 23.497423328938584 -5319.804574872987 -2.1850621569442427e-05 0.004764798779748116 -0.07429693047700094
-3.361710832587285 -1.4711781557743966 5.6211248446818916 509.78323846131207 633.994458592178 443.65189909780383 175.47632874334687 3.3797806382560207 3.9763015612172903 -2237.536413688309 -0.05213558306468988 23.497423328938584 -5319.804574872987 -2.1850621569442427e-05 0.004764798779748116 -0.07429693047700094
-3.409833482542523 -1.405377797672338 5.651731808240474 515.4201754683863 635.5860769061687 449.3695940212201 177.11144367422204 3.3797806382560207 3.9763015612172903 -2237.536413688309 -0.05213558306468988 23.497423328938584 -5319.804574872987 -2.1850621569442427e-05 0.004764798779748116 -0.07429693047700094
-3.4628666069829896 -1.3405595344673245 5.597455796273294 520.9390160443113 637.2446177802494 455.41379173574387 178.77276678384362 3.3797806382560207 3.9763015612172903 -2237.536413688309 -0.05213558306468988 23.497423328938584 -5319.804574872987 -2.1850621569442427e-05 0.004764798779748116 -0.07429693047700094
-3.515899731423456 -1.2767233661593567 5.589962181338591 526.3278200208183 638.9654329043724 461.76007436721557 180.44721842987713 3.3797806382560207 3.9763015612172903 -2237.536413688309 -0.05213558306468988 23.497423328938584 -5319.804574872987 -2.1850621569442427e-05 0.004764798779748116 -0.07429693047700094
-3.5718791405550565 -1.2158334825425254 5.539779251003527 531.5746171296655 640.7435747958234 468.3818534194652 182.12135949226445 3.3797806382560207 3.9763015612172903 -2237.536413688309 -0.05213558306468988 23.497423328938584 -5319.804574872987 -2.1850621569442427e-05 0.004764798779748116 -0.07429693047700094
-3.6317869292748455 -1.1559256938227411 5.497787143782101 536.6674070026429 642.5737967992309 475.2503697740467 183.7813913731933 3.3797806382560207 3.9763015612172903 -2237.536413688309 -0.05213558306468988 23.497423328938584 -5319.804574872987 -2.1850621569442427e-05 0.004764798779748116 -0.07429693047700094
-3.6887484333034863 -1.0979820948970476 5.50633394421481 541.5941591715573 644.4505530865531 482.33469369030354 185.41315599712476 3.3797806382560207 3.9763015612172903 -2237.536413688309 -0.05213558306468988 23.497423328938584 -5319.804574872987 -2.1850621569442427e-05 0.004764798779748116 -0.07429693047700094
-3.747674127126226 -1.0429847806624906 5.463318042782632 546.3428130682505 646.3679986570828 489.6017248055323 187.00213581076443 3.3797806382560207 3.9763015612172903 -2237.536413688309 -0.05213558306468988 23.497423328938584 -5319.804574872987 -2.1850621569442427e-05 0.004764798779748116 -0.07429693047700094
-3.808564010743055 -0.9899516562220241 5.428930654481116 550.9012780245871 648.3199893374554 497.0161921347026 188.53345378309263 3.3797806382560207 3.9763015612172903 -2237.536413688309 -0.05213558306468988 23.497423328938584 -5319.804574872987 -2.1850621569442427e-05 0.004764798779748116 -0.07429693047700094
-3.8724001790510227 -0.9379006266786046 5.396440640516466 555.2574332724557 650.3000817816269 504.5406540706281 189.99187340533172 3.3797806382560207 3.9763015612172903 -2237.536413688309 -0.05213558306468988 23.497423328938584 -5319.804574872987 -2.1850621569442427e-05 0.004764798779748116 -0.07429693047700094
-3.9303437779767174 -0.8878137869292758 5.425187690051638 559.3991279437723 652.3015334709075 512.1354983840611 191.36179869099004 3.3797806382560207 3.9763015612172903 -2237.536413688309 -0.05213558306468988 23.497423328938584 -5319.804574872987 -2.1850621569442427e-05 0.004764798779748116 -0.07429693047700094
-3.983376902417184 -0.8416553267681294 5.428590865163551 563.3141810704856 654.3173027139219 519.7589422234087 192.62727417580118 3.3797806382560207 3.9763015612172903 -2237.536413688309 -0.05213558306468988 23.497423328938584 -5319.804574872987 -2.1850621569442427e-05 0.004764798779748116 -0.07429693047700094
-4.030517457475377 -0.7974610564010748 5.465540261346865 566.9903815845596 656.340048646653 527.3670321150457 193.7719849177928 3.3797806382560207 3.9763015612172903 -2237.536413688309 -0.05213558306468988 23.497423328938584 -5319.804574872987 -2.1850621569442427e-05 0.004764798779748116 -0.07429693047700094
-4.07765801253357 -0.7562130707251579 5.431218980006287 570.4154883179958 658.362131232394 534.9136439630092 194.7792564972218 3.3797806382560207 3.9763015612172903 -2237.536413688309 -0.05213558306468988 23.497423328938584 -5319.804574872987 -2.1850621569442427e-05 0.004764798779748116 -0.07429693047700094
-4.118905998209486 -0.713982990152195 5.509551306931913 573.5772300028157 660.3756112617975 542.3504830493839 195.63205501662839 3.3797806382560207 3.9763015612172903 -2237.536413688309 -0.05213558306468988 23.497423328938584 -5319.804574872987 -2.1850621569442427e-05 0.004764798779748116 -0.07429693047700094
-4.158189794091313 -0.67175290957923 5.533915994294935 576.4633052710637 662.3722503528361 549.6270840338184 196.31298710079287 3.3797806382560207 3.9763015612172903 -2237.536413688309 -0.05213558306468988 23.497423328938584 -5319.804574872987 -2.1850621569442427e-05 0.004764798779748116 -0.07429693047700094
-4.190598925693822 -0.6334512085944495 5.580928375670549 579.0613826548215 664.3435109508196 556.6908109539181 196.80429989677583 3.3797806382560207 3.9763015612172903 -2237.536413688309 -0.05213558306468988 23.497423328938584 -5319.804574872987 -2.1850621569442427e-05 0.004764798779748116 -0.07429693047700094
-4.21024082363473 -0.5990778871978526 5.764039192933147 581.3591005861886 666.280556328391 563.486857225118 197.0878810738755 3.3797806382560207 3.9763015612172903 -2237.536413688309 -0.05213558306468988 23.497423328938584 -5319.804574872987 -2.1850621569442427e-05 0.004764798779748116 -0.07429693047700094
-4.224972247090415 -0.5676508504923922 5.84484874732162 583.3440673972891 668.17425058554 569.9582456406388 197.14525882366814 3.3797806382560207 3.9763015612172903 -2237.536413688309 -0.05213558306468988 23.497423328938584 -5319.804574872987 -2.1850621569442427e-05 0.004764798779748116 -0.07429693047700094
-4.2328290062667815 -0.5411342882721589 5.995129860128903 585.0038613202837 670.0151586495822 576.0458283714834 196.9576018599756 3.3797806382560207 3.9763015612172903 -2237.536413688309 -0.05213558306468988 23.497423328938584 -5319.804574872987 -2.1850621569442427e-05 0.004764798779748116 -0.07429693047700094
-4.242649955237243 -0.5165819158460164 5.90267893006708 586.3260304873484 671.793546275168 581.6882869665424 196.50571941889572 3.3797806382560207 3.9763015612172903 -2237.536413688309 -0.05213558306468988 23.497423328938584 -5319.804574872987 -2.1850621569442427e-05 0.004764798779748116 -0.07429693047700094
-4.257381378692924 -0.49595792300805736 5.662935821196913 587.2980929306914 673.4993800442853 586.8221323525213 195.77006125875874 3.3797806382560207 3.9763015612172903 -2237.536413688309 -0.05213558306468988 23.497423328938584 -5319.804574872987 -2.1850621569442427e-05 0.004764798779748116 -0.07429693047700094
-4.277023276633841 -0.4802444046553266 5.387129922608138 587.9075365825493 675.1223273662567 591.3817048338569 194.7307176601912 3.3797806382560207 3.9763015612172903 -2237.536413688309 -0.05213558306468988 23.497423328938584 -5319.804574872987 -2.1850621569442427e-05 0.004764798779748116 -0.07429693047700094
